1005006901179577
1005007455736935
1005007360629271
1005005970155549
1005007456020628
1005007133990975
1005006709304676
1005007189799811
1005007112196187
1005006989432997
1005006892604553
1005006892664391
1005007211146241
32788846731
1005005766610568
1005002865588099
1005006418141233
1005007271811934
1005006948790933
1005007314338971
1005007133703502
1005007448459944
1005007119338107
1005007134081043
1005007102982782
1005007438223557
1005007439267711
1005007439572107
1005007439055811
1005001327679733
1005007432258270
1005007433250883
1005007436041442
1005007437958042
1005007424804832
1005007420615154
1005005826135024
1005007110597188
1005007410249760
1005006389992585
1005004631487777
1005007052236997
1005005209646729
1005007365797111
1005003454122778
1005003213828252
1005006862877490
1005005977462913
1005007106762088
1005003143152336
1005007400816700
1005007378790605
1005007377799085
1005007119770274
1005005793497561
1005007372877150
1005003104063089
1005007365482143
1005007101010122
1005005747258379
1005004683480866
1005005901443972
1005007366011141
1005007343511499
1005007347506999
1005007343635130
1005007339353428
1005007339971973
1005007339565169
1005006145381390
1005007326337810
1005006558424271
1005006724040325
1005006716883445
1005007147489815
1005006959388789
1005006892699450
1005006892583629
1005006278403695
1005007315736099
1005007442012105
1005007387521236
1005007371512221
1005005534184677
1005006024550274
1005007104217551
1005006789184970
4000576116816
1005007127520476
1005006683423043
1005007099855317
1005005950726087
1005006968754122
1005005123805337
1005004307415319
1005006436934296
1005006918103423
1005007187033779
1005007312222164
1005007312170329
1005007124699927
1005006924159648
1005006923970912
1005006924196610
1005003726103418
1005004102809444
1005006445648743
1005006047954453
1005006924036817
1005006917964607
1005006924023812
1005006931541321
1005006924130584
1005004415322451
1005007159150253
1005007045237539
1005007048288152
1005007301500771
1005007303585836
32851409149
1005006723640439
1005007295204657
1005007291516971
1005004725767944
1005005070789275
1005006778779835
1005007264811650
1005007260808445
1005007259740975
1005007265069385
1005007260102353
4000598807149
1005001779200931
1005007211868321
1005007251044671
1005005956733930
1005006668585052
1005006667907759
1005007195917897
1005007188459862
1005007189707788
1005003866203696
1005007173974360
1005006096844887
1005007115368411
1005007151905779
1005007138269206
1005007130645013
1005005169248994
1005007118881262
1005007117968650
1005007115339393
1005007115391312
1005006151191403
1005006509097698
1005006709929916
1005007133925407
1005006950077742
1005006892733999
1005006892696299
1005006674326405
1005007134237450
1005007441876313
1005007302780605
1005006736506165
1005007184075910
1005003435359351
1005004434485114
1005007264870627
1005007260019719
1005001480313790
1005007066892880
1005007082916072
1005006023864974
1005006261846887
1005007023418608
1005006998701875
1005006991985177
1005006944599964
1005006615207817
1005006961418084
1005006956127620
1005006797049353
1005006936072203
1005006934802742
1005005412225219
1005005816335734
1005006860420048
1005002050316545
1005005187141131
1005005749911496
1005005601282758
4000712198874
1005004591851971
1005005936106170
1005007485916093
1005007472769941
1005007468983141
1005007474356774
1005007475225947
1005007478783452
1005007476844549
1005007483154308
1005007482855650
1005007482566320
1005007460998245
1005007459301504
1005007459170557
1005006862969074
1005003454249037
1005006668284282
1005006643257662
1005006643541049
1005006643612235
1005007247105548
1005006260904504
1005007446264159
1005003182254731
1005003484123696
1005005593895370
1005003883130923
1005002788440440
1005004371200866
1005005180899533
1005006401744577
1005005951731169
1005005189648656
1005006315931247
1005004689887206
1005005880691531
1005003176456764
1005004033102866
1005003137019712
1005006138163735
1005001685426706
1005004524866099
1005004391068735
1005004281542702
1005005356267853
1005006015949755
1005006491296057
1005005413100049
33034271687
32858130042
1005006012910498
4001124614833
1005001399141128
4000418507001
1005004586787086
1005005247084076
1005006031235995
1005006127864112
1005005994261577
1005004470988329
1005007200044005
1005006789853906
1005007311960759
1005006667837932
1005006668005556
1005006667861865
1005004586995676
1005004183090211
1005004588822277
1005004689929102
1005003098503393
1005003116983791
1005005263122667
1005004712088276
1005006260901466
1005006260789648
1005005991904603
1005005223467607
1005004498523755
1005007061959933
1005006892790416
1005007203802595
1005006886134817
1005007441653648
1005007384278483
1005007273271332
1005006615220513
1005004526805467
1005005311333930
1005002359265912
4000910656716
4000248994515
32979522890
4001120367541
1005002474049091
1005003978225304
1005004251611602
1005005966383831
1005004406554849
32876826043
1005004937106699
1005005634690565
1005003945106501
4001227468746
1005006712590386
1005004692749041
1005007446059881
1005007213896513
1005003659544249
1005006667024357
1005006666788845
1005006667104205
1005006667029272
1005003921210935
1005003168683816
1005006164245223
1005006136839349
1005004543893926
1005001552866909
1005007446426235
1005007439154827
1005003059205856
4001247357563
1005007425205216
1005007427382020
1005006327461249
1005007203712011
1005006630048806
1005005455708148
1005005498558121
4001118892926
1005003392681850
1005003148420879
1005001382280375
1005006605924480
33037453327
33019955932
1005007025840829
1005005685926243
4000036142355
1005005455737953
1005004871516252
1005001852006921
1005002474381376
1005003213204549
4000114865524
1005004395411448
1005004288036841
33015501154
32880825606
1005004022556957
32874321009
1005007470110225
1005007473861306
1005007468858433
1005007470341803
1005007283686908
1005004775696560
1005003462702173
1005007318653444
1005006666922459
1005006666736922
1005006643456410
1005006127849227
1005006173292346
1005005836325990
1005005586956842
1005005092242843
1005005650397151
1005007464904292
1005007473105165
1005007468372501
1005007423293205
1005007053566776
1005006698218397
1005007062309341
1005006892752183
1005007219127499
1005006609498276
1005007104727655
1005007267947946
1005006614814752
4000860664054
1005004333698455
1005003292885228
1005006528589849
1005005168013495
1005003524062921
4000186446417
1005004321469864
1005005751141140
1005004174030198
1005005531399859
1005004424365396
1005004053050428
1005002837035006
1005005317926241
1005005554770948
1005007325760088
1005002886056777
1005006669232162
1005006368981709
1005003789250122
1005007446162741
1005007248134802
1005007446417331
1005007421561163
1005007248403332
1005003820190642
1005004414245191
1005007283784537
1005006841890827
1005003659677202
1005007185726223
1005004288488431
1005004792946498
1005003645028423
1005005864514689
1005006699582225
1005004729611031
1005006024739802
1005003325281290
1005004278689405
1005006861929628
1005004086821438
1005005360098226
1005007164372651
1005003303896567
1005006950536970
1005006829060974
1005005902937897
1005006957418395
1005004092515132
1005005441866760
1005005953030569
1005006491161233
1005006464139881
1005007318685232
1005006487169288
1005007395720449
1005006378011374
1005007395572764
1005005596495655
1005006699379716
1005004683774333
1005007325574823
1005006668887542
1005004601167811
1005003342170515
1005007119639792
1005005502735718
1005004726176707
1005005705885023
1005006841969436
1005003617545731
1005006763529682
1005005518795953
1005005437492907
1005006044705214
1005002886636330
1005006487048751
1005006669253264
1005005427347527
1005006668934383
1005004977957177
1005004785125594
1005005398914365
1005007164596165
1005004819721856
1005004344378998
1005004792838388
1005004232439183
1005004239828298
1005002886010911
1005006044737208
1005004816744476
1005006671600573
1005003398194146
1005003265677922
1005003617625105
1005002798731236
1005002658884688
1005002658623818
1005002658649496
1005002255747029
1005004872088008
1005003486414029
1005002658673325
1005004784851477
1005004201382481
1005002928396829
1005002665505314
1005002886559949
1005003617580423
1005005337263230
1005003471205868
1005003486269816
1005007061984925
1005007388908517
1005007058583377
1005007062269456
1005007374014267
1005007371514392
1005007366841964
1005007344660779
1005006892583925