1005006892565913
1005006892667533
1005006892586709
1005006892600589
1005006892604555
1005006892644440
1005006892694280
1005006892549929
1005006892583758
1005007226826274
1005006609668116
1005007154739204
1005006778387502
1005007119345136
1005006096236524
1005007199543771
1005006382585835
1005007196034089
1005007189433561
1005003413929116
1005007140696813
1005006708298307
1005006971564781
1005003242007840
1005003265546642
1005003330860593
1005003168365854
1005002886551941
1005002885935582
1005002255508076
1005002250966744
1005002250915760
1005002255583170
1005002255310663
1005006643094995
1005006643385451
1005006643461122
1005006643712076
1005006643445395
1005006643337505
1005006643681100
1005006643483272
1005006643350273
1005006643458304
1005006643684139
1005006643364242
1005006643610339
1005006643308219
1005006643611349
1005006643585371
1005006643616099
1005004665481540
1005006643319451
1005003183723609
1005003265598282
1005005306298172
1005003591583090
1005002255540440
1005004977846818
1005002056724779
1005004596502040
1005004580410013
1005005953089017
1005003621597569
1005007456182822
1005007456235290
1005006496352425
1005002658859926
1005002658747345
1005002705034083
1005004313003222
1005005369511450
1005004115026388
1005005853120198
1005005992661955
1005006667889803
1005004434521100
1005005441829613
1005006668116479
1005004219076837
1005005390114934
1005004580387093
1005003613300916
1005005233532336
1005002454482027
1005006669103430
1005006668904759
1005006491204528
1005002532481347
1005006668450285
1005006668003605
1005002712000759
1005003265551025
1005002658856804
1005006666896463
1005006667188069
1005006666718998
1005003347756066
1005006668443252
1005003659588971
1005005812921415
1005002658902534
1005006668326538
1005002669424067
1005002658886503
1005002669395572
1005006643726177
1005002250971704
1005002669777451
1005006667212002
1005006666855568
1005004463935874
1005003116267002
1005006633494354
1005005098729200
1005003843937986
1005003670644714
1005005272877634
1005004538498364
1005005952198059
1005002247084208
1005004647416576
1005005194987245
1005003190799258
1005003089154269
1005005079116084
32861720047
1005005477274163
1005006499795263
1005006318648070
1005006428892871
1005003652934178
1005005281508866
1005007448338855
1005005097109023
1005004949710086
1005005623843513
1005001868945293
4000737748633
1005006505272075
1005002028335853
1005007464500968
1005007465124402
1005006871574033
1005005388518717
1005007448049199
1005006954814309
1005002258318086
1005007287057401
33024169688
1005006975893103
1005006808804695
1005005196311983
1005002277519809
4000124610772
1005006922508274
1005006851199756
1005005954565660
1005007163863683
1005007197095850
1005006242858266
1005006317842133
1005007196236756
1005007159778914
1005003744934010
1005007099218543
1005006883368759
1005006678031632
1005006010172964
1005005927941362
1005007196441520
33038466436
1005006924226858
1005007196384759
1005003693844920
1005005892286022
1005007003924813
1005005506652674
1005004280207213
1005006312277587
1005004475616524
1005006271685087
1005007134800557
1005005505647703
1005006588266626
1005007304172633
32974434816
1005007485089126
1005007484628774
1005007484737369
1005007484658591
1005007484397788
1005007471458225
1005007462969720
1005007459173563
1005007459505516
1005007459383521
1005005160835751
1005007459901123
1005007459124825
1005007459670413
1005007459876062
1005007459386340
1005007387247630
1005006292118716
1005007447098913
1005007447051768
1005007447096461
1005007429671512
1005005992806782
1005006056673626
1005004915783462
1005004063003154
1005006865204628
1005006333905336
1005006803601337
1005006699728184
1005007072819176
4000322326694
1005007082193323
32407468738
1005006794187116
1005005805347333
1005005951549329
1005002879152956
1005005072131555
1005005562789785
1005007134917993
1005006182711467
1005005706141441
1005006982709248
1005005908694929
1005004022022458
1005005958408751
1005007035757361
1005007107276102
1005007209527648
1005006083322400
1005007225815768
1005005551351764
1005006595475436
1005007022689955
1005006060947018
1005005241845315
1005005548060765
1005004696603315
1005007179546694
1005005655093118
1005004583841959
1005006237594134
1005006923915908
1005005245395489
1005006865276001
1005006907847434
1005006997034410
1005006386181054
1005006924392349
1005006044530355
1005005219265105
1005007162781589
1005006683746094
1005005542421901
1005003104794604
1005006746272231
1005006098998233
1005006383480505
1005007412053277
1005007255018553
1005007333599711
1005004865120679
1005006164600530
1005005733208633
1005007129173474
1005006888535535
1005006109372113
1005004798411836
1005004840816423
1005006028875275
1005006900438501
4000431263100
1005006416594568
1005001623221424
4001076032217
1005006586870040
1005006923980567
1005006044065004
1005005625247757
1005005798140770
1005005427149857
1005006167476441
1005007035593736
1005006782848646
1005007210017854
1005006578860632
1005006821469882
1005006514010875
1005007260327488
1005006240078707
4001265584376
1005002567360654
1005002565744909
1005005572980395
1005006580568380
1005007198881904
1005007175831817
1005007119645618
4001165654811
1005007219039706
1005006353703877
1005007246502465
1005003628613173
1005007259420380
1005007274940994
33045454104
1005005179529485
1005005792348112
1005007010055768
1005002100983841
1005002538864957
1005007251722995
1005004076488888
1005006678074144
1005006990278277
1005007097357842
1005005889307018
1005006705172760
32836142271
1005001553178025
1005005580321547
1005005837235244
1005006113540860
1005005302018782
1005004841199263
1005005544433981
1005003809333381
1005006697478989
1005006794167879
1005004564843481
1005007145533817
1005005663799288
1005007184795651
1005003995895866
4001155595953
1005006072690632
1005002886444417
1005006750232018
1005006067424254
1005005643328345
1005005807951842
1005003888225080
1005005600097359
1005007306356145
32848112603
1005003985121144
1005006866837376
4001208518393
32808669610
1005005515125439
1005006921638177
1005005865521586
1005003383175716
1005005317469877
1005007335074105
1005005446096866
1005005952074826
1005006800544770
1005005632470321
1005007245188720
4000830692004
1005006778308914
1005002341172863
1005007038427367
1005007253092346
1005007182271105
1005005859924706
1005006068657883
1005005891471110
1005006732358907
1005005883019129
1005007144812554
1005006667981286
1005001691136505
1005004334297188
1005006331284194
1005005865384386
1005005065664468
32971952527
1005007031397002
1005006975115238
1005004261630968
1005004284706384
1005007097875243
1005006854878659
1005006693143540
1005006637683457
1005006292077767
1005006969200056
1005006944658268
1005006062749922
1005006149623847
1005005632019396
1005006138881126
1005007204022004
1005007169561383
1005006301059976
1005006818939529
1005006734840461
1005006998963556
1005005604447897
1005007022818786
1005005537568317
1005005499256000
1005005887001357
1005005994912898
1005004920972352
1005006924165609
1005007188227031
1005006338557422
1005006203829374
32838150186
1005004030688423
1005006979940918
1005006556563417
1005006267787221
1005006292163454
1005006842061320
1005006031462840
1005007424667322
1005002803500617
1005006833025445
1005006862799532
1005007095422908
1005005916140174
1005006734531707
1005005827427802
1005003188477173
1005007103120790
1005006160305532
1005005879425537
1005006671932233
1005007136398523
1005006825844845
1005002797898684
1005006975181012
1005006781705951
1005005510232825
1005006853457128
1005005602315106
1005006848835413
1005006737945880
1005006887688691
1005005972793776
1005006477319006
1005006149837047
1005006679811954
1005006328201857
1005006247817071
1005005325543384
1005006448290330
1005006855044804
1005006800521863
1005006251915174
1005005518410325
1005006444659955
1005006435996244
32834532239
1005006850480177
1005006642627200
1005006959518020
1005005905911530
1005006990274102
1005006605256819
1005005956823762
1005002264330377
1005005932552684
1005007297652956
1005006181833121
1005007095937556
1005006001719934
1005007187151484
1005006947999145
1005006832364944
1005006662859778
1005006581932412
1005006334228571
1005006763714314
1005007046167632
1005006660347643
1005007139927801
1005007107447145
1005006147510423
1005004993783080
1005006212149845
1005006869503429
1005002538877249
1005007180811652
1005006736728710
1005006944389741
1005006731991596
1005007124648313