1005006034404578
1005006152297152
1005007293410648
1005006009047814
1005006243927837
1005006765974194
1005006379327234
1005004251703597
32369017953
1005006023972035
1005004423982322
1005005709307961
1005004674541117
1005005202230637
1005005547748558
1005007406680576
1005006461730996
1005007027484143
1005005451651556
1005006975910767
1005006401752518
1005005514067251
1005007343254990
1005005202241441
1005007256840463
1005002442296986
1005004844896049
1005004530461466
1005006222035518
1005007432682387
1005007021379976
1005006597537729
1005005548441736
1005006726227174
1005004946094781
32911964530
1005007250004458
1005006466383616
1005006236471755
1005005910306248
1005001587106132
1005006056673078
1005002871502942
1005005212479749
1005001660430087
1005006827512423
1005007177037964
1005005675583458
1005002645943593
32983300531
1005007348936954
1005006619202508
1005006477861924
1005006114078141
1005005584817239
1005006399880056
1005006449376678
1005004752551489
4001271066579
1005006312037587
1005005183861507
1005006046776726
1005006886021243
1005006623004525
1005004037607548
1005003640334456
1005007320522911
1005006889311172
1005006424473623
1005003688733952
1005005651368513
1005007002112075
4001313669498
1005004669926844
1005003536579784
1005005336647376
1005004319469689
1005005922382153
1005007370875860
1005007370813496
1005005970542144
1005007309233708
1005006292272910
1005005357119356
1005007177050978
1005005393800085
1005006336588639
1005005151752023
4001305090833
1005005819993079
1005003118169901
1005004908121532
1005004224755117
1005006261518439
1005005981483502
1005007217955751
1005006100734030
1005006873771282
1005005530443152
1005006151795879
1005007329908323
32796852859
1005006144206256
1005006207745927
32797044892
1005006123755987
33006480061
1005007343689395
1005003651909107
1005003662140920
1005007283787205
4000788900719
1005006980681190
1005007223886407
1005006789669328
1005007121146508
1005007101617051
1005007092330515
1005006821684326
1005006094195784
1005006821376968
1831690556
1005002856076450
1415710990
1373318431
32899749825
1005007250579765
1005004360319458
1005007339516665
1005005485452773
1005007452309879
1005007393668014
1005006898024201
1005005870853259
1005005505083519
4000287686327
1005007315793955
1005005385324439
1005007117862326
4000287792959
4000732822375
1005006788674671
1005006059569753
4000288533599
1005006277310532
1005007117048974
1005006794409995
4000227909571
1005006278086421
1005007443979694
1005004766050875
1005007030071125
1005006722025419
1005007117301531
1005006790242020
1005007306634739
1005006468817251
1005006473308860
1005006709918564
1005003980293264
1005007371537081
1005005934235158
1005007341179523
4000287600927
1005006728259138
1005004218421481
1005006064814022
1005006602247876
1005002295349347
1005007213425723
1005004592680347
1005003379544993
1005006339491687
1005002309991471
1005007184202258
1005006173217866
1005002813635146
1005006130365966
1005005278158761
1005007296441486
1005006404345844
1005007445434488
1005007486345147
1005006106291627
1005007150294457
4000062092837
1005006543744331
1005007254911857
1005002552364128
1005006412042190
1005005120998736
1005007310182422
4000070409733
1005006088452127
1005007058442803
1005006437064412
1005006739656490
1005007175042097
1005006030279825
1005005999584779
4000843573742
1005005898889812
1005007392489385
1005006104097592
1005001608676026
1005005270244492
1005007125419680
1005006227689196
1005006623129168
1005006321559443
1005007197854393
1005005754699362
1005007316340863
1005006980663576
1005006727626154
1005006368013115
1005007138805309
4000328536033
1005006859251328
1005006018402683
1005006473219652
1005007146021293
1005007038215979
1005007099417381
1005003606157111
1005006277275422
1005007287488023
4000046467199
1005006442601438
1005006374376676
1005006992382708
1005006956535829
1005007287871357
1005005459233885
1005006918976631
1005006139984896
1005007067167412
1005006903323589
1005006827646539
32890359343
1005007009816205
1005007281949664
33048188502
1005006660883540
1005006941275432
1005006109172099
1005006865083780
1005005362546297
1005007116627847
1005006401371255
1005007052613892
1005003836038095
1005006943218803
1005007325012122
1005006822167514
1005006792321023
1005006766210920
1005007339366769
1005007365070353
1005005889597982
1005007150201654
33009997042
1005006927595839
1005007301971281
1005007197247143
1005007117268556
1005007287326193
4000070651903
1005006368105424
1005004352100000
33027756948
1005006870044604
1005007389000266
1005007177992756
1005003371437150
1005007339285409
1005007184136641
1005005653377263
1005004300652848
1005006343831076
1005007345048880
1005006821890822
1005004063701841
1005003192257193
1005007255052841
1005006113779034
1005007352730740
1005006076926966
32997140485
1005002571409841
1005005972626326
1005007282452686
1005006984880488
1005007218045739
1005007225352542
1005007297801169
1005007272330025
1005006988825050
1005007391139543
1005007076690011
1005007355721868
1005007297576322
1005006547979976
1005003792800131
4000072440754
1005002555418594
1005006761528011
1005006531622546
1005007140192986
1005007044172233
1005005367087094
1005006684238743
1005006335459713
1005006987186448
1005007148681646
1005006240699818
1005006321042234
1005006699890371
1005007275412041
1005007023010448
1005002958783038
1005006164936204
1005006821126751
1005002334251876
1005003363031925
1005006820475898
1005002006308181
1005006197991774
1005006709254866
1005007355351870
1005005567329666
1005007024469204
1005007053949306
1005006352937362
1005006863802786
1005007243714542
1005006850080976
1005007383964273
1005006860971466
1005007267003923
1005006919157218
1005007187145166
1005006995054288
1005007100619362
1005007018084007
1005007355238182
1005006680054641
1005007209255801
1005007277804243
1005005795345019
1005006209195759
1005004151145224
32978971959
4001242747019
1005007096262736
1005006821858844
1005007416171073
1005006956807158
1005003373038686
1005005796046746
1005007321061000
1005004958904244
1005007321322033
1005006157484427
1005006389200429
1005007180665350
10000133270497
1005006985077361
1005006859114550
4000046244898
1005007317134402
1005006673418713
1005007408978249
1005006399573219
1005006827624378
1005006140324050
1005007192719230
33021079649
1005006147739065
1005007259431666
1005004988637414
1005007182120764
1005004329101106
1005006306511321
1005006957188607
1005006912739725
1005006975148363
1005006127468877
1005006894629512
1005007030711211
1005006985125186
1005007183290302
32802163316
1005006168373841
1005006221546781
1005006989060234
1005005945605544
1005006947990978
1005007137825469
1005006850076497
1005007038974076
1005007172568815
1005006888267398
1005007385161511
1005006935430561
1005006597164038
1005005037345720
32750491299
1005007021072501
1005005994910584
1005006140462484
1005007372360418
1005006243581725
1005006100197530
1005006305804573
1005006496131257
1005007162323370
1005007036481066
4001355734353
1005006928569092
1005007058812223
1005005779948647
1005007286106941
1005007219138968
1005006400075987
1005005461871402
1005006848713700
1005006597330589
1005007169728771
1005007216709433
1005006297215351
32995133282
1005007144569059
1005006208138407
1005007299550385
1005006677438003
1005007103517278
1005003187647208
1005001962972411
1005007259940838
1005007224233410
1005007211327067
1005007196737671
1005006257786008
1005007349455069
1005007177158531
1005007294129213
1005004985455850
1005006480280168
1005007384610346
1005006843777899
1005006628430057
1005006451983501
1005005355635734
1005006477834714
1005007065634269
1005006278034511
1005007335162608
1005006802352958
1005006778426555
1005005321398529
1005006758483797
1005007321919872
1005006213300750
1005004300084487
1005007187687964
1005006987920975
1005007198447649
1005006525674051
1005006850213887
1005007020534506
1005006843501559
1005006203014870
1005007403183284
32807984480
1005006938868767
1005006216783464
1005006425419349
1005003377750614
1005006673028863
1005006844485400
4000129707701
1005007118412020
1005007372264498
1005003705847922
1005006996862040
1005007029269144
1005007046144529
1005006461296099
1005007258488701
1005006706666670
1005006702933675
1005006106316585
32886198137
1005004356028568
1005006702853994
1005006327162917
4000192833559
1005007224838276
1005007010462231