1005006117405133
1005007118552458
1005007016107864
1005007097223907
1005006318256258
1005007322148387
1005007111938851
1005007454942481
1005003649616182
1005006846571627
1005006406938726
1005006087947207
1005007457103139
1005007363917520
1005003643869737
1005006996610926
1005003643840881
1005003643383788
4000300868578
1005005894133106
1005003505777678
1005002625120217
4000575056838
1005006054116066
1005003134343067
1005006565508071
1005006037076520
1005005572653190
1005007263947143
1005004221025544
1005005917333291
1005005770509870
1005005127351732
1005006139356320
1005007226900337
1005006111378508
1005005520991429
1005002625504147
1005005572727021
1005005184291686
1005006899906267
1005007010644928
1005005606134133
1005006832193776
1005005927626915
1005006680536330
1005007096409367
4000221343067
1005002082361097
1005005622915838
1005005564318720
32901121699
1005004835957273
1005006150959041
1005005742206305
1005006972978318
1005007071291841
1005005154410160
1005005244646886
1005006463786497
1005006463814495
1005006035991603
32643669438
1005007196821862
1005005716449199
4001128804681
1005006232921693
4000575327277
1005005265058300
1005005859750724
4001149210893
1005005475762363
1005003994159212
1005007298934341
1005005636716657
1005004394198138
1005003258675459
1005007043072449
1005006213287160
10000007563331
1005006257791860
1005006863908154
1005006793105149
1005003648230420
1005005053336329
1005005478162210
1005006816500075
1005006436306287
1005006816223815
4001085413906
1005005460565538
1005004008239459
1005004835838972
1005006773081030
1005004871016345
1005007272392366
1005007009873686
32813547886
1005004175068037
1005006350368841
1005007262544749
1005005699246859
1005003384712252
4000067382959
1005006239871962
1005007010222169
1005004663066292
1005007305841582
1005005566612806
1005005506890659
1005006318164404
4000535396233
1005006282483828
4000575399667
1005005885732924
1005005296067751
1005006402598500
1005001822900926
1005006845339025
1005006205825102
1005006734931534
1005006797669933
1005005129210613
1005006413377024
1005002639115697
1005003994605833
1005005550098927
32843622985
1005004678436861
1005006284582038
1005004420989308
1005006439668161
1005005600880093
1005007106691327
1005002426376263
1005006162230014
1005006493757516
1005005913156172
1005007328490395
1005006289453775
1005005978389361
1005003648588467
1005001483921745
1005005918911784
1005006905321661
1005006321470897
1005007019654363
1005004272923182
1005007039410432
1005006342553386
1005003202023936
1005006169106019
1005006956554861
1005006400132131
1005004850305456
1005006374856792
1005005133855439
1005006480370847
1005006191653093
1005005972770756
1005007037586038
1005007183912569
1005007182185530
1005007298008120
32811234701
1005006374653228
1005004763829560
1005002666980104
1005006660997949
1005007076364919
32958267612
1005005634102808
1005007068591625
1005006794961527
1005005922854653
1005005767003162
1005004277771893
1005006195220486
1005004626897839
1005005547542896
1005007143441173
1005006301078176
1005006432466694
1005006123805361
1005004353999380
4001259951462
1005005944874475
1005007369757450
1005006127956322
1005006829019487
1005005971418472
1005005424446728
1005006865387205
1005006803984348
1005005948778217
1005003106242094
1005005858319911
10000007387797
1005006947654868
1005007434333579
1005006284435298
1005006961246399
1005006205793904
1005004115036074
1005006892334729
4001279356533
1005006465689172
1005003984961667
1005006161189621
1005005292583848
1005006955135097
1005006923877985
1005005109542953
1005004251074680
1005007166526246
1005003367252785
1005006964268016
4000876922856
1005005339009384
1005007470483137
1005005620711023
1005006511153560
1005006784269048
1005005972996890
1005006002717458
1005004857106477
1005001841698427
1005004185759196
1005005566480825
1005004246858681
1005006543013851
1005006424541554
1005004193167071
1005006449865224
1005005198187147
1005006692171586
1005005603470318
1005007387365829
1005005528989578
1005007345273649
1005006449806290
1005006169664198
1005007160639615
32895888373
1005007314054020
1005006108569334
1005006121631551
1005006626621584
1005001955526099
1005006774783074
1005005988433490
1005007129333294
1005004062850327
4000525528583
1005006907895637
1005004113879367
1005006412716773
1005007059363935
1005006003104494
4001157103787
1005007159372932
1005006169363042
1005006213857018
1005006767621371
1005006795017064
1005006996186952
1005006504316519
1005001571747181
1005006954920785
1005006778382862
1005007187499717
1005006638024491
1005007252048516
1005005726964704
1005005869984629
1005005698530588
1005006592510869
1005005699903580
1005007084429654
1005007330511318
1005007293476453
1005006239057586
1005007330131563
1005006502517283
1005006266861328
1005006408767057
1005004281868017
1005007451774289
1005003159863501
1005007009231917
1005004281612737
1005006761381814
1005005715153612
1005007128297213
1005006233657077
1005007044905969
1005007228689534
1005007310080122
1005005837096321
1005006140521287
1005006441024735
1005007390930148
1005006793821681
1005006123783597
1005004759629539
1005006605355562
1005006169219466
1005006413908346
4001093952210
32959013371
1005006919217908
1005002926049653
1005007015385086
1005006169314370
4000148349182
1005006508399888
1005005298097975
1005006860256710
1005005866319676
1005002730354335
4000040158415
1005006737542481
1005006990028267
32750110608
1005004471611088
1005006449706658
1005006722192347
1005006308668053
1005006569881403
1005006411486936
1005005393727279
1005002277924120
1005006439775170
32832656714
1005006500224239
1005002253261804
1005006504309714
1005006024166530
1005005576265324
1005004385095302
1005007184744869
1005006224407585
1005005722080275
32749896663
1005006399926828
1005005559045245
1005005572576737
1005004883945495
1005006103127670
1005005944415808
1005006416595846
1005006863918244
1005005913431009
1005003369073361
1005006208860281
1005005922488550
1005006914587766
32501113907
1005006995849253
1005006605812280
1005007135318702
1005006093055484
1005005620747905
1005007081931019
1005007009965331
1005004411630297
1005005987022734
1005006891790322
1005004641713837
1005006186346291
1005006409651444
1005007281733960
1005007315893278
1005005850814189
1005007368553001
1005004981497938
1005006251685840
1005007116029830
1005006196995745
1005006068652554
1005006855970131
1005006423621061
1005007255558544
1005006676485435
1005006575015257
1005006953191355
1005005762085358
1005007250908026
1005007393186760
1005004239886186
32984435109
1005006819778520
1005006226337163
1005005415619354
1005005686833949
1005007376604604
1005005778451755
1005007394521276
1005006224164496
1005007296141239
1005006966051499
1005007094447330
1005007405534409
1005006228549685
32829340087
1005006302682344
1005007015804706
1005006825406818
1005006302754720
1005006294812639
1005005687819269
1005007079289524
1005006257314861
1005006787933293
1005006043560820
1005006388736917
1005007298549392
1005006974769105
1005007067882141
1005007173400432
1005006637934288
1005006825020258
1005005336167252
1005007035967703
4000194233228
1005006956811585
1005007197653605
1005003033556081
1005005283162540
1005006302835239
1005004675490509
1005003329206082
1005007018327875
1005005997407988
1005005870418502
1005007117696366
1005007096115948
1005005189044421
1005005863324536
1005004353976059
1005006826981238
1005006963896607
1005006205740269
1005007181121605
1005006970435779
4001167656587
32798072098
1005001858403778
1005006831909113
1005006966384179
1005007243855933
1005006278222381
1005005305229403
1005006165529222
1005003438248614
1005006934223633
1005006973037064
1005005575855309
1005007334402954
1005006020725917
1005007376851540
1005006722081792
1005007055575120
1005006336570377
1005004389681114
1005006349485803
1005003103351747
1005002778606244
1005007209846162
1005007349371225
1005006471973539
1005002647040721
1005006244360878
1005005261198679
1005007322532670
1005006340607915
1005006769865951
1005006301749519
1005006825198326
1005006883458421
1005006157814192
1005007204942152
1005007101355160
1005005729264157
1005005056375254
1005005972202844
1005006125285639
1005007267786036
32824646295
1005005562785380
1005006125029561
1005006857063187
1005005111904318
1005005947637716
1005002965924501
1005006156229644
1005006045732837
1005007227334194
1005005634491180
1005006212029432