1005007247587375
1005006824276134
1005007487570706
1005004881842711
1005007317441464
1005004800552553
1005005968229513
1005005250163119
1005006909007254
1005005911895938
4000576469573
1005007451470163
1005006629383395
1005002995697280
1005007187935121
1005005815968628
1005007471144102
1005005580532742
1005007130216500
1005005936017899
32824053315
1005006810147019
1005005526659432
1005007451838313
1005007424034664
1005007305252429
1005005677010860
1005007477825478
1005002662359320
1005006851969131
1005007451983867
1005007163163910
1005007478053306
1005006782613678
1005007196613836
1005006924133124
1005004038653114
1005005001862830
1005007459589270
1005006593689157
1005005087143258
1005007109063862
1005004331931669
1005007451366293
1005001339783720
1005005324765042
1005006233642904
1005007459356757
1005006844469112
1005006917692195
1005007453754379
1005007456945261
1005005249374208
1005007301822328
1005006582304907
1005005087109455
1005004446127050
1005003462340501
1005007429966100
1005006536724684
1005003495855651
1005005988301386
1005005313202327
1005007475886163
1005006810090067
1005006820479414
1005002129347065
1005006422903040
1005006394466129
1005007347631449
1005007105594531
1005006844469116
1005002512296313
1005006809935454
1005006478072912
1005006176222544
1005003001256139
1005006864772095
1005005147659072
1005003202333251
1005007454795161
1005002635062686
1005006020395055
1005003632444351
1005006573971566
1005005561366311
1005002951438332
1005007454565541
1005006091750086
1005007043883975
1005007275557868
1005006374611218
1005001812829612
1005007171609005
1005002456661394
1005005182902728
1005006759803234
1005005029180878
1005007199233533
1005005824950203
1005006504398638
1005002053227319
1005006824270075
1005007375369284
4001219862740
1005007471653628
1005007434769096
1005007452557373
1005007459236873
1005003405943259
1005007118570707
1005006928898999
1005007261112513
1005005028572683
1005006978594135
1005006327198274
1005007289593271
1005007197651869
1005006816374691
1005007343090114
1005007336864292
1005002353463521
1005007471914237
1005006389696850
1005004790702794
1005006396916104
1005006897840143
1005005111262500
1005005553189721
1005007315130586
1005006321683692
1005005044286757
1005003454201955
1005006998334390
1005005202790834
32828730196
4001270678073
1005007227562867
1005007435494793
1005005682132215
32834239690
1005005167668054
1005007431554618
1005005250648747
1005007306760761
1005005096450262
1005005553319176
1005006158999951
1005007280098873
32406855294
1005005647713436
1005005034639414
1005003480661149
4000590879801
1005005099099214
1005003480239278
1005007246386505
1005006866297214
1005006809354108
1005005958427425
1005005707260475
1005005053014964
1005005511170922
1005006160647717
1005007129358701
1005006668562267
1005003174404539
1005006852974779
1005007244398885
1005006380165042
1005001625711982
1005007455979577
1005006721559865
1005007295431037
1005006609283428
1005006969221086
1005007245640987
1005004268376344
1005007455679636
1005006359506503
1005004438891393
1005002939323417
1005004388767314
1005002555976662
4001175796744
1005004438548755
1005007467074997
1005007313554368
1005007219766419
1005005858770720
1005007243919853
1005005099344793
1005006259064080
1005007167576948
1005006969029401
1005005959370703
1005005407743216
1005004895381913
1005006895679719
1005006899901426
1005006431097892
1005007310094951
1005006900006070
1005006896573082
1005005900194878
1005007378370235
1005006624179870
1005006435669441
1005006421950626
1005006287328702
1005004472154566
1005006896571067
1005006001489530
1005006258874574
1005006899821894
1005005545730368
1005006351694509
1005006896615173
32968617772
1005007444878999
1005007446956980
1005007208495804
1005007445157166
1005007311456847
1005004387725625
1005007367003935
1005007446830792
1005007345272924
1005007101414715
1005006824321032
1005007445861866
1005007447171816
1005007447115052
1005007446651996
1005007355578461
1005007447172045
1005007445889667
1005007447112108
1005007446920607
1005007446921857
1005006573874806
1005007446828771
1005007273987489
1005007447083476
1005007487960000
1005007138311077
1005007488388325
1005007488339123
1005007487573398
1005007488302407
1005007488457186
1005007488357127
1005007447232404
1005007009131061
1005007304003255
1005005215441264
1005004230114501
1005007445621658
1005007447207581
1005007445797845
32955009065
1005006765632523
1005007296337442
1005007296175753
1005007317402304
1005007080891753
1005007490478615
1005007491419170
1005007490590413
1005006815662139
1005007489617167
1005006814978338
1005006851650369
1005007487499257
1005007422049233
1005007458800272
1005007421603887
1005006533713152
1005007020001562
1005007426871990
1005007453606965
1005007346898954
1005006953677496
1005007458588254
1005007066294913
1005007383637993
1005007415780767
1005007431980047
1005007082934243
1005007455529337
1005007455291302
1005007159263020
1005007337772836
1005007079674879
1005007079952171
1005007362853466
1005007457195837
1005007361320244
1005007427880783
4001309220396
1005006914111119
1005007172287613
1005007077983113
1005007132497056
1005007305537009
1005006967444695
1005007414615896
1005007332638139
1005005968684571
1005007430483442
1005007257988021
1005006967393939
1005007424120389
1005007003672993
1005007131679958
1005007066721371
1005006733092656
1005007430337387
1005007422145644
1005007433134614
1005007431105267
1005007432708175
1005007346925908
1005007152829736
1005007332101519
1005007432915384
1005007006964063
1005007124546304
1005007451335413
1005005291285706
1005007423726723
1005007118174412
1005007077288656
1005006719476617
1005007195953298
1005007134105723
1005007150782280
1005007297699860
1005007148908232
1005006954249432
1005003801117943
1005006107011413
1005007314648019
1005005990222966
1005007342776821
1005007452715244
1005007452591775
1005007343141005
1005007486977280
1005007474032869
1005007342659969
1005007460720679
1005004187973766
1005005560986784
1005007163226536
1005007461339097
1005007447115768
1005007342676826
1005007447068853
1005005952624639
32994639829
1005007314754666
1005003641615953
1005005444482046
1005003748170986
1005005571683074
1005006866283424
1005007314384945
1005006692412467
1005007205429401
1005006711223081
1005006723201439
1005006711881558
1005006988008328
1005007115600363
1005007309921851
1005006020967102
1005007316939799
1005005171257806
1005005437261300
1005001831305700
1005007167505862
1005005137286306
1005007386010261
1005007458229219
1005007475467169
1005006758144886
1005007452553156
1005007433585305
1005006875611998
1005006857185212
1005007488291282
1005007354247884
1005007455020324
1005001853263448
1005006970303470
4000088271097
1005006734199804
1005007469251627
1005007483546041
1005007436347148
1005007375498818
1005006965687885
1005007487153956
1005006882990045
1005007431130300
1005006891620922
1005007477637741
1005002735038141
1005007340472901
1005007484085685
1005007487929044
1005005592783598
1005006784869414
1005007476317468
1005006739219099
1005007410066651
1005006897166950
1005007477507961
1005006084887902
1005007223385918
1005006885374455
1005007376267344
1005006977475641
1005007106361641
1005007471442634
1005007046743627
1005002749213461
1005007377661192
1005006696208020
1005007236380278
1005007118898367
1005007288935301
1005007376266617
1005007086017305
1005007076620848
1005004851910193
1005006750032002
1005007476234084
1005006627536571
32846652216
1005006663396296
1005002926389864
1005007460758089
1005007211715478
1005007118722663
1005007480521473
1005006744661669
1005007185517657
1005007477138052
1005006833710097
1005006186705441
1005007288871548
1005003804318505
1005002459664095
1005007211343975
1005007384939061
1005002632119574
1005007201702856
1005007160813835
1005006913551312
1005007215801290
1005007048498707
32825631971
1005004600042344
32802060811
1005005568201253
1005007369597832
32808459159
1005005999565006
1005006851351049
1005007464593636
1005007486502748
1005005593760755
1005007378364573
1005003782243488
1005006427360980
1005006991276056
1005005687421926
1005005936270210
1005005413058599
4001254790168
1005007208025482
1005007474407960
1005003172357991
32490268222
1005003816787896
1005007452795754
1005006885200850
1005003095673951
32881308954
1005006109101079
1005002686634365
1005006821553977
1005006607844636
32897940463
1005003800338761
1005007454792129
1005004312898620
1005007005992505