32849807322
1005003428616148
1005005108811743
32885721597
1005005923292426
1005007446553349
1005007446281658
1005007349079285
1005005917155748
1005006418786396
1005006947310624
1005006954892462
1005007445034493
1005007003563266
1005007423609673
1005006200475694
1005006424631593
1005007260734855
1005006781330488
1005006311110066
1005006042190245
1005007374470353
1005006667484862
1005007074585539
1005007401608263
1005006965734319
1005007420042798
1005007345611182
1005007386549135
1005007443598758
1005007370076089
1005007393763289
1005006458663952
1005006376521027
1005005616584575
1005006332194096
1005005615977070
1005005107992992
1005005664311250
1005006040501278
1005003617584698
1005005561535836
1005006733139616
1005006294662871
1005005866688791
1005003450304158
1005006097018297
1005006380359709
1005007463883940
1005005449389883
1005006288782699
1005007327535208
1005005383762889
1005006755921778
1005006353828141
1005002184533660
1005004536924097
4001082261579
1005004536877685
1005005636512287
1005005406918910
1005005191485970
1005007144085985
1005005297494557
1005002308799752
1005005489242195
1005006676232364
1005005367771508
1005004187041611
1005005424672002
1005002731780408
1005006710745020
1005005763427369
1005001639711525
1005006822233439
1005006841232506
1005001626982969
1005007277809350
1005007293913628
1005007322388959
1005007190516039
1005007190570350
32846472514
1005006084271616
4000369776413
1005005539954258
4000369992139
32947382986
1005003587675758
1005007193904091
1005002802209336
1005003594425908
4000372080741
1005007073830030
1005006594571621
1005003590107046
32847046884
32847070428
4000117591539
33038376183
1005004210441683
1005005901160705
32966649460
4000061400926
32855977388
1005004160777535
4000061491567
32856220614
4000096064596
4000549560770
1005007450518522
1005007026799319
4000986457752
1005003303354066
32858251296
1005004262468220
32835587447
1005004105073705
1005002212226940
1005005915938210
1005005058238573
1005007092055661
1005006413939652
1005004894193909
1005006619960793
4000372062002
1005006124366321
1005006638198502
1005006017380615
1005006049801076
1005005529040784
1005006415527782
1005003473653879
1005005666157439
1005006054925078
1005006151448705
1005005224914782
1005006357847624
1005006060703422
1005004984340617
1005003458187172
1005006050139932
1005003743893080
1005006274376275
1005006539712729
1005006539860031
1005007484230912
1005007481592286
1005007488072014
1005007467257899
1005007463925143
1005005720328435
1005007446876982
1005006505576116
1005006760143353
1005007462408101
1005006557538586
1005007056406303
1005007346883711
1005007380768442
1005007447031079
1005007405950701
1005006982886275
1005007206124324
1005007109461033
1005007185120585
1005007183784153
1005006837668136
1005005113998836
1005006342052769
1005006956275122
1005005520705694
1005007450720877
1005004754422739
1005006361928412
1005005361773906
1005007302425440
1005007135588457
1005007389978603
1005007426400031
1005007187875394
1005007339024764
1005007374397722
1005007175958657
1005007120864777
1005007269406654
1005007468492259
1005007250126412
1005007297967105
1005007486536575
1005004930643675
1005007314509650
1005007117895084
1005004930677552
1005007084635496
1005007384749026
1005007197857792
1005004266342006
1005007196493278
1005007130338802
1005007188653490
1005007115397683
1005007269472441
1005007417435196
1005006639095117
1005006685454119
1005007434713433
1005007309619357
1005007070643888
1005006879593604
1005002491493630
1005007229098096
1005007154433491
1005006296402474
1005006199171946
1005006413487299
1005007471592700
1005007443959452
1005007258141610
1005007102931668
1005007128212053
1005007102935954
1005007103085788
1005006765854762
1005005920048930
32950853675
1005007244987307
1005005920216060
1005007090347291
1005007187778360
1005007362338836
1005007320782333
1005007151503748
1005007275195998
1005007034457268
1005007302648498
1005006173289124
1005006766814325
1005006794730019
1005006794233793
1005006733654784
4001230770186
1005006528016522
1005007009837788
1005006507540453
1005007426396725
1005005799323331
1005007172530464
1005006854486454
1005006605806187
1005007229016601
1005007133502953
1005006112867913
1005007116102353
1005006064419274
1005005525860553
1005006217153078
1005007292301822
1005006127930517
1005006412182129
1005007448788540
1005006884679059
1005007426573364
1005006904826059
1005007228840939
1005004205133878
1005005457404693
1005007173910831
1005006126532488
1005006806363800
1005007307073666
1005007009513707
1005006873905866
1005007398987214
1005004992192522
1005005614261197
1005005310610600
1005006297870883
1005007398714907
1005001813961260
1005007393908100
1005005428874613
1005007021769146
1005007255069417
1005006243828033
1005007020529659
1005006942990231
1005006454023088
1005006453953731
1005007287148508
1005004578279051
1005005279079169
1005007390485153
1005006909484640
1005004866756619
1005004095445207
1005006394760779
1005007315272979
1005006172410018
1005006524886244
4001345574463
1005007463526372
1005003162193279
1005006768067617
1005006931738564
1005007122573577
1005007122688548
1005006127130895
1005004576791706
1005005704615938
1005003477105593
1005007050244832
1005004704297525
1005005761764927
1005006302194308
1005005896301328
32747867517
1005007426924519
32915125948
1005001581114664
1005004595049220
1005006565141604
1005006578832376
1005002270525385
1005005704846074
32651717073
1005004274976319
1005004612237544
32800815886
32795401090
1005001619689739
1005003488285611
1005004866472192
1005002312093866
1005002890722893
1005003655057285
1005005203323590
4000788802849
1005006979698805
4001086012014
1005005202901521
1005007238946739
1005007264128944
1005007209846140
1005006858273742
1005007089460045
1005007206034197
1005006239402246
1005007205626286
1005007458889997
1005007205630821
1005007200404226
1005007176146158
1005007088642971
1005006239678272
1005007205632914
1005007347267340
1005005534286181
1005007205878448
1005007227559754
1005007200107521
1005007200071638
1005007256458936
1005006596910123
1005006820864046
1005006821463591
1005007244270552
1005007156095980
1005007446871248
1005007279843453
1005004082323677
1005005212838286
1005005388277793
4000680413588
32857627003
1005006832733515
1005006894194888
1005005759178746
1005004871150742
1005007260610116
1005004292992112
1005007203003894
1005006629236040
1005007459099610
1005001454275200
1005006359897430
1005006904237870
1005004859907844
1005006212919346
1005007367327325
1005005879832692
1005007375439012
1005007228119421
1005006412144607
1005003368734634
1005006800857388
1005007347629039
1005003368754517
1005007367437282
1005007423011965
1005007327459678
1005007282099029
1005006381744611
1005007339474843
1005006951002457
1005002336456719
1005007261526575
1005004063240407
1005007391918001
1005005122950594
1005006560996489
1005007273094440
4001066043390
1005007341452623
1005007338257619
1005005080900466
1005007393994635
1005007338046420
1005007010021623
1005006494260528
1005007347119369
1005006438153341
1005007338350556
1005007492424574
1005007491733734
1005007491302547
1005004441498575
1005003308203755
1005006108885330
1005006040102340
1005007491142104
1005007490864801
1005007487929956
1005007090199981
1005006736401155
1005007474341355
1005006040021663
1005007471261773
1005007477828326
1005007478212953
1005007475142082
1005007084542374
1005007473122564
1005007474014977
1005007084665132
1005007061025757
1005007479038683
1005002105011483
1005007168200065
1005007461744585
1005007460721617
1005007462131442
1005007449565964
1005007455339500
1005007454027097
1005007454892284
1005007444893054
1005007444213214
1005007414260580
1005005926818989
1005006610587682
1005007095512377
1005005913475823
1005006746780823
1005006684665825
1005007404687659
1005007470723401
1005007470347371
1005007084058045
1005007087566496
1005007279949755
1005007267975482
1005007473175715
1005007473500017
1005007473213607
1005006935802691
1005006439044831
1005007449725892
1005007366599096
1005006820586066
1005007426680962
1005005033169090
1005005920167836
1005005839400963
1005007076086444
1005005333395720
1005006047161965
1005005372284021
1005003768606079
1005006081142882
1005006266714065
1005006156291889
1005005717557514
1005003469688958
1005006460858923
1005005369188084
1005006461111575
1005003916582148
1005007003939678
1005005834306844