1005006334888253
1005006170132301
1005004464509164
1005007287615450
1005007261040218
1005005815904943
1005002969444421
1005007215899771
1005007087616360
1005006584054750
1005006870865283
1005007267915499
1005002115433619
1005006115564828
1005006748806269
1005007258865026
1005006461792759
1005006860379048
1005007089967406
1005006236591755
1005007313968762
1005007052903474
1005007209757115
1005006364125598
1005007178995687
1005006947459425
1005001781007432
1005007409593994
1005006688866037
1005006084187306
1005006340017617
32899804797
1005007268398937
1005006215016902
33041229896
1005006925097901
1005004967047863
1005007470100882
1005007467234327
1005007457191323
1005002296882960
32889163102
1005007408865736
1005006368866171
1005005721566658
1005007450623945
1005007482264569
1005007482397047
1005004341879823
1005007195524669
1005007450534474
1005007426477061
1005007407386963
1005007355340483
1005006744547907
1005001790463883
1005006079683340
1005006822135064
1005006877990217
1005006046433859
1005005229816864
1005006878061925
1005007164563743
32849290194
1005005764064321
1005005015213975
1005006980754903
1005004410536131
1005007250694429
1005006918011645
1005006621632676
1005003070507799
1005007260402721
1005007440208702
1005006855877731
1005007448675252
1005007473426599
1005007384041997
1005006621812543
1005005913410161
1005003102609096
1005007484541773
1005007305627779
1005007467457276
1005007259247730
1005002390568311
1005006692389384
1005006943556222
1005007261274807
1005007228096372
1005007227795886
1005007239793871
1005007228032515
4000277989523
1005007240114306
1005007355262768
1005007481614539
1005007477162105
1005007473901564
1005004780600183
1005005954442740
1005004465755037
1005007360010869
1005007415598260
1005007367794316
1005006702940821
1005007431062892
1005007153412481
1005006180328554
1005007471052624
1005002710594602
1005006431653369
1005007257708524
1005007130579712
1005006274480065
1005005663336678
1005007183364500
1005004901467605
1005005672192994
1005006087994493
1005003473507890
1005004052970532
1005005081375364
1005007336303397
1005005876016520
1005007129810821
1005007059139413
1005004295416359
1005006604214803
1005007467407845
4000377771880
1005006298443028
1005004931495083
1005007066613265
1005007183531255
1005007418389651
1005005481049960
1005006629383911
1005007436461773
1005006588710387
32880124629
1005006944702031
1005005683361661
1005006944313796
1005003204099751
1005007368723695
1005007092201769
1005006666642177
1005006701758286
4000050847799
32882419960
1005006691442935
1005006048752930
1005006754393383
1005006932206456
1005006808492417
1005006159357110
1005005636759444
1005001453392250
1005006944343640
1005005811604817
1005005802360047
1005006324336032
1005007481643420
1005007480711652
1005007486494162
1005007472031608
1005007467089670
1005007474961725
1005004539251617
1005006534512712
1005007409409309
1005006944711470
1005005814148395
1005006316990609
1005005793391378
1005006944615686
1005007227711912
1005006944671639
1005007301997659
1005006985402580
1005005777295868
1005002841873906
1005005955773547
1005006834429088
1005007337584038
1005006143730807
1005004881626835
1005007275618709
1005007162006849
1005001859266093
1005003972213633
1005007486056629
1005007391917056
1005006767384124
1005006812844367
1005006697970714
1005006738194294
1005006846892976
1005007221596518
1005004832140297
1005006859505408
1005007345845490
1005006435715269
1005006933987042
1005007046889115
1005001839374516
1005006834454556
1005003369031040
1005004314853984
1005005398932907
1005006447992901
1005006578262285
1005007408858445
1005007346143191
1005005496717693
1005006584968070
1005006472030978
1005005515045104
1005006572221254
1005005506267153
1005005500962713
1005006936813738
1005005510324541
1005007206370082
1005004207502661
1005006834648051
1005006933918131
1005003372311786
1005003457305589
1005007431924346
1005007455510218
1005006421327569
1005006111055943
1005007378439092
1005006294885501
1005007445777938
1005007424554195
1005006385174329
1005007268802961
1005007133500501
1005007262396915
1005006696231571
1005006921413030
1005007133692256
1005007289457624
1005006636349485
1005006696379138
1005007455267664
1005007235993279
1005006895104378
1005007205929810
1005006950349216
1005006465992035
1005006584725854
1005004584164993
1005006584343656
1005007022163988
1005007174174580
1005007177118743
1005006954580867
1005007275696503
1005007092381981
1005006919381406
1005006293183148
1005006665172659
1005005288439694
1005007208662687
1005006577904839
1005005526254076
1005007206225296
1005006497667687
1005006954465991
1005006343884094
1005003441443532
1005006833968423
1005006833919496
1005005208967344
1005004207577729
1005004207548301
1005007418580387
1005007465451261
1005007465605987
1005007410830452
1005007465477288
1005006411247134
1005007451858604
1005007357213030
1005007445947852
1005006441406375
1005006431043242
1005007487307984
1005007477233136
1005007477309303
1005007353627235
1005007465192909
1005007456530822
1005007301686420
1005006903484772
1005006364580944
32920523741
4000057062058
4000055091148
1005006016375373
32898911367
1005002744831035
4000056917827
32906039452
4000057210932
1005007394039175
1005004729352317
1005006809042670
1005005828064096
1005007484009790
1005007492058330
1005007488114893
1005007488410168
1005007491157380
1005007459601209
1005007488047880
1005007445724159
1005007451849753
1005007126366567
1005007424727985
1005007251111448
1005007039219214
1005006437099279
1005007345320978
1005005445770567
1005007400970204
1005007447957612
1005007335302037
1005007099249413
1005006006809773
1005004047236339
1005006695443627
1005007463832329
1005007156860640
1005005844062030
1005007327688901
1005006613922842
1005001548195941
1005007099548725
1005007257103514
1005004978521653
1005006894201255
1005006302197902
1005006945035765
1005006065939223
1005006738764033
1005005678266469
1005004792003981
1005007294579468
1005006302727641
1005005514217949
1005007076099932
1005005115628188
1005007173793558
1005004401645094
1005006240721081
1005006242613532
1005006974339221
4000462817571
1005003750376884
4001360739896
1005007076243908
1005005491448613
1005002369115915
1005004164234076
1005007161111991
32933564810
1005004364410246
1005003636698679
1005003632090801
1005004518355238
1005005894105898
32831318977
1005003632148571
1005004505132896
4001075593741
33008389044
32883255240
1005006326259288
1005007068212044
1005006804789399
1005004455355007
32349332787
4000745201980
1005006785589292
1005006795032581
1005007432574366
1005003250878870
1005003632204297
1005007476338081
1005007436378166
1005007455710608
1005007244851871
1005007426716390
1005007455857886
1005007432993437
1005006041910620
1005007376468359
1005007103044544
1005007393501100
1005007455417942
1005007247779510
1005007253110312
1005007269445291
1005007382974998
1005007420987051
1005007430648249
1005006582319730
1005007420817158
1005007174484331
1005007269274291
1005007426473640
1005007346863265
1005006855635834
1005007420883134
1005007312720970
1005007392062097
1005007392676705
1005007169176024
1005005843881472
1005007299474741
1005007038454263
1005006816123400
1005005926356681
1005007103030994
4000323664796
1005005894875531
1005004967414716
1005004679432657
1005007103994676
1005006144814205
1005007418197393
1005005346571021
1005004428254136
1005007277321631
1005007058571452
1005007404479514
1005005939829857
1005007456645666
1005007468389016
1005007343124788
1005005770937945
1005007393681798
1005007455625742
1005007347444351
1005005802343177
1005007066659533
1005005645780034
1005007307722238
1005004971659979
1005007354762578
1005006641865029
1005005667841359
1005006014915843
1005005993862153
1005005435128157
1005007356342024
32824401139
1005005352657940
1005005204052290
1005007458151958
1005007339830916
1005007394163016
1005007393416911
1005007394026753
1005007395469102
1005006893661430
1005006801737334
1005005858458723
1005005961693290
1005007391962686
1005004197832902
1005007311333918
1005005939488282
1005007348790421
1005007045228057
1005005791002256
1005003020526770
1005006111679472
1005007473161209
1005005933888237
1005007185939321
1005006083952231
1005007377721591
1005007251742602
1005005859018631
1005007462512801
1005007189133927
1005007144966374
1005007457907919
1005004778399194
1005006135538580
1005006702102475
1005005963528250
1005004975586419
1005004555677676