1005007479999502
1005006078105710
1005007329676724
1005007108098320
1005007036077890
1005005676578941
1005007466871877
1005007229672916
1005001519886460
1005007450835158
4000038666560
1005007465573258
1005007117349335
1005006849561919
1005006309638662
1005007342807655
1005007241297441
1005003807369908
1005007163738162
1005007473497656
1005007163378727
1005006998613841
1005007130594433
1005007322833297
1005006568711020
1005006017636786
1005007465290857
1005006172136055
1005006264694888
1005006151909053
1005007286671614
1005006654236591
1005006437991185
1005006645429438
1005007484675432
1005007487288499
1005005957354997
1005007297893977
1005007473139945
1005005225831333
1005005636976577
1005005714520746
1005007374322938
1005007363128243
1005006676610057
1005007003465585
1005007143782883
1005006305497517
1005006365616805
1005007240364825
1005007468017233
1005007331902934
1005007387558000
1005007147914279
1005007456058427
1005006572331635
1005007456767997
1005007001689995
1005006612612654
1005007446592719
1005006925907193
1005007485620591
1005007085271788
1005007485653523
1005007474105494
1005007451834776
1005006925713957
1005007447161632
1005007455631371
1005003337380754
1005007446784277
1005003898442287
1005006232101249
1005007380130419
1005005978763810
1005006046140157
1005007267078560
1005005626644493
1005006354425926
1005004294967219
1005005552367022
1005006857494603
1005007295031701
1005006691741941
1005005979203683
1005005979530372
1005005575036500
4000134992046
1005007045563957
1005005575438457
1005005575036519
1005006000686854
1005006875702020
1005006083530598
1005006862270491
1005007201548528
1005006821523404
1005005979422998
1005002871091337
1005005979231338
1005005583045823
1005006207962385
1005003742071289
1005006546046452
1005005121420812
1005005091101689
1005006770800843
1005006176353977
1005005553387396
1005005760722771
1005006903842517
1005006172713927
1005004406253606
1005003338210398
1005006317515489
1005005979486190
1005006501540310
1005007131406695
1005005218868508
32953809046
1005006961411710
1005006859604752
1005005081090954
1005006862087927
1005006245840438
1005006974575060
1005003852874255
1005001914057104
32846570987
1005006833876879
1005004770246866
1005006266409210
1005001360601031
1005005819077129
1005004527010933
1005006935881982
1005004664374312
32964008171
1005004566711067
32965441179
1005006814854385
1005003687536486
1005005501339965
1005002051820108
1005006988675725
1005005012965740
32852136702
1005004721141983
1005007455201894
1005007386476137
1005007456744243
1005007458036778
1005006796464070
1005007341915471
1005007341644677
1005007479295992
1005007477144438
4001130329627
1005006762496198
1005001323407904
4001319719338
1005006119589153
1005006660306359
1005006604721193
1005006660171765
1005005519892464
1005002859609830
32273995248
1005007468715447
1005006056109988
1005005170089405
1005005323774767
1005005394701447
1005007122926915
1005002672340118
1005006223312453
1005007265657061
1005005146764068
1005005957027029
1005005058082964
4000550422945
1005006463542936
1005006735227893
1005004045413823
1005007457098198
1005004404949858
1005007294498625
1005006270197883
1005006012196230
1005005315229014
32718944485
1005003091523439
1005006210051430
1005007490991516
1005007276289998
1005007187023899
1005006537239375
1005006481353536
1005006657182478
1005006991422178
1005006889883322
1005007369969108
32566444766
1005005096332652
1005006124189050
1005006913039559
1005006232319358
1005002847166499
1005002847212196
1005002847193265
1005005105761296
1005002847130792
1005006232285680
1005005105816051
1005005106766234
1005006236660158
1005005107816020
1005007057976710
1005005931204875
1005006232364315
1005006916886177
1005006913032505
1005006877440199
1005006042238253
1005005106665298
1005005105807121
1005002847198302
1005002847159545
1005007486658308
1005007463939408
1005005385051830
1005005877244182
1005006967907828
1005005656526653
1005005787704576
32892038160
1005007169986275
1005006531046433
1005007087773436
32810042795
1005005787739256
4000516065694
1005005994583071
1005005891804403
32895023957
1005002474986453
1005005724472971
1005006859999496
1005006996021316
1005006907763419
1005006086485282
32962124283
33007692784
1005006999609503
1005006838702478
1005004984907792
1005007344987423
1005004924149985
1005007339239737
1005004313710870
1005005886083714
1005005943801124
1005005976102304
1005005128301483
1005004719912818
1005007070385889
1005006162259479
32636696531
1005006258593383
1005002376816106
4000552388314
1005005871416450
1005005966170060
33024803018
1005002924315955
1005004185788949
1005001315951420
4000623928926
1005007408074900
1005005447880286
4001197658969
1005006027093907
1005004107077086
32974454978
1005006031191136
1005007047194547
1005006729727868
1005006359591494
1005007022672402
1005005484458805
1005005693023048
1005006194863522
1005007474264340
4000752614260
1005002387914019
1005005706431808
1005006472429381
1005005706581298
32978751483
1005006212203465
1005004570856132
1005005201223300
1005007373897391
1005003020577196
4001054175171
1005006721978785
1005005479544182
1005006938757430
1005007209119206
1005007370733357
1005006481567506
1005006647505012
1005007202267614
1005005023497968
1005002824872365
1005006423739640
32603298191
1005002381359250
1005006948238180
1005006417520406
1005006074158221
1005006010708782
1005007357683407
1005004148879164
1005006215834520
1005006893891533
1005006794486413
1005006893892369
1005006894018070
1005006661599964
1005006877275911
1005007083824155
1005007083840095
1005007217521363
1005007296171796
1005007031146359
1005007079437542
1005001623084735
1005006324094799
1005004558567831
1005004543973584
1005003674507085
1005006081326289
1005002526194605
1005006864495194
1005006799188424
1005006740837853
1005006741036367
1005006235086065
1005005828550563
1005007143345748
1005007112805761
1005005833909417
1005005574101002
1005006739649682
1005006033984768
1005005012196931
1005006869646998
1005007258514666
1005003830404180
1005007263332354
1005007258774135
1005007263386265
1005002474017579
1005006593741282
1005002265007624
1005006688870858
1005006707827022
1005003605327687
1005006762782395
1005007099609024
1005004827339219
1005003040846112
33004839956
33003702306
1005006809035836
1005006787463882
1005005619992600
1005006996444778
1005006534644076
1005006662089905
1005005986618935
1005006806844747
1005006801854357
1005006832588276
1005006405228667
1005003758954067
1005006327171650
1005005584027668
32850199515
32835442837
32789359385
32797519386
1005006323503856
1005007000033641
1005004192263708
1005004151214324
1005006904645330
1005003995644457
1005006788022279
1005002889869293
32797479645
1005006950747933
1005007145272100
1005005608081678
1005007308068694
1005002637104669
1005007165787956
1005004861389500
1005005609799189
1005004310600094
1005006890065985
1005006037626972
1005006893566919
4000532728331
1005004062925966
1005006163273939
4001359598517
1005006589833941
1005007038936240
1005005838644081
1005007008944049
1005007459380994
1005007048692446
1005007428998513
32718618807
2027932402
1005007328314738
1005007367022973
32257977305
1005004045854961
1005004045687231
1005004796797191
1005006024410982
1005004114139031
1005002695862551
1005006960772899
1005007129844495
1005006683716238
1005006802051476
4001143449901
1005007452534744
1005006656995035
1005007088990106
1005003005493084
1005007218549055
1005006719262115
1005005547153564
4000767087268
1005005982529394
1005007461171418
1005006859543081
1005006909920957
1005006848997961
1005006935747813
32988145047
1005006874489981
1005006367349796
4000371004652
1005006864459163
1005005449559247
1005006783239091
4000285563603
1005001604395241
1005007254702953
1005005912965572
1005006852559081
1005005351295397
1005003041507760
1005006515462432
1005007378876583
1005005272421201
1005006363621838
1005007340634290
1005003822520571
1005004687527697
33034346246
32702543545
1005006823268203
1005006933982507
1005007309430419
1005007051584909
1005005952473897
4000056725611
1005006971395083
1005007184398248
1005006788029584
1005007418990953
1005007202777100
1005007342763911
1005007212941198
1005007418991703
1005007004373564
1005007227942904
4000046907763
1005007252433592
1005007198952421
1005007184447644
1005006449247778
1005001423755344