1005006973320330
32928688675
1005006409456811
1005006673509589
1005007447190618
1005003594183298
1005006898070957
1005006255857301
1005004209961172
1005007013058871
1005006795362224
1005006661759233
1005007459160046
1005007365566123
1005006012258761
1005006762204520
1005006984681785
1005006398584191
4000152799825
4001242054845
1005007081537275
1005006801727250
1005007201914478
1005005684705520
1005006318230730
1005006693363373
1005006084294093
1005007365836734
1005005565184034
33002134497
32997928532
1005006950030667
1005005203512806
1005007127590732
1005007475864255
1005007420945017
1005007420750347
1005007464639394
1005007301302860
1005007178799098
1005006751513044
1005007037600522
1005007038248193
1005007345420351
1005006463162046
32696502006
1005006380325790
1005006952348132
1005007488030341
1005007420773196
1005006867428298
1005004939783869
1005006828927504
1005003299185755
1005006819230617
1005006403162068
1005005824467067
1005006774031062
1005006803829496
1005006678185642
1005006493752941
1005006728229552
1005007253531994
1005007043913665
1005007109401746
1005007092196052
1005007098055281
1005007384634886
32918960208
1005002848322344
1005005638259134
1005002847855671
1005002848441297
1005005373121365
1005003320051271
1005006212698653
1005007404551499
1005003334424346
1005006955857280
1005007302914393
32974005364
1005003093972344
1005006057875400
1005006791989754
32714136852
1005007492367443
1005007492138067
1005007455578846
1005003673691321
1005003309653405
1005005174626241
1005003320062347
1005006196396628
1005007217321398
1005005537757096
1005004328365971
1005004363721875
1005001386626196
1005005721431476
1005006733787585
1005006056538575
1005002347929730
1005005962211254
1005003346460375
4001028137385
33040049545
33002480721
4001264717889
1005006068111056
1005005588954786
1005006056924959
1005006035349988
1005003319923073
1005006832571659
1005007176205340
1005007317466588
1005007453070796
1005006874288634
1005007425016357
1005006288767789
4000113023992
1005005095842808
1005006051939913
1005007128459906
1005007362883868
1005003466723056
1005007173798575
1005002532847188
1005004057713741
1005006960371567
1005007324706433
4001264407618
1005007202696780
1005006670804331
1005005076810925
1005005576485784
1005007457463940
1005007316613846
1005007084994345
1005007175075885
1005007228717482
1005006856750868
1005005993747921
1005005021228421
32990084381
1005004992648743
1005007095526295
1005006856727417
1005003489754670
1005006078160916
1005004953537038
1005007085276766
1005006345489034
1005007202650856
1005005974663569
1005007222737800
1005007355836297
1005003495356460
1005005837020456
1005006219184451
1005007204933121
1005006835267565
1005005942648930
1005003433776844
1005007345444416
1005004262268393
1005006779069739
4001228108250
1005007361108932
1005007345327427
1005006194833250
1005006435253470
1005005185091561
1005003552284504
1005007052903953
1005005421264590
33001725417
1005004715941175
1005006151831829
4001260797209
1005003585552934
32689890598
1005006280397272
1005006139421904
1005006928560490
1005005343893991
1005005372757792
1005005940874847
1005006474493720
1005006598849228
1005003109739752
1005003968086262
1005006967884942
1005007103156434
1005005196221189
1005007394302802
1005005780801265
1005006534564883
1005005906855622
1005003039125781
1005007181105566
1005004853587187
4000811923526
1005006110029284
4001062496216
1005003209501487
1005003309586815
1005006417323532
1005006575663432
4000929867921
32866165686
1005005811903834
1005005811969468
1005007252903019
1005001335296414
1005007051587132
1005005812033157
1005007414231217
1005005941589320
1005006418117889
1005005976063829
1005007277886454
4001229696806
1005007135241788
1005007459326436
1005007125666289
32844478812
1005006587227528
1005006738291968
1005006836540345
4000712585234
1005007470626987
1005006469064186
1005006746908465
1005007068616136
1005006988669074
1005007359087366
4001340828346
1005006972419233
1005006118044145
1005007365299643
1005006376675467
1005007091823642
1005005478358588
1005007466903750
1005007409280315
1005007220396345
1005005972780705
1005005346618401
1005007467334059
1005006850287909
1005005530825069
1005006600200686
1005006711532283
1005006761480445
1005006519374400
1005006643167671
1005007400087971
1005007072668964
1005004861956470
1005007163211006
1005007087855497
1005007450189922
33042177496
1005007082623553
1005005590984823
1005007195324329
4000866228177
33044503833
1005007252209350
4000131513303
1005006026138986
1005007058924706
1005006831548762
1005007464998687
1005007196231907
1005007194872897
1005006281082665
1005006281111288
4000347568799
1005004330580666
33036119770
1005007195135899
1005006224365053
1005005513524212
1005006171987761
1005006231042071
1005007477829323
1005007363738209
32818245451
1005007148988126
1005004127396524
1005005745262706
1005006859433268
1005003838592948
33008660550
1005007145542867
1005005447725026
1005005700448006
1005007281662791
1005007343242123
1005007403766833
1005006991325435
1005007344147446
1005007352379559
1005005073902160
1005006991371364
1005006589684030
1005005199511210
1005007153867704
1005006991402265
1005006649850552
1005007164260628
1005006732162539
1005002643635057
1005007022883016
1005007483850769
1005007489129478
1005007489695221
1005007151569348
1005005475583370
1005007369451450
1005007280932613
1005006438300297
1005007246639733
1005007247252102
1005006990271913
1005006656920946
1005007187636016
1005006658043331
1005007034654053
1005006591012914
1005007016557145
1005007004578728
1005007004694205
1005006588780892
1005006991454085
1005006516020486
1005006538667340
1005006502673628
1005006981089383
1005006964319973
1005006858762516
1005006494993595
1005007459037972
1005007446725569
1005007354533737
1005003813011174
1005007450360822
1005005512659286
1005006985983375
1005006865797459
1005007009559146
1005003791232408
1005007422444314
1005007191176372
1005006116249373
1005007205886755
1005006662510495
1005006662443653
1005006662611400
33063550075
1005007367968833
1005006479633613
1005005998459645
1005005459169330
1005006974494946
1005005700924294
1005006043912579
1005006417386632
1005006662692277
1005005938722181
1005006479324780
1005007193306583
1005007381749758
1005007000977750
1005007357036261
1005007306653834
1005003075590715
1005006752373624
1005005042080841
1005006711028898
1005003025332680
1005005275920327
1005007094644701
1005007131307662
1005007354755300
1005005743033651
1005006378450270
1005006001336197
1005007451771573
1005005638833895
1005003299001641
1005007486054095
1005006499938009
1005007485090830
1005007089094928
32957132610
1005007484906544
1005006249888071
1005006489886938
1005006978976953
33030938443
1005006342496567
1005007334099813
1005004777104861
1005003069511502
1005003299284212
1005003822926590
1005007058699267
1005004748057786
1005003816883912
32887294482
1005006389197092
1005007446699006
1005007375183238
1005006174939950
1005001518777674
1005006273606374
4000287470119
1005006592506341
1005007481490404
1005006973384815
1005005245350381
32884091559
1005007483794405
1005006379955973
1005004957139117
1005005970146499
4000924767253
1005004448432709
1005007423498105
1005007484114027
4000129139000
1005004223071416
1005006807406738
1005003626000917
1005005771606403
32773144419
4000043950605
1005002858388922
1005007478934537
1005007478932062
1005007485210953
1005007479102261
1005007479011236
1005007474136930
1005002937086902
1005004653177482
1005007143223288
1005006832191513
1005005653306858
1005007188498681
1005007174735127
1005007134862705
1005007272699789
1005007192102779
1005007146566407
1005006982346671
1005006065564611
1005006322949220
1005007314619808
1005007325030287
1005007483644912
1005007296996800
1005007185656509
1005005416943470
1005003581563801
1005006972475497
1005004676093029
1005005286750902
1005006594343094
1005007045728435
1005007116657729
1005007200647895
1005006656527363
1005006497798447
1005007481331691
1005007246555079
1005004865458126
33047941756
1005006171565072
1005007463708220
1005007486018008
1005007003217845
1005006025202235
1005004506513642
1005006878057550
1005005924464446
1005007095123572
1005006607699041
1005007054554644
1005007094842259
1005007211925929
1005006207219539
1005006902841148
1005007028902803
1005006952941899
1005006256416046
1005005106888413