1005007315657878
1005007226628640
1005007223556666
1005006888440307
32697290382
1005002875152632
1005007369491336
1005007418305919
1005007455693519
1005007447438003
1005004662950169
1005007394568005
1005003066233415
1005007340958133
1005003234217658
1005005467501965
1005002631580097
4001280324675
1005005695064543
1005006302806150
1005007076586908
1005004868648570
4001072204092
1005001659096926
1005005806630898
1005006070061594
1005006446004318
1005006592387103
1005001888062746
1005003102348640
1005005867378607
1005001769845056
1005001695732478
1005007109237345
32816380467
1005005356456158
1005006832833143
1005004426638252
1005006334940965
1005005682142793
1005007402900214
1005005666962131
1005006244823587
1005006155459725
1005007176104928
1005007293762504
1005007234417212
1005006908544161
1005007196454257
1005007466079110
1005007445764904
1005007317442609
1005007460970223
1005006544796048
1005006959124138
1005003916176344
1005007317344464
1005006313335769
1005004952826793
1005007000997897
1005004696734208
1005007303763818
1005007060742693
32861588320
1005006605266341
1005007377002439
1005006184631564
1005007216491674
1005006293113247
1005007352924727
1005005703610695
1005006955263620
1005006476941443
1005006954068669
1005007097562479
1005007367243597
1005007277563523
4000067968112
1005006925233547
1005006577352239
1005007297605914
1005007277369955
1005005476005532
1005007382029502
4001242959292
1005006574428913
1005005995191500
1005007419835955
1005007421219943
1005005730627069
32949814020
1005006076421050
1005002219412970
1005007461537791
1005006997465361
1005007460873214
1005005995235089
1005003405595878
1005003098620183
32842944615
1005006348321695
1005004324085592
1005006588519106
1005006589568153
32960978126
1005004894231412
1005006546360843
1005005995259045
1005002302658983
1005006015246245
1005003645278020
1005007482416357
1005007492026593
1005007485592681
1005003978930269
1005007373543777
1005002646059105
32827067678
1005007468090349
1005007341956999
32951530742
1005005983332783
1005007274346652
1005004938112827
1005006533592733
1005005615179243
1005006730193046
1005003990042384
1005005075896475
1005003425567778
1005003258525875
1005007082170268
1005004008826142
1005006820296962
1005007298794719
1005007022024180
32791533374
1005006120174883
1005002043515910
1005007450243383
1005003978973451
1005007445769950
1005004678538314
1005007445051245
1005003116535787
32990114395
1005007452350428
32801231055
1005006955899200
1005003241128159
1005007116291432
1005007337010151
1005007463827954
1005007331488172
1005007016769792
1005006988687543
1005007342188958
1005005766854003
1005006757081018
1005003701679946
1005007473171874
1005004425798345
1005004425815178
1005007473228687
1005005881883078
1005005687085897
1005007484219303
1005007462651449
1005004780481124
1005007207898906
1005006895730067
1005005892612802
1005005638766469
1005002846005822
33052337815
1005006560105214
1005006476566821
1005006691753235
1005007487685885
1005006107942274
1005002234226161
4000405722640
1005007134870957
1005007277907055
1005003528584321
1005007208150042
1005006124398210
1005007293933372
1005007101394817
1005006943925011
1005002476001312
1005007480897324
1005006482691197
1005006798417457
1005006996111844
1005006903371660
1005006722418204
1005002967466262
1005006066455538
1005006446287112
1005002290030899
1005005548820490
1005006614477776
1005004739072013
1005006605441364
1005007124991699
1005004739111126
1005007326879330
1005001915207049
1005007250481854
1005001908784726
1005007488645990
1005007489454860
1005007464187745
1005007227606042
1005007361242393
1005006640873965
1005001709675913
1005007468209927
1005005954558174
32834496685
1005006160758479
1005006044094954
1005004610531243
1005002465722121
1005005714370019
1005007162626839
1005006741692388
1005005794567024
1005006476721150
1005006476946087
1005007346668962
1005007111263696
1005006061282016
1005006100042832
1005003111265501
1005004770525439
1005002915251994
1005004422089898
1005003433948531
4000977502325
1005005980750773
1005004613966155
1005006142485540
1005005477508321
1005005980732851
1005005480213481
1005006019323756
1005005477486475
1005007082303366
1005007484185011
1005006017189618
1005006172975597
1005003119395980
1005002817670877
1005005476889610
1005004922176823
32928423378
1005002405360975
1005002365561240
1005006019343866
4000953711244
1005005086754129
4000763416303
1005006019232493
4000812048676
1005006902961776
1005002399917392
4000395944836
1005005214107737
4000497224123
1005004590509266
4001054436489
1005004678440981
1005004130521714
1005003751848061
1005001562075796
1005001356007852
1005004913402409
1005004829429312
1005003462944085
4001361275878
1005003366993934
1005004704006128
1005001821684688
1005003392619465
1005002932147227
1005003785233472
1005004974223716
1005003406192258
4001114195844
1005007471680454
1005007451460120
1005007463554848
1005005815675917
4000551881457
1005007183558153
1005006617402822
1005006098383228
1005004735574469
1005007437641519
1005007284453765
1005006640119151
1005006325931667
32950052584
1005006357138671
33016551988
1005007412869681
1005006889455398
1005006545562631
1005007410381294
1005003692797093
1005006111182951
1005005816035058
33014909277
1005007183756004
1005006727590981
1005006948379223
1005006897871230
1005006910267224
1005006366790360
1005005712691184
1005004212615756
1005002352268835
1005006359324311
32861363810
1005006947773405
1005003988527127
1005003989943166
1005005758479205
1005005804946856
1005003988808441
4000456896541
1005007465516271
1005007487876382
1005007483870811
1005007488897434
1005007472014264
1005007473267084
1005007470646378
1005005665678782
1005007472347715
1005005819837615
1005007472811881
1005007471767282
1005007472124076
1005007461025908
1005007471573805
1005007471753264
1005006907333710
1005005794275195
1005007464177671
1005007471392121
1005007025298786
1005007453397272
1005006996806048
1005007405883826
1005007397177631
1005007351187815
1005007354670850
1005007354183100
1005007332596056
1005007333689199
1005007333020787
1005006481290723
1005007017267745
1005006517247295
1005007275338276
1005007191589392
1005006893028852
1005006908958011
1005004924713764
1005006889619769
1005007022582734
1005007228392984
1005007228270753
1005007112434061
1005007275050931
1005006991392464
1005007276046855
1005007281135225
1005006358035460
1005007178768093
1005004448696530
1005004448674459
1005004225799299
1005004185862758
1005006666426918
1005004090560848
1005006902799127
1005005892444977
32952334452
1005005848772772
1005006638059255
1005006305528231
1005007384084056
1005006904644297
1005007301106270
1005007338736725
1005007060621650
1005006406885933
1005006043145009
1005006961361476
1005006012862069
1005006068799891
1005007047628060
1005005986792555
1005007015981814
1005007168346580
1005006960855839
1005007039801228
1005006471996144
1005006409082302
1005007001845153
1005007029714247
1005006949184245
1005006883825267
1005007370504303
1005006433978704
1005006117262094
1005006913113812
1005007376331505
1005007389850233
1005004462331988
1005006447444429
1005006407041167
1005007389935484
1005007184065907
1005007027208362
1005004492995973
1005006447420611
1005006684480062
1005006543491271
1005007274905511
1005007215711304
1005007393210980
1005007187088499
1005006782698620
1005007296039123
1005007429044110
1005007416573058
1005007224590896
1005006962459715
1005006975177877
1005006807630181
1005007395822896
1005007396026073
1005007396061141
1005007395135197
1005007395793175
1005007364685343
1005007316413984
1005007316718136
1005007325796446
1005007325627431
1005006522350474
1005007307722257
1005007014682923
1005006832668345
1005006806522282
1005007014026830
1005006848803266
1005006815973728
1005007166984241
1005006991546357
1005007303333613
1005007396572798
1005007308938217
1005007301729635
1005007290520633
1005007290778662
1005007293580113
1005007303667449
1005007206621873
1005007045428741
1005005858354702
1005005858344582
1005005858324585
1005005858252891
1005004828105575
1005005226493280
1005004716602682
1005004628796140
32945313888
1005003104583890
1005003413898543
1005005224464438
1005005338578784
1005004432513244
1005005196685118
1005004532364096
1005004513594480
1005003534149066
33007379599
1005004787624100
1005001867553649
1005003290676923
1005003295797312
1005006313956772
1005005372734095