1005004558325634
1005007117564096
1005005696413696
1005006668891050
1005006516184549
1005006827417295
1005006897596800
1005007051867924
1005006862480661
1005005429613226
1005007240407405
1005002419649842
1005002931387498
1005007334594856
1005003736485492
1005004966633614
1005003176402279
1005001578873508
1005003992899061
1005004270638994
1005005298466524
1005004984614363
1005003611822091
4001058064441
32974577444
1005007218251554
1005001274131804
1005003548497220
1005007262278773
1005005536584957
1005004194594041
1005004790761128
1005005682854356
1005005575302239
1005004942812818
1005005099957800
1005003614246178
1005005263943182
1005005009996531
1005007316631850
1005007301164328
1005003965831983
1005005319869807
1005006532877255
1005005344278281
1005004223366279
1005004041743225
1005003108836925
1005006744996540
1005004907503235
1005005437966716
1005006595009606
1005005570259550
1005006882036190
1005007287471487
1005006845084714
1005007030249583
1005006900742345
1005006870740890
1005007283893971
1005007190981523
1005005969872822
1005007354273399
1005007006801103
1005007347474203
1005007106628144
1005007169151688
1005007432071755
1005006649819154
1005007383080953
1005007267610654
1005005498030873
1005007232448499
1005006728108894
1005007056459417
1005006767010817
1005006350190324
1005006625256859
1005005826678275
1005007008363238
1005007137482876
1005007065513941
1005006157363240
1005006918472072
1005006431591890
1005006460104001
1005007100194399
1005007060628832
1005006983208873
1005006989786471
1005005459303598
1005006742745916
1005007416317885
1005007416321772
1005007368881049
1005005642334295
1005005469058834
1005005936830513
1005004821483747
32974990538
1005005890127878
1005004363807809
1005006815473190
1005006423931284
1005007431759367
1005006294687768
1005006198330488
1005004644667993
1005004821494991
1005006202453132
1005004352072887
1005006776540192
1005006196824926
1005004363828154
1005002383375257
1005007400435290
1005005450379661
1005007378234083
1005005843471720
1005004654132623
1005007173191897
1005007173841178
1005007166805252
1005007174797121
1005006059741061
1005006872845456
1005007277420829
1005007277885581
1005001325101108
1005003341827164
1005003096315671
32713858759
32812888288
32789461093
32794222522
1005001380797578
33032234810
1005005453104243
1005005444103515
1005006721432656
1005006060902992
1005007103740494
1005006352406045
1005007183382744
1005007400199964
1005006354801029
1005006065538851
1005005209576024
1005003801201943
1005004027649199
1005007122573691
1005005598853361
1005006439623038
1005006775706152
1005006857865724
1005006252002927
1005005654289245
4000580664028
4001279239933
1005004533574487
1005003897856028
1005003212021411
1005003003673610
1005005191093306
1005006408641597
1005007122147083
1005006023066071
1005004992032049
1005006258267177
1005005995227832
1005007479703294
1005007474748420
4000079807812
4000112550303
1005002599422332
1005005134194946
32891792768
1005006729037390
1005007346398496
1005006695418207
1005002986172461
1005006106263959
1005002737915671
1005005096428938
10000328759894
1005006287718390
1005004055578529
1005002966674007
1005007436921217
1005006918744868
1005007395619789
1005007445207236
1005005525961375
1005004861111924
1005004171412247
1005007479768162
1005007479438914
1005007479543746
1005005457189310
32836454775
1005006839052743
4000829169869
1005005089395267
1005006584708167
1005004082307529
1005003878763428
1005003813773132
32834105622
1005002934811083
1005005457056951
1005005797764964
33058979442
1005006340108735
1005004583389709
32944872343
1005006997220640
1005007143654587
1005005992725849
1005004052796349
1005007271706818
1005007017812588
1005006170154394
1005006792574283
1005006755445709
1005006664262248
32593163784
1005006192130392
1005003095778010
4000829502079
1005005525950388
1005003434041336
4000829196792
32715343717
1005003226384458
4000829421748
1005004705965883
1005006224036454
1005007479690360
1005007479732200
1005007479787114
1005007479694344
1005004155186761
1005006220899185
1005005600071102
1005007004459462
1005006950037491
1005006771993743
1005006771925730
1005006772195337
1005006660245744
1005006712215001
1005006728516271
1005001632138859
4000829493424
1005004078360778
1005006505291212
4000598165549
32994562685
1005006797553033
1005007160678599
1005006863412168
1005006883082596
1005006660356128
1005006653667191
1005007224274373
1005006778703230
1005007452128585
1005007197927076
1005007052295874
1005004106746041
4001320612701
32884944798
1005002523428581
1005006774139040
1005006646009217
1005003062617177
1005003799725556
1005006867550926
1005007329240144
1005007446486888
1005006328284690
1005006531084211
1005004629042593
1005007171136528
1005003659354204
1005007425381402
1005005270205658
1005007124900772
1005005577482113
1005006581031013
1005004901236121
1005007450127360
1005003659355162
1005006803128933
1005005271877448
1005005719600069
1005005420912428
1005005271867445
1005007219484451
1005007139054332
1005007098713648
1005005791647935
1005006331299024
1005006684985947
1005007386077850
1005007257179040
1005007040077991
1005006955991040
1005006935678313
1005006034736530
1005007393048845
1005007048667832
32899300772
1005006902474652
1005005205614187
1005001357659225
1005005271802679
1005006503869241
1005007014476758
1005006647291396
1005007260718169
1005006420277012
1005006738446708
1005007316968673
4000132376581
1005007392945832
1005007403973725
1005005633147021
1005007289021293
1005007219351679
1005005744161881
1005007060407084
1005005270927142
1005006174704508
1005003457309336
1005006536062533
1005006802408043
1005007060745345
1005006709408460
1005007004664600
1005007307417265
1005007429092691
1005007371883909
1005007322031309
1005007233719069
1005005573117671
1005007458134246
1005006717274043
1005006917833302
1005007233222994
1005006684291724
1005007218896981
1005006919378045
1005007294728958
1005007314028733
1005006622788333
1005006011511850
1005007098009894
1005007233446621
1005005957473565
1005007309601903
1005007233627425
1005006995661956
1005006786353865
1005005957535193
1005007233624401
1005005957533523
1005007316309439
1005007061319900
1005005950478050
1005006118364253
1005007184558072
32782888448
1005007243120758
1005007040250273
1005006065473093
1005005747386384
1005005957532254
1005004705016481
1005006622271388
1005007068266469
32838305263
1005007067215947
1005007066998814
4000792893767
1005007316092865
1005007316386040
1005006919315224
1005006925686123
1005007217956372
1005002313162238
1005006985527082
1005007316170702
1005006642403762
4001303327099
1005007184079793
1005005596870335
1005005762240751
1005006825945481
1005003712128694
1005005617004067
1005005538873645
1005006995199680
1005006855806433
1005007306210016
1005007232048904
1005007232103809
1005007204937761
1005007204916885
1005007204795955
1005006919223776
1005006102001947
1005006102222155
1005007067232886
1005005957484267
1005006065278817
1005004835018191
1005006266992218
1005007257241794
1005006655896103
1005007316175533
1005007316199494
1005006995645264
1005006632125690
1005006118272783
1005007487066504
1005007487256269
1005007486855945
1005007487110530
1005007481649950
1005007482009147
1005007481972412
1005007481855703
1005007468459583
1005006996827930
1005007184153295
1005006786782641
1005007058018766
1005007061485704
1005005937639037
1005007001639088
1005006829117004
1005007487041347
1005007487116269
1005006083871524
1005005901405430
1005007346553542
1005007225797656
1005006997908794
1005007401967925
1005007195465907
1005007415491246
1005005789314028
1005007195081605
1005007362693459
1005007389786643
1005007143228155
1005005396962802
32894205640
1005003761086035
32226601288
32734299656
4000377291291
4000295461934
1831861079
1005003301552183
4000427231580
1005005191064322
1005002616080748
1005005015770491
1005002393688591
1005005015769378
1005004996042608
1005005986543379
1005006026737884
1005007049396085
1005004502313491
1005005208763493
1005005991786032
1005003515717067
1005002650728571
1005002570164294
1005005671728440
1005005401303799
1005004459712990
1005006297735514
1005001835042762
1005002615734104
1005002661674097
1005003196253594
1005004270088475
1005005008674602
1005003679890899
1005002827165171
1005005975765116
1005002637021365
1005003090973520
1005005991734549
1005004480831492
1005002393600293