1005007371264812
1005007029576510
1005006614895073
1005007036017714
1005007427247227
1005007438712960
1005007411701531
1005007303209463
1005007456282075
1005007467075097
1005006106323734
1005007331220322
1005007402861382
1005007443949583
1005007194581917
1005007349762631
1005007443830510
1005006912724699
1005006379375059
1005006017018814
1005007443988533
1005006394019765
1005006778066571
1005003381321795
1005007287179742
1005003815789778
1005005993336065
1005005937467353
1005006215524071
1005007416535866
1005007416671044
1005004836841343
1005007319498308
1005006564360826
1005002287678138
1005006354275843
1005006895497733
1005007217938002
1005007025741323
1005006133646471
1005007217708408
1005007218378048
1005007026529352
1005005034922522
1005006133647494
1005004898399207
1005006133678289
1005004898278721
1005006229706265
1005004906372030
1005004898218944
1005007025947023
1005006229603843
1005006578443135
1005006578321261
1005007217376227
1005007217764324
1005007214564087
1005004898360363
1005007025679298
1005007025708255
1005007078823867
1005004906206403
1005004701458948
1005006935180760
1005003699112951
1005006789140512
1005007463654405
1005006428413098
1005007198638820
1005006435176304
1005007265338785
1005007353605291
1005007336257889
1005007006614614
1005006370770936
1005007256391045
1005006560112327
1005006999955885
1005007000231296
1005006564957594
1005006808693552
1005003994119499
4000280134974
1005002517828301
1005003773553113
1005005049751480
1005006513910373
1005006880053392
1005003993753945
1005003994138761
1005007135000426
1005006691535256
1005005827911043
1005007168346664
1005005042780740
1005006143140604
32848964745
1005007263219717
1005004664356052
1005002354546013
1005007405995444
1005007003950378
1005006059495869
1005005979045824
1005007479064156
1005006114211208
4000233169216
1005004100153187
1005003275522785
32633574308
1005001623042104
1005005219262184
1005007205115943
1005004182526573
1005002570711501
1005005023842164
33031260263
1005005036986506
32881148019
32251695539
1005004139794113
1005001961348613
32908777430
1005001960645656
10000039860640
1005004759268470
1005004758577165
1005006413499459
1005007439956272
1005007101945953
1005004435941771
1005002926651418
1005006326258654
1005005936261363
1005007118992753
1005006096236975
32864969371
1005004747314350
1005006881514086
32990804033
32876910166
1005001547396163
33058344261
4000025553690
1005006588511502
1005006978267831
1005007276703668
1005006532823288
1005007098693002
1005007169221771
1005007118438556
1005005245460165
1005005105371070
1005004984725034
1005005875758839
1005006904936856
1005007048085499
1005006993759933
1005004797682327
1005007442436900
1005005079358332
1005003598798031
1005006499740219
1005004975572542
1005004426529992
1005004981249314
1005002021424717
1005006515108097
1005005011342976
32764300245
1005006499711417
1005006499663438
1005004550386906
1005004019975489
1005005427446488
1005007265855787
1005006443807023
1005006493168096
1005007098969390
1005005882432965
1005006071826773
1005006071935174
1005006514901464
4000400628167
1005006793875894
1005004233375446
1005005102365396
1005001564689909
32763320345
1005002008744492
32783660009
1005002353492147
1005002754913698
1005001743198697
1005002905744412
32837304375
4000050958419
1005003814408806
1005004222866055
1005002253812738
1005005069093089
32832313319
1005005932622756
1005007273109572
1005007120066894
1005004689479852
1005006293350389
4001249337035
1005006285206822
4000385271944
4000108104475
1005005688554747
1338543336
1005006481620308
1005006977399030
32788761512
32970416315
1005007354971304
1005006421707151
1005005475520657
1242870755
1005002023049401
1005004009718985
1005006416753035
1005004128847387
1005005557133773
1005007467104178
32982436327
1005007149069762
1005007450556323
1005007447063508
1005007418523082
1005007454628444
1005007459882580
1005007492596713
1005007488297343
1005007491484074
1005007488356014
1005007491206611
1005007489609372
1005007471631247
1005007488212874
1005007488738172
1005007488258317
1005007471504448
1005007483111777
1005007480899259
1005007471699338
1005006721277134
1005005430320313
1005005532778594
1005007470144134
1005003583677494
1005005644048931
1005005531742098
1005005715677581
1005006329484695
1005006573541495
1005006058336330
1005006789926075
1005005427211829
1005006070814981
1005007025738337
1005003193972751
1005005908073765
1005002679603855
1005004246905577
1005005872310320
1005007290062139
1005001871840504
1005006751897980
1005007257322577
1005006195930485
1005006620439165
1005003186811710
2042225841
1005003615509955
1005006077227744
1005006572428833
1005006712041501
1805136003
1005002527298909
1005004265281311
1005006827581515
1005005100084333
1005006766886606
1005007453492572
1005007460157955
1005006727815234
1005006505234089
1005007454003525
1005006949491144
1005007477862207
1005007471362275
1005007467128247
1005007471090858
1005007476384143
1005007475460777
1005007476202560
1005006077250575
1005007429620191
1005003722178925
1005006721051902
1005001417321853
1005007465187930
1005007459289461
1005007336562586
1005007465184133
1005007434140614
1005006710021871
1005006919195847
1005006722019128
1005006135698997
1005006719422617
1005007337033959
1005006428199332
1005007419736937
1005005802823562
1005006793567002
32847495301
4000668025818
1005006721710365
1005007455710810
1005007407089850
1005006237549203
1005006662295193
1005006203262525
1005006308951501
1005007349329120
1005006716721192
1005006970741041
1005006835278303
1005005239096270
1005006315925672
32700323788
32698477792
423028255
1005006116966643
1005005970603959
1005006650871837
1005007125491244
1005005314925078
1005005923268725
1005006725424635
1005004706546498
1005006691911783
1005007028573956
1005006266619850
1005007069812957
1005006093828422
1005007336262640
1005006545665835
1005006028757286
1005006061044607
1005007011361915
1005007458326440
1005007413380436
1005007005264769
1005005975039913
1005007037016565
1005007450875721
1005003297808051
1005006936041655
1005006649823000
1005007311417509
1005006709843815
1005006158208012
1005005781253128
1005006793300703
1005003737451628
1005007243696293
4001226650165
1005006752378077
1005005276917725
1005006594358921
1005006735222638
1005006429130566
4000414891714
1005007018742955
33031579666
1005005990371713
1005006935315699
1005006266864145
1005005763871190
1005006882489481
1005007471821445
1005006763596172
1005007360852483
1005006305204564
1005005276260479
1005006412400382
1005007147398423
1005005939640772
1005006685352759
1005005257181206
4000044518380
1005006510551541
1005007008498731
1005004862750650
1005005860229444
1005006499197133
1005005510404988
1005005840414957
4000808769984
1005007245384454
1005006340059314
1005005454531725
1005007246090213
1005006309398304
1005006819466828
1005004463130217
1005005976443097
1005005279249975
1005006442835039
1005006346888614
1005005279765801
1005006253126142
1005007070784036
1005007358765010
1005005722002223
1005006757909128
1005006550534909
1005006550455970
1005003434007602
1005007180724303
1005006148658953
1005007195929024
1005006148945590
1005006148833769
1005006123777040
1005006180558014
1005005988960056
1005006738633497
1005007099217144
1005007476341914
1005007034132014
1005006953047820
1005006862829096
1005006930878026
1005002388854207
1005005157742061
1005006278156098
1005006050290405
4001233640991
1005006685102251
1005005850095262
1005007352837112
1005007258086290
1005007257917225
1005005949353569
1005002598553128
1005004109476186
1005002524782692
1005003064538730
1005007471095730
1005002589892956
4000264682179
1005005283021899
1005006975716332
1005006394977208
1005006279111261
32964942371
1005005513391888
1005005338931883
1005007471215760
1005006434864476
1005007235847621
1005007433582157
1005007260507529
1005005291831341
32861369090
1005006525537239
1005006828284373
4001244037871
1005007290579622
1005006866344346
1005007381837147
1005002797334391
1005003986642798
1005007292999595
1005006220175560
1005006828224785
1005007284481694
1005003721904084
1005005084522086
1005006440564507
4000812403140
1005005988069661
1005006331611874
1005007167481302
1005003138524753
1005007031263237
32861768239
1005005896308190
1005006335156678
1005004972563117
1005003491086153
1005005645143551
32334156494