1005006766865582
1005006039404094
1005007438766422
1005004792239608
1005005406704416
1005005297660115
1005006120194575
1005005898057217
1005006723801648
32961990251
1005007299077165
1005006051916207
1005004831161399
32824974067
4000866925605
1005005704897255
1005007461605811
1005005637508104
1005007438301787
1005007146556106
1005006973712799
1005005392716239
1005006629673655
1005005517851218
1005006224532902
1005001726767622
1005006820786365
1005006307177252
1005003855880252
1005003241349677
1005007273416931
1005007273346907
1005005570052941
1005002301877633
1005006257708198
4000091137519
33058641141
1005007478616871
1005006072412209
1005006015671270
1005007261222056
1005006844396672
1005007271183637
1005006994883583
1005006273839708
1005006189769920
1005007337831970
1005006074623411
1005005480051869
1005005710544820
1005006109682657
1005006372043975
1005007279946030
1005006278232713
1005005511676443
1005006995598185
1005006186822993
1005006809247181
1005005716595319
1005007305979948
1005006783375075
1005006770201179
1005006301116085
1005006115819393
1005007323618819
1005007335811389
1005007272900540
1005006787055219
1005007122044339
1005007125025772
1005006385921839
1005006788847030
1005006128973044
1005006186847762
1005006123222785
1005006208570584
1005006271603299
1005006973754937
1005006357786779
1005006783374209
1005006116335246
1005006284068535
1005006815137300
1005006808890880
1005006208492361
1005006208433030
1005006434744488
1005006112488967
1005006283929901
1005007125615038
1005006672385331
1005006371693830
1005006972815617
1005007321911072
1005007345078427
1005006531788249
1005006434562003
1005006388031362
1005007048217244
1005007122344307
1005006190140175
1005006186802575
1005006113544469
1005006678647797
1005006788762480
1005007279692711
1005006186399873
1005006821691011
1005006803387346
1005006258879319
1005005477797776
1005005351193232
1005007160531854
4001347676753
1005003527421008
1005003149140171
32973397113
1005001611871648
1005007476613406
1005005629218111
1005006651309294
1005003606443138
1005006610578194
1005006363354232
1005005214002312
1005007085287505
1005005967031404
1005006796848576
1005006852989300
1005005867376563
1005005087224166
1005004888288959
1005004300402564
1005004449437343
1005003710294306
1005007130264684
1005005774848673
1005002435598993
1005003269377847
1005002721351849
1005003446117550
1005006406225047
1005003503682494
1005007262036169
32621084397
1005007168773105
1005007311373772
1005003482536172
1005006401230477
1005007442070408
4000506990310
1005007417894256
1005007423757515
1005007359463339
1005007442607796
1005007485791691
1005007486862770
1005007485972254
1005007487556193
1005007473774368
1005007456350490
1005007175144986
1005007244329492
1005007227866871
1005006890037472
1005006495074820
1005006444428579
1005006403408154
4000804418778
1005007217070931
1005007458082920
1005007467912809
1005007448903126
1005007430467857
1005007448779328
1005004422196923
1005006841248967
1005006218439701
1005006823059215
1005006387208624
1005007448441418
1005005952300853
1005007468689695
1005001897102016
1005003377659742
1005007448488315
1005001909944306
1005006194525478
1005006152388954
1005006692289091
1005006673366987
1005006439511823
1005003495305030
1005006691836916
1005003358126909
1005006679489297
1005006494466936
1005004665802293
1005005704170963
1005005687856338
1005007328021578
1005007436269436
1005007341644673
1005007460612470
1005007461894365
1005007460901488
1005007460747887
1005007461587345
1005007460448675
1005007444906730
1005007449271358
1005007446010481
1005007428737747
1005006991062129
1005001594097467
1005005794019020
1005007145794340
1005007145592695
1005007025472811
1005007025222973
1005006150796450
1005006150706333
1005003377639801
1005003410744165
1005003413503134
1005007176741202
1005006134570254
1005006434334461
1005005034378308
1005005373229087
1005003397830613
1005006437128037
1005007046583402
1005006177332910
1005004699518218
1005006172438649
1005003403160427
1005006148982130
1005006148930343
1005006506092246
1005004867033129
1005006146895498
1005006146894522
1005006146862669
1005006146858639
1005002604927199
1005005827552239
1005005827439839
1005006387435004
1005005075250272
1005005502401082
1005006241005784
1005005182249944
4000789364843
4000789384870
1005005854334762
32973493269
1005003275512417
1005003303282595
1005003275168826
1005004211042309
1005004799845908
1005003522015741
1005002105831640
1005006144672917
1005004029495292
1005005232167040
1005005787222505
1005007166673032
1005006975488168
1005006322360923
1005006228884803
1005006326591199
1005006221140459
1005007477293990
1005007380565509
1005006427458592
1005007202748255
1005006591518835
1005006857712444
1005007421371474
1005006718576591
1005007108756047
1005007024469959
1005005881077652
1005006767917959
1005006857728336
1005006432055790
33046826048
1005004697415969
1005006452020807
1005006594238400
1005007418403831
1005006514951476
1005007341918128
1005007457420000
1005007269889973
1005007374756324
1005005830493930
1005006958375309
1005006923745723
1005007321790646
1005007253462826
1005006471199593
4000914884336
1005007454974690
33034717035
1005006282601783
1005006079349130
1005006608642005
1005007436443478
1005005978861549
1005005665796729
1005005831097082
1005005147458722
1005004535437266
1005007491350250
1005007485271545
1005007485016808
1005007322272736
1005007322294603
32830006597
1005006836584244
1005001299131215
1005004065877404
32974994263
1005006997041959
1005006285525647
1005007201819222
1005005830976627
1005006329311063
1005005192242880
1005005854512150
1005004719255041
1005004221708136
1005007048237641
1005006953930991
1005005911548981
1005005399986740
1005005971077949
1005005597363394
1005007053109750
1005005617991991
1005004934811891
1005007127951861
1005005783405496
1005005855307995
1005005373518270
1005007162426730
1005007224266480
1005005059791642
1005005626722540
1005006917856813
1005001658129369
1005006136640253
1005005190942840
1005006386484279
1005003984111246
1005006987386354
1005006828695999
1005006936496537
1005007087362819
1005003469808058
1005006099592549
1005007043694181
1005005284800977
1005006421405378
1005004127353007
1005007223402835
1005006856014529
1005007128042634
1005006721895665
1005007282787644
1005005754462378
1005005394809689
1005006348463258
1005006278582933
1005006048009671
1005007265324452
1005006833157044
1005005900910179
1005007084273201
1005005251670225
1005004974625766
4000778088877
1005006815490269
1005006351308899
1005006018691447
1005007145700373
1005006747047452
1005006655537758
1005003788454023
1005006267469947
1005006268233250
1005007176521745
1005007453670010
1005007463695055
1005007453687045
1005007458938715
1005007463968559
1005007465385391
1005007486022425
1005007424674881
1005007486526837
1005007440308498
1005007359799879
1005007460794378
1005007401442556
1005007482809356
1005007474164404
1005007457216179
1005007440029065
1005007458980630
1005007432117737
1005007467249240
1005007486933502
1005007473041481
1005004610312621
1005004735250846
1005005113897757
1005004994369943
1005005455119165
1005005576890379
1005007426550578
1005004616967311
1005005234522042
1005005044292065
1005003210758049
1005004447701623
1005002749422812
1005001645989668
32923154762
1005004891724114
1005007383126165
1005003736639840
32819082841
1005006884290556
4000091104009
1005007418369984
1005003611609108
1005004620421030
1005004632309894
1005004843923874
1005005259735751
1005005254530883
1005003123587014
1005004175731375
1005004370811388
1005005041727804
1005004796575073
1005001726209423
1005005486838728
1005003552437738
1005004110679493
1005004420282370
1005004478625765
1005006845534795
32968000208
1005006844557315
32959832748
32860835443
1005005323791455
1005006371145342
1005005563077033
1005004670406900
1005006696472819
1005007293151146
1005006157571615
1005007132655428
1005006156812712
1005006868444374
1005006431483190
1005006648786089
1005006867743012
1005006932332842
1005006932143662
1005007088397334
1005006654406035
1005006659692246
1005006371061921
1005006387921026
1005003511403091
1005007131472594
1005006318827889
1005006931810706
1005005785429725
1005007266094742
1005006932056466
1005006408639342
1005007456134996
1005007455425855
1005007467671383
1005007457368375
1005007475605447
1005007455306869
1005007440291386
1005007315141260
1005007449722111
1005007378975148
1005007376388547