1005007493724966
1005007487157471
1005007380487773
1005007246953169
1005007102861576
1005007581125723
1005006771970827
1005006782467500
1005006969368755
1005007420514968
1005007518463564
1005007017090726
1005007272828826
1005007310706061
1005006998490143
1005007598439190
1005007501195285
1005007592798693
1005006901733264
1005007612464005
4001162872861
1005007564650149
1005007502471911
1005007505410610
1005006243311827
1005007419368054
1005007254064775
1005007054220416
1005003791827432
1005002360054289
1005006838578267
1005007635345958
1005006779685227
1005007325840112
1005002878766730
1005004921646614
1005006486196684
1005003778912824
1005007296520188
1005006708330401
1005006944260180
1005007446937423
1005006196151353
1005007654343355
1005007348906956
1005007476858516
1005005787817696
1005006755152141
1005006964711421
1005007213259303
1005006792381764
1005007248531011
1005005834409540
1005006123985847
1005007140953652
1005006128740442
1005006484867147
1005006760192519
1005007024730858
1005005758871531
1005006600811546
1005007570581037
1005007568227742
1005006775462062
1005007570537124
1005007356226168
1005006733481302
1005007024741800
1005006130233232
1005006397365164
1005006921531449
1005007349439661
1005006600649621
1005007045962372
1005007356996569
1005007356953153
1005007296521056
1005007571376460
1005007311369395
1005007356870952
1005004967668194
1005006776682016
1005005757564072
1005007045957532
1005006406721494
1005007555677097
1005007390227239
1005007305525405
1005007046205219
1005005758725033
1005006804251210
1005007044227073
1005007602045399
1005007350600960
1005007066631215
1005006946630302
1005006759401549
1005007015660637
1005006485117391
1005006408487374
1005006254992229
1005006709860538
1005006709415741
1005007418621028
1005007303873360
1005006774865062
1005007269656218
1005007061591819
1005007525401143
1005007571257808
1005005014626821
1005007571336682
1005007555675177
4001190712005
1005005693137649
1005002852699505
4001011520032
1005005691190201
4001190612808
1005007192988832
1005005649837068
1005006275529798
1005006120181817
1005006120295050
1005006120212211
1005006120236229
32920579374
1005006028551799
1005006421063318
1005007555255254
32857189081
32853547127
1005002001770167
1005007443578244
1005001976769201
32956384878
1005006086580089
32563544957
1005003416296091
1005004786279326
1005006925440157
1005007501989040
1005007286996684
1005007385269881
32858378709
32857205485
32691490465
1005004471570512
1005006804336328
32955357618
1005005724213169
1005005429859031
1005007022376617
1005004988116908
1005005853794239
1005005580119517
1005007588834153
1005006847210707
1005007532991024
1005006436371912
1005005714540089
1005005466364633
1005004437843244
1005006523398046
1005005480104421
1005007519506251
1005007330277562
1005005965474379
1005007103564272
1005007157709530
1005005919873216
1005005248107361
1005007157784460
1005007570164342
1005004641320428
1005004236197041
1005007543902656
1005004988004370
1005006865889175
1005007576917429
1005006035331595
1005004641342241
1005005676180807
1005006072336040
1005001397598796
1005006519721424
1005005924931209
1005005219475820
1005007266391462
1005006191271343
1005005382257969
1005006572319091
1005007484967987
1005007204449895
1005007568983651
4000319069907
1005005766950901
1005006654959136
1005007374941522
1005007204252302
1005004643911035
1005006673804536
1005006954120147
1005006426390166
1005005882160370
1005006135018300
1005006859235797
1005006968988010
1005006410419031
1005006895018687
1005007036328762
1005005825273437
1005006926067685
1005007544509270
1005007535282113
1005007508629114
1005006760415408
1005006990103282
1005003433585490
1005007260668921
1005006331453926
1005007060341133
1005007095662249
1005006899901568
1005006926195164
1005007504991589
1005007252523671
1005006061310737
1005006270044436
1005006690658981
1005007243326199
1005007505330624
1005007291238316
1005007491176966
32837039665
1005006584558171
1005005994356361
1005005790632260
1005005768208397
1005007544549024
1005007213830183
1005003069068763
1005006054597749
1005006389492031
1005004650853479
1005007412166684
1005006216588386
1005006283785711
1005001516653655
1005007173282870
1005005990453618
1005006305427416
1005006123087270
1005006430512575
1005007338772735
1005006306050638
1005006868332461
1005005888490940
1005006714684953
1005006348478081
1005007418603902
1005006416528776
1005005902080596
1005006202095137
1005003858945618
1005007205578637
1005004848555701
1005007099533171
4000151092212
1005004044994665
1005006657816395
1005007308862737
1005005301758073
1005006340179144
1005003927152691
1005006546357875
1005007512961658
1005005772356981
1005005150250260
1005005829065624
1005005131911013
1005001511541839
1005006055770081
32877098176
1005005589723173
1005006692775951
1005006834136392
1005007087676123
1005006216355061
1005006416874093
1005002327585828
1005006364471657
1005007268575194
1005006196688117
1005006361418342
1005007438056564
1005007398919326
1005005992969015
1005007496335221
1005005434259524
1005001814204651
1005005943409537
32867772546
1005007507813575
1005003563433937
1005007223376480
1005005753980447
1005005305782334
1005004497030533
1005006770634886
3256806134803864
3256806520253280
3256806989195543
3256806348277667
3256804723223085
3256806681220834
3256807255373727
3256807316987074
3256807357964238
3256804487982633
3256807002317145
3256807192332514
3256807386943788
3256807446282344
3256805597370516
3256804651763087
3256807312667950
3256807282011348
3256806245015570
3256805653566051
3256806159791704
3256805874472171
3256804225110646
3256806159846499
3256807406176756
3256806684058931
3256805886967325
3256807456451153
3256807296247284
3256806197652463
3256806712004225
3256805399616068
3256806500790378
3256807201494542
3256807407403624
3256807246681049
3256807338133087
3256803225922101
3256806117359791
3256807240938968
3256806673576447
3256806012922716
3256806621473249
3256805702941614
3256806219366557
3256805996116865
3256806009672609
3256805958846512
3256806274796293
3256805958456042
3256806672535271
3256805754885731
3256807186189487
3256807232752686
3256806381500898
3256807092984306
3256805867884948
3256807378574461
3256805946656111
3256806576596846
3256807286908794
3256806895765855
3256806921474073
3256807299550309
3256807451320177
3256806965350154
3256805799391577
3256806534471367
3256807126725167
3256806054133203
3256805840703624
3256805669603056
3256806777952728
3256807217308912
3256806914066233
3256805374808307
3256806904459079
3256806112291110
3256805758071829
3256807150890521
3256805892537649
3256806915982522
3256807305578173
3256807321929141
3256806591959239
3256807059457743
3256806422515612
3256807469767975
3256806963986011
3256804657969963
3256807129512284
3256807285163523
3256806495976596
3256807440295510
3256807233408533
3256805417846710
3256806617649720
3256806455246963
3256806581281792
3256807200417447
3256805963465787
3256805299597390
3256806756677230
3256807476633798
3256807351693727
3256806557671027
3256806697873412
3256807207040003
3256807174072021
3256807251740011
3256807433368789
3256807412639537
3256806102455463
3256807136182118
3256807191994756
3256806633882155
3256807265325238
3256807108716733
3256805893275149
3256806989041382
3256807030371624
3256805591837783
2255800624950126
3256805006877506
3256804897099887
3256804579616875
3256801456381987
3256805769416042
2255800723268916
3256804492608350
2251832599876178
3256806698028636
3256806487051240
3256805608612192
3256801118828908
3256804354002057
3256804631807255
2255800723290638
3256803689362784
3256806538657593
3256802835023476
3256804310271591
3256805753761849
3256806864928166
3256806398588227
3256806840177845
3256807337996849
3256806803003440
3256807455143739
3256804465512943
2255800147559464
2251832833369281
3256802398400818
3256807328446008
2251832647772372
2255800871926480
3256807415161395
3256806636299230
3256807100477792
3256806831148278
3256806414168936
2251832645813773
2251832688006057
3256805314513791
3256806126676857
3256804692877196
3256804018492185
3256805629584317
3256804660383311
2251832148774256
3256807308490738
3256807402765873
3256806460476829
3256804729201989
3256805943812154
3256806040173483
3256805661438195
3256802176623429
3256806399070887
3256806712230281
3256805873100090
3256806820209924
3256807347164633
3256802574696724
3256803991698738
3256805834052640
3256806373170727
3256801195791793
3256807301449940
2255801117055992