1005005767098572
1005003494327878
1005006302770352
1005003340268498
1005005478686900
32788923511
1005007344625397
1005006903201698
1005006161887601
1005006141649491
1005006117094154
1005007518568634
1005006172768168
1005002212365288
1005005446390336
1005007232333515
1005006954888841
1005003974411898
1005006115532477
1005006081820759
4000982244119
33023143827
1005005047279382
1005004015367790
1005007107710715
1005006216929896
1005007682966032
1005006101939110
1005007448987763
1005006794397064
1005004017863263
1005005969669105
1005006618964545
1005005989861153
1005007604581879
1005006975319751
1005002784159830
1005006920494504
1005005669395455
1005004916633458
1005007354341453
1005005497977059
1005007348238931
1005006180995218
1005007424966073
1005004561006740
1005007260864485
1005006984102189
1005006998903846
1005006952928894
1005005642619751
1005006345652812
1005006833529980
1005007519904050
4001296505554
1005006139173564
1005006225508013
1005006939361096
1005007262054207
1005007096283067
1005006008449559
1005007059456352
1005006984386455
1005005466379997
1005002266231767
1005007379187129
1005006832930904
1005006946562286
4000927088540
1005006622701391
32947078089
1005006035095349
1005006833380709
1005006057452814
1005007587322682
1005005374491474
1005006236395674
1005007437986534
1005006849700859
1005005652854931
1005005526158046
1005003973515956
1005003267684367
1005007109229021
1005007176391986
1005006091853649
1005005714748424
1005007258466109
1005004924445358
1005007146797781
1005006690260938
4000706173347
1005006960163401
1005005256662428
1005007170305043
1005006294281483
1005007569157636
1005006443950294
1005006199572796
1005004844223777
1005007308959562
1005004284944844
1005007219682229
1005006505629445
1005004370609852
1005005643278375
1005007176554415
1005005221735660
1005005374745860
1005006821151493
1005007187359079
1005006412861883
1005007654182960
1005006230480083
1005007408514529
1005006207234948
1005007299458834
1005005951418655
1005006313906890
1005006412698438
1005006082682675
1005005538542955
1005007406949957
1005007510697496
1005005216060497
1005006063111540
1005005974959117
1005005398788055
1005006053843429
1005005120289671
1005006179681402
1005007219548261
1005006247775801
1005005704293135
1005006877948086
1005006651801359
1005006948936057
1005004396795678
1005007359990351
1005006370664557
1005006779288194
1005005262183409
1005007593769731
1005004042711217
1005007561704556
1005007349171187
1005005876544213
1005002613915730
1005006057419831
1005002336684572
1005007106980485
1005007354710044
1005006815780216
1005006762596053
1005007186856499
1005006445654263
1005006136732497
1005006478175212
1005005592696926
1005002346600885
1005006973767041
32730392670
1005006164765451
1005006654203383
1005007457446195
1005007061778125
1005006942659641
1005006123094301
1005007144963674
1005006706755552
1005006628072200
1005005921293435
1005005518891283
1005003534558962
1005006301116595
1005006991307166
1005004194107818
1005005486502739
1005006408048972
1005006818277055
1005005824655976
1005003551804317
1005006931541946
1005006938903915
1005002643853715
1005006095453101
1005007130915418
1005006317293583
1005006035223758
1005007066834696
1005005196118290
1005001470629068
1005006620887657
1005007321550883
1005007321912052
1005007320260562
1005007475730788
1005007198632605
1005007014649518
1005007336235747
32953024466
1005006318267716
1005007144158482
1005005974405500
1005007338595163
1005007681328722
1005005428852360
1005006424639123
1005006424477801
1005006425168042
1005006426336051
1005005428858257
1005005656979935
1005006424919646
1005007329077515
1005007337766905
1005007338764082
1005007032750867
1005006909370345
1005007678447516
1005007677828767
1005007656575363
1005007658127436
1005007658229125
1005007658143603
1005007308083869
1005007218733129
1005007404814811
1005003983936549
1005007595349959
1005006421849533
1005005112621996
1005006058797631
1005007014957486
1005007085576462
1005007786985300
1005007785956973
1005007786197559
1005007783630509
1005007767183301
1005007768460281
1005007760617070
1005007760402373
1005007760821454
1005007757521655
1005007760649478
1005007761059327
1005007757280972
1005007709468035
1005007710156306
1005007709736740
1005007709987098
33058554058
1005006784352079
1005007141005422
1005006861690230
1005006678754222
1005006917304460
1005007202197725
1005006813867288
33055580086
1005007102077684
1005006494059624
1005006781888290
1005006966181907
1005007027960172
1005006782594213
1005007583536578
1005006890999337
1005006961558107
1005007180126420
1005006848076678
1005006718177408
1005007320172227
1005006675986861
1005006750614626
1005006962383325
1005006682546618
1005006818141510
1005006504347299
1005006952473692
1005007369557843
1005006678379252
1005007287067733
1005006679036136
1005006750917005
1005006778774716
1005006451964291
1005007681625297
1005007666898598
1005007782450966
1005007760259405
4000068502083
1005007128535898
1005006678662749
1005006673687371
1005007096370443
1005006504352126
1005006673605628
1005006678883688
1005006675840572
1005006678767030
1005006673650279
1005006675604999
1005004599027989
1005006846711472
1005006676593342
1005007180702352
1005006676710594
1005006486787394
1005005580496368
1005007145809061
1005007071524324
1005007064570471
32860848866
1005005964158751
1005006274340139
1005005970804193
1005006274257479
1005006816068412
1005006557302049
1005006274306301
32892235287
1005006489806572
1005006310656948
1005006931001158
1005007443479761
1005007618472434
1005006695907278
1005006765464991
1005006783495158
1005004678546965
1005007523307065
1005006982758079
1005007314116904
1005006834984550
1005007489369564
1005007561538839
1005005486766819
1005007489045456
1005006801331051
1005006854283725
1005002101129796
1005005725774166
1005004059671811
1005007259211631
1005006159859683
4000859024986
1005006723201608
1005007593722894
1005005039547209
1005006186405661
1005005734641936
1005007032293576
1005007354351337
1005001580822841
4001018780744
1005005233553169
1005007606141908
1005004904277444
1005006997855768
1005007216347499
32368869263
1005007021638651
32961459834
32950561713
1005006776886070
1005006330578319
1005006767777524
32818485133
4000516162434
32703825280
1005006180815090
1005003214912267
32824341224
32963818317
1005005604137011
4000528503158
1005005726880158
32816150058
32947065740
32831179475
1005006754453049
1005007537908380
32951200320
1005003214870334
1005003225585460
1005003225609159
4001341502659
32812431338
1005003221561246
1005006765505691
1005003318760833
1005006765632863
4000448795742
1005003318810514
32817226863
1005001946856915
32796958302
1005003214871679
1005001939746677
1005007444684552
1005007544088953
1005007635106662
1005006761314052
1005007204494414
1005007635108917
1005007751031579
1005006900670851
1005007634885537
1005006922118687
1005007511112174
1005005261657923
1005007144817034
1005007567901588
1005006238535864
1005007242377548
1005007210601398
1714193234
1005006280930890
1005006876791654
4000928405795
1005001907143996
1005006953724797
1005005945300256
1005006786592217
1005006711796796
1005006023147554
1005004187196882
1005006029411901
1005004347807095
1005006862651984
1005007538093597
1005007354918396
1005006097355920
1005006494526736
1005006671842410
1005005684286478
1005006766077802
1005006620125834
1005006723964756
1005004662030247
1005007344801375
1005007353585945
1005005909720039
1005003142132755
1005007362700124
1005007276887214
1005007593511978
1005002762078288
1005006838668591
4000346900605
1005006651780141
32871071720
32862365145
32898108723
1005006312473020
32847691448
1005002339608237
1005002339148188
32881483819
1005006431857635
32859923337
32809271458
32810936893
1005006863501290
1005006312357572
4000182075776
1005004645790594
1005003420745690
1005006369947763
1005007008297220
1005007507036761
1005006722164445
1005006363404384
1005003283322174
1005006409049826
1005006409184103
1005002950854292
1005005909044949
1005006409033806
1005005328767646
1005005866387915
1005006024631253
1005004074484767
1005003358339621
1005007068611198
1005002897642533
1005003351084022
1005003565795473
1005007148513945
1005006375841591
1005007590597708
1005006370150421
1005007538869719
1005007293966497
1005006369816292
1005007169286285
1005007419492227
1005007189546151