1005006951797014
1005006301500754
1005007433625068
1005006220170312
1005006660660427
1005007418326705
1005006154761518
1005006291738266
1005006359767624
1005006054187919
1005007342162405
1005006610360169
1005003207857689
1005005649209949
1005007130489763
1005007272261629
1005006182387807
1005007401321522
1005007218619135
1005005524739500
1005005623062163
1005007494612175
1005007282111359
1005007079071522
1005005809887342
32958412160
1005005849261591
1005007010531062
1005005622323352
1005006332230750
1005005502775242
1005004612935359
1005005419245858
1005007125865703
1005007619094040
1005006313258982
1005007137475120
1005007499733269
1005007438983321
1005005236279902
1005004431119867
1005007346929497
1005006143429904
1005006273261251
1005006851014980
1005007014821316
1005004891622156
1005005584011515
1005006345270272
1005006956388726
1005007475504508
1005006167264059
1005005959472402
1005007612742897
1005007466044129
1005007449436644
1005005274437114
1005007344597727
1005007125836761
1005006778400763
1005007480167233
1005007298015880
1005005477546752
1005005498706818
1005004996728699
1005005923887335
1005006862609723
1005006061483538
1005007118605457
1005007591896653
1005006183088933
1005004375784457
1005006467370163
1005007540005261
1005006488865492
1005006657137256
1005007169449950
1005005248173806
1005005714634107
1005007486264386
1005006750088657
1005005901033780
1005006026590200
1005007016212129
1005005905915438
1005006750036667
1005005880177287
1005004552570092
1005003629072292
1005006304649418
1005006669579682
1005007232877954
1005007526388201
1005006828180702
1005005937060248
1005005808983818
1005007550615886
1005007138674384
1005006851651531
1005007441192902
1005007263360812
1005007238652716
1005007502980903
1005007143575782
1005007272325273
1005007143674792
1005007591852717
1005007023411455
1005007340836335
1005007202230718
1005007433118401
1005006306822808
1005006308687702
4000910664369
1005006380828448
1005002311784093
1005007211240180
1005006406248360
1005006078598809
1005006304611614
1005007498943921
1005007090867604
1005006231556569
1005007283914568
1005006654634256
1005007132313671
1005007463936693
1005007250758272
1005005671133975
1005007481669932
1005006137677864
1005004431629985
1005005477450997
1005005034358915
1005006653171513
1005006948194455
1005007598410104
1005007448837379
1005007268435286
1005006390199681
1005006884480852
1005006488821354
1005007221708897
1005006293521448
1005006125593363
1005005431023518
1005005500724762
1005007382788478
1005006408317339
1005007438149879
1005005619574392
1005007341312292
1005007131906014
1005006910075530
1005007245484297
1005007022608281
1005007410225068
1005007341589132
1005007337176077
1005001795189253
1005005900908592
1005006117034778
1005007338672902
1005007603788478
1005006947609376
1005007047779605
1005007460364016
1005007553484989
1005005875382619
1005007427029188
1005006865928794
1005007234194949
1005006891402459
1005007183918144
1005007118899133
1005001794779748
1005005870963511
1005007591867694
1005007238068946
1005007247081127
1005007137768142
1005006662177148
1005006892321043
1005006254744766
1005005431176054
1005005477377599
1005002171036076
1005007466550102
1005006364621859
1005007604428610
1005006332306060
1005003639323478
1005006214305161
1005007117221017
1005003539516542
1005007054643488
1005006175467259
1005007482586080
1005006289844537
1005006741584765
1005006532153916
1005007268539193
1005006234753251
1005006082306584
1005007257982718
1005007545768970
1005003191360047
1005007120800249
1005006390222114
1005007016090301
1005006556939828
1005006109465655
1005007037303374
1005005900006064
1005005906605061
1005006075756460
1005007390545479
1005004631100179
1005007596623729
1005006527704671
1005007551347686
1005005771823683
1005006678306192
1005006099962576
1005007243025423
1005007246512007
1005005515381112
1005006232727960
1005007205206217
1005006150712952
1005006396474881
1005007026142339
1005005511969476
1005005569169163
1005006285576755
1005006426639268
1005006373077709
1005005132183700
1005007642556567
32654938551
1005007124287885
1005006387740355
1005005736595149
1005005587396883
1005007089947185
1005006851100983
1005007611885449
1005006836793014
1005007036257514
1005005982249687
1005006777069596
1005001860021638
1005005978067933
1005005561577513
1005007393948712
1005007456660808
1005007123447103
1005006194678885
1005004553309162
1005005094291767
1005005800755495
1005005425807902
1005004345006503
1005004343008296
1005003580048553
1005004352530634
1005005735964195
1005004341898641
1005005094317605
1005005863644053
1005005093838728
1005007091806297
33043547899
1005007448428209
1005006124704245
1005005782908970
1005004345183006
1005004349940414
32822318403
1005006348162168
1005006268534107
1005007601438899
1005006047081574
1005004594918577
32998594615
1005006989218003
1005005466317076
1005005976443546
1005006169223138
1005006238622518
1005005874890931
1005004903379368
1005007517600955
1005005715984925
1005007619882558
1005005714156649
1005005593845626
1005005350464480
1005005466739086
1005004464540519
1005004698332074
1005006878407482
1005007309088554
1005005758224393
1005006318780984
1005004621183043
1005005671229531
32914693805
1005006461177795
1005007182233541
1005007290284025
1005005226774622
1005006624874850
1005007300028018
1005004611215501
1005006473375027
1005006179220956
1005006187132127
1005006443929576
1005006612012743
1005005436353575
1005006711818890
1005005042789596
1005004786288333
1005007632123778
1005007080859037
1005007495084810
1005006866612416
1005005900927709
1005007339871584
1005006749658574
1005005923863916
1005006352359765
1005005251862358
1005007160935397
1005006142342054
1005003460026508
1005006028925375
1005007438475580
1005006141009580
1005005026868086
1005006723898671
1005007359809505
1005005218314384
1005005675103129
1005006748920613
1005007401084304
1005006239766499
1005006685436528
1005007595665337
1005007004357144
1005007444694322
1005007486292935
1005007526391874
1005007524597594
1005005963304793
1005005318832442
1005002340983685
1005006788186875
1005007467131282
1005005716366029
1005006251314144
1005005598626325
1005007080646434
1005005373686743
1005006448136130
1005004370142576
1005007401102209
1005007015920786
1005007176061438
1005004700879384
1005007220122455
1005007252591604
1005005801902323
1005006350465164
1005006795561206
1005006883995995
1005006820056831
1005007386415541
1005007300256710
1005006545888310
1005005976614991
1005002026865019
1005005442262149
1005006211588614
1005005782944978
1005006497154342
1005007103515696
1005006025697810
1005006040572116
1005007530880642
1005005426101664
1005006782115961
1005006890034900
1005007223499249
1005003474797287
1005007557886945
1005007310367773
1005005820813736
1005004896103688
1005005710046617
1005006317912059
1005006962693957
1005005789579369
1005006500528972
1005005753693219
1005006769561765
1005007017945312
1005007118163543
1005007031992712
1005005004853656
1005005824179592
1005007066676751
1005004643966631
1005006437050469
1005006035554380
1005006736126871
1005007108166597
1005006142255566
1005006136081454
1005006795857230
1005006143116222
1005003188113002
1005002119912171
1005006750395462
1005006136104708
1005007117365107
1005006490271649
1005006056147467
1005003746254328
1005006220764577
1005004852533431
1005006409293478
1005003216816671
1005006380765369
1005005214749826
1005007442734853
1005006371649048
1005006912702340
1005006941114204
1005007360684441
1005007375023566
1005006889301642
1005007527814585
1005004258082739
1005007360739537
1005004818911862
32888519629
1005007102771574
1005006313544599
1005007016098051
1005004995415734
32830455073
1005004985118482
1005005868158987
1005006144847398
1005004993144484
1005006318936087
1005007058432223
1005006749369841
1005006173436386
1005004840304543
1005005195942663
1005006135638591
1005006756454523
1005004847794096
1005006786646963
1005006692251022
1005006207672347
1005005702740264
1005004546279207
1005006082592069
1005006091660523
1005005042869889
1005004903327531
1005006637077197
1005006273004558
1005006744594459
1005004230102732
1005007245530618
1005006147275147
1005007250151685
1005006649719870
1005007579871356
1005007124646539
1005007117204631
1005007177704431
1005005900991679
1005006833467172
1005006641850188
1005007066448804
1005007285786395
1005007272862073
1005005712334771
1005007160855513
1005006485027579
1005006980824659
1005005757788967
1005005094575276
1005006223477068