1005007287034642
1005006707975857
1005005310670756
1005007016501753
1005005339097048
1005005682143292
1005006998311083
1005006472768817
1005007273391641
1005006465028541
1005006058187360
1005006755987693
1005006709311686
1005006046406776
1005006085519106
1005006802783961
1005007131142117
1005006167445401
1005006840287619
1005006101928940
1005006398933723
1005005887547334
1005006031532291
1005006870569469
1005005476179758
1005006619658311
1005006341500108
1005006296183500
1005006450635640
1005006132951120
1005006514323625
1005005488354277
1005005986309339
1005006398807770
1005006399324438
1005006593999224
1005006285551212
1005005965202526
1005003961811353
1005005140804459
1005005877187124
1005006546241272
1005007065506269
1005007051070548
1005006394518900
1005007409219688
1005006797189400
1005006844634694
1005006079399685
1005006672503715
1005007290288569
1005006841345109
1005007122889216
1005006766754349
1005007079538274
1005007342378800
1005002345841514
1005006569196661
1005006802159879
1005006490470556
1005004883108652
1005006894746926
1005007198752052
1005007204822498
1005006362497303
1005006582257103
1005006857069592
1005007118912429
1005004901951971
1005007307055799
1005006986352054
1005007247120066
1005005533295303
1005006947772291
1005006080330785
1005006949308404
1005007053110904
1005006413724996
1005005020352822
1005007294918051
1005006081714882
1005007117134844
1005006717271809
1005006792087584
1005006923953255
1005007232199976
1005007379399091
1005006996228274
1005005811877992
1005005284390726
1005006360007021
1005006550998506
1005006865771564
1005006986082709
1005007022773084
1005007341444692
1005007107097965
1005007308425644
1005005219351147
1005006302106243
1005006850359679
1005007037397599
1005006213036099
1005001566999538
4000608434242
1005005388245033
32881646958
1005007118072133
1005002049440378
1005007453355987
1005005317239522
1005003555626767
1005006821796035
1005006825212382
1005005315900694
1005004290377672
1005005265513829
1005005720743761
1005002518386137
1005003494185887
32733515466
1005005196264484
1005006877555008
1005006873114779
1005003658083737
1005007347213500
1005006636543300
1005006820030578
1005006211392339
1005007327676646
1005001520911470
1005005306693021
1005003616837818
1005006884218188
1005004795004699
1005003803948963
1005003957032212
4000936346630
32878688141
1005007448595522
32844995826
1005006157457267
1005003389701860
4000438720459
1005006344780940
1005005838855610
1005005029165002
32949864953
32631085091
1005007247034471
1005004299139513
1005002368597550
1005002171130250
1005007186163995
32878557303
32693765338
1005006532244218
1005006857065705
1005006109676009
1005003504908139
1005002943723373
1005007130255865
1005007145795623
1005007210843701
1005007045981942
1005005529505335
1005007074494283
1005001809492263
1005004125890212
1005007460263425
1005005177399249
1005006627401643
1005007304895807
1005007176313612
4001006391113
32850836644
1005005560469342
1005005978301705
1005007162216777
1005007163883509
1005006697487691
1005005710094256
1005007346510153
1005006744237192
1005006722553803
1005004063011049
1005007317453750
1005006126518393
1005007066169693
1005001492751560
1005006166698382
1005005464019408
1005003567186806
1005007339934064
1005007103576270
1005005235800684
1005007236147097
1005005872245273
1005007267927195
1005006282207258
1005006149743806
1005006807920662
1005006788551048
1005004699519357
1005006870788569
1005003514616580
1005006303392298
1005006830727429
1005007343471005
1005006743046207
1005005783303879
1005005979287237
1005005882225177
1005006895828334
1005006696624687
1005004068851870
1005006569085178
1005002920867760
1005006705307018
1005007473709797
1005006222750147
4000549334935
1005002118798135
1005005914225576
1005007246497980
1005006925185941
1005007017745876
4001006424380
1005004230077205
1005005850976684
1005006264614458
1005005247542106
1005004608819171
1005006209393597
1005006594505007
1005005522783254
1005006434571477
1005006579031918
1005007211805215
1005005105159592
1005002369534956
1005005604172325
1005001809511286
1005004725209791
1005003019527624
1005005482095883
4000353612722
1005005200710588
1005006737721032
1005005345448676
1005006220298681
1005004408077410
1005006321750834
1005007466646028
1005002983442775
1005007359924118
1005004732151875
1005001556267275
32998372395
1005002533430852
1005005316994719
1005003657861790
1005007463352246
1005004937842398
1005006165215650
1005002710249301
1005003768732968
1005006273900290
1005007142447678
1005003242441296
1005006858516748
32921088301
1005006016044453
1005006817057389
1005002378549298
1005007016297656
1005006628643558
1005006919053824
4000244768396
1005007061400997
1005006789440016
1005004081182448
1005006919230055
1005007182323043
1005005682624392
33000638962
1005005734436128
32945212001
1005007030963420
1005001899831975
1005006972390952
1005006834314012
1005006851802445
1005007455004891
1005006348393157
1005007137137949
1005007032511425
1005001373170448
1005006151554537
1005007065340711
1005006302767951
1005006970473255
1005007328954768
1005006185999033
1005006135655554
1005004934548534
1005006291523291
1005006914113233
1005005660166799
1005006764932291
1005007310115441
1005006120413006
1005006844599614
1005006670799422
1005007455175378
1005005583290620
1005005694889010
1005007456494509
1005007148297794
4000073974019
1005005877871975
1005005707729646
1005006903821875
1005007313951000
33003865543
1005003993199499
1005007089354113
1005006417885040
1005001369439523
1005006902680867
4000007756374
1005006777927860
1005007385012098
1005006012194111
1005007058469451
1005006373163443
1005003149327241
1005006858713985
1005006052051248
1005006890402516
1005002629506865
1005006131456492
1005003311645589
1005006755436369
1005005576771745
32998946062
1005006261285330
1005004100856897
1005005392027237
1005006930241984
1005005592965004
1005006104454222
1005007283040974
1005006901114966
1005005297388369
1005005047378584
1005007149830827
1005007321334437
1005005947739661
1005006111131098
1005005096627228
1005007097263547
1005004105067123
1005005178547015
1005005900780384
1005007297233340
1005006837497419
1005007321610808
1005006098170322
1005006203728135
1005006033980810
1005002876512366
1005005038772807
1005005239995744
1005006732651416
1005006185437862
1005003323072439
1005005869814264
4001289708567
1005005972194701
1005005066936460
1005004374992113
1005002623575776
1005007444139654
1005001345241876
1005006754231728
1005007005360490
1005007446293840
1005005913963912
1005007301203742
1005006770980793
1005005857943066
1005006889825328
1005005383473258
1005005545446451
1005006525864584
1005005560560597
1005005945179986
1005003651518556
1005006745333542
1005007074524607
32913713296
1005002443400249
1005003557195993
1005004320070604
1005006691267236
4000201252803
1005005047296695
1005002751510128
1005004972236743
1005006775868334
1005006196455251
1005005578678609
1005006981118753
1005005825960664
1005006925378585
1005007128985021
32790549414
1005001442168501
1005006854652802
1005005830022698
1005006876675771
1005006111433320
1005006077165096
1005003206859249
32974771819
4000277892543
1005006494754325
1005006903778734
1005007300390221
1005004680868080
1005007177656713
1005006142267927
1005007181848451
1005001697890946
1005006737115884
1005005455141486
1005005098691178
1005004630791618
1005006367375388
1005005271597778
1005007370337885
4001127930249
1005004120304018
1005006530058280
1005007138389421
1005003677772527
4000703658678
1005006357967431
1005007116105745
4000396235880
1005004939198580
4000550356454
1005007317150341
1005006903342700
1005005817141959
32908138048
1005005050070475
1005006637594366
1005006820549685
1005004779530644
1005005942648980
1005007211205580
1005005848013616
1005007293094527
1005003844071019
1005006524155967
1005006661133084
1005006533948033
1005004642489510
1005003223810384
1005005598324294
1005005925626428
1005002784572326
1005007128104397
1005006385838576
1005005968931825
1005006813845870
1005006450508950
1005003445451503
1005004056335568
1005002973351670
1005005543809096
1005002259184411
1005007320037864
1005007357603845
1005006280689935
1005007236099232
1005005461072347
1005005709471460
1005007387479096
1005006326474387
1005007360897716
1005007209899302
1005007293627015
1005005709580754
1005006017052419
1005006552306680
1005007436344853
1005006552800232