1005007030954500
1005007104382530
1005006465965931
1005007461782104
1005006176141275
1005007252204645
1005007593875498
1005007436978833
1005007051807439
1005005311589868
1005004457847958
1005007392028930
1005007613055420
1005007407925919
1005007391581889
1005004857977317
1005006883351992
1005007355103525
1005006852515500
1005006688504654
1005007060650175
1005002693575706
1005002345031593
1005005103705634
1005001488707104
32826096725
1005005014656542
32781465362
32952149762
1005006587091199
4000993504775
1005004828707794
1005006725427004
1005003143903527
1005007472678370
1005006575176317
1005007439759764
10000141372097
4000264087884
33011229481
32956843893
1005001889711693
33051117139
32865058096
1005007245758668
32856236474
32872269837
33033304590
1005006647782118
1005004911021853
32967520542
32994272720
1005001487399487
32997481777
32898297003
1005006711342947
4001249265940
33062546157
32976409809
1005006658324855
32242100864
1005007243663933
32959706463
1005003245023270
32919674252
1005003930682581
32976709315
4001215753118
1005001570168545
32692022388
1005006718143116
32979518111
1005001459217642
1005006340517204
1005007228193383
1005006946203701
1005001407338914
1005006246690849
1005005386052599
32900066890
4000776684901
1005005499496082
33002605659
1005006582357829
1005001350592408
1005004774378473
32668218781
32831548243
32901811002
1005007021618467
1005004696707165
1005002883583900
1005006843075460
32995385241
1005002537839055
32732440499
1005004857356847
32999890337
32827742186
1005005068322499
1005005068046401
4000049510537
1005005543464213
1005006745162637
1005006761579685
32999461179
1005006890683420
1005005551921661
32956907559
32664427635
32976390463
4000409867539
32894913047
33001339294
1005005385973832
32959790073
32957027494
32873573068
1005003252266107
1005004382922446
1005006719171379
1005004378817512
1005006852707505
1005005069580707
1005007152706127
1005006197478702
1005003175117795
4000353555601
1005005306190152
32977630274
1005006888277918
1005004532487559
32953748909
1005007167914507
1005007022909463
32598475790
1005006745460550
1005002475455875
1005004831484050
1005001407311398
32834043039
1005007277721988
1005001455851733
1005003722706101
32891583743
1005006972173010
1005004853799546
1005003723677463
1005006826649835
32979396962
1005007523660731
1005004882931782
1005005059951093
33049772903
1005005552755140
1005006723208191
1005003303896092
1005006683362861
1005006725247124
32978654307
1005006939720031
32976761069
32918105256
32979931689
1005006854911296
1005001608909490
1005002693068157
1005003150187083
1005006456706738
32975757077
1005007249684069
1005001456006610
32956043015
1005003726396160
1005004786796210
1005006198391119
1005003202622488
1005001387032825
1005007017643131
32912617356
1005007161520234
32998288131
1005007569422968
1005001406741099
1005007243982590
1005006805864897
1005005042453892
32995545776
1005006906851344
1005002529102879
1005007115946102
1005007032570171
1005006979352017
1005007022205707
1005006855285859
1005006429339413
33026540116
32616826558
1005005543746611
1005006918456620
1005006678646562
1005007445584265
1005007553102652
1005007567364593
1005006386149227
1005005778352340
1005007581313250
1005007461422147
1005006134974715
1005007324086467
1005007479523759
1005007292863230
1005006525392008
1005006054212778
1005006054335123
1005006054242504
1005006054466095
1005004035826491
1005007021990430
1005005781240555
1005006660631522
1005007021633859
1005003506943377
1005007543574443
1005007479200245
1005006555299773
1005006054097093
1005007703005093
1005007568752868
1005007567064406
1005005396247622
1005007377846698
1005007508954581
1005007380791097
1005006833048606
1005007278817535
1005007581337671
1005007494080424
1005007021887871
1005007278345138
1005007339542102
1005007581354417
1005005540883028
1005007272166293
1005007571753367
1005006054370506
1005007452584299
1005007095598093
1005007272571007
1005006738936311
1005006508793305
1005007139495096
1005007279086597
1005006741093241
1005006499603987
1005007477159581
1005006776543629
1005007568935006
1005005053503760
1005005626741909
1005006689255855
1005006509169475
1005007412630933
1005006865106932
1005007425555711
1005006692188961
1005007090874963
1005006342387562
1005007132871194
1005006673932299
1005007022632543
1005006126593552
1005005927086909
1005005172397946
1005005181974032
1005005578177050
1005006168287055
1005007031587656
1005006021382036
1005006565445337
1005005009768349
1005006454695728
1005007604232188
1005007223863814
1005006957416422
1005007145204326
1005007129013390
1005007621935999
1005007669490934
1005007145189428
1005006897887172
1005006924850736
1005004269679332
1005007132617774
1005007621891274
1005007734014121
1005007732510669
1005007732504828
1005007718377609
1005007718451365
1005007718145965
1005007718288227
1005007717500069
1005007697129735
1005007710552220
1005007710360784
1005007710543125
1005007703587468
1005007697381525
1005007697747018
1005007697733049
1005001506312226
1005007630826924
1005007664770789
1005007525215665
1005005880435127
1005007019233356
1005004812136834
1005006212835816
1005007296272393
1005007034643236
1005007440407936
1005007549431263
1005007420387509
1005007599319825
1005006215238222
4000624736569
32876460037
1005005346716193
1005007284364493
1005006447005506
1005007314710088
1005007426033693
1005007157102182
1005007217498545
1005004830166607
1005006740473795
1005006238774190
1005003357956963
33025763318
1005006845841154
1005006739002999
1005003348973544
1005007267857384
1005005052127410
1005004421119143
1005007428933743
1005003351910569
1005003094034975
1005007107334825
1005006695340154
1005005062479707
32955995874
4000117298660
1005003330211887
1005006912048222
4000986130310
1005005763147899
1005003721982165
1005007181183169
1005007038918629
1005006113060978
1005006850460528
1005005827646739
1005007542147109
1005007022668161
1005003489158851
1005006285607626
1005001835007226
1005005133350854
1005005810542391
1005001402394084
1005003742046743
1005005007213794
1005005334682233
1005005305263699
4000159440387
1005001385974207
1005004056686247
1005001265999738
4000476312697
1005003733994055
1005005034060149
1005001346754189
1005004262009708
1005006657448596
1005007189942305
1005006332223938
1005005894828748
1005002481173703
1005006912123648
1005005467937069
1005007016815157
1005006366921097
1005002709067605
1005003595293241
1005007038664933
1005006360201645
1005004530911499
1005007305737739
1005005554583312
4000180357325
1005006946332716
1005006581552829
1005007041041472
4000805269704
1005007053569714
1005007282427962
1005006976150672
1005006409924136
1005007049626068
1005007367832219
1005007184296561
1005006327519265
1005007494220073
1005007053468528
1005006561482786
1005007440432591
1005007150794856
1005006976058525
1005007155264440
1005006976329433
1005006327655533
1005007440788634
1005006327539202
1005006976486003
1005007162340785
1005007027663511
1005006976439074
1005007239184806
1005007486757842
1005006447366219
1005006279458537
1005007649342371
1005007344950845
1005006327491295
1005007321277206
1005007147168498
1005006546760516
1005007449296038
1005007600424521
1005006864124823
1005006510010950
1005007010762131
1005006929500646
1005007491698293
1005005810795624
1005007256866724
1005007447693631
1005007060040085
1005007486974526
1005007451123408
1005006605529682
1005007027927347
1005002763803071
1005007606118571
1005007320269276
1005006680049491
1005006980527445
1005004993963774
1005007240597947
1005007177764794
1005006735331503
1005007166478898
1005007284722022
1005002624709713
1005007273701546
1005007434252549
1005006866876096
1005006976453022
1005007253123669
1005006604764900
1005006976173274
1005006864171463
1005006327612785
1005007320572230
1005006605870538
1005006605923334
1005006327529269
1005007490730765
1005007337220670
1005007433228947
1005007309086298
1005007633691271
1005007193530487
1005006991965915
1005004343231300
1005007184288895
1005003146371725
1005007085990526
1005004343214788
1005006930797897
1005007477262110
1005003365067930
1005006976160889
1005007381190254
1005006530798612
1005007503156023
1005007027128398
1005004342302416