1005005724764520
1005006183079614
1005004460416385
1005007219650056
1005002919700419
1005007573948745
1005006686393332
1005006174584447
1005007454826514
1005004013770827
1005007391322369
1005005986702642
1005006460982172
1005004138553910
1005006133178733
1005007364215448
1005007211535575
1005007041715883
1005007371517014
1005006127507486
1005005548521863
1005005979446448
1005005587907057
1005007500036391
1005006825556000
1005007453076468
1005005771953988
1005004144730740
1005005258472479
1005004606198558
1005007342073965
1005006956289477
1005006741639163
1005007003262995
1005007211851220
1005007329735596
1005006574446518
1005006211861262
1005006092713663
1005007031152657
1005007117281472
1005002377108111
1005006624968232
1005004998822215
1005001281223871
32899023284
1005006825505108
1005007296183988
1005005091729027
1005006421133842
1005001327735190
1005006058257170
1005005658255723
4001054230034
1005006365629318
1005005298155274
1005005757937085
4001281720098
1005006996606438
1005007301603044
1005006833108449
1005007170216202
1005005481850573
1005006452117451
1005007284721641
1005007440472394
1005007571545115
1005007571417380
1005007571406409
1005007571316530
1005007139817501
1005007139942295
1005006309567188
1005006557657818
1005006534648333
1005006536525041
1005007021418059
1005007021202427
1005004056083294
1005005875817739
1005006031195936
1005005947926914
1005006985160620
1005007507147782
1005007554542463
1005007187084439
1005006728960987
1005002859781165
1005005253569661
1005007533179356
1005007110299480
1005005942172041
1005005767830656
1005006938520422
1005006894364477
1005006908792331
1005007462677091
1005007526300294
1005006998014174
1005006199570194
1005004960264162
1005001845368124
1005007224732699
1005005670659152
1005007150247387
33002704508
1005004281669373
1005006075037357
1005007419074696
1005006504587544
1005007450955590
1005007047861306
1005004482203959
1005007543957277
1005007256885412
1005007038131001
1005006903248209
1005007340439817
1005006817159410
1005007466438862
1005007243432860
1005006804127573
1005007473953641
1005006942748253
1005006224446774
1005006643383949
1005005996661989
1005007442801715
1005005696740932
1005007289740614
1005005060956886
1005004313547463
1005006768027759
1005004708026240
1005006869436064
1005006772285255
1005007330306651
1005006084641082
1005007481379954
1005006484669453
1005002877096546
1005001949833974
1005003804583552
1005005825340647
1005007062761267
1005005866618558
1005007198266980
1005007287224088
1005006813017727
1005007283229417
1005007275771343
1005007401361349
1005006189311898
1005006653867502
1005005199693649
1005007552407476
1005004552688206
1005007183012737
1005006966033313
1005006395090809
1005006794585390
1005007332437302
1005005886209169
1005005847326265
1005006634329943
1005007075899660
1005003178701747
1005005773121431
1005007493415903
1005004520973484
1005006000383719
1005006499518356
1005007469757551
1005006565043849
1005007117172970
1005006499858291
1005006127819350
1005006015433616
1005006293440788
1005003861316492
1005006853987704
1005004052026286
1005007084187061
1005007568168399
1005007297017833
1005005859362886
1005007462824394
1005007097547040
1005007225483320
1005007502787304
1005007508669899
4000123883947
1005005999309867
1005006056764086
1005006293863791
1005007294301610
1005007519816453
1005005858355142
1005006216002023
1005005999137333
1005007377506653
1005006472001383
1005005999078799
1005005999081367
1005005999491387
1005005999014748
1005007317164178
1005005558819480
1005003211377909
1005006802372200
1005004766512947
1005004331486155
1005005921696437
1005006249483796
1005005641753710
1005007081716806
1005006923931378
1005005660635126
1005006008291357
1005002843828204
1005006315353181
1005007256949167
1005005281007075
1005006696392524
1005007208195465
1005005477034386
1005004869667634
1005006594988529
1005001908994902
1005002608790272
1005001451444197
1005004571234883
1005003434791367
32949321827
1005006400858446
1005002524512650
1005004126944775
32996222343
4000287504020
4000104016286
32966024488
4000185401433
4000185364377
32756977773
32827899565
32295335850
1773533856
1005006400890385
33001651621
1005006273654150
4000115718914
32868676619
1813364540
32293691175
1005007560706467
32707277181
1005002624265674
32678450771
32680279967
1005004358179567
1005002668272256
4000720235588
32295327946
32292257251
32761822441
32706436897
1005003984619644
1005005953042798
4001235406618
4001011588080
1005004341631831
1005005584650802
32840297321
1005005794091280
1005006243840332
4000385920986
1005005840205062
4000898807963
1005005022064426
1005002374520648
4000899321393
1005003066766507
4000919482499
1005003202230095
1005005954340983
1005005627342505
32852862756
4000319725064
1005002598087326
1005005089177345
1005006554001503
32814994619
1005002592467903
1005005073665135
1005006701114096
1005004641822006
1005007448007624
1005003651634304
1005005256343394
4001063741558
1005004497398132
1005007183056147
1005005176622762
1005006902908880
1005006178755891
1005004171888970
1005007160876171
32572827637
1005006172857091
1005005458720910
1005001722286727
1005005500422171
32952579553
1005003698379997
1005007173018609
1005005584562764
1005005743530845
1005007464552661
1005005808562317
1005004407899002
1005006153910967
1005007183283628
1005005969317270
1005007593384976
32988134964
1005004759351761
1005005682597536
1005002910642464
1005007438446642
1005007470155513
32872208215
4001075800057
1005005782262014
1005003933636776
1005004929019726
1005005380593942
1005004690986069
4001144143381
1005005172267742
1005006704236296
1005007164261302
1005006090187660
1005003387611081
1005004315428606
1005007588605956
1005006705103880
1005003780064862
4001138549386
4000132670844
1005005557878465
1005007174734374
32841618492
1918619558
1005005178251932
1005007431311202
1005006242467991
1005007547358607
1005007539254574
1005006242490773
1005002586880017
1005005371269999
4000813064136
1005006749039928
32998430045
1005007646678971
1005007501622107
1005007646090781
1005007457025651
1005006858100772
1005004416877741
1005006714153930
1005005429688955
1005003451835964
1005004999785474
1005002318941506
1005004798088882
1005006836518003
1005005441048369
1005006246059284
1005004854550811
1005005038651752
32916002516
1005006165202818
1005006407413077
1005005954872911
1005005674331784
1005005840206144
1005007432223008
1005007625434998
1005005637494691
1005004500467831
1005006663918452
1005005174470754
1005007562809918
1005007563072332
1005007562853744
1005007562984461
1005005643777339
1005007416431273
1005005954438622
1005007647015912
1005006858268194
1005005038573134
1005006181045711
4001127054424
1005007529117754
1005005317018090
1005005561451241
1005006990506825
1005005323540608
1005007173978993
1005006746469240
1005004418415783
1005007393195908
1005007266516737
1005007265377678
1005002714536017
1005007509609230
1005007173876623
1005007047306327
1005007515952970
1005005980334197
1005006622237209
1005006329363332
1005007446918930
1005007351224603
1005007429471827
1005006227982959
1005006472954152
1005006370938883
1005007457013857
1005006980508041
1005007325296689
1005007264312226
1005006637462559
1005006663433176
1005003610945411
1005006200183579
1005007138375356
1005006673609543
1005007050918516
1005007173984505
1005007069382259
1005006719253102
1005007140774716
1005007125543862
1005007373386465
1005006945607994
1005006762704991
1005007351690797
1005006867959384
1005006500040883
1005005215036191
1005007224484069
1005006773327032
1005005753632491
1005007156057385
1005005742171693
1005006749640434
1005004407561249
1005006180658705
1005006546799571
1005007536788891
1005007334932278
1005006180675291
1005006661138155
1005007102605040
1005007164957417
1005007176981796
1005005946920796
1005001335442498
1005007470104571
1005002977046704
1005006952301958
1005006610704203
1005006879465529
4001297245528
1005005824784242
1005006788368023
1005007360552352
1005007652817850
1005007354701919
1005006622173586
1005007521241796
1005007551749699
1005007536876918
1005006885313968
1005005899536535
1005006606694796
33014260436
1005007032599592
1005006891957533
1005006798930899
1005006372662380
1005007001218426
1005006912141146
1005007428794654
1005007419755352
1005007588983266
1005007309777490