1005001311791340
1005007439385260
1005007492821839
1005007432536706
1005007417286557
1005007473794083
1005007407913367
1005007571199566
1005007328918045
1005007331686323
1005007010060535
1005005370686483
1005006605784520
1005007353568555
1005006464168345
32920077526
1005007032795847
1005005277946690
1005007569657331
1005007621983544
1005006751985115
1005007304262260
1005007515038112
1005003952050784
1005007621825055
1005007378268694
1005007116607286
1005004835876419
1005006932736571
1005006262866829
1005007623533283
1005006929341766
1005003711774341
1005007092904084
1005007608007294
1005007568875335
1005005855875885
1005007557425424
1005007347852877
1005007620722468
1005003711713547
1005006942359043
1005005147251623
1005007563913005
1005007349673742
1005007415176995
1005006935413298
1005007609087247
1005007067072215
1005007458092948
32864288831
1005005554887134
1005005378922254
1005006929071686
1005007343961353
1005007164412285
1005006928672874
1005007151017239
1005006113787586
1005006855440484
1005006982144642
1005006985216478
1005004708384599
1005006625190030
1005007082743528
1005006932271020
1005005408656595
1005002192771469
1005006082704130
1005007361650332
1005007227127498
1005006355142780
1005006514123450
1005003927082514
1005003238035272
1005007587418294
1005003942742799
1005007490965331
1005006110166227
1005007602219657
1005006227155188
1005007041862395
1005007602275434
1005003238263477
1005005956892742
1005007609316198
1005003312550165
1005003374376383
1005006944020985
1005005408404321
1005003711613951
1005003828148334
1005007622493416
1005007595131732
1005006789389771
1005004092590817
1005006449919828
1005005197670060
1005004090586694
1005007315098573
1005005931445324
1005005380648623
1005007558545828
1005007048745721
1005006907889092
1005004089655666
1005006501576450
1005007332034057
1005003927128399
1005006791379571
1005007340516628
1005003710053506
1005003711716476
1005005560035510
1005007209426953
1005007671935332
1005007672674064
1005007671367968
1005005042566793
1005007671555025
1005007615312621
1005007685135856
1005007678774378
1005007778677603
1005007780647140
1005007697525763
1005007780389471
1005007697580832
1005007775882086
1005007303736785
1005007767050777
1005007759737363
1005007739747794
1005007752864034
1005007689474520
1005007689433546
1005007695047115
1005007600910213
1005007716180834
1005007600926211
1005002790991095
1005007548704795
1005005975758189
4000412915496
1005005881869073
32854882068
1005006846774893
1005005825749670
1005004069152944
1005003337160679
1005005168129277
1454154107
1005007462152280
1005007186660586
1005006735707913
1005006339753287
1005001995921382
1005006063040811
4001159926750
1000005052375
1005003446992182
1005005115601532
1005003042145714
1005002904179279
1005003860654008
32959410939
1005003446912727
1005007130718206
4000936781234
1005006925243481
1005003327335162
1005006212837950
1005005924381515
1005006867594135
1005006954440666
1005004854631325
1005003328741383
1005005708360014
1005003323767570
1005005026872036
32860995673
1005004388624758
1005006735728557
1005006507157729
32273209062
1005001933764984
1005006463058075
32280310015
1005005708110840
1005006942997075
1005002520513544
1005007197202000
1005003320173723
32339286678
1005006849924676
1005006723841157
1005005560622693
1005005400764389
32284863676
1005006124499216
1005006922078911
33006161034
1005007221522918
4000936821208
4001160138408
1005003328731453
1005003327301421
32321575550
4000100593783
1005006462860778
1005006461930498
4000958077879
1005005071977501
1005006240452687
32919778902
1005004764121260
1005006065580002
32836481499
1005007124943858
1005006205983912
1005006904038255
1005006690410754
1005006777776358
1005005882291189
1005006631831162
1005005200174048
1005006988831319
1005006824850963
1005006825625055
1005005268646523
1005005868227314
1005004317184806
1005005538749677
1005003306899420
33035073112
32848720811
32609641493
1005004567310113
1005004310151866
1005006372145443
1005006083364106
1005007327481537
1005006136751783
1005006640835403
1005006485220084
1005007628708410
1005007561033845
1005007457372128
1005004328394185
1005007278455024
1005004835964120
1005004345298564
1005007352295205
1005006998832308
1005007287369978
1005007382917818
1005006910595222
1005005833067313
1005005514583207
1005006586159938
1005005671875871
1005006306154506
1005007007444014
1005007277881014
1005006724163168
1005005111774505
1005007300032719
1005007290340882
33038178475
1005006923307454
1005007414596101
1005004818674650
1005007376230972
1005007547148821
1005007408922452
4000227360028
1005007272398943
1005003645157821
32982538175
1005004649576100
1005004942291711
1005006527598566
1005007465040439
1005006806877996
1005002502181609
1005006593961970
1005005272795284
1005006874744649
1005006227494726
1005005514433789
1005007471944003
1005005484930056
1005006281694607
1005005931505201
1005006257575856
1005005522810135
1005005270992212
1005004130154138
32967587260
1005007272524378
1005007287740158
1005006076135113
1005006449680704
1005007650359461
1005002939812825
1005004032925064
1005005543911594
1005006313537605
1005006955591891
1005007192443284
1005007368249924
1005007525220698
1005007170570789
1005006668757874
1005007595356640
1005007311401655
1005007296365580
1005007500171410
1005004330379747
1005006625628123
1005005712443311
1005005525739271
1005007422436134
1005006487234425
1005006752463240
1005007456861281
1005007228841185
1005007278115202
1005006848154326
1005004437680469
1005006454543631
1005007046039057
4001152518900
1005007457548677
1005006923250323
1005004649618216
1005006862377766
1005006801923891
1005007533856353
1005004991872086
1005005258649752
32823556080
1005007622189389
1005007528089932
1005007211617227
1005007434360539
1005005532985665
1005005996204827
1005007527965739
1005007528323174
1005007547465415
1005006806984510
1005005834617221
1005007322628540
32823666436
1005006752135431
1005007477653570
1005007099347254
1005006463626576
1005006773513337
1005005322039011
32816124301
1005007463858652
1005006619896364
1005005705562584
1005007580444705
1005007019472530
1005007477940303
1005006985767941
1005007457466861
32822257936
1005005719131070
1005006699135663
1005007010714073
1005007477747503
1005007518029333
1005007253635014
1005007592874730
1005007162665830
1005007477322897
1005007165735167
1005003445279540
1005007247143974
1005006482546510
1005004460713760
1005007585331428
1005006564832041
1005007130558380
1005007547511199
1005007063673802
1005006779429520
1005007637865676
1005007276409080
1005007322766951
1005007019218362
1005006650114632
33034945172
1005005095668344
1005007616468340
1005007547427220
1005007019528503
1005007107792232
1005005322084330
1005007314790577
1005005538079779
1005007414541334
1005007201954721
1005007053456760
1005007416545562
1005006628315229
1005007553251704
1005006877844622
1005006128391750
1005006747714314
1005006628292813
1005007424413329
1005006080612982
1005006628586433
1005004564687805
1005007531874970
1005007328122046
33034949025
1005007546306486
1005007599937517
1005006619107352
1005007586140711
1005007377964208
1005006633302979
1005007257346046
1005007331643696
1005007002256548
1005004790151777
1005007331931413
1005007099047144
1005007647610557
1005005451787513
1005007332064549
1005004565569842
1005007083841583
1005004178584404
1005007146111082
32954466416
1005006802905865
1005006976128171
1005005312727621
1005006305496504
1005006542860217
4000358388106
1005004840050256
1005006343530664
1005005123343034
1005006113845942
1005007125878804
1005007001722358
1005005798485299
4000560903405
1005006021035654
1005006969945514
1005005241830531
1005005957564304
1005002028870757
1005005278937296
1005005702288452
1005006020470376
1005006832879796
1005004414157496
1005006463311279
1005007581634641
1005006764691098
1005007460853003
1005006761317976
1005006409139323
1005007393244047
1005007175097570
1005005889632029
1005006998274163
1005007450160427
1005005749071382
1005007457564500
1005007461379625
1005006953925376
1005005479403972
1005006821110040
1005004636055350
32752723272
1005006777597339
1005006327837880
1005003572372997
1005006240309794
1005006432906367
1005005261294031
1005007506614027
1005007323552272
1005007265888657
1005007393154986
1005003333773445
1005006876255058
32908241074
1005005628328566
1005006992188552