1005007410311054
1005004574525879
1005005949854506
1005007233733524
1005007512781091
1005006986019594
1005006430156552
1005006823770181
1005005745531540
1005007178617317
1005006898785175
1005007193658262
1005007453557438
1005005924296691
1005004791537935
1005005784955502
1005007523736006
1005004513309814
1005005563671353
1005007169275605
1005003241639314
1005006772135685
1005007102919745
1005005786555467
1005006852647412
1005005788735468
1005005652576637
1005006610208652
1005007007402582
1005006821939821
1005005402549724
1005007585164417
1005006529474234
1005007178272851
1005007124712280
1005007059470791
1005007393651395
1005007463971268
1005007007353591
1005007575469237
1005004673727054
1005004869632433
1005007007498136
1005007182878446
1005007421286792
1005004675025265
1005006998907504
1005007142971702
1005007641900911
1005006367394529
1005007351568246
1005007571163957
1005005217056783
1005005894607863
1005006546905085
1005005900449165
1005006974135417
1005007563261840
1005007549573104
1005007424143730
1005005339397201
1005007132162529
1005007382688768
1005005072048822
1005006431607880
1005005066125882
1005007524206170
1005007356388751
1005005034689650
1005003761660118
1005007007624341
1005005300997488
1005005413175830
1005005990066937
1005004978857617
1005007505479606
1005005575291893
1005006215580129
1005004437275854
1005007495318121
1005007307546590
1005005926982232
1005006983216178
1005006076505147
1005005973004855
1005006961924306
1005007145429162
1005006335976434
1005005837561916
1005006832590495
1005007514393457
1005005300876825
1005006367398607
1005007481978598
1005007193468678
1005007180948696
1005005907392112
1005002434237236
1005005120654409
1005006783559634
1005004775897727
1005007359164719
1005005725800329
1005007568890999
1005004908470244
1005007007180133
1005005259530100
1005006186381154
1005006046633571
1005007436861072
1005004980341988
1005007072398238
1005007350061849
1005006849159913
1005005900379812
1005006299386171
1005006382572856
1005007442293826
1005006835031275
1005007420356348
1005006186381158
1005005746177225
1005007353514498
1005006418682541
1005005477478189
1005004781028330
1005006913653491
1005004874394878
1005007188970519
1005007007241984
1005006954239279
1005005979778873
1005005997743737
1005007546346773
1005007455682836
1005006138944197
1005007615297358
1005007261927425
1005007525180702
1005005110732976
1005007233736478
1005007581660932
1005007206266990
1005006797120566
1005007085798864
1005007410486696
1005006811004180
1005006699517597
1005007614588814
1005006044314791
1005006823123702
1005007126121072
1005007452733793
1005002362216126
1005007044385585
1005007008967078
1005006450132483
1005005366582067
1005006990579449
1005007496551006
1005007350739445
1005005855725127
1005006086274824
1005006770360589
1005007016996646
1005007307552277
1005005414470668
1005004769632180
1005007468149331
1005006838883187
1005006860292436
1005006767835852
1005007006787445
1005007108282133
1005007006885561
1005007192619259
1005005577628133
1005006948004366
1005006422398134
1005006376836562
1005005804469320
1005006432148185
1005007172133340
1005005970835108
1005007214084683
1005004025099533
1005007013452727
1005005743207303
1005007068185490
1005007193761033
1005006909575413
1005006192119232
1005007394918460
1005007546900293
1005003430897164
1005006431599814
1005004780553342
1005004531612856
1005006793706895
1005004500969451
1005005881789943
1005005918845487
1005007596872387
1005007317224969
1005007007037221
1005007022002632
1005006959555818
1005005416620522
1005007127814846
1005007021267560
1005007021891591
1005006908821575
1005006852954462
1005005550059902
1005007017869170
1005006190221511
1005003793576269
1005003387884858
1005006392456647
1005005862364756
1005007365686371
1005007522972239
1005006828769541
1005007525310280
1005007167059350
1005004951371638
1005006418565746
1005007168942269
1005007423775631
1005006352515022
1005007178428692
1005007320149921
1005007380470265
1005006289813043
1005007500031855
1005005117883593
1005007489448929
1005005966728795
1005007442708375
1005007027664684
1005007563837165
1005006320363781
1005007398189645
1005006669833891
1005004790907997
1005007233922212
1005007488731632
1005007216570753
1005005756179054
1005007086091679
1005007477298903
1005007568679098
1005007456471232
1005004200542493
1005006832012734
1005005481017177
1005007585262088
1005004870322189
1005007580965481
1005005068247403
1005007508029116
1005007063908855
1005007606609004
1005007081963928
1005005971401232
1005007550314405
1005004496240105
1005004839365405
1005007424194746
1005005783504359
1005006624029453
1005006732990690
1005006439909279
1005007006349475
1005005454264559
1005006278464525
1005006354882473
1005006962299451
1005004490860049
1005005449162025
1005006717441664
1005006772447100
1005004188221518
1005007165105026
1005005851074880
1005007007426576
1005007150002384
1005004495771420
1005007451103252
1005007447932964
1005006853398701
1005005366537798
1005007076428857
1005007417389223
1005007053754608
1005003794092509
1005007322299478
1005007538462323
1005005069806499
1005007574960904
1005007006761624
1005007171868722
1005007132676844
1005006853482763
1005007098740325
1005007546891237
1005007241248595
1005006716557814
1005007269639255
1005007067078935
1005007007259783
1005006534133857
1005007515550363
1005007599007902
1005007461255967
1005007098743285
1005007440297787
1005006522658804
1005007371827310
1005007006809452
1005007473846394
1005007584715949
1005006854634658
4000261953346
1005007017567612
32989329283
1005007525346233
1005007260738785
1005007174845711
1005007151757954
1005007286617790
1005006340762815
1005006351072658
1005007202610946
1005006914457720
1005006950210400
1005007513209135
1005007149150691
1005005980272065
1005006332272125
1005006067486099
1005007570128023
1005007056650307
1005007339859598
1005006004020241
1005006753692344
1005006623710644
1005005947103270
1005005822428795
1005007556808359
1005005813042466
1005006454329431
1005007045843934
1005006988932575
1005007568399717
1005006315070470
1005006097499574
1005006610071924
1005005995658105
1005007224062421
1005007178542392
1005007323029314
1005007525408360
1005007030568328
1005006197126074
1005007577677041
1005003402537764
1005007208395828
1005007430700711
1005007343794095
1005006046863155
1005007361529468
1005007277663825
1005007272149963
1005007250312291
1005006732878826
1005007394272126
1005007379652075
1005007340078303
1005006530285401
1005006119093685
1005004202019620
1005007307610295
1005007307459959
1005006489365762
1005007220746125
1005007221551389
1005007103672346
1005007146375378
1005005726612180
1005007103322192
1005006791969801
1005006848816864
1005006848747800
1005006828890338
1005006264035441
1005007026854793
1005006343707031
1005005429405406
1005005429286652
1005007007334196
1005007007302221
1005007001343274
1005006945745640
1005005616436030
1005006853870090
1005005651940958
1005006980569440
1005007302899977
1005006255356352
1005005918837536
1005007580953385
1005007523350993
1005007574819029
1005007233651721
1005007396453491
1005007131967940
1005007622879580
1005007066051042
1005006828951710
1005007218613840
1005007006849528
1005007546614120
1005006838219794
1005007134625430
1005007063690616
1005004734606435
1005004795810113
1005005803526663
1005006917082622
1005007122647964
1005007337330992
1005006119059559
1005007456595537
1005007007686290
1005006855163937
1005004448785333
1005007316439179
1005007309432155
1005007418315956
1005007193719910
1005006853447718
1005007460609663
1005006101450396
1005006196209138
1005006980167004
1005007456373032
1005007006924362
1005007007072327
1005005728838240
1005006716842206
1005006401759248
1005007320860966
1005007595724119
1005007593222461
1005006645748838
1005007549506277
1005006852269214
1005006623836653
1005007054691209
1005007321239238
1005006831101658
1005007527327816
1005007037727767
1005007546746460
1005006980687025
1005007400066532
1005007456785360
1005005652127412
1005007309243580
1005006409996270
1005004904792318
1005004748655946
1005005947267184
1005006828547987
1005004776310409
1005007140505467
1005004443863621
1005006648063897
1005006984003846
1005007260860597
1005006025326828
1005007363619536
1005006626796280
1005006733689443
1005007006809948
1005004472049062
1005006665693109
1005006822024675
1005005488879933
1005007502685296
1005007498622809
1005005462267267
1005007123620101
1005007611954115
1005004764500887
1005006630548536
1005004829354993
1005007128054626
1005007490319428