1005006139623608
1005007728349043
1005007728212412
1005007727365658
1005007727386370
1005005979347188
1005005966979432
1005005966965985
1005005979317909
1005006810042800
1005007675825184
1005007696490271
1005007696298840
1005005967005316
1005005966940659
1005005966916850
1005005967044727
1005006713769627
1005005979295562
1005005967012949
1005005966982894
1005005967040571
1005005967129090
1005005967007881
1005005967071525
1005006466007295
1005005852288857
4001234531574
1005006855181733
1005004017737874
1005003742594431
1005007041146219
1005006996160858
1005006260898134
1005001526344566
1005005918859156
1005006945676125
1005007474772055
1005006417878422
2022298643
1005006417870202
1005006343727801
1005006417990155
1005006789149343
1005007036555653
1005005752999056
1005002756094444
1005003708724104
1005007001474255
1005002756072974
1005003742473805
1005002756123616
1005003653063018
1005006724237620
1005002756161682
1005004286163488
1005003654010239
1005006212670821
2023168752
1979445956
1005007161309261
1005006466706135
1005007122704978
1005006417867342
1005006214305518
1005006853738868
1005006742871530
1005007144449468
1005007148567728
1005005640461543
1005006020811197
1005006855382515
1005007453240665
1005004642980807
1005005425666150
1005003250690440
1005006502530079
1005006157126703
1005006069596483
1005006369834323
1005002816550163
1005007124639166
1005006370312105
4000976036115
1005005476321761
1005007468293473
1005007551202418
1005007468219586
1005007589963233
1005007347613602
1005007331376775
1005007092226396
1005005619813449
1005007426486077
1005007670978922
1005007166897597
1005007661230132
1005007230047001
1005007629710358
1005006459807923
1005007420133067
1005006173769207
1005003688228573
1005006804782516
1005007426489302
1005007331673524
1005007635817671
1005007540772807
1005005426217414
1005007468187638
1005007040214354
1005006435911146
1005007343049645
1005007463230068
1005007166649793
1005007457590722
1005005503101995
1005007616063507
1005007331322032
1005007247795905
1005004967861154
1005007601999860
1005007369277045
1005005837040740
1005005383980281
1005007496138497
33020928628
1005007419308408
1005006890242107
1005007279898218
1005007545773537
1005007094712047
1005007303490322
1005007198746786
1005007677565566
1005007590772892
1005007662173041
1005007595394768
1005006935036832
1005007541044549
1005007438722602
1005005210451833
1005007664949659
1005007336649385
1005007555554280
1005006421563209
1005006822360998
1005006784237051
1005006439224783
1005006728458251
1005007469253584
1005007212671184
1005006572185238
1005007125715403
1005007512456392
1005005862903179
1005007300095091
1005007098022472
1005004545618724
1005006624368513
1005007032093156
1005006688860541
1005007574655373
1005006494149047
1005006724900944
1005006543027524
1005007123992421
1005007166557448
1005007354766498
1005006728760553
1005004199817430
1005006950258091
1005006573583689
1005004929725544
1005007038982974
1005007537465281
1005004513881981
1005006735389521
1005007058679899
1005006233321866
1005003467940743
1005007129837882
1005006903947347
32837931394
1005007159540444
1005007145311134
1005006778213940
1005005249688037
1005006856454737
1005006034098610
1005006647722154
1005006009329381
1005006164897545
1005006916306118
1005007060940701
1005006699600722
1005006990272992
1005007316433139
1005007462268079
1005007123806628
1005007639351881
1005004626772990
1005002425925215
1005005977065504
1005007662968288
1005005995632148
1005003371627246
1005005471428883
1005006096562924
1005006191030859
1005007074400155
1005006626126813
1005006642412836
1005005928892397
1005006688212713
1005006728677290
1005006956716911
4001033588945
32844759487
1005007607941240
1005002340528738
1005006845788402
1005005136877299
1005006857919949
32833769733
1005006599812531
1005006728217107
1005005680150244
1005006744773351
1005007220097651
1005006691641980
1005007628761535
4001189192586
32894919587
1005004763142365
1005005979297905
1005005854487274
1005004682569948
1005006735331121
1005007545129832
1005006946389247
1005004600434406
1005007177268966
1005007527682438
1005006818815084
1005007306324388
1005006623784936
1005007061037284
1005002525182178
1005005849107275
1005007548920240
32834005021
4001224187555
1005004210629745
32846867510
1005007544505562
1005006308398206
1005004961406325
32833609475
32852512731
1005006602279553
1005005166399809
32836774739
1005005835239140
1005006608350900
1005004160572188
1005007081290686
1005006956642564
32854935611
1005007438360300
1005004694258438
1005007040299170
1005006818802937
1005007234504286
1005003020921834
1005002939704157
1005004891612913
1005004027589228
1005007236238083
1005006021050488
1005003324495853
1005006109257171
1005004346823966
1005005243927601
1005005281839531
1005004004933016
1005004009160601
1005003237485609
1005006150209459
1005003991177943
1005005281649959
1005005226273430
1005005366973517
1005002312981151
1005005220720762
1005003607969296
1005004150022841
1005004541188875
1005003320548121
1005005281872092
1005005226370296
1005004541144740
1005005281776778
1005005542960358
1005003218983767
1005005225800990
1005006160000420
1005004818590514
1005007558439999
1005006429243119
1005006624552592
1005002579981493
1005005314389427
1005005326520831
1005002440601790
1005006112961341
1005004651594120
32819820159
32390704810
1005007085355956
4000404628951
1005007533461074
1005007546589943
1005007546560957
1005003196614661
1005003397093377
1005005061016783
32910297503
1005007602120378
1005007380456902
1005007022496532
1005006540544314
1005007557408369
1005007005997913
1005007624399317
1005007236398872
1005006061170795
1005007548632538
1005007005718828
1005006871537142
1005006534210940
1005006377973297
1005006307147435
1005006870021524
1005006315296999
1005007649042088
1005006757975468
1005006876539657
1005006302739577
1005006905710781
1005007011424475
4000945718495
1005006741439948
1005006758136105
1005006269735405
1005007022998596
1005006741578079
1005006741493413
1005007186020936
1005006396378375
1005005857253790
1005004933187030
1005007510758239
1005005600603831
1005002760538758
1005006069335586
1005007601237381
1005007601068971
1005006699789539
1005007229526454
1005007678639687
1005007661722558
1005007662890704
1005007655164251
1005007679043023
1005007654044062
1005007661567135
1005007653344810
1005007401458322
1005006892192865
1005007609915334
1005007185166688
1005006847431636
1005007403893988
1005007234417966
1005007333943378
1005006891310871
1005007634472806
1005007280501778
1005006478574572
1005007455944967
1005007299688032
1005006825576624
1005007580660892
1005005620520062
1005007640067960
1005007329588397
1005006111955784
1005002913937082
1005006812274901
1005005449120606
1005006091899137
1005007452672269
1005006174340236
1005005967495705
1005005621426847
1005006779111581
1005007676324477
1005006855890319
1005004896576127
1005005207432755
1005005514728925
1005005654989780
4000084538625
1005002163063289
1005007294436021
1005006834962724
1005007679376799
1005005145871848
4001284508065
1005007650154463
1005007335309008
1005006975366879
1005007664096114
1005004866937319
1005005233896757
1005007671555134
1005006026805710
1005007137417518
1005004494563671
1005007657205193
1005007256962975
1005007340746981
1005005672975194
1005005501902048
1005006860219749
1005007522125212
1005004409047842
1005007359483193
1005006205275448
1005002181614318
1005005753470854
1005006205257369
1005006095322095
1005004275695129
1005007377084912
1005004344150769
1005006619646255
1005007252355264
1005007101924264
1005007361518804
1005005621240951
1005006653273699
1005007334120730
1005006088257291
32919716321
1005006185659254
1005006781144653
1005006575661195
1005006550575665
1005007023464454
1005007379731927
1005005972184140
4000490330828
1005007119440886
1005006257040047
1005006974714459
1005005967289623
1005003282659151
1005006658456869
1005006653130891
1005007185553152
1005006975563336
1005004628195504
1005005849425315
1005004558179377
1005006975430204
1005007587667871
1005006676688164
1005006410384637
1005007000832821
1005007198493107
1005005171029819
1005007427444608
1005006681872765
1005005179782693
1005007273222897
1005005046868475
1005006043169290
1005007208828363
1005005926216302
1005004863309905
1005006670772393
1005006152220163
1005006663561801
1005006850467043
1005005403056194
1005007433941055
1005007413662978
1005006515587982