1005006199385416
1005006310666668
1005004796381239
1005006758374618
1005004515246141
1005006972160367
1005001883782390
4000153110802
1005006315032181
1005007604500607
1005007556770024
4000130972729
1005005867160372
1005006621044525
1005003472999700
1005002474457550
1005007352624648
1005006766131175
1005006947195893
1005007020811762
1005005884757975
1005006712369342
1005003730216101
1005002994816177
1005004148424492
1005002432727112
1005007037850697
1005006766416477
1005005467742974
1005004720629950
1005007076985423
4000164528766
1005007398456795
1005003311535699
1005006367643946
1005005074942056
1005006995016297
1005007130117780
1005005879346807
1005007335404906
1005006660754221
1005003520839603
1005006938204741
1005007462745862
1005006416587144
1005005867351449
1005006767042329
1005005451986756
1005006683885923
1000006758328
32893388579
4000185982654
1005006060246561
1005005452578231
1005004690142580
1005007209144561
1005005840134259
1005002780805726
1005006718045644
1005006660767452
1005003653223300
1005005838558523
1930432652
1005005854026165
1005006766929396
32978823460
1005006766308968
1005006766272068
1005003413639479
1005006718381361
1005004798512348
1005006766659536
1005003999019943
1005006829151029
1005006718097424
1005005924911344
1005002985471096
1005006643134685
1005006416542557
4001322394357
1005005882490972
1005005879970347
1005005743039969
4000026637895
32950077012
1005006281758243
32954316113
32842995043
1005006321425179
1005007441085422
1005006415357373
4000249192614
1005002996351288
1005006775768016
1005003959934931
1005003961050453
1005006917193219
1005006488616948
1005006919042390
1005005103958557
1005006035362160
4001279499035
1005003311631569
1005006393526348
1005007516679780
1005005867327015
1005003556723829
1005006775850113
1005006348125690
1005005275126394
1005002612778597
1005006310815225
1005006647052413
1005005491277279
4000528431552
32840497916
1005005334724253
1005007441194162
1005003956671739
1005003960067700
1005003957902597
1005006348415766
1005006321295642
1005006734331007
1005006870276086
32883006822
1005003517900021
4000184477968
1005005638648156
1005001968586738
1005005838735389
1005007452992485
1005005937189453
1005003477459267
1005006412576352
1005006989583760
1005006572358866
1005005944029131
1005002418235527
1005002780923216
4000557540734
4000833869117
32460962250
1005006011579792
1005005867265794
1005006045394871
1005005635927273
1005006789504181
1005002264350204
32985655899
1005004103717499
1005006978880080
1005005691089452
1005005799977109
32951004160
1005004901318194
1005002983762204
1005003956805509
1005003960946104
1005003961066139
1005003999432091
1005005130991298
1005005790871898
32844877398
4000789953693
1005006766163498
1005004654587138
1005006767040647
1005006195983972
32971010522
4000386762106
1005007398335623
1005007600848786
1005006308325202
1005007597245424
1005007566707033
1005007097013924
4001282696345
1005007646862615
1005007611485519
1005007400889689
1005007523635067
1005007473373413
1005007589547367
1005007626228015
1005007442439333
1005004351432278
1005007524284853
1005007617506744
1005005476213798
1005006152370368
1005005599990070
1005007575254307
1005007681784232
1005006054377659
1005005762030854
1005006974569393
1005007546330296
1005006871717208
1005007644501290
1005007299483353
1005007574962246
1005007035254991
1005007566711037
4000906118830
1005006014927613
1005004584188697
1005006371687931
1005007557949943
1005004780302205
1005007660981641
1005007674455356
1005006853260171
1005005861989235
1005007621448689
1005007500473686
1005006783070015
1005007620584190
1005001869095033
1005007598057751
1005007402628197
1005001483189727
1005007316190297
1005007209940412
1005004301354964
1005007670626735
1005005798045302
4000336426638
1005005315893112
1005006500270972
1005002965129943
1005007657801161
1005007650940579
1005007677185884
1005007658427939
1005007550721680
1005007682322035
1005007661077191
1005007656685280
1005007249675630
1005007657954680
1005006277592701
1005005993557506
1005006000603612
32833673668
4001305542095
1005004627117978
1005006703789395
1005005966094128
1005006000789352
1005005965766286
1005006477433234
1005005965896805
1005005883558820
4000243982513
1005007346271829
1005005993628975
1005004438411735
1005007353759021
1005005222952929
1005006352436395
1005005196596178
33049061167
1005005997280381
1005005086061120
4000552878732
4000086147028
1005005528367036
4000179204920
4000982799887
1005005273238397
33026900244
1005005083870763
1005007156521887
1005007424867168
1005007457279630
1005007458123521
1005006902986457
1005003502193501
1005007118422213
4000726248229
4001270495219
1005007183484017
1005007543664445
1005001698604236
32830475204
33025767997
4001028363199
1005007346293591
1005006944643659
32859839604
1005007279521084
1005005975912798
1005007279957048
1005001457730670
1005006665325288
1005007175576609
1005003401535939
4000814055470
1005003202450226
1005007176257225
1005005966217202
1005005982170054
1005005993510831
1005005959994193
4001136129781
1005005961623882
1005005979289115
1005005982194979
1005006352414276
1005005966735557
1005003490448534
1005001935666643
1005006208057559
4001305460436
1005004324801543
4000761819802
33014105707
1005004627195743
1005007598107800
1005001842860023
1005007150190600
1005005883634337
1005006352209353
1005006664955612
1005007279618292
1005007577326505
33024336582
32816289743
1005006865186921
1005006253554854
32420894254
1005007132703469
1005004016755325
1005007243489433
1005005742658228
1005007183752363
1005006968031599
4000867619852
4001135960649
1005007175272740
1005007534000226
1005003616864698
1005007627396239
4001146274508
1005005936462365
1005005884922444
1005007175846581
32994796489
1005004028662829
1005006485928505
3256806054491031
3256805492495795
3256805662210676
3256806208407814
3256805462206936
3256807206630324
3256806700018117
3256806374949452
3256805636626257
3256805353240515
3256806948095168
3256806754521131
3256805820632672
3256806523958903
3256806167261141
3256804495260721
3256805752852999
3256805775185853
3256806725112342
3256805332516538
3256805954938106
3256806377998554
3256806123301397
3256806931769298
3256806758034125
3256807062511156
3256806075579349
3256806196555093
3256801285698027
3256806264595029
3256805272711655
3256806241249814
3256807153165267
3256804283796730
3256805362308442
3256805590944866
3256806353381107
3256803908279041
3256807037856642
3256807343271058
3256804065312007
3256803730093532
3256806620818564
3256805258748479
3256806372610859
3256806474885440
3256806009079587
3256805374314053
3256806630714885
3256804545736331
3256806607440303
3256805991907096
3256806632643692
3256804998938618
2255800565779269
3256806208274054
3256804885422301
3256804744055977
3256807257964650
3256806654968927
3256806966829082
3256804817339517
3256805115759399
3256802913308847
3256803519718865
3256806162345602
3256803884642809
3256807399757707
2255800734054906
3256804806458356
3256807428131416
3256806065251239
3256804869530778
2255800830169862
3256804423536314
3256806063393276
3256802500582554
3256806419402252
3256806392537251
3256803910495679
3256806628534611
3256804704031784
3256803959036036
3256806645359773
3256806225527016
3256804814408208
3256802500636628
3256803819211838
3256805849597472
3256803550901223
3256806926752282
3256805689387323
3256806726164337
3256806618470286
3256803926112871
3256806825246017
3256803444341325
3256803147591314
3256806156484199
3256806641759192
3256804055049573
3256801950148887
3256804951410654
3256807274019753
3256803550064036
3256807486033474
3256806970737948
3256805308053924
3256807310010428
3256805047419067
3256807316150584
3256806895750564
3256805775779661
3256802913109935
3256805981560715
3256806305222353
3256807422124241
3256804944643867
3256805286829829
3256805979909036
3256807251202379
3256805616071652
3256805613831668
3256804436013504
3256807456473236
3256805896356669
3256805574992372
3256807096738768
3256807213675356
3256807457062962
3256807469483507
3256807457294355
3256807469966429
3256807469504776
3256807469432937
3256805062889894
3256807239452335
3256807469777443
3256804944368156
3256805928280868
3256805976467578
3256807061676636
3256804434447044
3256807238737894
3256804657949282
3256804767139237
3256805140697616
3256805061603783
3256806907932953