1005006996160788
1005004901892874
1005007188679298
1005004072612265
1005007193109753
1005006858308441
1005007162595193
1005007468051728
1005007352341359
1005006975398407
1005006907822991
1005007497640787
1005007594205797
1005006707007380
1005007328100816
1005007589490016
1005005240430141
1005007036025375
1005007094829671
1005004121578142
1005007127958306
1005007598025855
1005006178279918
1005007577569197
1005006164378862
1005006900023774
1005007036062383
1005007066902916
1005006274533944
1005004285169692
1005007007528556
1005007463095342
1005004105066389
1005005735153274
1005004062290760
1005007500911574
1005006989063087
1005006413852527
1005007257969210
1005007485119452
1005005048563561
1005007125528708
1005006998262206
1005006911734269
1005006355019191
1005007609556024
1005004327143855
1005007045040089
1005007219042256
1005007180919280
1005007625087698
1005007029925759
1005007586807609
1005006844108452
1005007475287978
1005006649325285
1005004104453064
1005007535482252
1005005079410891
1005007199263965
1005007501742113
1005007450170035
1005004460257615
1005004158051410
1005007112701774
1005006807498268
1005005964031329
1005006863397686
1005007150407207
1005006275509770
1005007128267425
1005005983217060
1005005137795052
1005007156025232
1005005091201300
1005006901711454
1005007302672387
1005007058532564
1005007569258986
1005007491180953
1005007111897563
1005007000625341
1005005377360843
1005006742324686
1005002812878595
1005007111843663
1005004245354190
1005007082280201
1005007323726440
1005007009706654
1005007605822821
1005006924131069
1005006863486993
1005006888558530
1005005970593480
1005006690277550
1005007335558881
1005004689050644
1005007600890855
1005005343034536
1005006518292721
1005007457318397
1005006801036965
1005005803295426
1005006730352606
1005007168405647
1005007026946696
1005007600890684
1005007586471614
1005005254832640
1005007466004803
1005002007598120
1005006470756656
1005006863325631
1005006851386644
1005007601054305
1005007335000228
1005004016863938
1005007618566444
1005006643291305
1005007603422324
1005002671786579
1005006741080613
1005007302715623
1005007124239555
1005006009175464
1005002046032034
1005006947167311
1005001335451154
1005004170003881
1005005735149791
1005007075384493
1005001940309954
1005006804363306
1005006739374894
1005007302694990
1005006656217122
1005007475017907
1005007557149180
1005006071767464
1005007487246119
1005007556188747
1005007460962166
1005007571275192
1005005735418125
1005004521173545
1005007524630685
1005006155491953
1005007050444987
1005004910053313
1005002670759854
1005006174576158
1005007030085056
1005003218637590
1005006402818073
1005005094134257
1005003284541236
1005006226325349
1005005764593392
1005006307537439
1005006860248829
1005003995615087
1005006982041969
1005007090076799
1005007136360664
1005007577559888
1005007363341248
1005005973876944
1005006108259936
1005005672540003
1005007600552951
1005005648759676
1005005332603191
1005007479948429
1005006412486973
1005004386963419
1005005722473259
1005005447501390
1005005722552022
1005006935109715
1005007492797032
1005006911311035
1005006028903549
1005005642018082
1005007257313281
1005007303329136
1005007165688519
1005007527446239
1005007281791016
1005005376503657
1005006964607360
1005005626451220
1005006801033051
1005006342080928
1005007262471055
1005005254555916
1005006263797740
1005007159438912
1005007176745637
1005007117498836
1005007013827058
1005007384632138
1005006831956648
1005006119655172
1005004720872296
1005003680725348
1005006858537094
1005002973059939
1005003741131905
1005007550431384
1005003712022313
1005007035879735
1005007090233593
1005005837027316
1005007011284851
1005003690071628
1005006772978575
1005007463475879
1005007561255174
1005007122519978
1005007128164541
1005004259126615
1005007121622861
1005005660800608
1005001458461323
1005007337579094
1005006755489695
1005006178435147
1005007618202630
1005007586488760
1005005771746133
1005004040839517
1005007577388604
1005004394464044
1005007219368642
1005006772794503
1005007460247507
1005007577459631
1005004483823277
1005005027972189
1005003223601053
1005007604560941
1005006071755569
1005007609900796
1005001310074935
1005003795757333
1005007292711131
1005004272285181
1005005443052776
1005003934970526
1005006991500476
1005007560024349
4000179057765
1005007413825401
1005007235672658
1005004839750903
1005007427215681
1005006987602968
1005006987469904
1005007305540091
1005007500922676
1005007609890998
1005005777133911
1005005243751412
1005005931553965
1005007561457263
1005004332488934
1005004062950802
1005005342430993
1005007351454428
1005003267614262
1005006249621113
1005003662746559
1005005999461701
1005006806547358
4000492583960
1005006682380703
1005007524376158
1005005338403059
1005002844798037
1005007561353426
1005007305646099
1005004021813703
1005003642510393
1005004790718550
1005004812789933
1005007633362912
1005006011202484
1005006518449227
1005007605041186
1005007087129680
1005007463638780
1005007074378046
1005004795461909
1005002768967504
1005006773590673
1005002771622876
1005005206728475
1005002908831769
1005002453659856
1005004478870641
1005006102631185
1005005004450069
1005006699819802
1005006697953181
1005003298421624
1005005878600774
1005004005041436
1005007685278198
1005007684756958
1005007684335262
1005007735079491
1005007785785685
1005005374476423
1005007235859226
1005005868257797
1005007327214096
1005007501066462
1005006847887735
1005004513146654
1005004765145701
1005005752729577
1005006059244459
1005007685198029
1005007685118239
1005007685001392
1005007684637941
1005007656176048
1005007680960872
1005007782877394
1005007778914217
1005007778308075
1005007778153341
1005007778019536
1005007720000480
1005007778052226
1005007777796985
1005007773946364
1005007773813522
1005007773650504
1005007773737089
1005007773731133
1005007729751857
1005007729713257
1005007729680703
1005007729596561
1005007766870828
1005007765722303
1005007765036419
1005007764967368
1005007763528210
1005007706732139
1005007755298108
1005007688505467
1005007688331769
1005007755355843
1005007755271820
1005007681338043
1005007546751620
1005007747818894
1005007714975170
1005007715055308
1005007719972628
1005007748041229
1005007731393600
1005003137748998
1005007722054593
1005007720306352
1005007719681307
1005007708496020
1005007327289067
1005006337385550
1005007193157169
1005006707657459
1005004510657243
1005007671111917
1005007671135904
1005007779328015
1005007779127810
1005007778825724
1005007773434092
1005007773243419
1005007767179321
1005007749597216
1005007749151530
1005007688660102
1005007688574246
1005007715031695
1005007720020983
1005007736461038
1005007736263295
1005007729480793
1005007729594137
1005007713210516
1005007712973953
1005007712306977
1005007706429814
1005007706457819
1005005459648902
1005005816887497
1005004160773642
1005007254261725
1005007775590208
1005007775499040
1005007775214651
1005007775135727
1005007748645864
1005007730093532
1005007739293259
1005007706707085
1005007706657041
1005007706344618
1005007706303890
1005007446259648
1005007023924339
1005006713665208
1005006141323307
1005007692750786
1005007715433958
1005007709299186
1005007709070935
1005007706293683
1005007706311577
1005006707705740
1005006739406598
1005006322819518
1005007302590667
1005007709054821
1005007709053882
1005007687609058
1005007756858516
1005006310842895
1005006950055778
1005005918827897
1005007607934942
1005007756926578
1005007756832544
1005007756820985
1005007006572386
1005007192600941
1005005895123754
1005006713770939
1005006879510192
1005006610757728
1005006963246156
1005006355026666
1005006478229655
1005006485118559
1005007275731182
1005007040420740
1005005816842955
1005005845337752
1005005341054648
1005005443029644
1005007155579812
1005004160180036
1005007192676886
1005006621395616
1005006944070560
1005004236817987
1005006263883191
1005004849228179
1005007193405350
1005007384211977
1005007262156079
1005007302790327
1005006739482513
1005005277233745
1005007171050481
1005005374490234
1005006962981883
1005006867350498
1005006713857603
1005007155984138
1005007541275406
1005007558694402
1005007276827548
1005005990880238
1005004795385524
1005006891997538
1005006707828124
1005006713575849
1005006944116114
1005005338648131
1005006166546534
1005007048467200
1005006629785783
1005007561123640
1005007156006125
1005007170946275
1005006191789884
1005006754920448
1005006707797485
1005007340739513
1005006405809536
1005006739564206
1005006364223090
1005006364059676
1005007608203296
1005006735717330