1005007488536740
4001218998679
1005006840426620
1005005794923658
1005006934816193
1005007466052673
1005007439319241
1005006425841939
1005007448103499
1005007447986672
1005007312560090
1005007447188483
1005007450578538
1005007446919238
1005007453063426
1005007450274597
1005007441935857
1005007311358660
1005006593825158
1005007196505325
1005007187801044
1005006682055755
4001238292177
1005005673168183
1005005846537990
1005005443415929
1005005231834279
1005007276087747
1005006968245744
1005005354909971
1005007001256432
1005006782757069
1005005274871807
1005001425380531
1005006321071548
1005007052106424
1005004281300282
1005007182040696
1005007325459367
1005007265302833
1005006781671090
1005002685652927
1005005175248916
33045840419
1005005773292437
1005006750759885
1005006322676168
1005006431032149
1005005980396668
1005006696522397
1005001638264011
1005006840172560
1005007094840898
1005005249041320
1005006813372001
1005006769408660
1005006631631870
1005005385582399
1005005245220621
1005006429858952
1005006912614291
1005004674976533
1005004669315914
1005007418671825
1005004810402870
1005002971864876
1005006398018559
1005004696297030
1005004693619050
1005006615057190
1005006753541816
1005007016285450
1005004513408968
1005004769421354
1005005674952188
1005004917583370
1005004761820216
1005004570338587
1005004654689193
1005007095702552
1005004618464918
1005004080637636
1005006462804026
1005004921102506
1005006611043057
1005007111527288
1005007264477290
1005006324926084
1005001329807730
1005005134029080
33043509751
1005006555601332
1005007172901572
1005005450501765
1005007447002282
1005006812899928
1005005946861856
1005005199219608
1005006764268414
1005004693126848
1005001638065603
1005006740891163
1005004722793964
1005004719217842
1005007121477129
1005006494610628
1005007264379242
1005007053681307
1005006267252453
1005007209493715
1005005933178433
1005006311943205
1005005972707766
1005007022861275
1005007026720952
1005004917014424
1005006428799049
1005005990331113
1005007021369675
1005004745296243
1005006494073995
1005007265539364
1005007111588327
1005005816561119
1005006655023842
1005007247104497
1005007205384677
1005006407697332
1005007226452438
1005007384168470
1005007369066174
4000800592156
1005006939853708
1005005450792941
1005005274467821
1005007355979193
1005004139250451
1005007227045436
1005007174837070
1005007359477499
1005005648841163
1005007192694631
1005006691151308
1005005872265350
1005006450506754
1005006069117926
1005007382297925
1005007302235630
1005005504381657
1005004126914975
1005003610682577
1005007162457009
1005003800268420
1005007109385166
1005005954883948
1005006981510319
1005006604418022
1005006833577636
1005005572540470
1005003658641275
1005007137002406
1005006875703553
1005006575133893
1005006555116821
1005005554648357
1005006493668772
1005005181938772
1005005929306609
1005007061591270
1005004679329836
1005006969267438
1005006284918099
1005006240106983
1005006858618753
1005006486733922
1005007062139331
1005006783376399
1005006997737070
1005006786892355
1005006857610532
1005002368508148
1005006772146401
1005005961138868
1005007300220802
1005006399594052
1005003397602044
1005005761117374
1005002718522221
1005004922238658
1005005961193504
1005006306146745
1005006779373880
1005006732609540
1005005803322888
1005001763296809
1005004600711227
32705514709
1005005787143990
1005007485736620
1005006600627761
1005004626954719
1005005761130295
1005004570501161
1005007320536466
1005006498172744
4000193454688
1005001526804788
1005005831820460
1005002842602776
1005006125997994
1005004837951602
1005006413264020
1005007173777550
1005005916781240
1005003299949524
1005003300005076
1005006043344338
1005005860077755
1005005859872806
1005006237829259
1005006242629074
1005006828671685
1005007445972807
1005007294776178
1005005373914011
1005006099484946
1005007487651167
1005007478989294
1005006408228334
1005006079990693
1005006386158606
1005005945527868
1005005499167153
1005005944513293
1005007469909114
1005005339104070
1005005339071251
1005007226169490
1005006015762314
1005005553134009
1005004693789778
1005007473101701
1005006976072051
1005004506892307
1005005320379340
1005006359244584
32801597375
1005005461073470
1005001274842019
32526736533
4000453294593
4001034146874
4000970570521
1005005538661014
1005004041185046
1005005770539171
1005005348758230
1005005310686357
1005006819331473
1005005589332407
32229011719
1005006572855664
1005005226626064
32892062719
1005006988875661
1005007462000523
1005006450392989
1005005775486833
1005005400050580
1005004333942114
1005006524034195
1005001631167872
32824935063
1005003058326896
1005006407276623
1005006440894005
1005005428851113
1005005096396656
1005005849080328
1005005315765642
1005006744025864
1005005396673609
1005004527649972
1005006967335837
1005006716902727
4000103073077
1005006113267129
33007610928
1005005062529909
1005003817700740
1005001340179383
1005002571845651
1005002497276918
1005001935999519
1005001941406730
1005004682292133
32891710529
1005006281583289
1005003579318563
1005007142353675
1005003878482795
1005002943980927
1005006064172939
1005002328078136
1005007002207533
32894305968
4001112496736
1005004645724989
4000224084121
1005007104520475
1005006973056415
1005007104404547
1005007011691040
1005007177536244
1005007177483625
1005006581286826
1005006131711301
1005006145560044
1005005461168819
1005005841762049
1005006898907268
1005006914083738
1005007337341802
1005007329751351
1005007324598857
1005006898867196
1005007357067262
1005007450943615
1005007133574285
1005007483471360
1005006508916550
1005006606211229
1005007183679001
1005007026267848
1005007483834048
1005006481555150
1005007026273960
1005004769128612
1005007026447129
1005006898825477
1005007026161444
1005007322535839
1005006898845434
1005006730820396
1005005803053098
1005006898670957
1005005803007688
1005006499621109
1005007320961513
1005007453365360
1005007341875407
1005007453103048
1005007024937640
1005006605607704
1005007117839871
1005007483145657
1005006552216211
1005004996353344
1005007446797055
1005007192335936
1005005802988699
1005007178466320
1005007080843149
1005007085822682
1005007486864097
1005006605566731
1005007331652157
1005007470112918
1005007446752284
1005007024640359
1005007338001189
1005006481572065
1005006590823334
1005005385364090
1005006533498723
1005006501412933
1005007336997909
1005007347920803
1005007033649879
1005004994017995
1005006898684928
1005006025952295
1005007489049802
1005007488946778
1005006632226425
1005006421091280
1005007453068933
1005007446403624
1005007446614109
1005007446439570
1005007446759338
1005006501370728
1005007329477968
1005007317841293
1005007321346367
1005007330526127
1005007183109633
1005007178452376
1005007170284721
1005006551818893
1005006898728909
1005005384748002
1005007446744112
1005005238659833
1005007446643256
1005007446712090
1005007446528475
1005006363157654
1005006799121392
1005006530661886
1005006621772394
1005006621992183
1005004994093038
1005007278717445
1005006200619588
1005007453313501
1005007446451540
1005007337015286
1005004358443382
4001314649851
1005004036637253
1005005970390627
32805079838
1005006149065154
1005006453622116
1005006927627425
1005006809469528
1005007305605104
1005007420532119
1005007227411218
1005004168220380
1005007372554722
1005006922549884
1005006321546888
1005007246192912
1005007048588777
1005006398498093
1005007337593775
1005006961237418
1005007037616236
1005007033033106
1005005368365916
1005006975890084
1005007211999078
1005007246237825
1005006228128785
1005007063388135
1005004417664890
1005006022494579
1005007197768987
1005005967544951
1005006916954564
1005006975797120
32898250083
1005006754877813
1005006741598236
1005007037688044
1005006598624287
1005007345745474
1005006117163200
1005006149936170
1005005798897452
1005004746911818
1005005965841426
1005004471575009
1005006873883243
1005001390717004
1005007061250442
1005004412224595
1005007442247166
1005007083757482
1005007298452908
1005006563452107
1005006247644949
1005007183767044
33020878065
1005005283990143
1005006819105266
1005006487932116
1005007087883952
1005004983986104
1005003656790500
1005007334417309
1005006716448420
1005006284797539
1005004407528169
1005006039708277
1005006043697690
1005005599086187
1005005736200177
1005006771224917
1005006108238627
1005006760799332
1005006844491322
1005006776162227
1005007448849571
1005007026527340
1005007437920597
1005007435934393
1005007109262854