1005005577628138
1005006980014288
32993097582
33054373811
1005003800721487
1005005529337767
1005004324177876
32947393571
1005005676960939
1005006306064306
1005003691637682
4000007476205
1005006443796821
32737850377
1005007186700847
1005004731639005
1005006847093251
1005005606071620
1005004230791783
4000475115391
32886214613
4001265636487
1005002796472326
32858849116
1005002758377289
1005001506227116
1005005756111235
1005005494515528
1005006753922134
1005005762118857
32301458003
32873503339
1005004779480172
1005002559220190
1005002159581345
1005006636182668
1005004294817009
1005006185344670
1005006174752050
1005006952753197
1005005710754220
1005003136705252
1005007108877658
1005004333764949
1005005620983349
4000534370622
1005007166775921
32950493482
4001159168221
1005004161904868
1005005367925518
1005002932711272
1005007128601152
1005006875371986
1005006642542675
1005006856754691
1005004565294746
4000130204748
1005007408291390
32997473654
32982160711
1005006007448676
32840744873
1005006746714164
1005005981178264
1005002842333877
32882280546
1005006826563626
1005006020057937
1005007589628320
1005006258939558
1005007441204332
1005007507776611
1005004511227417
1005007300183059
1005002878162657
1005005404589178
32625011913
32883437089
1005004961576689
1005004054682787
1005005292299620
1005002729828045
1005005863195607
1005006967615824
1005006248782129
1005001607733599
1005005871385541
1005003163401598
1005005466872043
1005006125584487
1005001620945155
1005007445514949
1005006918590877
1005005245579732
32887924232
1005004739449069
1005006349150178
1005007386047595
1005005972269315
32853079284
1005006141747001
1005001907265472
1005006020855293
1005002348227941
1005003557064098
1005006345833515
1005006646650812
32700107534
1005006564998765
1005004448729981
1005006432184057
1005004167608954
32814691160
4001241532051
1005004773816597
1005002876432973
1005007001441440
1005004688504613
1005002512561327
1005004094915711
1005003948381892
1005004901380752
1005006818501895
1005007137243277
1005007199572482
1005005139993383
1005007280698925
4001091285239
1005006225975527
32810496180
1005005525649640
1005003452087409
4000098277287
1005006729666363
1005004222177483
1005007009228951
10000000351286
4001095325091
1005004053493877
1005005531174478
32881315059
1005003354505535
32716952873
1005006915633049
1005006367809201
1005006314542633
1005006361577589
4000291955398
1005007343471107
1005006690798530
1005005323816118
1005006235713372
1005001753174968
1005004151374040
1005003303846916
32860682268
1005002530703438
1005003127719834
1005001452759589
1005004706276799
32485213132
1005003665268227
1005006447994805
1005006717695897
32961683265
1005004221559267
32993559058
1005005107640395
1005007450211060
1005007250654579
1005002805444951
1005007149659466
1005005180873723
1005004724555970
1005001658035559
32900056157
32990134968
1005003717901624
4000009225023
1005006451456439
1005006896743057
1005005328203056
1005004615642154
1005007082735615
1005006907770493
32956181362
32717175180
1005006004230800
1005004570334008
1005002792237323
1005004845628219
1005007153645336
1005005446502041
4000740518146
1005006963560482
1005006357900134
1005003332805855
1005006986357428
1005007433074910
32319683802
1005001603316568
1005004701448331
32906081948
32666477812
1005004300610842
1005001714211133
1005003605100836
32579076324
1005007013970338
32960328004
4000106359040
33016981180
1005003479225519
1005006487238163
4001257545809
33046443096
1005006991026486
1005004199188809
32370210246
1005006520205438
1005006384125307
1005006845383057
32828933945
1005004993876282
1005007353633510
32959057982
1005004531914134
1005002474096036
32845885671
1005007101445442
32755237310
32865810726
32378049447
1005006467377178
1005005510939218
32889922689
1005005897608437
1005006619911348
1005005312717607
1005005638242440
1005007146328075
1005007205974309
32862000622
32799327087
1005005862931360
32816353269
1005005678734108
1005006158240068
1005006448844448
1005006781723777
1005002458778902
1005003923579426
4000794933397
32930476211
4000808887282
32975624168
1005007519445420
1005007201725268
1005005455400358
1005005434262995
1005003000943097
1005007468701366
1005002319169918
1005006663842549
1005007025838426
1005007213187800
1005005393005360
1005006821917369
1005003701781507
32711329134
1005007250366386
1005005606806088
1005007628712417
1005005525714097
1005007495350159
1005006820138184
32890585746
4001146373496
1005003498698683
4001294020204
32773078491
1005006145178646
1005002841153576
4000628424906
1005001649567281
32849775699
1005005421359465
32332834556
1005006415812029
1981248608
1005003379062506
1005006862673479
32981926024
32805184035
1005002253183829
1005007268395537
1005004780028135
1005004084568703
1005007126244785
32951682739
1005003332658427
1005007015324978
1005002760914882
1005005007743393
4000669366636
32838629851
1005007126294552
1005002363069364
1005005604823698
1005005327096411
1005001605898203
32848259416
1005006467513989
1005002064518271
1005005363048333
1005006281461458
1005004258454251
1005003710275588
4001162141683
1005005011669244
1005006357600848
4000535862883
4001269751342
1005001758067433
1005005573350623
4000333616393
1005001971591921
1005007478638346
1005005593058163
1005004760623643
1005002834516795
4000303665944
1005007010369360
1005006075248603
1005006123040287
1005006236839739
1005005938139523
1005003475778148
1005005320584518
1005002914669240
1005007149170409
1005006199973655
32730968998
32912733324
32874986350
1005001281711047
4000343910239
4000479438884
1005002546012545
1005007403679953
1005006388154666
1005004139658694
4000310371119
1005006771177297
32859289702
4000591898147
32477065183
1005003691643922
1005006852233309
4001208516364
1005005755326400
4000113396218
1005001469015077
1005001475235486
1005001950422351
1005002886791625
32789452511
1005005529389533
1005006792779880
1005005191979041
1005007618589046
32996804400
32859708502
1005004323246816
1005005905635131
1005002740211898
32866251431
1005006846858094
1005005890063055
1005006894689059
32538923573
1005006986183915
4001265609652
1005002908802771
1005005114873039
1005006367684894
1005006692323035
1005002821030794
1005005840250310
33038152810
4001107528178
1005006703282779
32760423827
4001117129332
1005003488281174
1005002224680310
1005002908913155
32885886562
1005007164339961
1005004181691522
1005006922503862
1005006078817465
1005004085845669
1005003417654932
1005003682789445
1005006778784649
1005003424921116
1005004046523788
1005007374724760
1005005734354787
32947504796
1005006052556285
1005006093030661
1005005462135688
1005007006877653
1005005997556148
4000234597756
1005004587743843
1005006149729535
4000288059965
32877079710
1005003692419121
1005005606576994
1005003081044587
1005002716449936
1005005643938260
1005006220042051
1005005367607055
1005005914839470
1005006552391221
1005006820415484
1005006995119953
1005002906698251
1005006760126890
1005007145657650
1005006147828350
1005004230709703
1005006996568648
1005002115612276
1005006959583961
1005007560598268
1005006060429965
32867584090
1005003751120540
1005006789198058
1005003322150941
1005005992728262
4001132890389
33054826933
32763610922
1005004389198421
1005003751018769
32426416659
1005007342027883
1005004843992022
1005007663132604
1005007682128756
1005007670362715
1005006889037738
10000294971710
4000860850596
1005001298882187
1005005993891815
1005007635383714
1005002474191807
1005006750135102
1005004840788354
1005002284232227
1005002712302891
1005006416485639
1005005827826124
4001230692663
1005003196784273
1005002136935288
1005007054490535
1005007176235596
1005004509245964
32964875934
1005006671356951
1005007175412873
1005007163011592
1005006693570772
1005006801627092
33055723948
1005002433587874
1005005017196587
2042370239
2042369676
1005006258509374
1005006844949007
1005007160315700
1005006697262743
1005006536082384
1005003598695299
1005007341952421
1005005585333498
1005007511674603
1005005981614173
1005001923465108