32988120840
4001095900267
1005003547874420
1005005596870338
1005005453113468
1005005530491401
1005005416565392
4000264983571
33016723334
10000234090118
1005004509218568
33015395670
4000529890378
1005001940739759
1005004907768122
1005003663541201
1005002910941602
1005002283239545
1005004217530453
1005001855418426
4000548423718
1005003056906725
1005004267021449
4001080608070
4001339938294
1005005472117412
1005005620408520
1005004013964397
1005004891235125
4001232177281
1005005592601387
1005004148156433
1005004682255467
1005003074285750
1005004595107762
1005002613713068
1005003252412783
1005004468569545
1005005142288330
4001234774027
1005003713488090
1005004629318899
1005003514967711
1005004483443105
32821098781
1005005297041787
1005005115143365
4001299502277
1005002990660298
1005004803420308
1005005264247902
1005002433955123
1005003325969749
1005005046695713
1005005104763548
1005001853624767
1005005275243484
1005002956552940
1005005086866621
1005004501875346
1005002965042467
1005005616405027
1005005184606088
1005003292971938
1005003370245712
4000894504106
32715553662
1005002983589722
1005004004595605
1005004551607628
32890012928
1005004741340030
1005003661541313
1005005038714277
32965738253
1005003129066333
1005003186729597
1005001891886174
10000093551969
1005003949733857
4001291825623
1005002865036543
1005004367901931
1005003593856411
1005003274593185
1005004608642295
32854843881
32997269822
1005005454537033
4000401334767
32852655873
1005002055742668
1005003094282444
1005002117485893
32788408779
1005002322431464
1005004786306533
4000018752137
1005003959068268
1005004033876497
1005003753331791
1005002347170146
32558782395
1005004113904560
1005003610727512
1005004699347215
1005004927387209
1005004588161994
4001061829466
10000313416029
1005003924758030
1005001983444115
1005005027849387
1005004285673349
1005005351365623
33036570798
1005003809589108
4000904472471
4001309423470
1005001270455001
1005003756234958
1005005307869853
1005003104586024
1005001862974389
32891561687
1005005261715520
32823492873
33030045785
33000854089
1005005277730159
1005003139536634
32829043435
1005002225226253
32995720408
1005003481463304
4000193901651
1005004723976380
32920900079
1005004265065601
1005007168618474
1005007486409354
1005007459480622
1005007454096822
1005007441501723
1005007488281299
1005007207111995
1005007458827542
1005007447137359
1005007217875447
4000200255581
1005006268210973
1005007391868923
1005005816642097
1005006574156754
1005006796745254
1005007205481346
1005002137818632
1005007417605427
1005007355448646
1005007272045510
1005002143911517
1005006902127039
1005007198141455
1005006891280554
1005006328350052
1005007223255609
1005002324734264
1005004101577864
1005006411939956
1005006685272323
1005002756502349
1005004778615503
1005007232504054
1005007057547156
1005003198187776
1005005943396509
1005007414540682
1005007352727261
1005007482695083
1005006801912189
1005006933245163
1005007471892077
1005006956008291
1005005959366095
1005006961224931
1005004937219922
1005007347361279
1005006417625605
1005005984647436
1005006079623024
1005007196304706
1005005127416456
1005007027329451
1005005113785150
1005005316565541
1005004549707480
1005005831320889
1005005743634601
1005007059441968
1005006273919486
1005007162087775
1005003522552605
1005006997733372
1005005937319886
1005006336685768
1005006689082610
1005006769753666
1005006923598530
1005007418848238
1005006408144000
1005007453619525
1005006413918914
1005007460009187
1005007465207201
1005004985167542
1005007446796934
1005006372266616
1005006996855796
1005006008509056
33025821852
1005005600783158
1005007077839468
1005006075202550
1005006750691256
1005007175206320
1005007131966503
1005004354089054
1005003392544672
1005004348117412
1005007000793034
1005007174322107
1005007465292940
1005005580480787
32957583132
1005005984656363
1005007084603925
1005007364991794
1005007320904393
1005006623963742
1005007451257258
1005007447055427
32955692024
1005007000270083
1005007065115541
1005007316262546
1005006125284034
1005005282427167
1005006122870613
4000638284672
1005001791628671
1005007145403346
1005006866396638
1005005993945680
1005006950211637
1005005716114973
1005006768026932
1005007116512446
1005007447229827
1005006012649025
1005006206253517
1005006186230759
1005005737790712
1005004628758956
4000931695440
1005003735599802
4000537174847
4000756794437
1005006906642853
1005007344972956
1005007488484851
1005007488104884
1005007488604140
1005007488079536
1005007487930877
1005007488162350
1005007409248723
1005007484125308
1005007439618105
1005007158719961
1005007449119427
1005007447158362
1005007447137971
1005007446929897
1005007451006881
1005007451326208
1005007440344571
1005007441083553
1005007440953642
1005007441174321
1005007441227700
1005007441063363
1005007441276365
1005007443984353
1005007171592631
1005007171702456
1005007171768375
1005005236627632
1005004764192978
1005005350884853
1005007234746321
1005004764224877
1005006504000411
1005004681776887
1005005444836101
1005002952964663
1005003754433978
1005005600111932
1005003504147400
1005004871252696
1005005264094756
1005004571166553
1005004917177921
1005005139581817
1005006140571632
1005003705853721
1005003501969373
1005003727211976
1005005424070972
1005005090410714
1005005065256922
1005004992166411
1005005509414446
1005004886875276
1005005252584854
1005005618162555
1005004341367443
1005005577244429
1005005402300277
1005005324269391
1005003879296006
1005003324535749
1005002218783768
1005005472147433
1005005255575464
1005004525838339
1005001919275561
1005003625341535
1005003173206214
1005005073331797
1005005535342343
1005004962957475
1005005283821926
1005005042924665
1005004663612021
1005005007810491
1005005204895757
1005004763902834
1005005588293161
1005002630755983
1005005544701330
1005004913453917
1005005227222675
1005003895360588
1005004839446102
1005005283207398
1005005253926658
1005004049692651
1005004301578651
1005007380030599
33064291976
1005005266117578
1005004333138288
1005005518392605
1005005610333983
1005005534101712
1005005598969185
1005004366612086
1005002890243417
1005004408169641
10000192247537
1005003581062908
1005004682216042
1005003433745409
1005003663535872
33042546667
1005003697310682
1005001803437123
1005003994679296
1005004372718567
1005003618538264
1005005485759175
4000291778739
1005004646714483
1005004427934462
1005004354975611
1005005435072961
1005005332674209
1005006526053943
1005003241138539
1005004198318337
1005004665316125
1005006445260570
1005005073555864
1005004522289569
1005005120576874
1005003792714921
1005001965455152
1005005164834871
1005003802049956
4000032414017
1005004101587789
1005005515657998
1005005644156873
1005004543988005
1005003832751449
1005004404487835
1005004993314679
1005005658555328
1005003238238796
1005004796319880
1005004291271398
1005005160184677
1005005418771038
1005007253368986
1005005402136762
1005004517208341
1005004543480197
1005004605372385
1005005453891989
1005002311639201
1005004589454321
1005004350788550
1005001693476726
1005004393311162
4000214208669
1005002776515819
32885137160
4000259246379
1005005994233022
1005006924563457
1005007180063032
1005007471435435
1005007471309706
1005007465690132
1005007451360069
1005007131867547
1005007386763645
1005005951855939
1005006961407394
1005007106120250
1005006861604821
1005006979844470
1005006243682448
1005007262489381
1005007155480335
1005007200474422
1005007164629678
1005007357872290
1005007442234583
1005007153624602
1005007428257092
1005007427196408
1005007381324802
1005007143022297
1005007143236800
1005007143281934
1005007143346925
1005007315590379
1005004204212050
1005003396256582
1005002983007344
1005004374557049
1005003396304189
1005007446207070
1005004491777941
1005004468433650
1005006479300331
1005007116297554
1005005976361171
1005007436920043
1005007427137570
1005005844634405
1005007373292121
1005007143393580
10000002715496
1005006731920046
1005005874117906
1005003217245775
1005006142046887
1005007142964117
1005007143643604
1005007260994574
1005001605735164
1005004205513501
1005005312334703
1005004361705343
1005006767276205
1005002298626004
32602778637
1005003485475716
1005001704003252
1005006507180175
1005003485521490
1005005584973756
1005003142789538
1005001605581696
1000006919338
1005006614509041
1005005192851705
1005002680264867