1005005720116617
1005007197152400
1005005838532305
1005005598400899
1005007455549693
1005005681932722
1005005029531285
1005005652903468
1005003650015374
1005005936609851
1005007476197296
1005005677524543
1005007076741165
1005006611037421
1005007341189643
1005007525623360
1005006818557404
1005006239925729
1005007481212891
1005007476133206
1005006452073936
1005006837439892
1005007148870942
1005007148886992
1005007273469512
4001359547736
1005007591792525
1005007505926242
1005001682786865
1005006837211014
1005005592621934
1005005905235836
1005006794405199
1005007507911393
1005005604580370
1005007251910846
1005006513735174
1005007149155602
1005007517552677
32856908642
1005006947482933
1005007273236725
1005007211552180
1005007581081545
1005006513600605
1005006499394995
1005006729368261
1005006729263712
1005007234390053
1005007149012893
1005007593710803
1005005609315185
1005006534121358
1005007593931191
1005006211288316
1005005682153157
1005006172095102
1005006367430273
1005006341041036
1005006451560339
1005005750046269
1005007273329342
1005006008266877
1005005787529104
1005005925807623
1005007605628737
1005006896027546
1005001789072998
1005007176559786
1005006794206260
1005006825454768
1005006825762184
1005006832412379
1005007605922022
1005007149446090
1005006961951366
1005006307882210
1005007131501556
1005006330882605
1005007476172144
1005006471425456
33060370023
1005006340986670
1005007518182002
1005005925896441
1005006341388409
1005005924404163
32792863138
1005005925983258
1005002076624749
1005006724896525
4001159365393
1005006279256556
1005007713893331
1005006825612562
1005006831155036
1005007149148524
1005006824924742
1005007060911290
1005007526540342
1005006403661069
1005006877559933
1005006439252603
1005007130761658
1005007490483313
1005006766494624
1005007066122750
1005007423003689
1005006196038944
1005006269959828
1005007038842159
1005006261251390
1005007273875020
1005006618512669
1005006480743704
1005006757398889
1005006102520622
1005007372619333
1005007090078585
1005006827461231
1005006765811422
1005006879387522
1005007443803787
1005006504713150
1005006266659115
1005005998199593
1005006100132442
1005006583244029
1005007181999531
1005006822015736
1005006940118442
1005007100740841
1005006334815558
1005006907979948
1005007420640780
1005006704217518
1005006477101950
1005005750900939
1005007361892410
1005006252251889
1005006693390235
1005007044240086
1005007071048666
1005007075851140
1005006821323984
1005006704278059
1005006959915737
1005007060869924
1005006230274545
1005007352326844
1005006068360741
1005006038095849
1005006635644860
1005006967199750
1005006373752416
1005007072278125
1005006749324090
1005006922757781
1005007549894708
1005005900128318
1005006019490738
1005007102453722
1005005942597563
1005006304303620
1005006270443713
1005007347701730
1005007346857181
1005007506133636
1005001341913314
1005006967537523
1005005901848425
1005006265298841
1005007045328011
1005006247734250
1005001781321078
1005005891045881
1005007538952835
1005006230284793
1005006308552267
1005006862552348
1005007519577256
1005007613682655
1005007311963175
1005006728874602
33003014326
1005006280668391
1005007060038868
1005006293496746
1005006195652701
1005006458169887
1005006814614814
1005007568627899
1005006216290823
1005007173837038
1005006176377113
1005006123248589
1005006722371415
1005007550055417
1005006038153507
1005006860510385
1005006330263999
1005006220573003
1005006375408515
1005007620907393
1005006403454944
1005006750300051
1005006698491475
1005006865869942
1005006730273418
1005006748974932
1005007274990159
1005006818679905
1005005976480383
1005006220723183
1005006254764230
1005006844848211
1005006003492095
1005007061187638
1005006429660468
1005007075660618
1005007560665542
1005007068913927
1005007513848210
1005007268258573
1005006232938602
1005006813566918
1005004942366391
1005007476070019
1005005952421298
1005007514143311
1005006010732492
1005006374553366
1005007066789296
1005007266791445
1005006127748084
1005007090792871
1005006403525461
1005005461812528
1005006026329210
1005007456320419
1005006710426327
1005005985636800
1005006901371935
1005006250469446
1005005763212560
1005007425775521
1005006842452589
1005003735228405
1005006791183930
1005006975780847
1005007490078855
1005005511192755
1005004160573842
1005006225012785
1005007360964159
1005006371954014
1005007655155298
1005007310306120
1005006409775669
1005007109510104
1005005458205643
1005005066611743
1005005925889314
1005005856621495
1005006170125556
1005006297174320
1005006798173683
1005005644339065
1005006188782375
1005006744511519
1005006716862632
1005005864264314
1005006183446151
1005006239943595
1005007618267353
1005006102163099
1005005854220544
1005006236324672
1005006751266412
1005007128606462
1005007028357084
1005006106349024
1005006362513165
1005006749186407
1005006760201434
1005005861545981
1005006244860093
1005006071252532
1005007009828983
1005006782981421
1005006750193788
1005006087694716
1005006885109467
1005007045592669
1005006696823277
1005007125112538
1005006255165824
1005006148467773
1005005578465460
1005006853655998
1005006375987812
1005006153632201
1005006858374218
1005003536338601
1005005576240588
1005006133254444
1005006215548559
1005005655604575
1005006331638751
1005006169325293
1005006335173946
1005006751722336
1005007402413688
1005006140027475
1005004617152369
1005006137306142
1005006127525592
1005005816222986
1005005879540995
1005006948750432
1005006116826254
1005006059654069
1005006217197570
1005005397553226
1005005669030592
1005006876784038
1005005997784193
1005007117972339
1005006749020950
1005006761789748
1005006749200201
1005005914533663
1005005933499601
1005006046544284
1005007013339541
1005006243939474
1005006061360090
1005006821966674
1005007413023641
1005006443738668
1005006968150139
1005006268969343
1005006211940847
1005006236213069
1005006528732625
1005006393792850
1005006162397302
1005006312320826
1005006347178920
1005006597877794
1005007058341519
1005005897652122
1005006594081275
1005006733942572
1005005578321485
1005007273996587
1005006783252787
1005006862430517
1005003970738317
1005007235342765
1005006778327479
1005006249809442
1005006825183266
1005006064101132
1005007045459224
1005006467124566
1005006288967425
1005006825000811
1005006024242494
1005005425600619
1005004779479371
1005006198498196
1005006101408450
1005005989158918
1005006841514482
1005003546083811
1005006932551153
1005005035675789
1005006822184467
1005006164709447
1005006194920694
1005005870959648
1005006634696216
1005007162269368
1005007183845646
1005006934915761
1005004745121634
1005006084705829
1005006513987525
1005006132179514
1005006374968412
1005006715596434
1005006317679562
1005006461902702
1005006045280639
1005006000971419
1005005752267903
1005006641088384
1005006490313581
1005005801379027
1005006180900229
1005006967761039
1005005896511301
1005006827162919
1005006296893148
1005006572972456
1005005681613503
1005006689231474
1005005982255152
1005006000863395
1005005924567435
1005006310193893
1005006787462938
1005005669023546
1005006000861023
1005006310046447
1005006309059945
1005004041760451
1005005974593148
1005006035069728
1005006472248405
1005006127127620
1005006443614688
1005006198098083
1005006427504070
1005006457577178
1005006141376873
1005006019178283
1005006370125723
1005007075865733
1005007058834751
1005007178458668
1005006340585213
1005005792417065
1005006522774228
1005006298578619
1005005779567233
1005006122694799
1005001529770286
1005006156871688
1005006932027510
1005007088831380
1005006025748789
1005004525491983
1005004544941669
1005005792588076
1005006176689208
1005005891694278
1005006085202700
1005006040108104
1005006060919635
1005006013425576
1005006610911389
1005006317721454
1005002130475016
1005005958793174
1005005996119219
1005005058005638
1005004916686578
1005007090149018
1005005816394169
1005006018361781
1005006504411859
1005003323559244
1005006787425992
1005007001516223
1005006358878629
1005006463889831
1005006180571078
1005006266061378
1005006833430166
1005007486820135
1005006317325083
1005006015930420
1005006938705164
1005006108427288
1005006723150749
1005006284682070
1005006216935972
1005006141349784
1005006246957438
1005005978817568
1005006371825483
1005007150673966
1005006956037659
1005006660454696
1005006864229416
1005006374662690
1005005792548466
1005006189258791
1005006097832928
1005006891129658
1005005751071310
1005007342463663
1005005932351809
1005005466927286
1005006075224854
1005006178045678
1005006336527161
1005006249770574