1005002918893615
1005004129146741
1005005800302768
1005005989856439
1005007456383586
1005001838717908
1005004256354427
1005002737719356
1005006706107813
1005007021859519
1005007091692512
1005007463906323
1005007621680097
1005006416119973
1005004103469546
1005007447721137
1005004924663584
1005005788038420
1005007564263497
1005005955379706
1005006841852018
1005004181638183
1005004224752208
1005007378270704
1005004370265619
1005005896333419
1005004769644255
1005005404899732
1005006902650339
1005007453087082
1005007253049790
1005007408512566
1005005601621797
1005006395775093
1005007031205789
1005006579898131
1005007468431802
1005001474891404
1005005992125243
1005001305539846
1005006176131104
1005005403011927
1005002401212602
32879465919
1005006870003270
1005006415193174
1005005876497951
1005001520058556
1005006864690376
32866846747
1005007050253059
1005006718714626
32913739409
1005001776621620
1005006182480541
32855433812
1005007532940374
1005006429035282
1005006302021524
1005007407115656
1005007369938464
1005005256739276
1005007128290277
1005002905896166
1005006958846511
33058069315
1005001650673089
1005005974879411
1005006014642591
1005007364979917
1005006972185251
1005006212891040
1005005848318421
4000274108279
33039665067
4001229803437
1005005411710835
32884840880
1005002075097337
1005005065601343
1005007277588135
32860935808
1005006848627122
1005004444232381
1005006402526255
1005006144573139
1005003145508122
1005007138474616
4000575839344
1005006472833296
1005003134614108
1005006168000993
1005007499236457
1005004452170574
1005005601283846
32885898084
1005006885948523
1005005106565969
4001211893606
1005006759991799
1005006147232705
1005006724094085
1005005067905881
1005006860830076
1005004929899145
1005007261507046
1005004962353226
1005005343615215
1005007121114878
1005003466902726
1005007130167552
1005003963253695
1005003742039169
1005006718993832
1005006733448412
1005005260752882
1005005749996600
1005003694010877
1005004480729251
4001115477083
1005007243621082
1005005625168367
1005006468024083
1005006973393879
4000879469181
1005005908552272
1005007648944393
1005005757122160
1005007439733091
1005002830813730
1005006774780180
1005007598818852
1005007360743062
1005006936471624
1005005284492303
1005006753979421
1005006334363017
1005005244664805
1005004715609298
1005007252507750
1005006402390385
1005004523965902
1005006143168591
1005002929046293
1005005401900972
1005004883745274
1005007238452385
4000927438168
1005002555118982
1005006170147731
1005006157428082
1005005871767993
1005005599643834
1005006361123919
1005001891798802
1005005561633860
1005006722337940
1005002635301383
1005006353266791
1005003728425427
4000601109901
1005005882828076
1005007518088548
1005003746376339
1005006908984956
1005006791647898
1005003419099574
1005006154132166
1005007013494078
1005003795422937
1005007294502877
1005007145623102
1005005510433007
1005007556428751
1005005632459905
1005004255260181
1005006439483370
1005005825332456
1005001596315172
1005001520081871
1005006838697355
1005001298788335
1005004552164577
1005006609870105
1005002861672718
1005004262418976
1005004364075529
1005003180788030
1005002462226726
33017782721
32902108723
1005004821564927
1005004363861606
1005005632328691
1005004826546093
1005001470997769
1005006755734582
1005005642964202
1005002579259627
1005007252581733
1005005671294607
1005006948766180
1005003832442129
1005006215889163
1005005067653584
1005006809662300
1005007259499217
1005006046065790
1005007002336831
1005006994065312
1005006179699177
1005004642319740
1005005975279102
1005005257700587
1005006223730637
1005007021854956
1005005858606680
32848166974
1005007097165893
1005005414061631
4000630249071
1005006208984102
1005006402794316
1005005508605001
1005004733848806
1005007047718280
1005006125141471
1005007439438538
1005003406200784
1005007295950463
1005006064475601
1005005675053552
1005001935748841
1005003774523735
1005002142632885
1005005297842127
4000623559185
33015077209
1005004605041862
1005006425649865
1005006152932915
1005007416173339
1005003598674323
1005006224801700
1005005201250073
1005004520947789
1005007065869432
1005007307439043
1005003068654909
1005005271905252
1005007576021139
1005006863706893
1005002955464809
1005005767298137
33040040350
1005007083461733
4000400561052
1005007089801222
1005005464208439
1005006385279610
1005003908942917
1005006925518333
1005001438032245
1005006918912472
1005006849995052
1005006380201509
1005006826909240
1005007106891802
4000834782237
1005005459221808
1005007627190121
1005007655937362
1005006148091319
1005004856186427
1005004666468279
1005007240380952
1005004499324137
1005006348382956
1005006246295039
1005006153000445
1005005006997840
1005006197762597
1005006422655861
33009907722
1005005402608705
1005002890748205
1005006046693298
1005007226107756
33007706917
1005007137847900
1005001302314811
4000288148256
1005007545534556
1005004638204018
1005006989905885
4000375215686
1005005409811570
4000181256176
1005006715726863
1005007619600637
1005007021893633
1005006304297754
1005006477771293
1005005462475299
1005006220560353
1005002010994812
1005002658811791
1005006850858905
1005003339848559
1005003167181771
1005004016716567
1005006071460969
1005006592712399
1005005442865751
1005006866419982
1005004798275601
1005007561971621
1005005472540338
1005007277963673
1005007445429860
1005006000387450
1005001597589594
4000939704646
1005005211319949
32952621080
1005006900805893
4001031940236
1005004898071080
1005005558377073
1005005134279062
1005005065058555
1005002462318521
1005005378253514
1005007627530149
1005004382267607
1005004494898377
1005007031549744
33000293611
1005005862377146
1005006027225033
1005006842047183
1005004499374878
1005004508997596
1005001843568677
1005003668568975
1005007219297141
1005006429088625
1005007293103762
1005004074201788
1005007145609219
1005003129705519
1005006246612704
1005005238535987
1005007473988893
1005004171009507
32911043526
1005005100718308
1005007295926610
1005006386170052
1005007617929152
32966551039
1005006628631469
1005006685160734
1005006069442329
1005007556801442
4001016308828
1005005444197607
1005006568513683
1005007500324717
1005006748155763
1005006725223203
1005006812980244
1005006776737666
1005005287199566
1005005887408444
1005003327674098
1005007391664083
32838510230
32827765407
1005007454629104
1005006981398179
1005006908162676
1005005694424553
1005005779521150
1005006841022648
1005006902666187
1005005502733266
1005006332177370
1005007642969094
1005006604270691
1005006128068828
1005007232102907
1005005501526237
1005006781467347
1005007004592959
1005006061729262
1005005855823895
1005007589743873
1005004373449792
1005006856761553
32893255237
4001256149935
1005007578702499
1005006365692403
1005005809467895
1005007444430431
1005006204019831
1005006518840815
1005006944177222
1005005270894432
1005006683212803
1005005668476573
1005007017046751
1005006022660799
1005007335211440
1005007301332176
1005005831709193
33023975616
1005004300982360
1005005932107754
1005005526098776
1005007563881891
1005005724025647
1005007089290484
1005004775909356
1005005772987904
4001010629488
1005006070694933
1005002123780748
1005006612578450
1005006593256511
1005001308217507
32920171319
4000411684241
1005007604325819
33003107400
4001312688746
1005007181467562
1005006875844502
1005007512458324
1005005725731257
1005007392359083
1005004686224996
1005006159422103
1005004677253190
1005005552797844
1005005902304895
1005005517309293
1005007339634290
4001365083195
1005006812299181
1005004127254127
1005006010416941
1005004222867930
1005005237576874
1005004848716745
1005002971060257
32870051571
1005006964067519
1005006882879351
1005006246696189
1005003711427452
1005005604966745
1005003929557078
1005003249200941
1005004127518416
1005007077452452
1005005703680363
1005004036307932
1005006348402998
33013534676
1005004807346457
1005006572764664
1005003148341532
4000904284417
1005006844011254
1005005959771745
1005006783965482
1005007668163639
1005006877226654
1005005515962081
4000528714905
1005004397278700
1005006309570055
1005007555968128
1005004857566831
1005003112618354
1005005464259134
1005006975405766
1005005549036929
1005005475412306
1005004838662614
1005006150900403
1005006422643885
1005006402201069
1005005821955059
1005007009435635
1005005115704377
1005003853674304
1005006890323004