1005001877898893
1005007786357216
1005007782224538
1005007782201764
1005007782093614
1005006855769693
1005007277044124
1005002952050118
1005002856459364
1005005310453893
1005002630098529
1005002564914549
1005005658069909
1005004531556351
1005001859287917
1005004433492127
1005005714906917
1005001989421521
1005001807549260
1005001809022585
1005001991941807
1005006254814536
1005005236038474
1005003577467234
1005005799643026
1005005657453697
1005004266849631
1005005865853195
1005005657347813
1005004299925085
1005005248755969
1005002930788598
1005004436778199
1005005239191600
1005001817383956
1005004296072976
1005005252881988
1005002855428928
1005005767336835
1005006014858460
1005005784210514
1005005651144780
1005005159641615
1005002642984222
1005002563510500
1005005805756939
1005005243724136
1005001877131371
1005005585304723
1005005243397881
1005003218367574
1005005668845280
1005005784158974
1005005584419485
1005005666396327
1005002631831672
1005005231546384
1005002642596712
1005006924168392
1005005805690980
1005003432624639
1005003613966455
1005005682890225
1005005665980316
1005004700618280
1005005651442145
1005005231710524
1005001481599760
4000860844853
1005003431959002
4001255435514
1005001474724569
1005005767902274
1005005517759315
1005006825128264
1005002623035116
1005002634527972
1005006014949678
1005005651611249
1005004420416787
1005005593269604
1005004420811948
1005003382465953
1005005784542485
1005004417699309
1005001710291204
1005005314091319
1005002628060552
1005003580150194
1005003461728053
1005006037318196
1005003383084788
1005002640195445
1005005652566627
1005005657267456
1005004264999910
1005005682494203
1005003613856757
1005003222881726
1005006055968425
1005005663459261
1005004110412718
1005004634446492
1005004418032949
1005003615668479
1005003383762310
1005003578837229
1005005799030214
1005005865731358
1005003642498134
1005005669307503
1005005230255716
1005003614142433
1005003382742069
1005003615711438
1005003614394474
1005005395686987
1005005007585656
1005004701077265
4001248663121
1005005784211518
1005005682302305
1005005668733679
1005003614231476
1005005656364361
1005004110786937
1005005314159392
1005004632818281
1005006037379985
1005006825056324
1005003493584738
1005005784538088
1005002640188243
1005004266579149
1005002557412359
1005005665334371
1005005799283511
4001149081381
1005005799696109
1005003216977029
1005004420031907
1005005007844471
1005004633371684
1005005656813140
1005005236313116
1005004421281213
1005004265954326
1005004632849974
1005004638291106
1005002558527668
1005002640830313
1005002637291799
1005004633349383
1005005525438668
1005004262621076
1005005663510275
1005005276506453
1005004111242265
1005004267421283
1005005510833835
1005005391797918
4001255082643
1005005669048840
1005003888226348
1005005230219199
1005003642068926
1005005309878964
1005004701857809
1005005527652375
1005002493942660
1005004110697811
1005004261616988
1005002559883473
1005005651431621
1005001474953757
1005004637934785
1005004421122053
1005001469954613
1005004262221898
1005004264593146
1005002635336824
1005004262950534
1005004109882810
1005004269255257
1005004700899903
1005002640568639
1005002640891259
1005004638756157
1005004639049607
1005004632958566
1005002636932403
1005004700352325
1005002560030323
1005004420818302
1005002622504583
1005004421202569
1005003638503101
1005004111090419
1005004104663481
1005002565142614
1005004638080965
1005005668855709
1005002640030915
1005006043020557
1005005904074202
1005005907481084
1005006038278621
1005006898365726
1005006323968766
1005007282674603
1005006783246442
1005006613703163
1005006417280877
1005006882730040
1005007101901868
1005005200143492
4001061821147
1005003194605254
1005005905740169
1005006452416761
1005006889267260
1005007572548682
1005007295542498
1005006447383592
1005003924666620
1005007251598406
1005001721804392
1005004904662953
1005005475880617
1005007360102119
1005007259002416
32836897203
1005006635177935
1005006489685096
1005006084027994
1005007145947993
1005006737838248
1005003537653511
1005007058600415
1005005590660040
1005006227414658
1005006968501563
1005007011791718
1005004747004982
1005002660192767
32803510472
1005005213061437
1005007547399275
1005007087969109
32655280542
1005007577913698
1005004331474267
1005004084320627
1005006307929379
1005006963647940
1005006740294414
33057312890
1005004592862726
1005005257346968
1005005574330339
1005007445982540
32996514918
1005004556903762
1005006269035121
1005004255942058
32915278485
1005006650234017
1005007172503588
1005007181116328
1005005962627317
1005007192318806
32950467621
1005006366486458
4000257490741
1005006651144781
1005006212108361
4000031758827
1005004521167811
1005006300830575
1005005453675071
1005006821800342
1005007047218989
1005006750703093
1005007413119887
1005005680864608
1005006698143993
32393156115
1005006746134527
1005006351080224
1005007161866852
1005006270802198
1005005940755978
1005004795897337
1005007341411506
1005007440641748
4001155646992
4000493277332
1005004672976082
1005006887405927
1005006245043975
1005007493397585
1005005501651724
32651274481
32753318614
1005006500258649
1005005320715018
4000030047777
1005003194452575
1005007160402874
32657500968
1005006329158508
1005006853511089
1005006847210857
1005007441248133
1005005620661293
32969555897
1005007290424189
1005006403479062
1005006403420624
1005006856644486
1005006847395114
1005002696683669
1005006403355508
1005005298836098
1005005917666068
1005002983555393
1005006874472263
32879041507
1005006873919304
1005007312391189
1005006483641304
1005007205392429
1005002509539644
1005007019389408
1005006702713145
1005007411434315
1005005723206820
1005002591960398
1005005569422361
1005004583663263
1005007139300233
4000550327345
1005006469315271
1005007216491212
1005006654205299
1005006964437786
1005007421038501
1005004905416101
1005006873859752
1005005317524091
1005006873836361
1590087422
1005006843317239
1005006495516871
1005007175567101
1005006447047146
1005003181736706
1005005855389820
1005006225519124
1005003526245158
1005007413273027
1005005602855543
1005007648206596
1005005298844297
1005006247722762
1005006415338768
1005007050071585
1005007130355068
1005001980314883
1005007029787467
4000808142282
1005007044004903
1005006752694634
33035855818
1005007127618043
1005007411361444
1005007023345940
1005007573895429
1005007633596353
1005006797180429
1005005210222574
838059440
1005005952464607
1005006693319339
1005005631487770
1005003192692340
1005006481153861
1005004811429685
1005006351918750
1005007245729276
4000622783249
1005005483058886
1005006279329662
1005006063488824
32961010353
1005007644974231
33002443602
1005006960782214
1005007083373017
1005007123598327
1005007633572246
1005004912117887
1005002277164151
1005006727495535
1005002669757690
1005006727506560
1005006167878789
1005007404342601
32309400792
1005006727597275
1005007404390264
1005004383835168
1005006302088825
4000273944912
4000243331284
1005005313200859
1005004280619655
1005005286608765
1005006222154468
1005007553020633
1005004590284169
1005005355129932
1005007322077863
1005007404330896
1005006500686218
1005006199639513
1005006370993147
1005003133903013
1005006540886970
1005007633689400
1005007361839136
1005007169510373
1005003185456266
1005006797026488
1005007209156132
1005005133262035
1005007633408886
1005004704888649
1005007005056510
1005005480206203
1005005458195643
1005004583393169
1005007332886800
1005005565256462
1005007017824421
1005003162643207
1005002900107300
1005006873833659
1005006791151933
1005006845384982
1005005815395096
33037401044
1005005191061628
1005006433999196
1005006996018312
32853712006
1005005819668893
1005007640067301
1005006710550288
1005001834335313
1005004302346180
1005007614802191
1005006605060741
1005007398623743
1005006408527513
1005007614613574
33006533666
1005007302251964
1005006629356236
1005004285457544
1005007097042883
1005007614867109
1005006588435053
1005007030968302
1005007614890053
1005006384013897
1005006803678708
1005005218441108
1005007355233899
1005007261093825
1005005203995070
1005007408165258
1005007074585093
32853162976
32853049540
1005006945522971
1005006159766276
1005006159775504
1005005253462699
1005006766788333
1005005974051411
1005006874002052
1005003306205818
1005006999763361
1005007375473215
1005007257471949
1005007221509967
1005007180395505
32855487036
1005005071587757