1005007480521263
1005007401511110
1005005543028376
1005007184929701
1005007657532746
1005005721510623
1005007385271697
1005007472725502
33015202906
1005006997362847
1005007552789953
1005006138861710
1005006136033408
1005006924130613
1005007435648134
1005006153988377
1005006678071440
1005007658456691
1005005822157428
1005007053088960
1005005819680625
1005007045604781
1005007666859251
1005007348387013
1005007114466749
1005007660808513
1005007298597018
1005005397154520
1005003883648299
1005007657962424
1005001452229823
1005006031071618
1005006877144732
4001365384071
1005007272817945
1005006601027253
1005007351675560
1005004246638583
1005005590011872
1005005871708209
1005006427666568
1005006739572012
1005007436555046
1005007579751220
1005007657073234
1005007626214839
1005005972839161
1005006523839288
1005006621224067
1005007211165864
1005007657956414
1005006583724550
1005006757243855
1005001613872914
1005007660593270
1005006388428896
1005006430825191
1005005995987803
1005007556928879
1005007416411549
1005005877143288
1005005789412571
1005007347861169
1005007674149670
1005007436520109
1005004836214672
1005006583276427
1005003151954748
1005004911627834
1005007334136314
1005006002730807
1005007394180748
1005007182585382
1005007210332632
1005007657924799
1005007340479364
1005005859018076
1005007435703441
1005007657544482
1005004643945429
1005007476978207
1005007500897607
1005007274661387
1005007677973685
1005007656319361
1005006079307476
1005006028459293
1005006119423236
1005006577735524
1005007557947232
1005007390089324
1005007625262023
1005007445780474
1005007328601208
1005006819645462
1005007352792568
1005001839996799
1005007083444874
1005005426485185
1000007906484
1005007463257711
1005007335293580
1005005139080402
1005007520723314
1005003239820738
1005004980824738
1005005943165684
1005005107690541
1005007150843816
1005007460395338
1005007494807266
1005007457716135
1005005811553686
1005005037137706
1005002874480624
1005007149666497
1005007206368655
1005007458847563
1005005735934596
1005007066311396
1005007669986139
1005006749794479
1005005952032208
1005003793312428
1005007212475755
1005007657037486
1005006676722425
1005007473877920
4000090440967
1005005792368908
1005005317634838
1005007598130956
1005007598363326
1005006918137876
1005007208541458
1005007066335210
1005007108938047
1005007329916004
4000220170177
1005006157781544
4000012259371
1005007556950071
1005007494522511
1005005932291948
1005007425517694
1005006213218467
4000770403765
4000809025670
1005007375632098
1005007652091411
1005007359981853
1005005929341054
1005005255236532
1005005643215395
1005007017819012
1005007656858745
1005007500412889
1005006572680474
1005006527104295
1005007418733801
1005004970194247
1005007548004706
1005005528045809
1005007005648389
1005007671031135
1005007447036301
1005007233752785
1005007611755030
1005007611586835
1005007335481712
1005007657898395
1005007573626720
1005007625107670
1005006857966980
1005007013970828
1005006797164905
1005007009019160
1005007468077606
1005002935315489
1005004992430739
1005005551441725
1005005204804049
1005002908685445
1005007145617387
1005005753846078
1005007130294274
1005006884155261
1005007088526622
1005007370109789
1005007347406776
1005006022725755
1005007605371060
1005005366170609
1005004625554416
1005005489146403
1005006170129012
1005007670136546
1005007422277999
1005005583029540
1005007022145025
1005007350430493
1005005932904224
1005007422153385
1005007669377641
1005007662076844
1005007578850282
1005007580664809
1005002698376296
1005007407062965
1005007005365734
1005005687144959
1005005621145680
1005006018681138
1005007656948358
1005007123282014
1005005829840534
1005006068991962
1005005265960271
1005005985714934
1005007215963917
1005007131313061
1005007517236209
1005007530968235
1005005929563797
1005005124121118
1005005763623437
1005004902325636
1005007123181552
1005007575442752
1005007315951583
1005007654951623
1005007660729745
1005007288177870
1005007647732165
1005005244881388
1005006465897790
1005006684555830
1005007657979722
1005006633116789
1005007585176782
1005007341884484
1005007203916903
1005007347754463
1005007448660525
1005004571439664
1005004643972386
1005006997029734
1005004226913573
1005003956042257
1005007384171337
1005007156556070
1005007117007314
1005006782567149
1005007636033930
1005003911088552
1005007574476528
1005007032668744
1005004859032340
1005007513252764
1005007573074531
1005004657981336
1005006147254029
1005007560144072
1005007291734233
1005007660540468
1005004841307367
1005005595559017
1005007568688976
1005007435868435
1005007605137603
1005007431173440
1005007656533090
1005007286247594
4000423720553
1005005249420116
1005006603466420
1005005058085140
1005004696530226
1005007260894431
1005004443851297
1005007297293702
1005006825094573
1005003741818974
4000380543624
1005005845297669
1005007145644772
1005007519409661
1005007551293003
1005006268856567
1005006831474982
1005006807706470
1005007160383218
1005005389264880
1005007031501867
4000173142900
1005005515755977
1005007316929688
1005007174586854
1005006725118173
1005007176946758
1005005808670427
1005005925467836
1005007202333249
1005002376215424
1005004969579899
1005007299019203
1005006939268858
1005005434293599
1005007108642621
1005006386304176
1005004005069358
1005007084134597
1005007664978486
1005007425448749
1005002996082736
1005006335879251
1005001388953731
1005007661594822
1005006302638701
1005007506957797
4000186942183
1005007038099739
1005007134961957
1005006794794464
1005006016592567
1005002691004821
1005005598513221
1005007298403886
32848630556
1005007482332631
1005007657121811
1005007116875493
1005006703139648
1005007658611214
1005006340433977
1005004242652699
1005006482018262
1810502568
1005006096068583
1005004009185413
1005007310236491
1005007234619775
1005005916679712
1005007329797293
4000173119522
1005005837936563
1005007378179400
1005007574375316
1005007556053056
1005001334735431
1005006689556143
1005004712143272
1005006451461155
1005006572837341
1005006186266085
1005005647904663
1005007032885451
1005007007725693
1005006845275294
1005007555384241
1005007341026642
1005005787229627
1005003990365481
1005007560528342
1005005008397751
1005006243466981
1005007640320001
1005007682022572
1005006778749448
1005007456018893
1005004437620854
1005007576156052
1005007308185678
1005006512516599
4001273518587
1005004497633068
1005007658460715
1005006946918613
1005004122634491
1005005214305048
1005006860910490
1005006885041882
1005004570061608
1005005527255958
1005006321895326
1005007541852898
1005007587831313
1005004217875423
1005005580321013
1005007261689069
1005007656115404
1005007664168580
1005007490861479
1005003951263230
1005006994770075
1005007418735963
1005005699027029
1005005446262818
1005005244426909
1005006658231183
1005006136358161
1005007532405477
1005007307222611
1005005968797394
1005007299689666
1005006943350805
1005007000904831
1005005866153061
1005005367068911
1005006380919081
1005007626109062
1005005493326603
1005007346534634
1005007298358517
1005003140532854
1005005316672993
1005004155505877
1005007544037943
1005007346642669
1005005804974604
1005005083787740
1005003585221629
1005006151308199
1005007536096842
1005007555899177
1005007232597132
1005002220639305
1005003330016336
1005007426636193
1005006878290300
1005007065470381
1005007538006866
1005007430267144
1005007279793507
1005007341709057
1005006984098839
1005006903731696
1005006738099857
1005006738179136
1005006060619003
1005005842016618
1005007587485525
1005007234091284
1005006482848855
1005007124151707
1005006738877576
1005006783135231
1005007100615800
1005007656728060
1005006881871079
1005007660953826
1005007677651030
1005007560063860
1005005772030414
1005007000844508
1005007500224878
1005006153768229
1005005530190152
1005004303327260
1005005809738858
1005007069104292
1005007149184929
1005006181250374
1005004776282335
1005007343782347
1005007371071220
1005005525497245
1005007255224263
1005006009366067
1005007039684903
1005006314828761
1005007331650853
1005005775364495
1005007678530594
1005007336391081
1005007645587952
1005002711347667
1005005363270115
1005006034324541
1005007032256189
1005004325270327
1005003993492628
1005007594484553
1005003245416361
1005007646680899
1005007418346221
1005007104114547
1005005346675304
1005006280952673
1005006886347442
1005007425720552
1005007419455281
1005006918260507
1005004517577864
1005004784824532
1005006997400761
1005002538236775
1005006642767412
1005007437424426
1005006147780470