1005006082701780
1005006810207174
1005007552245399
1005007556118155
1005007048639943
1005007595209940
1005007117866973
1005007407340459
1005006149343882
1005005023868650
1005006075657325
1005007048543846
1005006685546692
1005007380820355
1005006094586609
1005007048639716
1005006898988127
1005007523630963
1005007331103984
1005007048681921
1005007588565353
1005006142113739
1005002628676686
1005007379766875
1005004088132861
1005007669613886
1005001474719044
1005007552065578
4000922794793
1005005808463753
1005004352154255
1005006348850678
1005006725073560
1005007571332905
1005006891654696
1005003717965145
1005004267728786
1005006424044495
1005006265187714
1005007336272510
1005007048619738
1005004033712161
1005007560119904
1005007560188698
1005007371350899
1005007217557720
1005006939498399
1005005692708640
1005006669631003
1005005400929058
1005001576977970
1005003242422786
1005001293344967
1005007377605354
1005004073304631
1005005042494485
1005005417652960
1005001288898514
1005006408123526
1005007048676650
1005007601930011
1005002947793395
1005007300036471
1005006103563690
1005006849272429
1005006759597169
1005007554145058
1005007048834664
1005004614449252
1005001605295712
1005001489977570
1005007412044139
1005004033635864
1005003284306303
4000892000247
1005005644175577
1005004720475387
1005007560051915
1005007048789528
1005002389845715
1005006096648271
1005003672013181
4000134004534
1005007030422262
10000341731880
1005007554146030
1005007186473776
1005002525852352
1005007209864973
32500739426
1005007528668775
1005007560036000
1005002958695179
1005007258842579
1005004070412315
1005006594240727
1005002525205786
1005007059877434
1005001321114403
1005001670469094
1005007048552803
4001345172563
1005007145028981
1005007224041249
1005007404509622
1005007335839946
1005006975378005
1005003814079264
1005001924570423
1005005214848605
1005007296007362
1005001937727696
1005007500008000
1005005105165366
1005004296004865
1005004073659011
1005005413008108
1005005011583203
1005007379859114
1005006417017670
1005006748320676
1432732072
1005007383885548
1005005242647689
1005007384615310
1005005644241007
1005007357620161
1005006056255563
1005005122629012
1005007560085006
1005001438236192
1005006815636272
1005004055222900
1005007472093383
1005006413241609
1005007392704406
1005007040288070
1005007518736398
1005007517233607
1005007412029355
1005003725938452
32951185868
1005007355079793
1005004267677248
1005007641100340
1005003741619963
1005007107935423
1005006519511246
1005005681636963
1005007218215417
1005003329764255
1005007595673696
1005007377087418
1005002498785621
1005005918834265
1005006896874422
1005007481431695
1005004654479518
1005007554875205
1005007004408398
1005006338314194
1005005968227405
1005005807446450
1005007375020450
1005006891795235
1005007090972283
1005005291123650
1005004116702641
1005002485935239
4001240752356
1005002159049683
1005004556199397
1005007430850013
1005005417829630
1005005326586171
1005003894691255
1005005391378444
1005007471853818
1005005934700249
1005001290415156
1005007138421635
1005006603486553
1005006630086733
1005002289802239
1005005973085688
1005005259322480
1005007561077031
1005004816258586
1005006071486899
1005007010815222
1005007529408312
1005005270280396
1005006472861801
1005007209127017
1005007048440941
1005006745650430
1005004021224663
1005007434374024
1005006582835454
1005002311861420
4000922808855
1005007554680404
1005005648590584
1005005666613527
1005006736456510
4001198303150
1005007571578976
1005007554863280
1005006745449246
1005007404706083
1005007556050302
1413715245
1005007488168303
4001247883720
1005002599708807
1005006265233176
1005007557798187
1005006159715192
1005003480164124
1005007124136851
4000243844741
1005006942693396
1005005054064220
1005006103536769
1005006679112613
1005005352990489
1005003707258985
1005006826660924
1005006822953901
1005003370434994
1005007446144928
4001167648338
1005005226914619
1005005335186859
4000802000758
1005007472063419
1005007048918313
1005002948738655
1005007287442844
1005002829012754
1005006744727663
1005002967002267
1005006011422838
1005006748144442
1005007180122701
1005006745629574
1005003433370652
1005005886104443
1005005023887499
1005005458920595
1005006808264067
1005007176651565
1005006413058334
1005006736394038
1005006748216675
1005005708445249
1005007556485268
1005007374707941
1005005467806298
1005005853141790
1005007223411245
1005001670203868
1005006423895949
1005001605458082
1005006736331207
1005006394471853
1005007464963099
1005007679521550
1005007679266958
1005005280140962
1005005650971756
1005007595231978
1005007669853742
1005006706083518
1005007554638453
1005005549022688
1005007650651855
1005006715670779
1005007514572467
1005007552206428
1005007049176025
1005003308139595
1005005909571353
1005004654540083
4000583648852
4000733079701
4000687704485
1005004295178967
1005007648116423
1005001288830867
4001276954952
1005005449840584
1005005412997375
1005007483602167
1005007679667343
1005007048845466
1005006902015637
1005005767574061
4000220428401
1005007335944794
1005007404593364
1005004127137535
1005007471829265
1005007374212083
1005007308831866
1005005417858852
1005006747810154
1005007352886076
1005005058346984
4000284467018
1005007108047525
1005005923190946
1005007219115090
1005003407498051
1005003945600924
1005006419574744
1005004882065490
1005007285310897
1005002298222447
1005007335969761
1005007559938514
1005007601511929
1005004188896856
1005004839026314
1005007188254384
1005006747804971
1005007571378928
1005006897541519
1005007455903594
1005007552165512
1005007519818088
1005003372119018
1005005853271852
1005005672518132
1005006760953933
1005007332585653
1005007245577367
1005003800349228
4000459375825
1005007595296838
1005006849456871
1005007560163762
1005002330640430
1005003245793259
1005004393485220
1005004775581729
1005003224896200
1005004791894602
1005007419792124
4000638526953
1005007471810980
1005005417950385
1005005391294930
1005007594575716
1005002947687930
1005007581397280
1005001494901613
1005006849923723
1005007048746655
1005004379522680
1005007048671913
1005007504893838
1005006743910197
1005007595449472
1005005327611639
1005006375874952
1005007553124158
1005004322636293
1005006564978557
1005007477324662
1005006529571671
1005005038631634
1005004701545821
1005007227779124
1005006230775998
1005003986384343
1005007306945159
1005007026472483
1005004903246198
1005007407663428
1005007322440442
1005006203384982
1005007502373703
1005006528404908
1005006363751306
1005006906464854
1005006470978257
1005007640468021
1005006467460599
1005006530418195
1005006988182871
1005005341690233
1005006199258399
1005006265382089
1005007370495048
1005006217282531
4000719863879
1005005444798866
1005007530492372
1005003259810769
1005006597257808
1005006230944398
1005003681930155
1005006150804051
1005006630496224
1005004012755340
1005003647135884
1005006116010437
1005007605277551
1005005004755966
1005003141612688
1005006429209270
1005007674301933
1005006203974399
1005007492015197
1005005744775218
1005006150142051
1005004571243631
1005006840634498
1005005495591860
1005006870414112
1005003477536451
1005007428905850
1005006680652702
1005006525132445
1005004268074448
1005006429251158
1005007652304946
1005006468978232
1005007471900736
1005006264992885
1005007133230117
1005006407718487
1005006055025271
1005006043794152
1005005819540958
1005007003799810
1005007578852054
1005006677417506
1005004741244973
1005006794829916
1005001698278335
1005006733582315
1005006859235872
1005003779677510
1005006332551251
1005006350798929
1005004780633725
1005007098484183
1005007101957340
1005007288314323
1005006792109005
1005006908965598
1005007502034756
1005007077281276
1005004870283631
1005003258592851
1005003374267104
1005004639573364
1005007508797426
1005002762762407
1005007128017401
1005004601558458
1005007126006555
1005006126791728
1005005246858017
1005005974402713
1005006028725203
32959055513
1005006410414851
1005006139841816
1005006071375113
1005002836148778
1005006217389063
1005007676108686
1005004295054904
1005005960136726
1005002782218096
1005002419853210
1005003236663075
1005005890135990
1005004741310365
1005007367413962
1005006374829939
1005005947577570
1005005287920834
1005005970689694
1005006389854731
1005006530400358
1005004488877828
1005006656623441
1005004070679038
1005005615192242
1005006205876839
1005004262608214
1005003415184425
1005006295121460
1005007575293773
1005007035566993
1005007128238689