1005004321782980
1005004589783904
1005002895266529
4001238472503
1005002958297335
1005002848287255
1005004392919594
1005003253329010
1005004001616352
1005004321923138
1005003077843564
1005003564525276
1005003575914598
1005002257903116
1005002512502084
1005005131206846
1005004066327308
1005001962156551
1005003788472809
1005004644419709
1005003193559938
1005004122964659
32968121205
1005004420354320
1005001764967417
1005004339186148
4000542147533
1005001763429257
1005004049606372
1005001325695414
1005005485142143
1005004643003574
4000379443991
1005003622057636
1005004603989604
1005002947529241
1005003499390326
1005003667384465
1005005209883423
1005006519673258
1005007217498563
1005002782374655
1005006806555236
1005007464822062
1005006712162444
1005006187177646
1005006234884292
1005005850452324
1005006592011743
1005006767606020
1005006400005194
1005007216541672
1005006088963243
1005006183400128
1005007356315320
1005006628099513
1005006537026349
33059822026
1005007192419227
1005006695556394
1005002249839453
1005005833966230
1005004417786239
1005006524533391
32993621949
1005006735278280
1005006087748833
1005004402150872
1005006681536704
1005006684125653
1005007033545962
1005006165584956
1005004677888603
1005005566397687
1005006631985356
1005005107081660
4001251996683
1005005243726317
1005007162035976
1005006026284220
1005004107735691
32845142877
1005005597810719
1005005636218173
1005004374508716
1005006252452497
1005006733248756
1005006884239328
1005005912433910
1005007174278064
1005003635478754
4001121970050
1005006472580834
1005006203357940
1005006689243746
4000023677916
1005002732306110
1005005450180659
1005006737156965
1005006362524226
1005006813601255
32992724006
1005005528819807
1005006743965480
1005005944810376
1005006015233979
1005005996340112
1005006211208053
1005007145787507
1005004748312267
1005006574390752
1005002893222102
1005005857415235
1005006825425835
1005003766180615
1005006088961366
1005006627934711
1005007118086350
1005004115981529
1005007066721419
1005003463760993
1005003127644345
1005005889148103
1005002939057393
1005004270784274
1005003760810466
1005004569545400
1005006096844761
1005005237086598
1005006086113486
1005005879672667
1005002763337589
1005003068351320
1005007145134655
32916698629
1005006661995371
1005004514992420
1005005693147356
1005005226611896
1005003509493568
1005005288402487
1005001781276119
1005006031529552
1005005400970610
1005003711764407
1005004590927149
1005006135019321
33008106630
10000157023713
1005007251796376
33021944282
1005006088994169
1005006469333007
1005005879421941
1005005596807042
1005004348018993
1005006345027600
1005002018993358
1005006814282329
1005006625690244
10000118822325
32967886013
1005006502346328
1005006020031867
1005005879407436
1005005104507882
1005006262305659
1005001395020368
1005005530403178
1005004778777522
1005003255497407
32520968981
1005005453570036
1005005094451353
1005006236530162
1005006087821840
1005007138276453
1005005700677572
1005003766193395
33025249218
1005005245990019
1005003100086643
1005006381421152
1005006441131045
1005005984403912
1005003677259151
1005006308240717
32819132068
1005006218395491
1005003162058619
1005006075328250
1005007156914763
1005006868623997
1005004195060737
1005004107609887
4001255762778
1005005990733429
1005005599202510
1005006091019724
1005005989440599
1005005118799417
1005001462600979
1005005361459598
1005006751511088
1005006537244728
1005007192351706
33028152161
1005005254014546
33056925268
4000860301149
1005005663857924
1005006623064563
1005006621017851
1005005163747644
1005007228745618
1005006643092965
1005005401679934
10000155968147
1005007195570005
1005007220816361
1005004654802360
1005004072544103
33004267574
1005006663237862
1005006380282284
1005004322851987
1005004229962808
1005001764505831
1005002023265638
1005005383638106
1005003584304381
1005005552254097
1005006660786968
1005004557523282
1005007016573641
1005006017283347
1005005793126113
32999941538
1005002740233768
1005007103946056
1005003615793041
1005006584103794
32962381089
1005004896293105
4000505105958
1005004337868262
1005006727802872
1005007385278532
1005004682813631
1005006628426051
1005006612849075
1005007195769536
1005007383979489
1005003914672489
1005001839043871
32858362114
1005004271508052
1005005743243108
1005006621015566
1005006652285953
1005006269788476
1005004980046233
1005005261384205
1005006088813471
4000962126416
1005006456812746
1005006489942706
1005006334799896
4000003665157
32805101424
1005005458430979
1005006391169309
1005005791988170
1005002530446012
1005006820951018
1005004498359649
1005005733257622
10000136453603
1005004146488071
1005005554442455
1005006361037709
1005005154480951
1005006922722435
32794727487
1005005862694700
1005006836925858
1005004493501779
1005006755300482
1005004701769792
1005001357459653
1005005950273742
1005005599092710
1005005296796449
1005003996138908
1005001940013618
10000118824369
1005004358822925
32792261606
1005006267462573
1005004256068650
1005005724871278
32840843011
1005004333745445
33032089604
4000539929969
1005005548066856
32827879505
1005004230429312
1005005101767466
1005005965379281
1005007173796235
1005003060567392
10000136458274
1005002975742471
1005004630646306
1005007135768947
1005006119863959
32792757338
1005001394568645
1005004557950026
1005002593293858
1005006513958160
1005005458248497
33040306125
32919566467
1005004146429765
1005005790025153
1005007060124436
1005003747233251
32997415403
1005004025386831
1005006885827717
1005006156878535
1005004612701993
1005006235384635
1005005548550028
1005005616347291
1005006267177513
1005007158584535
1005005929169219
1005004716983966
1005004682053544
1005003265498716
1005005352753156
1005005714968231
4000385883536
32810054115
1005001681780322
1005005726143867
1005004325824442
32903125538
1005001881857785
1005004861052738
1005006544161793
1005005777594465
1005005396598855
10000118821401
1005006893955236
1005001359672729
1005006085703725
1005007423572022
1005005962685953
1005002233265832
1005002567236862
1005004216809272
1005007225321594
1005003614665055
1005007154650642
1005003611111017
1005002262436079
1005007123428619
1005003256941211
1005001781235230
1005004314415256
4001143926703
1005004095929645
1005004775118996
1005003319018781
1005005004870033
1005007163586890
2035646836
1005004620670659
1005002038483951
1005007210511986
1005006728726703
1005003924585101
1005005876528899
1005003991349613
1005004398874356
33037793434
1005004417617947
1005001853597315
1005005857942654
1005006085704651
1005004370391762
1005004139153360
1005007444334924
1005002382276051
1005001373226840
4001149859672
1005004543243968
1005005532563868
4001104065911
1005002847330822
1005003916145624
1005002746947462
1005006165463930
1005004331905233
1005001860310708
1005004561951601
1005003646316449
1005004771366733
32822271030
1005007374471967
1005001359594253
1005006421440151
1005004146436879
1005006014541792
1005003080377203
1005002753933838
1005006919516072
4000012608891
1005001908451368
32660353819
32842620918
1005004643442919
1005004866085998
1005004489579492
1005004857903699
1005006347356327
1005004772127537
32994612928
4000344207862
1005002204157759
33015872400
4000288746361
1005007232893592
4000377983062
1005006087861271
1005005321164333
1005001463626967
1005001481645379
1005006183258924
1005006032969599
1005003838220101
1005006995523639
1005004412053886
33037750619
1005001432197053
1005003684547232
1005007391585306
1005005496426073
1005005004113211
1005005961757049
1005004411904158
4001332263957
1005004895301763
4001175955604
1005006362619007
1005001432208186
1005006087808533
32782782022
4000814761915
1005006627826905
1005003495049733
1005004412141722
1005002617239218
1005002920071697
1005003824151878
32847274916
1005004180063555
1005006089000139
4000197295271
1005004546087381
32792890647
1005005548165484
1005006469011409
1005007470171056
1005007475515635
1005005476747106
1005005883203369
1005007443550408
1005007469303413
1005005471965595
1005007458363248
1005003245632329
1005007460342722
1005007452823670
1005007452735912
1005007454770406
1005007454825399
1005007454561819
1005005250927191
1005007454924711
1005007437060983
1005007440355966
1005004680933277
1005004349648469
4000311678200
4001249446556