1005002694373941
1005007494912757
1005007197913305
1005007145687972
1005006160180479
1005007496272916
1005007519462292
1005005505714236
1005006198544099
1005007533489027
1005006503117016
1005007481297094
1005002849245690
1005007407354065
1005003778581533
1005006237544331
1005004911245416
1005007305866935
1005007496340690
1005007496373694
1005007462089348
1005007386267994
1005007496320830
1005007481919530
1005007066685696
1005007461989506
1005006745187245
1005007496080924
1005007461863773
1005006363351398
1005007138126906
1005006147773169
1005007166822999
1005007249725619
1005003160049591
1005006277638096
1005007345398128
1005006514086891
1005005975030266
1005007066857460
1005005430970305
1005005073583152
1005006383379630
1005006499110474
1005005251694460
1005005413300606
1005007496460414
1005005997774291
1005007669537824
1005006628376558
1005007657030844
1005007669136304
1005007124499399
1005007496453445
1005004693818887
1005007496417537
1005005180413745
1005006717657918
1005006789457213
1005006125244366
1005005251668830
1005007663276527
1005006129418555
1005007289242316
1005007575597846
1005006589511493
1005007606154883
1005007150118859
1005006212987020
1005005243957381
1005004111490770
1005006150211365
1005006150134021
1005002169237769
1005007781937121
1005007783694372
1005007782971246
1005007762409339
1005007762330996
1005007757917382
1005007707798646
1005007712864616
1005001928694023
1005006745172642
1005006745298389
1005007176767082
1005006745237940
1005006172311388
1005006340910174
1005006745233567
1005006068654017
1005006172371749
1005006745654207
1005006834245050
1005007077281593
1005005335874615
1005006261196417
1005006063488852
1005007393756461
1005006745241632
1005006172461464
1005006261508323
1005006745362651
1005006514623027
1005005897994445
1005007292003680
1005007122950373
1005005844673945
1005002702370557
1005002587588458
1005002460317450
1005006019275102
1005007220381771
1005007441865570
1005006166165109
1005005979589423
1005005672529036
4000330771866
1005004942699448
1005006088876357
1005002307549927
1005005149120025
1005005799915953
1005006011203773
1005005011674922
32808543558
1005005300585803
1005005621679509
1005002678964988
1005006776827635
1005006365523454
1005005778051967
4001081327434
1005007340650724
1005006967880206
1005007392954518
1005007045215556
1005006216095597
1005006268987696
1005007401787337
1005007264439879
1005003232138271
1005006514812773
1005006103132053
1005005608879521
1005005915592365
1005005808733460
1005006698988461
32969398859
1005003745360459
1005005549030302
1005005887216871
33000866927
1005005425642226
1005006816017757
1005006856744247
1005005905634199
1005006761610555
1005006727821876
1005004936881236
1005005489312891
1005006240882660
1005005025753567
1005005131514937
1005006390217948
1005006645588866
1005005796178392
1005007144218916
1005006582447473
1005006628585708
1005005277658719
1005006103486167
1005004636967767
1005006564650222
1005005976549858
1005005638611073
1005002676734078
1005006313073062
1005005776597496
4001021604919
32850262535
1005006218712195
1005006733922571
1005006843479761
1005006635111394
4000338448898
1005005866026177
1005002829374277
1005001270564194
1005004320985271
1005001572271562
1005006787107317
33003241823
1005005604029673
1005006019492564
1005004284987050
32946965132
1005006155232525
1005002115029820
33019654555
1005005301680353
1005007176276526
4000119031117
1005003814397868
1005007205056975
1005006380741234
32965825254
1005001840108940
32869997737
1005006042536482
32933293360
1005004004259951
1005007096364545
1005004267268466
1005001353877606
33023770718
32849578453
1005003763828094
1005005604189482
1005006741068290
4000114557727
1005006787269694
1005003919691955
1005007082254066
1005004073139859
1005002602950644
1005005738301004
33055306285
1005007399337077
1005006398864605
1005007153044783
4000494277675
1005007010315523
1005001489958550
1005006548960357
1005006713135324
1005006786740007
1005007443755596
4000695702910
1005007223600613
1005005674784438
1005004156263267
1005006147695232
1005002237973003
1005003212810283
1005002342268697
1005005970662546
1005002232863880
1005006681157322
1005002759814631
1005003335851443
1005005476253071
1005006125807797
1005006560647082
1005001419497752
1005003180929550
1005007039974108
1005005843824282
1005005508973101
1005006516209169
1005006893583534
1005007208188575
1005005995897267
1005006822009460
1005004544867017
1005006883657944
1005006181970799
1005004150751874
1005005009982554
1005005878898715
1005005933526036
33026548523
1005005485024784
1005004938067357
1005007522730231
1005004309714890
1005005312695876
1005003100708249
32813408391
1005002541193786
32841751232
33004967692
1005001596655535
1005006804591855
1005003442968254
1005005224554555
1005003258622928
4000165378300
1005006031292275
1005006737742209
1005004266194086
1005002600841837
1005003145741155
1005005129142838
1005005932639626
1005003951540338
1005005909969963
1005005418224351
1005007308955159
1005005877985374
1005006540145156
32919697470
4000046032186
1005005263484943
1005005396877607
1005006989214406
1005006641714492
32996827958
1005002925067388
1005004754344547
1005003729263082
1005005502730718
1005005900949383
32689445104
1005004323635182
1005004275555418
1005005852754688
1005004910223861
1005005900492373
1005001409170418
1005006008254575
32945112617
32965566837
1005002932253694
1005006961152850
4000470542149
4000148752536
1005004664348994
1005005243071840
1005006174777369
33028709994
1005004241136123
1005003374549437
32876040254
1005004262656165
1005004134956974
1005002475648573
1005005742037750
1005004893878321
1005006031847596
1005006614300284
4001175403352
32777932857
1005006342101833
32758616890
1005004641001299
1005005786354410
1005004484624175
1005007075579469
1005005808548567
1005007059614142
32889574119
1005005437473450
1005005671939209
1005004595621031
1005005461211186
1005006266114980
1005004185678809
1005005879688214
1005006145274437
1005005554384936
32824924771
1005005649283344
1005005638477322
1005006894692452
1005007231988785
4001321318172
1005003972987093
1005004959670659
1005002905944019
1005006248835923
1005005945125115
1005006452647490
32807042425
1005005666204276
1005004718118557
1005006723094832
1005002622342315
1005006830376044
4000749731198
1005007047383339
1005002584033987
1005006491502025
1005007103657950
1005004167589651
1005006452262359
1005005156176401
1005006348882326
1005006152938632
32860516521
1005005652621116
1005001430250488
1005006160352121
1005006262728161
1005006858870793
1005006966109975
32836537586
1005005550402343
32957779322
1005005713125162
1005005020748920
1005006473225137
1005006980293062
32807628114
1005005843514546
1005006013114794
1005006723543894
32968067895
32872544371
1005006250765940
32854751850
1005006620565129
1005006717079672
1005005943575705
1005005455750749
1005004129882241
1005006917933486
1005004283957827
1005001860093915
32845315319
1005006083440064
1005006043793651
1005005888265182
32895982010
1005004199960067
1005007170470131
1005005752877688
1005006994986807
4001135031406
32962235625
1005002342687065
1005001679768999
1005005168191605
1005007184383645
1005006647536960
1005005833897944
1005005758282571
1005006841224956
1005007108296056
1005006678083279
1005004660784174
4000136924494
1005006958301166
1005005349893877
1005006157488228
1005004111787386
32927396472
1005001992864606
1005005826364978
1005005932125678
1005005626673534
1005005622953270
1005006585595092
32783125144
1005006693483362
1005005038409107
1005007210438027
1005005297534173
1005005666143632
1005004339227635
1005005245966560
1005005458713447
4001195737833
1005006800622958
33024470456
1005006443808917
1005006127080909
1005006412325527
1005006587317959
32850344049
1005005975020356
1005005609766604
1005006215307896
32849784637
1005005247808370
1005004248070517
32963929595
1005006808531229
1005004032263388
1005006122834565
1005006394368693
1005004333111664
1005006948724397
1005002288233802
1005005617039769
1005006997252524
32423638821
1005005753161124
1005005682450162
1005003983854990
1005006913201886
4001227373377
1005005731087772
1005005552409739
1005005248978102
1005005951709558
32999617346
1005006724177421
1005001474870383
1005006036758458