1005007589958603
1005006649242422
1005005325566375
1005007176303403
1005006673664719
1005007525408897
1005005909702337
1005006243142630
1005003866866477
1005004932945578
1005004818797463
1005006465112039
1005007444974484
1005006890625557
1005005267036283
1005006673775248
1005007346641557
1005005760100518
1005007331489693
1005006488098249
1005003416893881
1005004783881402
1005006936173783
1005007583663611
1005005925556131
1005007585341610
1005006423251011
1005006967767985
1005007350173237
1005007053318971
1005007576250891
1005004359632666
1005003037866239
4000913145669
1005007175652709
1005006196083724
1005007096424486
1005007494199108
1005005384295391
1005001687360815
1005004176086220
1005006373525757
1005007139072004
1005007544379992
1005006893637530
32272892906
1005005122018443
1005004818771420
1005007228134700
1005006003687871
1005006519559403
1005006169617512
32272916344
1005006625492464
1005005913062473
1005005803388856
1005006305986299
1005007600393466
1005007296949655
1005006690102017
1005007380551289
1005004933070142
1005004608456225
1005007176137184
1005006636762300
1005002790035236
1005006341845352
1005005612573686
1005001608809154
1005006466058939
1005005497398929
1005006181740332
1005005500111330
1005007573756464
1005004932971519
1005007310017359
1005006431889227
1005006334799424
1005006673865678
1005007287605763
1005006157847154
1005007602268808
1005007585664281
1005007111625779
1005007440538047
1005007167781446
1005003417215064
32843107167
1005007349852920
1005005816328171
1005007546964197
1005006046179952
1005007128769867
1005006425704240
1005005220117817
1005004818734838
1005005821780898
1005005849757935
1005007611824882
1005004936418743
1005006241919746
1005007454224362
1005005648728967
1005006302592807
1005003298087890
32954310056
1005007129961119
1005006990279292
1005006295826499
1005001773224502
1005007605240061
1005007433111340
1005007611352568
1005005497499132
1005006357818488
32862077281
1005006046436067
1005007557122158
1005007095679015
1005005499694545
1005005900748102
1005005612119798
1005007081917235
1005007616173705
1005005342825976
1005007176619266
32899764459
1005007407545894
1005007615913638
32861794001
1005005912948113
1005007083121602
1005007126097474
1005007063070954
1005006870927700
1005005886372161
1005005916499772
1005003018050969
1005007589944705
1005007590020528
32841342941
1005003417130278
1005007178141213
1005007350431663
1005006528826518
1005006668679365
1005005499677571
1005006921304325
1005007100130549
1005007335684019
1005006803240950
1005006357768910
1005007456413419
1005006564569462
1005007575353506
1005007544354810
1005007168609260
1005002797813814
1005005525845641
1005007380105820
1005006241934793
1005004602978598
1005007410775975
1005006316633900
1005004619072516
1005007092458390
1005007525146317
1005007133130071
1005005840816833
1005007362479668
1005007432006411
1005006564379643
1005005817735158
1005007595139181
1005005758318515
1005004368340524
1005007651277675
1005003500193576
1005006523896184
1005004909036495
1005005849928322
1005001960101790
1005007615743320
1005004174056512
1005006898060884
1005006816628252
1005007054591708
1005005852403260
1005006894402776
1005007168225756
1005004933030313
1005003511990146
1005003479682660
1005007094612888
1005005244274029
1005004053163334
1005006979698058
32823077220
1005007590215187
1005007447957887
1005006467752122
1005007346956424
1005003417135752
1005007599332582
1005005633131658
1005005952332260
1005007511940436
1005006321771697
1005005621611422
1005004098810025
1005006673582883
1005007613335810
1005007103351511
1005004608491481
1005006295421086
1005007512031990
32979650053
1005007112063077
1005007616667221
1005005266502313
1005007090859591
1005007599172352
1005006981329711
1005007585824335
1005007176171806
1005007480794053
1005007178093285
1005006302995954
1005007350262361
4000974303704
1005007286477931
32917627623
1005007507701882
1005007460815844
1005005600254889
1005004909132381
1005006777143452
1005006035108248
1005007058821715
32795054175
1005006711073880
1005003188362509
1005006868606269
1005007503657781
1005007081962224
1005007636207014
1005004210204327
1005006609691287
1005005213102064
1005006345653674
1005007220822489
1005007437263026
1005007274905798
1005007608666460
1005007364162084
1005006938075658
1005007292310549
1005006554996977
1005007383108881
1005007062370916
1005006368954143
1005007512109865
1005005633274103
1005007064313171
1005007590119336
1005006313349192
1005002797825767
1005007569824373
1005005853331071
1005007151661484
1005007583536931
1005007587973603
1005005897115583
1005004501316786
1005007323098080
1005007594267129
1005006513096997
1005007559821482
1005007169323217
1005007059703010
1005006808731344
1005007058299431
1005005808921562
1005002134537453
1005004016631455
1005002917107214
1005007431748964
1005005925526419
1005007102565422
1005005260725589
1005005871810002
4000133721347
1005005391523996
1005007055724838
1005006498587805
1005007587531948
1005007428618055
33032019525
1005007369999365
1005004207458049
1005004704141397
1005004612117841
1005003235441427
1005007103300631
1005007463433830
1005007525410538
1005007543976321
1005007130464418
1005007350257150
1005006864158580
1005007467623722
1005007629505508
4001183343948
1005007611272778
1005004366188061
1005007266561992
1005007216342493
1005007361139460
1005005879930125
1005006813436883
1005006470609076
1005007590058534
1005007587849143
1005007488207736
1005007350066752
1005007585604472
1005007182291106
1005007615459368
1005007150045079
1005005590165131
1005007590467309
1005005870098479
1005007521724331
1005005959617721
1005007515500970
1005007591936612
1005006972284816
1005007614772878
1005006413044436
1005006774513685
1005007483904659
1005006887040125
1005007611480954
1005007477506093
1005007063302575
1005007098317212
1005007611444457
1005007430216291
1005007454262189
1005007171458831
1005005640048611
1005003275953398
1005006629434496
1005007494394127
1005007582035039
1005007590040552
1005007594117799
1005007545612711
1005007176640245
1005006459636979
1005007310586682
1005007395340877
1005007558931339
1005005629208255
1005003852450911
1005006503367010
1005007605926866
1005006217685630
1005007611132676
1005007086850235
1005006365521019
1005005551791701
1005007031244987
1005006358733804
1005006876695448
1005007033750382
1005007172864285
1005007275348314
1005005642374130
1005005642216855
1005007003653753
1005007538087297
1005007351836774
1005007583790399
1005007598773161
1005007611476300
1005007590189081
1005007611449738
1005007559565664
1005007446693854
1005007621113554
1005007503121790
1005007590109333
1005007132012074
1005006360850666
1005005948804529
1005002842418029
1005006097074015
1005001615883208
1005006116904537
1005005520167706
1005002624298856
1005002633040224
1005007180871762
1005007176819717
1005007176467478
1005007208188255
1005007673705928
1005005167271485
1005005887353747
1005005055334981
1005006640428598
1005006325400653
1005003341886285
1005006524143934
1005005630993797
1005006285467731
1005007085790488
1005006312766168
1005007334186401
1005007322627078
1005007467246847
1005007479130611
1005006382313996
1005007444000979
1005007536734489
1005007256810825
1005003531428014
1005007300359947
1005007352979015
1005007512831801
1005007092462208
1005007296446488
1005006985560925
1005006972494830
1005006115885925
1005006809224836
1005006431415156
1005003069853039
1005007517152105
1005006443044376
1005006430197011
1005007276014257
1005007104665843
1005007400356265
1005007385494002
1005007348942827
1005002279360835
1005007387402574
1005007146095279
1005006380008669
1005007125755973
1005007494097550
1005007047366541
1005007515022196
1005005384248898
1005007283299885
1005006802204089
1005006139417430
1005002625072794
1005007301571288
1005002417551513
1005007068829465
1005005629029540
1005007349154323
1005007341404415
1005007060403596
1005006090892611
1005007431492130
1005006244679988
1005006953644760
1005006294336583
1005007378046842
1005006782390672
1005007537342228
1005006985613786
1005002697654210
1005006802071584
1005007530978168
1005002624848941
1005007322672749
1005006297273410
1005003830847881
1005002221368898
1005007039400179
1005006804756272
1005003822551605
1005006825936721
1875450706
1005003806225040
1005002747715522
1005007090396545
1005003629023598
1005002623928865
1005003443803760
1005003830421468
1005004212225281
1005004212184686
1005004789774661
1005006454379023