1005007277222875
1005007087749093
1005006078083057
1005005596198006
1005005485659773
32776176139
1005005318794515
32808657252
1005004342436210
1005005965187347
1005003991773145
32796428034
1005006755253993
1005004741973000
1005006645638050
1005007294420487
1005005632520196
1005006948327686
1005007148712057
1005005378710472
1005005562232074
4001344520095
1005004660527627
1005006430288382
1005005824734377
1005004540673228
1005004188321294
1005005338343160
1005005922551408
1005006904168227
1005005549293788
1005007363172535
1005007294580587
1005006045271165
1005007247126063
1005005097049816
1005006126746401
1005006427241805
1005007014279062
1005004211245830
1005007058389994
1005004747601152
1005004495582984
1005006477349129
1005004151104559
1005005377596538
1005005749615465
1005006292529534
1005004385180264
1005005219851357
1005007053870913
1005005180588213
1005006860654923
1005007165655785
1005003475186538
1005007059966710
1005006732323831
1005006895450494
1005005074429886
1005005306546173
1005005256510934
1005002287055008
32915651699
1005005532744296
1005006474944409
1005004169879038
1005005389249367
1005007300705463
1005006771041327
1005004524261690
1005002626969227
1005004376078877
1005005217112312
1005006814960198
1005004298621524
1005007044611115
1005006731109034
1005003288512158
1005006120133701
1005004707832010
1005005310054858
1005006075758531
1005005017286028
1005006729401260
1005006947419046
32970284370
1005004884687310
1005006409192306
1005006438485582
1005005171353034
1005006424279235
1005006319337843
1005005535040888
1005004600744576
1005006021939960
1005006574094868
32806333958
1005002659273509
1005002570255084
1005006372970991
1005005584198204
32524138789
1005005406506017
1005005346680233
1005006132279788
1005006755756159
1005007031458066
1005006807652157
1005006346215315
1005001921137238
1005002642666188
1005005271007790
1005007232027737
1005007031400128
1005003506408596
1005004239591788
1005006192214444
1005002802802741
1005005363619021
1005002781553265
1005003974109777
1005006770063642
1005005540383750
1005007162372880
1005006040225936
1005007169752586
1005006918720180
1005002296412900
1005004662888854
1005005237806139
1005005487453462
1005006382188007
1005002599004531
1005004995041294
1005002969286614
1005004638488993
1005002346710668
1005007261129300
1005006851457083
1005005372998808
33031387592
32706255203
1005004211563702
1005003740386908
1005006438427257
1005006363892986
1005006596255630
1005006915201315
1005006844566447
1005006624113015
1005006978783965
1005005794781449
1005006355107603
1005006451230474
1005007220795149
1005003177977575
1005006653694042
1005005632297737
1005003571579483
1005006433619359
1005006834851503
1005003157029607
1005007288870971
1005006644823403
1005006196089427
1005006486895207
1005005736955678
1005005184792559
1005004385463948
1005005368813930
1005007004351167
1005006400846306
1005003070708446
1005006770940744
1005004795391838
1005005579440775
33009254969
1005007324037108
1005007102108611
1005006023950057
1005005938176717
1005006974885319
1005005482966159
1005006151763763
1005006030321526
1005007017394514
1005006248068579
1005006362693561
1005007144714971
1005007115816519
1005004770679693
1005006459205446
1005006954367858
1005002748457738
32312831492
1005006126813056
1005005281091356
1005006132890422
1005004138087841
1005004608616622
1005007336066414
1005003008123032
1005006969089470
1005006865452899
1005004366386826
1005006729231110
1005005241907075
1005005083741503
1005005506239281
1005004974711884
1005006474838989
1005005716615559
1005006932319965
1005006978763259
1005006982430003
1005005980946591
1005006297270794
1005006962796220
1005006948275836
32632271898
1005007309058426
1005001552981178
1005004431839383
32995245397
1005005547935999
1005007032550195
1005007399773962
1005004463064258
1005005432999382
1005006008148456
1005006195428572
1005005548447071
1005002281279739
1005005549458365
1005003835941357
1005001587935427
1005006212998837
1005006813633808
33005969000
1005004149309149
1005004749357802
1005007197841152
1005007446474909
1005005228607122
1005003416740145
1005004149495277
1005006400922198
1005006745373137
1005006971817135
1005004262709849
1005004431342343
1005005768713731
1005006728709517
1005003351680979
1005003336934281
1005003760513011
1005003357597329
1005002365498119
1005006794460134
1005005961787059
1005004858523770
1005006377627344
1005004629762769
1005004005487923
1005006428896366
32723388329
1005005361155595
1005001659213822
1005006319285576
1005006656740858
32850652293
1005005581085292
1005002313329397
33049618870
1005003900053330
1005004967524521
1005006353398943
1005005377484999
1005004721056645
1005004836759385
1005007269326435
4001198331587
1005005981969200
1005003056156296
1005006434640053
1005005362667285
1005005362176960
1005005913742603
1005003818036604
1005007137787694
1005004651662970
1005001322655359
1005006858560906
1005004616442733
33030849496
1005006940066227
1005003153040802
1005006624928718
1005001275036215
1005006377549649
1005006781127595
4001015139244
1005005988820587
1005006846423132
1005004545764892
4001350014834
1005004402123728
1005006097658513
1005007169619653
1005003256706545
32892787074
1005006938848030
32952274580
1005006196031785
4001279199125
1005002624495007
1005006117210349
1005006857457555
1005007440685197
1005007169749597
1005006857977339
1005002941237244
1005001505721579
1005005489761878
1005005725330611
1005005074422796
1005006113772443
1005007225024299
1005004314726449
1005003733006846
1005004090426745
32861692628
1005006459765507
1005004215240144
1005003265271077
1005003039617305
1005005102577470
1005004498799436
1005005208997690
1005004501111239
1005007184119990
1005005539366519
1005006953385693
1005005737086611
1005004448444251
1005004767708650
1005004037141323
1005005097060206
1005006141237547
4000696189088
1005006271216518
1005007102364910
1005005346494568
1005004221104733
1005004323258342
1005006120914933
1005007038008996
1005005897359084
1005006780578980
1005005184819821
1005006725506406
32962558019
1005004334355325
1005005495883172
1005005895528113
1005005605267705
1005006850276451
1005006142931465
1005006608660600
1005007149026053
1005006990046462
1005006871148303
1005006665238405
1005004238463047
1005002477991326
1005006739986115
1005005039406822
4000297370828
1005005190686546
1005005485650670
1005006976486705
1005006176355571
1005006425361318
1005005319265020
1005004959882436
1005004263726934
1005006149141994
1005006251535329
1005004887098217
1005007016826804
1005006794304119
1005006355351243
1005006919700986
1005004661449196
1005006434240139
1005006390494233
1005006827140027
1005005338947829
1005006872159342
1005005624063474
1005004600982269
1005006471878275
1005006231815451
1005004281570915
1005005677614790
1005006435398990
1005005609137655
1005003085022791
1005002768311912
1005006809910647
1005006407849242
1005006607159593
1005006871045732
1005006550442951
1005004792178274
1005006334717712
1005004773707110
1005006157773898
1005005023937493
1005006140883619
1005006322244998
1005003609190527
1005006890709586
4000154030184
1005006201133121
1005006067024773
1005007070686447
1005005773277207
1005006318985940
1005002483126486
1005006180519766
1005006137424718
1005007000958583
4000551329299
1005007148562559
1005001266686178
1005006682575013
1005006965233495
1005005469002794
1005006368818246
1005006163881627
4000160329792
1005006339117171
1005006938916575
1005006715775754
1005006220121647
1005006874933964
1005006831811187
1005006106221275
1005006794362237
1005006369663637
1005005750119903
1005007470080966
1005007475004364
1005007474703471
1005007475038070
1005007476844229
1005007476557808
1005007065520678
1005007482940314
1005007481703013
1005007461279820
1005007462616392
1005007465454181
1005007467875849
1005007464466461
1005007465414296
1005007465499017
1005007464348631
1005007246017303
1005007155980191
4001299531409
1005007462398569
1005007221696581
1005007125285867
1005007059071183
1005007208904030
1005007448567390
1005005539029571
1005007232441475
1005005787187691
1005007389156772
1005006072432867
1005004963155400
1005007286193862
1005007173937332
32808984882
1005005254671998
1005007400005261
1005007442170187
1005007382971548
1005006747793018
1005007442177853
1005006926085249
1005004913827848
1005005430116762
1005005412454202
1005007442494593
1005007339279803
1005007234755613