1005003449517061
1005004551588075
1005005288020822
1005007273503832
1005006013520597
1005006750063282
1005006058646275
1005006877279538
1005007213782700
1005002991663141
1005004662852351
1005004008270469
1005006362777434
1005005476408216
1005006423006940
1005005438726489
2015069813
1005004970189077
1005006992383185
1005006825037821
1005003902700471
1005005721589152
32809754549
32926016466
1005006737507632
1005006555069777
4001008194413
32846576408
1005003263112745
1005004266383040
32892063202
1005007542084098
1005007264755266
32857585060
1005007157645872
4000659226588
32721523512
1005003202186842
1005007051138118
1005005476278511
1005004484930196
1005007671336373
1005005301256391
1005006710402777
1005004551494278
1005006750140677
1005005067670492
1005004277125331
1005007009149063
1005004008276561
1005006418707650
1005002625586647
32912460730
4001216635339
4000484581481
1005004740175299
1005002846471933
1005004497545231
1005007401678810
1005001972766641
1005007264318515
32891038078
32372053292
1005004691530778
1005004505454413
32280879190
1005002323492072
1005005301425980
4000074949024
1005007268218779
1005007353417291
1005006298370200
1005005476416166
1005005476229863
1005005108582419
4000219056287
32671979110
32885896325
32903780036
2036947467
4000310252407
32390025666
32312424016
4001008155736
1005001306558162
32390411335
1005007020962721
1005005476433035
4001008215050
32977162899
32233820762
1005006698724918
1005004119680225
32813282460
32815605273
1005005896932544
32225214060
32928251654
32438483860
1005004555737148
1005006749050565
1005007001703519
1005006418581362
1005004498088974
32269841936
4000842664283
1005004488113788
1005003218942447
32813717336
1005005476355160
4001180175221
1005005193059976
4000183699049
32260906587
32898125823
1005005108608071
1005006890648423
4000321464688
4000639891135
32914894952
1005006926287847
32349192449
32907302814
32955905415
32899886014
32580682366
32325757818
4000116834783
1005004003110173
4001190367301
33056788948
32225599576
32983564038
32495958149
2036647427
1005005108578412
32924897493
32888617874
32898177779
4000183737776
4000183643222
1005007511063765
32483751792
32261516641
1005007037118581
32508289049
32508145990
2023469105
32391358844
4000796774258
1005003883713908
1005006282023353
1005005642716735
1005003852649453
1005006173542867
1005003389121392
4000032578430
1005002192084681
1005005532330278
1005005531636374
32833084213
1005006305299822
1005007259445846
1005002422757969
1005002575182934
1005002966610841
1005003680909637
1005007277485307
1005007277513232
1005002882977734
1005006616098205
1005002060751033
1005003938730149
1005005675876104
1005005884549217
1005005884052991
1005006125214731
1005005500464475
1005006383949733
1005007372678816
1005006116551677
1005005318656772
1005004496267862
1005006371275671
1005005407271577
1005002160103678
1005006797255887
1005006909999366
1005006269738388
1005005867018838
1005005148132817
1005004423585498
1005005476159176
1005006362992630
1005004731800447
1005005549292185
1005006439387229
1005007349077432
1005005266272089
1005006054834299
1005006428881016
1005006200439828
1005007253947325
1005005788566832
1005004894710444
1005004443378387
1005005683897306
1005004278933257
1005007509034793
1005007309364765
1005007402507866
1005007197012486
1005005887523633
1005007260063438
1005006405830758
1005006985363173
1005006226662626
1005007342069537
1005006374256882
1005005756050416
1005006349864188
1005006196912662
1005006069271957
1005006350640834
1005007461000715
1005007073958212
1005006317557790
1005006752854876
1005006581935530
1005006947659392
4000044758682
1005005840529221
32777921770
1005007265042291
1005006007861259
1005007206198997
4000502348130
1005005942266191
1005004355918251
1005004855786252
1005007561296749
1005004182684882
1005004493898483
1005005772636600
32895069211
1005003204981026
1005006672364371
1005003037355800
1005005852907282
1005006681548823
1005007096862250
1005007233228305
1005003794088739
1005005491904818
1005007114714855
4000050257529
1005006279286368
1005003762292495
1005007441912862
1005007065513055
1005006815900967
1005007642378163
1005007537876705
1005007594030238
1005007499146890
1005007148876026
1005006212754136
1005004305843429
1005006895513327
1005006958797182
1005004198535131
1005006236583901
1005006533549662
4000415409826
1005007620263211
1005006784914697
1005005210663050
1005007411790563
1005005916930053
1005007269067171
1005007411880779
1005005708854431
1005006334377434
1005006474416319
1005006012073956
1005006661177342
1005006343757248
1005006347190393
1005006796593002
1005006011528475
1005005993039478
1005006499009928
1005005691823077
1005005796069847
1005005096612023
1005007315556653
1005007291526867
1005007286559572
1005007193482361
1005007193384729
32801091130
1005004815447660
32799452028
1005007122188130
1005005256062278
1005003027394441
1005006496235629
1005007084067681
1005005197166129
1005006893229492
1005005218448802
1005007218170808
1005006027608463
1005006607834375
1005006033869440
1005006677169481
1005005583349671
1005006916342394
1005005563159241
1005007250069253
1005007432592440
1005006322722751
1005006939301064
1005005960086670
1005006721615430
1005005477177164
1005005590839782
1005006779017071
1005007403345876
1005007307874222
1005005749280180
1005006863980246
1005006049647518
1005004922081352
1005004336176729
1005004324894840
1005005856605857
1005006095030701
1005006117716197
1005003112940408
32759143729
1005003904017103
1005006116788892
32832563964
1005005293239768
1005006357823443
1005007050373757
1005006011487358
1005005871895610
1005005996057036
1005003479979398
1005006870839758
32799428096
1005001345093690
1005005383599928
1005001737916491
32762072574
1005006855668608
1005005827271952
1005006014135703
1005006786947470
1005006724070255
1005007050370629
1005007017408181
1005007050663947
1005006786863193
1005006787095759
1005006695530762
1005007425160257
1005005878598929
1005006000351019
1005007129546128
1005006759791103
1005007035437520
1005001487381819
1005004099854072
1005006815146254
1005006490404397
1005006057145540
1005006615428707
1005007685192565
1005006471864884
1005004018013443
1005006340239066
1005006751942221
1005005539029859
32794680592
1005005482240431
1005005056935783
1005005549281303
1005005241674399
1005007065842122
1005004584872126
1005005986743419
1005006340221034
1005005615523554
1005007588265946
1005006075750755
1005003579990071
1005007215067101
1005006024390103
1005006912987340
1005007635362000
1005005575270910
1005006417372239
1005007532645272
1005007009891036
1005005100230559
1005004488258340
1005007016392110
1005007051356851
1005007309126092
1005004969595970
1005005933763941
1005007481667436
1005003381170205
1005007047249497
1005007408858845
4000492991608
1005007132231884
1005005971473098
1005006436178608
1005006061648520
1005007648766650
1005005725337861
1005007287388579
1005005407341600
1005006630257814
1005005973445551
1005004694051358
1005006015410311
1005005320553042
1005007052242452
1005007092510937
1005006179172848
1005006832540543
1005007195517415
1005007457044127
1005006429438613
1005005342137576
1005006122841609
1005005495976147
1005005338779050
1005007591246555
1005007015685431
1005007541329437
1005007609869481
1005007468349313
1005006320340896
1005007425441669
1005005396027153
1005007423466809
1005005502717319
1005006487680688
1005007279037734
1005007077120234
1005007597140869
1005007675283874
1005007259973731
1005006603723363
1005006975013260
1005007103242130
1005007624168228
1005007596374000
1005006173061412
1005006567530503
1005007472799440
1005007473754552
1005007545215294
1005006401684363
1005006635950964
1005006300801806
1005007662465631
1005007206188735
1005006965674047
1005007563794285
1005006198308893
1005007095064314
1005007225918540
1005007199648550
1005006906520549
1005007030177796
1005005489708688
1005003782849837
1005006635116007
1005007489714247
1005007331400955
1005005394786607
1005005834975954
1005007173407115
1005007337466872
1005007167716849
1005002712536979
1005007085181406
1005006328336143
1005007212365534
1005007622182758
1005007204162175
1005006489153467
4001046959325