1005006228975564
1005007329989324
1005007334103513
1005006486798748
1005007481577894
1005005872526608
1005007457795615
1005007580353571
1005007510540038
1005006781561615
1005006187105529
1005006674180683
1005007656075387
1005006036457817
1005004542004772
4000115175143
1005005364044233
1005002473382008
1005005371504158
1005006243614326
1005007532241543
1005006547171623
32813238418
1005004970572343
4000382699410
33002808497
1005006873234355
1005006661882199
1005005459848190
1005007463123924
1005007013951592
1005005274323096
1005004598129140
1005003724369465
1005006698409064
1005005486044993
1005003718706435
1005005859497037
4000297541894
32845794543
1005007268421231
32834441094
1005007089340415
1005007102721451
4000115574653
1005007273096720
1005006307257289
1005004594356753
1005006809261445
32825311970
1005007125106111
1005007091522174
1005007055326552
1005007503459786
4001260807321
1005006410935930
1005007107099754
1005006477858213
574993177
1005007220419508
1005005620382498
33007546837
1005006057480497
1005006851598279
1005007030065960
1005003873999971
1005007425170483
1005007022632013
1005007424665884
1005006459135257
1005006718327935
1005007176615020
1005006524123630
1005006536709240
1005006261403130
1005006459180315
1005004742061965
1005007233291175
1005006976810271
1005006597788271
1005006261115805
1005006740876457
1005006532739929
1005005875843914
1005005293284444
1005006294399539
1005006261472441
1005006857333532
1005005556180723
1005007413984348
1005006466784567
1005006453092486
1005007010816283
1005006968310457
1005006067423972
1005007030171526
1005007030045837
1005007341343069
1005007416697706
1005007045824453
1005006159830599
1005006156584107
1005006096323620
1005007003641095
1005007619856967
1005007211810447
1005007646576149
1005006013917143
1005006013555909
1005007636425146
1005007570649640
1005007401139452
1005005930654215
1005007287399561
1005007520298251
1005007661111266
1005007654227340
1005005287844188
1005006532859538
1005006195461642
1005006533288863
1005006668790915
1005006857229865
1005006669052399
1005006417324842
1005007017047059
1005007014788690
1005007011440812
1005007030593691
1005007401058832
1005007401304086
1005005735731282
1005006033859222
1005005383692610
1005003573303523
1005006368370072
1005007288030666
1005005507277327
1005005552441276
1005005715936250
1005007641013864
1005005937885479
1005005159804175
1005007594831931
1005006112438518
1005006151968921
1005005643980464
1005007593889011
1005005392141938
1005005273859454
1005003229573266
1005007203582568
1005004884126467
1005005981783972
1005005532576153
1005003361369271
1005006173899352
1005004776309799
1005007409119184
1005006902911417
1005005098713939
1005006191239904
1005007653788974
1005006439398739
1005004854257397
1005003204716524
1005004589528242
1005005933753838
1005003327630628
1005005548129353
1005007639190300
1005006723930054
1005006135751092
1005004936253337
1005007437957437
1005006989896323
1005005983024820
32933178935
1005007090037493
1005004788176053
1005004321234931
1005005091332905
1005007573376066
1005005306316227
1005007315877317
1005005796876678
1005006127942092
1005006680644221
1005005912313041
1005006150784398
1005006042545138
1005005776981990
1005006148866136
1005005857824584
1005006226613274
1005005985743803
1005005905282948
1005004995874478
1005006124593026
1005006257967062
1005005775207416
32995057633
1005007036250598
1005006146598661
1005005003996561
1005005838234388
1005007446833271
32843494812
1005004379234599
1005005776458894
1005005690495295
1005005586323342
1005006861659197
1005006311055769
1005006037124996
1005007045847794
1005005909352937
1005005316367109
1005006451724237
1005005806179650
1005007299358806
1005005707564446
1005005647793987
1005006476303536
1005005969189580
1005005506357713
1005007446770458
1005006730820221
1005006323344233
1005005967114266
1005007254633698
1005004167457097
1005005960858927
1005006346027580
1005007008119010
1005006170565672
1005005147252321
1005005490755503
1005006007511966
1005007280266404
1005007218741008
1005007115131585
1005006612632127
1005006220272518
1005005273347216
1005007446880247
33004745038
1005007074880409
1005006026252218
1005006008426349
1005006435728703
1005006480461295
1005007145840771
1005007139941447
1005006294323679
1005005871101884
1005006875505911
1005006903624244
1005006225384367
1005007532294737
1005007101527991
1005007287195726
1005006734549276
1005007393347296
1005007259705029
1005006645049196
1005006170563788
1005007039588476
1005005267033898
1005006689151158
1005006820483741
1005004727720359
1005007201645549
1005007252550207
1005007555289843
1005004756295318
1005007108080549
1005007360899647
1005006882175524
1005007054286364
1005005917873880
1005005859478069
1005005826967556
1005007107062834
1005007124994816
1005007376560463
4000093017363
1005006258253517
1005007463875756
1005005147240387
1005007500004034
1005007299457325
1005006258859116
1005005020346067
1005006744715502
1005007031229992
1005006307923815
1005006202087651
1005006113987828
1005006783344930
1005004011480175
1005005506187293
1005006949149725
1005005698063246
1005005951446090
1005006079702586
1005006689156114
1005005959965339
1005007360319813
1005007425367340
1005007244302834
1005007316297786
1005007211390880
1005007389860874
1005005731188180
1005007148770791
1005007576299924
1005007057284401
1005005487173600
1005006995214541
1005006367296143
1005001307307559
1005007652675391
1005006654029446
1005005979072673
1005006085339728
1005006224907670
1005006472927078
1005007638964647
1005003025653948
1005007175666047
1005006684645121
4000929575571
32835261810
1005007207880880
1005006517218412
1005005955301536
1005007385220141
1005007656287818
1005007211363946
1005007656253163
1005006883338958
1005004408374372
1005006670093948
1005006449832300
1005007556120242
1005007530766293
1005007442629264
1005007459256812
1005007451047292
1005007334943989
1005006120486057
4000153368616
1005007446769504
1005006901882503
1005006869385761
1005007211997677
1005006127055845
1005007131171394
1005006947344868
1005003083646677
1005004456137657
1005005286905105
1005006864312685
1005001950409128
1005004865132362
1005005723706038
1005005965656934
1005004885381408
1005004901501966
1005005688426538
1005005389093809
1005005817236576
1005005155887899
1005003730817031
1005002297733587
1005004492254105
1005005630682290
1005006019192108
1005004870697395
1005005379466071
1005005130586903
1005005895421615
1005003796409679
1005004648227457
1005005723814383
1005004196313455
1005004385202580
1005007513746836
1005007372174591
1005005825132882
1005005396671978
1005006398411281
1005007412491782
1005005628935170
1005007393506464
1005007470094497
1005005275768912
1005005464933574
1005006788593589
4001351060857
1005006168131889
1005007510941506
1005006846108470
1005001668049313
1005004235959298
1005004323287801
1005005876043725
1005007519530575
32607388528
1005007579303279
1005007308564323
1005005256290290
1005006023124775
1005005994841154
1005005481752960
1005005723305905
1005003694460166
1005005379323558
1005004565057935
1005002147505295
1005004498617248
1005004964044492
1005003554120691
1005005418311470
1005007412432929
1005007251531689
1005007412743041
1005006966734722
1005007446101737
1005007036411461
1005006141582923
1005003757830359
1005005835021719
1005003773459680
1005007458113029
1005007321989375
1005006334088918
1005004270224452
1005006978936773
1005006324572215
1005007075363907
1005006895348511
1005003898874588
1005006884284081
1005002664979530
1005003830515227
1005004492214131
4001214321426
1005002297983560
1005002232330682
1005007021690266
1005003323287988
1005006116832424
1005004664070309
1005007518375170
1005007292541605
1005006960560490
1005007511912245
1005007475383799
1005002592545293
1005004886975610
1005007574960220
1005006275381558
1005001361702577
1005007641212358
1005004866405779
1005005389977706
1005004837757392
1005006318470768
1005006300247840
1005006720206931
1005006966764338
1005005654363820
1005002542773049
1005007504638203
1005005481914989
1005002566966849
1005002713036205
1005006513659674
1005005127928275
1005007294932967
1005007154488687
1005006684564747
1005006641056083
1005007472871104
1005007356778996
1005004866567047
1005004842571038
1005007556926706
1005007641256189
1005002258170921
1005006709750842
1005002974449983
1005003383018364
1005004623739120
1005005221198426
1005006056220019
1005006722788165
1005005678150120