1005007610708394
32904783799
1005006019387435
4001240142548
1005004132412401
4000316084864
1005007315594666
4000385479498
1005006034010609
32881084129
1005001798136434
1005006215425994
1005004879065398
1005004295838673
1005007096428609
1005007384232023
4000877879195
1005005241459225
1005003026710718
1005001633211137
32830203438
1005006863025425
1005005743028486
1005003272256156
4000918211731
32966396199
1005005526050618
1005005320391029
1005005277270047
1005005476789191
1005007045784394
1005005343916881
1005005615751201
4000917409093
1005007418334578
1005005523307029
1005007410042600
1005004528245971
1005001616527830
1005004150374168
1005005753642048
1005007315714287
1005005484550662
1005005266898088
1005005492364452
1005005487445105
1005003787505137
1005007506642038
1005005432784145
4001220674040
1005005880951478
1005007152714685
1005007580618983
1005006679103917
1005006664148148
1005007399407284
1005007301296096
1005007391390785
1005006654264354
1005005766290735
32946426191
1005006133868436
1005006722439505
1005007580519650
1005006939718869
1005006294913176
1005005275559921
1005005175791237
1005005918164313
1005005293587087
1005006922283938
1005007125341916
1005007600517198
32835425732
1005006037937029
1005005862209032
1005006196075013
1005006725165778
1005005884536514
1005006701243761
1005006656718852
1005007554682042
1005007353796727
1005005237188408
1005006820381166
1005007370988500
1005003177316140
1005007557642697
1005007641157144
1005006815140803
1005005970295622
1005007262341594
4001135952168
1005005904365164
1005006658451722
1005005879695476
1005006396141345
1005007261421369
1005006972990032
1005006969298163
1005007769562149
1005007758153113
1005006689239912
1005005441119656
1005005561099105
1005007138332119
1005001877604544
1005006994467283
1005002400210652
1005007399570754
1005005713306013
1005006774596226
1005002989449915
1005007169256600
1005005818911533
1005006776555398
1005005939133649
1005005824390240
1005006354160543
4000128280636
1005004515497774
1005003076807124
1005005094957289
1005006332863939
1005006172035919
1005006465090244
4000064320912
1005005983420061
4000067243688
1005004654380623
1005006042807988
32817559970
1005007280082251
1005003721850508
1005004150301282
1005006840911196
1005004882402952
1005004549622283
1005005299527405
1005006484771874
1005004875062731
1005004641808316
1005006744580910
1005004581982613
1005007340608371
1005007327442507
1005001913008725
1005005827953332
1005007588084422
1005007542700002
1005007544484902
1005005568126575
1005004719344710
1005005824303153
1005004875233231
1005006744349824
1005006443343610
1005002835578260
1005001741377363
1005005685589713
1005007288010472
32948660669
33046363856
1005004014732057
32998014337
33054522838
1005002198497601
4000519837687
1005005195603702
1005005162492375
32988236243
1005007620414541
32880406978
1005006729039830
1005006335057340
1005002457807413
1005007134422499
1005002582440869
33022105357
1005007593818499
1005004918608060
1005007536391155
1005007051607688
32990155128
1005007532475831
1005006359288432
1005006394116093
1005006998836480
1005006974899486
1005006376556125
32906528254
1005006497891250
32955735396
1005006928414062
1005007248140353
1005007656422840
1005006672606434
1005007176292049
1005007534047878
1005007418885207
1005002259599874
1005006182130258
1005006177835391
1005007218321954
1005007650650666
1005004612235803
1005007474417353
1005007506412538
1005006684608365
1005004878123790
1005005058572703
1005006648460951
1005006647132416
1005005169470506
1005004844097940
4000260587070
1005006279428349
1005006140768822
1005004401804929
1005006719530952
1005007327088165
1005002393916611
1005007438622421
4000738075246
1005006879117539
1005002674527570
32975282268
4001217955920
1005003292258705
1005004702632310
1005004897142654
1005006129339558
1005007125142256
1005005728512186
1005007440903075
1005004316830902
1005004968489595
1005006779385483
33003706992
1005006991417561
1005006624330756
1005006941482327
4000852911983
1005005957337545
1005006828150092
1005002836237146
32958497194
1005006717010244
1005005728338964
4000629290433
1005006605855134
1005004316940079
1005004316883733
1005002205811268
1005006991850770
1005006672260338
1005006434187682
32767248746
1005007136496568
1005006923941558
1005007082312187
1005003793845388
1005006032591647
1005006510846968
1005006853728188
1005007192753362
32982319679
1005006410847597
1005003687870395
1005003944746979
1005003843443836
1005005557309161
1005006947226127
1005005572464135
32851172753
1005007555080708
1005005824837730
1005003504028239
1005005268438138
1005005557222026
1005007162687379
1005006773168136
1005005983629658
1005007586083915
1005007084505286
1005006083548446
1005006584608969
1005006255041708
1005006346585492
1005005526972573
1005006225078385
1005007593502199
1005005387181485
1005007251650021
1005006306985798
1005007039565207
1005007362016670
1005007050179476
1005007575863912
1005006413901553
1005004710820350
1005007157076743
1005005310078079
1005006579895357
1005004607889344
1005007401994331
1005006888189409
1005007309455490
1005007554881969
1005007625484871
32761289346
1005006086559225
1005007292536325
1005006493069321
1005007391954751
1005002884201715
1005007218540431
1005001792453514
1005005600260297
1005006057657891
1005007244454008
1005004930238621
1005006301061725
1005004763579726
1005004768012466
1005006255225894
1005006616759195
32932853167
1005006285226827
1005005365486677
1005006445574249
1005006718788124
1005005090912291
1005006111576830
1005006468325500
1005006897564639
1005006131617316
1005007520353473
1005006294826588
1005007219595900
1005006233823872
1005006125168225
1005004501276831
1005006294406090
1005006651010598
1005006414195923
4001359934393
1005007554858470
1005007600454474
1005007458879048
1005007503072428
1005004579973649
1005007496731800
1005007583679316
1005005265933139
1005005874908195
1005002233289330
1005007492879771
1005007510925864
1005006003082634
1005006445441943
1005004276667467
1005005316272366
1005004761830829
1005005724562091
1005003077157188
1005005890340596
1005001810211139
1005005796238517
1005006721965502
1005004866718605
1005005124075753
1005005449935150
1005006451566260
1005004254511202
1005005777004897
1005002217261517
1005003800735900
1005003340791228
1005004432408042
1005004476636268
1005006011888858
1005006886282885
1005006886448079
32369665462
1005006655631670
1005007499532474
1005006902205809
4001104538381
1005007671244872
1005005712974339
1005007623466678
1005006016274067
1005007521566421
1005007671369359
1005006271757338
1005007671182894
1005004999972817
1005007671165497
32981946061
1005007650017072
1005007499349895
1005005494877062
1005002011189698
1005005029484838
1005007776228122
1005007776317907
1005007770258691
1005007779877797
1005007772349717
1005007776475343
1005007753406979
1005007753532336
1005007742205055
1005007749926149
1005007733415157
1005007502914936
32980065442
1005007499896282
1005007651015620
1005005493036368
1005005778580288
1005006246700040
1005006448326043
4000195342858
1005004585761942
1005005779943260
1005001913801977
1005006130768339
1005006959723086
4000761409567
32282991564
1005005918873206
1005005967541255
1005006792501624
32717238858
1005007103405831
33006334500
1005006166199905
1005005201619150
1005006210494399
1005004266074204
1005005651927662
1005006072174192
1005005458368005
4000519251339
1005007408098065
1005006480168635
1005006589155083
1005004624863820
4000472893428
1005006962430450
32817128356
1005005867019010
1005005865469836
32819382560
1005005228798765
1005006663219686
1005004410095612
1005006217730872
1005005458130935
1005006140566215
32826425291
1005006783780632
1005006374489549
1005006148162222
1005005259410381
1005006319287089
1005007036710767
1005005918872393
1005005902902449
1005002533421093
4000479797161
4000511240786
1005006018224028
1005006203468438
4001099043432
1005003037350707
1005007098474031
1005006018999790
1005005496286235
1005003060802368
1005002190720221
1005006374950575
1005005261127053
1005006168810333
1005005301833860
1005007349962144
1005006719920680
1005004956619405
1005006130902454
1005005948624910
1005006447995746
1005004775476170
1005006760504864
1005005589720469
1005005569806249
32814804659
1005005135294237
32883293629