1005006055799163
1005006257410524
1005004936891593
1005006051230831
1005006784937560
1005006062118829
1005005462298055
1005006120727622
1005004634348663
1005006314706282
1005005870911852
1005006024194661
1005005942152539
1005005742263971
4001224268967
1005006281716572
1005005321021258
1005003483870241
1005003021414548
1005007510376856
1005004970634762
1005007023443662
1005006040291394
1005007060415932
1005003430859527
1005005070462440
1005006019662276
1005005956076267
1005004746367010
1005003639215450
1005007575767386
1005005958005294
1005004545549340
1005005814445414
1005005494507827
1005001834922580
1005004770188256
1005006578616843
4001077064826
1005005175561625
1005003167549200
1005005133354175
1005003891535105
1005005562349129
1005004375567419
33037422310
1005003224611431
1005004333880973
33002557198
1005002324038365
1005001830473387
1005006620650493
32915560575
1005006843142419
1005003051297534
1005004126699714
1005004971548372
1005007179823950
1005006184707904
1005006657654253
1005004154524086
4000187149210
1005004126778192
1005005136128388
1005007475545476
1005006209188800
1005005467091616
1005005265991419
1005006030236451
1005003943648445
1005005582823058
1005005495231314
32846080199
1005005551416506
1005007455716559
1005004197384142
1005006657504434
1005006586636835
1005003296358367
32895504376
33051394987
1005007494503663
1005005211180514
1005002794560609
32991031710
1005006194324917
1005005969491685
32780242716
1005006775089880
1005005955618353
1005001835246659
1005004242842511
1005006247400549
1005005297141634
1005004727606199
1005006972414190
1005001797265611
1005005921553343
1005004431264106
1005001804570479
33010410552
1005002323994386
1005005048221033
1005003888482091
1005003172810951
32871750544
1005004090807252
1005005569670143
1005004895884917
32952772297
32861412892
1005005182634898
1005006081735394
1005003626363809
1005007007573357
1005005281979025
1005006108793471
1005005533513425
32796805090
1005004488721910
1005005773333074
1005005062015150
1005007495017683
1005003479210911
1005006825067553
1005005210404386
2002708869
1005005605130089
1005006786632332
33056580717
4001359633632
4000165912782
1005005905990612
32251333840
4001095310747
1005005489608328
1005005010655449
1005007047939902
1005005768180370
32997654845
1005006186248130
1005005729851029
1005003103276776
1005006894268274
1005006385627308
1005005025287224
1005006356919724
32946273653
1005006398518222
1005004766192100
1005006821133498
1005006464942342
32690750612
1005003887853406
1005004351722562
1005007425751141
1005004474257294
1005003091234145
32992221339
4001072446537
1005006711370131
1005006586775933
4001155272958
1005004727573565
1005004437952323
1005004492102031
1005007046103803
1005005729699653
1005003993239096
1005002740020652
1005006457045652
1005005486570878
1005001934088165
1005005955471987
1005007575793192
32227157622
1005004417610725
1005004492070450
1005003830633434
1005005056979249
32557740009
1005005014480934
1005004611488747
33004522168
1005001569994180
4000899174481
32563268862
1005005670068339
4000924066253
1005007681256459
1005007716190241
1005005010372991
1005004242667512
1005003888408765
32736053976
1005007437677248
1005004303916940
1005005133044820
1005002324103191
1005007048317486
1005001803282378
4001150312833
1005004412562597
1005003978910261
1005005485923389
1005005016021497
1005004446136504
1005004587361576
1005003891285481
1005004247018243
1005005010517737
1005006464703885
1005004187429705
33005451904
1005007441891465
1005007562003251
1005004438208020
1005004437438535
1005003891342447
1005006063449039
1005004336583303
1005004309691840
33003598277
1005005010686127
1005003888242661
1005004971582068
1005004242817577
1005005010578442
1005004333733564
1005005010658124
1005003891102974
1005004002615492
1005004587423202
1005004242942660
1005004004369522
1005003891355752
1005004178343114
1005003888598103
1005003887850111
1005003887929217
1005003887761734
1005003891534195
1005003891139761
1005003887809774
1005003891537053
1005003888523305
1005003888549019
1005003887915225
1005003887945072
1005003887726712
1005003891315917
1005003891329212
1005003891294105
1005003888430716
1005003888421798
1005003888443106
1005003887798504
1005003887736429
1005003891135878
1005003887777500
1005003891464107
1005003891333997
1005003887848305
1005003887946372
1005005787940334
1005005732198132
1005006176316739
1005006237028827
1005006831501866
1005006324867045
1005006156435334
1005005701841415
1005002694640393
1005006126905251
1005005369635009
1005004929610171
1005006324848080
4001118851854
1005002002548920
1005005715205450
4001025768854
1005005485956719
32229011719
1005006321272105
1005006845221097
1005005825766454
1005006748893947
32520966875
1005007486227483
1005006324733764
1005007050968630
1005006722769033
1005005221684638
1005005576287846
1005006827002856
1005003750513508
1005001907974111
1005007005806687
1005004698479005
1005006046910273
1005002688107958
1005005252509691
1005006417883894
1005007438190027
1005004355109219
1005003960528659
1005007495756264
32964593343
1005005489235325
1005005937070767
1005007246659389
1005005246019650
1005006629209536
1005001857318171
1005005445922536
1005007338958335
1005004984219834
1005006146455357
1005003750933401
32875057845
1005006380775987
1005006683216607
2011285118
1005007103134376
1005003750837787
1005005533840489
1005006471284530
1005003546563888
1005004390847824
32844030556
1005005815612536
1005004953336982
1005007202603548
1005003750406582
1005006327196361
1005002781397525
1005005931384554
1005002469429340
1005007184600512
1005003690599717
1005005256208745
1005001557867235
1005007080897448
1005007288459095
1005001645176039
1005003750776885
1005003750520277
1005006941469209
1005003821824516
32958980782
1005005008354272
1005001793189661
1005005261748966
1005003666318972
1005006729739548
1005006706314345
1005006424288601
1005005895604371
1005006457700175
1005006273869795
1005005320954702
1005004004301240
1005001923254407
32687599398
1005005856382560
1005002994366701
1005005782076292
1005006605716158
1005004949102647
32691369795
1005006535706142
1005005968123051
1005002761368893
1005007003319776
1005004937384089
1005006834494432
1005006227278586
1005006173221850
1005002702907593
1005005341600849
1005007071344983
1005003750789690
1005007469900918
1005006081627538
1005007247298910
1005006956122664
1005001780661664
1005005953697452
1005003750573972
1005007270970030
1005003750596919
1005005030667336
33013561570
32837252355
1005007107715591
1005004630471618
1005006285912436
1005007460487149
32946405353
1005006722729317
1005005884323929
1005006118624823
1005007393586703
1005006408101170
1005006148752995
1005004983150059
1005005719889014
1005004255714188
1005003957496090
2011781129
1005003750376801
2011784910
1005004266438375
2011304365
1005006374680548
1005003961438926
1005004266397602
1005006091235749
1005007271179582
2011299617
1005005896734806
1005005891084799
1005004255721127
1005004345064497
1005004255637900
1005007199670763
1005005710692790
1005004266387019
1005005987200739
1005006399067468
1005006938524134
1005005576009506
1005007520058605
1005007543919123
1005003956632870
1005005779986813
1005007110448933
1005006111167535
32833928302
1005005654412867
1005006688104176
1005006480326013
1005007527506804
1005003750934107
1005006472370556
1005002781339660
1005006374643463
1005003750402275
1005003750706164
1005004255709279
1005003750907760
1005006794756311
1005004266388710
1005003129093801
1005007442337319
1005007200067109
1005006372422074
1005007145752467
1005007552187284
1005006783786818
1005005718804343
1005006176801654
1005007552055412
1005006995786599
1005004266107933
1005007113647903
1005004255552214
1005002642487344
1005007063700347
1005006098561184
1005007429039408
1005005270542625
1005007233686194
1005007190501853
1005007199648728
1005006421644145
1005007552226322
1005006475383244
1005006938502242
32657488869
1005005556502950
1005007016607367
1005005511952829
1005004143764912
1005007134428089
1005007552218094
1005003956940039
1005003134600304
1005001780980272
32883190724
1005007182375032
1005007553377794
1005006397902984
1005005852299146
1005006402079503
1005003217120733
32843512140
1005006734005894
1005007402731342
1005003118413767