1005001437241090
1005004493747530
32980126831
1005005318805873
1005005289372152
1005005250798377
1005005667839571
1005005459298747
33062339944
1005005890140895
1005002901356916
1005004332314554
1005001568795355
1005003283135214
1005006452742709
1005004502300487
4000777701135
1005004514161960
4000503144538
1005005778257911
1005005044313473
1005006543795259
4001278823492
1005001475017853
1005003137360539
1005004341397926
32974849854
1005004984049991
1005002278365082
1005004504631631
4000804369590
1005006643357565
1005004277336881
1005007081554407
1005006337244761
1005004835797687
1005004481910364
1005004339189061
1005005044561668
1005005091402702
1005001880306298
4000727260490
4001189449550
1005003654309435
1005003316477895
1005004974453772
1005005276957402
1005002548543860
4000453081401
1005004501585756
4000777595320
32919071550
1005006425368780
1005003173252215
1005002322627007
4000904281811
32972113278
32782205694
32978211942
4000723599299
1005005742729369
32975187337
1005002759700655
1005007391494558
4000842966755
1005007085299782
1005004064106121
1005005670697863
4000802937394
4001287208190
4000020142083
1005005289311714
1005006850907219
1005004500480571
1005001276356008
1005003721722142
4001275749994
1005007245786053
1005003282403954
1005003753976496
4000545712881
1005005035655101
4001268495687
1005005122622904
1005004413741913
1005004750716332
1005001276052038
4000835844657
1005003016869301
1005002426253206
1005004493731601
1005003703337560
1005002278587800
1005004702892055
4001189374312
1005004731151166
1005005879268375
1005002537953429
4001081886310
1005006021432383
1005001707812913
1005004815028170
1005007080740173
1005007149643367
4000991144413
4000911140341
1005003282984419
1005004547958250
1005005522839916
1005002767890698
4001257602550
1005002213070642
1005003244407890
1005006142407831
1005007424248734
1005006271644381
1005001274964945
1005003288984908
1005001829986502
1005005044300636
33030188714
1005004170590356
1005006516097363
1005006323935387
1005002827598235
1005004038497291
1005007445715890
1005004267967816
4000739558527
1005001909535853
1005001270439568
32965266592
1005007425861518
1005001626190931
1005007173926509
1005006647832435
1005005219280356
1005007656248960
1005005990061752
1005005734684986
1005005838201156
1005005495380985
1005005284732914
1005007144440106
1005005821412185
1005007501366749
1005006647436887
1005002305802885
1005002925617436
32794262975
1005005544168420
1005006990802787
1005006467413849
1005006966073669
4000355468368
1005005734878070
1005004595815062
1005006096659503
1005005986240609
1005006902171441
1005006135368157
1005006748372490
1005006904400079
32880694944
1005007196482252
1005007377519275
1005006121469445
1005005939709232
1005006990632561
1005006280308494
1005005914214087
1005007096089336
1005004630536906
1005007174924116
1005006550171596
1005006212049403
1005007003563802
1005007067142177
1005005769354414
1005005402788596
1005007430664619
1005006997835224
1005007544926873
1005006748227882
1005006813857559
1005007662230354
1005004995123056
1005007211170252
1005007494832337
1005006854105569
4000935995815
1005007269142248
1005001804390631
1005007512739322
1005005676998242
1005002024729214
1005006876391933
1005006692673416
1005006085982654
1005007002718825
1005007546163317
1005006883001748
1005007242620920
1005007272515646
1005007268563227
1005005734826258
1005006908417077
1005003706192802
1005007031392350
1005006748308548
1005006814054064
1005006142850934
1005004822085566
1005007493074396
1005007649355752
1005006389167776
1005007533231395
1005005759092015
1005005874605027
1005006962350102
1005007003094442
1005006301199586
1005007242629886
1005007242962292
1005006908286592
1005007287678516
1005007531725165
1005007354281028
1005007354060232
1005007321741708
1005007574478403
1005007321973898
1005006991221123
1005006494054492
1005005226388686
1005005248964204
1005005334771052
1005005425629086
1005007011350115
1005006778437216
1005006313150853
1005006239567196
1005006562092850
1005007264392576
1005005152002248
1005007648760828
1005006988875343
1005005786050966
1005007505937447
1005007328837494
1005007264611411
1005006085229088
1005006156485043
1005006135399039
1005007613345912
1005005151955683
1005006123118467
1005007264358693
1005006991013178
1005006672920440
1005006407681571
1005003258074053
1005004407445110
1005007649439519
1005007598614126
1005005160031995
1005007576298895
1005007227122025
1005007503853560
32969480721
1005007474316329
1005007242581980
1005007321737516
1005007586581764
1005005768247965
1005007293177341
1005007656529220
1005006908340448
1005005769283880
1005007498069285
1005006845691086
1005006844640970
1005007244095284
1005006492106059
1005007322043003
1005007321970239
1005007321875342
1005007354041537
1005007649060138
1005005143837607
1005007003010533
1005006135734035
1005007010567141
1005007249614172
1005007264464565
1005006330868021
1005007594526365
1005007467230374
1005007354023995
1005007354140483
1005007354020577
1005006120323807
1005007330475998
1005006991127281
1005006997621015
1005007010676909
1005006609632158
1005005104516899
1005006990698391
1005005776589445
1005007249625111
1005006844464551
1005006988076352
1005006844583095
1005003750514834
1005007481578417
1005006016340523
1005006955775833
1005006722979258
1005006826788971
1005007321754819
1005007581245937
1005005825737099
1005006410666126
1005006584197578
1005006849738305
1005006604682119
1005007017350588
1005006528672908
1005007510026693
1005007249372798
1005007246756947
1005007354149444
1005007354013768
1005007321857501
1005007556391735
1005007541459591
1005007321790411
1005007321840203
1005006990768360
1005006833974094
1005007245477997
1005006990731331
1005007003576845
1005005143927664
1005006988867378
1005005898513467
4001251324454
1005007446546042
4000001071856
1005001490266357
1005006658391808
1005006412906075
33039413087
1005002617034813
1005003176433715
4001307412518
1005007245761552
1005005568084813
1005007246830782
1005007587072241
1005005434368506
1005006844527147
1005007010181992
1005007246081025
1005007244153177
1005006990611388
32834954563
1005007662340401
1005007095866860
1005007249435570
1005006593360937
1005007259075881
1005006221069897
1005007226768720
1005007246714921
1005002219929199
1005007225488162
1005005762348240
1005006679374105
1005005797135954
1005005761075822
1005007467183459
1005006990804810
1005006990795320
1005007022343470
1005007264543525
1005007444706797
1005001420520551
1005006672894446
1005007406940998
1005007264167938
1005007330616635
1005007003379995
1005007246819842
1005007249351831
1005007249610188
1005007582983100
1005007384687269
1005006991156217
1005006216924223
1005007567022732
1005007003144353
1005007003140345
1005006990880656
1005005779401312
1005003401769882
1005007354119323
1005007356699717
1005007242844482
1005007022421355
1005007266687331
1005006990857185
1005006770832620
1005007264708063
1005004595700959
1005007249484461
1005005704239884
1005005277960861
1005007595216528
1005007648963406
1005005773325968
1005002375245275
1005007249653059
1005005682591614
1005006119959803
1005007566978813
1005005644729428
1005005249626824
1005007551689194
1005002611343361
1005007267076672
1005007174319880
1005007242582839
1005005730021360
1005006143448024
1005007003626975
1005005662079835
1005006549081258
1005002886001747
1005006856786966
1005007249635081
1005007330681604
1005007247026453
1005006990570511
1005007011196053
1005007264639252
1005007022521247
1005007246707949
1005007264582485
1005007582664894
1005007321687971
1005007242945337
1005006430159687
1005006303675855
1005006761731977
1005007328972248
1005007330739409
1005007226845598
1005006994499732
1005006717445690
1005007010605082
1005007715840585
1005007713201419
1005007713130552
1005007774167722
1005007696557649
1005007696338592
1005007684273501
1005006827493560
1005007774160216
1005007763513890
1005007724461504
1005005941323690
1005007710115147
1005007701349331
1005007701012306
1005007700877903
1005007730766581
1005007715564358
1005007724391656
1005007684818185
1005006777007304
1005006949783551
1005006139969289
1005005526700558
1005006363568855
1005007243944570
1005007246988539
1005004041355049
1005006519057395
1005004035743039
1005006316934726
1005003686798420
1005006154271177
1005007651055500
1005005521009328
1005007589845906
1005003685344425
1005003684774169