1005006796335900
1005006928657954
1005006904203069
1005006641165954
1005006913157072
1005006776138330
1005007013564588
1005005353940548
1005006173743570
1005006641662679
1005007180869185
1005006334915155
1005006076444599
1005006096769905
1005007342003251
1005006294569089
1005005036775979
1005006655604600
1005006955950607
1005006202553495
1005007472900639
1005006636056939
1005005858198287
1005006808970667
1005005388072098
1005006797933524
1005007420275253
1005006054335215
1005007188169825
1005006451824859
1005006112244383
1005006377911285
1005006370701768
1005007094868608
1005006871020018
1005007287345778
1005006891078349
1005006307168586
1005006907712225
1005006216864999
1005006978255697
1005006539064113
1005006564962015
1005006431293429
1005006026610674
1005006447658121
1005007637191235
1005007537633749
1005007093863915
1005005865519107
1005007543350349
1005004925325238
1005006565620525
1005006477974853
1005007058424386
1005007541587892
1005006489064454
1005006831804663
1005007310237492
1005007607671373
1005004927167992
1005007204460576
1005006834634883
1005007312840773
1005007531506933
1005006724369255
1005006673681504
1005007088933274
1005007095779677
1005007485904988
1005006341356036
1005007541310205
1005007425505681
1005007058147080
1005007393782138
1005006924609184
1005007466262003
1005007482553479
1005007249526632
1005005495401248
1005007385649430
1005006987361528
1005007431978675
1005007061360244
1005007055933527
1005006127030229
1005007342590593
1005007287679958
1005007273148588
1005006848453992
1005006949983171
1005007649550939
1005006543344519
1005006838342917
1005006922633600
1005004992240580
1005005916331913
1005005414666890
1005007518623813
1005007265175983
1005006823526342
1005007142044356
1005007551895796
1005007302151078
1005006111601272
1005007426176353
1005007269842423
1005007249074654
1005007182080626
1005006899978021
1005006105187300
1005007174753416
1005006484021253
1005007267696974
1005007468008433
1005006846285225
1005006416668328
1005007302329652
1005007442261738
1005006477514647
1005007196514234
1005005894677217
1005006639598130
1005007372500816
1005006655522955
1005005094514984
1005007569688199
1005006937214749
1005006923482069
1005006682513573
1005006990667283
1005007001801753
1005006784402328
1005006980504972
1005007586506905
1005007538961813
1005007243704576
1005006614235009
1005005860967049
1005007026975545
1005006861035457
1005007582241945
1005007605166633
1005007329212300
1005005495497970
1005007331801731
1005006444865670
1005006430146240
1005006990192657
1005006916811910
1005007271982045
1005006833015728
1005007605066469
1005006841166147
1005006953716276
1005007014571566
1005007314183711
1005007118807790
1005006781255840
1005007377487241
1005007517866922
1005006489451339
1005005153220576
1005006731819519
1005007261284196
1005007335584751
1005006898673336
1005006425996504
1005007460279643
1005007188865585
1005007480761449
1005005518301147
1005007337570779
1005006691614685
1005007485566983
1005007043168965
1005005983540915
1005007087911792
1005006530122110
1005006937246633
1005006506066737
1005007282054375
1005007467908323
1005006976810015
1005006848567332
1005006906404914
1005007561841917
1005005672358320
1005007116506411
1005007497124708
1005007270401592
1005007222960965
1005007489804748
1005007476243837
1005006943008473
1005007581012591
1005005821262281
1005007348908201
1005006935174794
1005006761988097
1005007187625991
1005007360803417
1005005830288499
1005007215190809
1005007546136021
1005006896613831
1005007292224953
1005007170137553
1005007545093283
1005007253259942
1005007456772533
1005007462859254
1005007226044389
1005007466163197
1005007417321862
1005007624389294
1005007474470645
1005007105187328
1005006833398420
1005006483998338
1005007490052524
1005007544882771
1005007507266651
1005005089291174
1005006906495988
1005005622047889
1005006212855002
1005004949733918
1005007228559644
1005006592371210
1005005801086873
1005007353291632
1005007580331001
1005006956169894
1005007575537983
1005007153467423
1005005620619249
1005004916983895
1005005000422626
1005007066174189
1005004431499937
1005005057504718
1005006255272401
1005007259565223
1005007016072048
1005006306124066
1005007003701623
1005004144662701
1005007626558722
1005007521350647
1005007600068055
1005005579581033
1005006398708174
1005007115334972
1005007162449930
1005006304813690
1005006619739966
1005002557946650
1005007531778414
1005006692125705
1005007601163465
1005006191437999
1005005677810205
1005007061827647
1005006399365109
1005007317565222
1005007568959227
1005005154371077
1005007198117756
1005007531348329
1005007409484664
1005005899179310
1005007593697840
1005007557570953
1005006337605261
1005006813145905
1005007104214322
1005006764820126
1005006269262697
1005006150932075
1005007412901534
1005007403421530
1005006795403067
1005006830823748
1005006442222460
1005006802244298
1005006750457949
1005006882336492
1005006110703332
1005007549274396
1005004558160150
1005006712355309
1005006854788807
1005007409513700
1005006945782842
1005006649622943
1005007323990117
1005006723679136
1005007372047308
1005007306935580
1005007595005430
1005005901681427
1005006797841494
1005007087412544
1005007448135170
1005007425303655
1005007534954265
1005007490409259
1005004452057187
1005007360950095
1005007321203967
1005007610197547
1005006151527094
1005006870090312
1005007621999697
1005007347377734
1005006959126098
1005007486623211
1005007327099473
1005007074443326
1005006865412440
1005007500345711
1005007478957300
1005007613811707
1005007082726394
1005007168095648
1005007287048618
1005007128781621
1005007460474191
1005005584440757
1005007629726076
1005007065885225
1005006187026394
1005007014430132
1005006614017361
1005007100731089
1005007373336403
1005005901033589
1005005074393318
1005005023804671
1005007462206720
1005006740575153
1005007532899954
1005007161461308
1005007347913110
1005005865738954
1005006729869193
1005006002537247
1005007444151670
1005007081993722
1005007324133022
1005006852613126
1005006989729833
1005006380030681
1005007350541704
1005005461684726
1005006259272385
1005006390488018
1005007156752473
1005007254791680
1005005976483939
1005007074456251
1005007481612296
1005006994381866
1005006724480892
1005006826630083
1005007538242545
1005007413022187
1005006997193393
1005007392719327
1005006887670816
1005007101488309
1005007002568130
1005007565308553
1005007466813833
1005007038346564
1005007352810615
1005007360849376
1005007202063749
1005007175255524
1005006777254468
1005005989076534
1005007486011515
1005007626181657
1005007348974194
1005007311434282
1005006848773620
1005006969269260
1005005665860064
1005005983682063
1005007309966453
1005007551025482
1005006424722683
1005007351346620
1005006857221831
1005006741829826
1005007198465444
1005006859670500
1005007485863456
1005007489611540
1005007134771562
1005006646839735
1005002495621593
1005006836311258
1005006235893381
1005006791267512
1005007360688463
1005007299958743
1005005785165894
1005007202230362
1005007071136602
1005006282626955
1005007038331445
1005007398993264
1005007504567712
1005007565184802
1005007243120456
1005007384676804
1005005781190285
1005007546634047
1005007545085310
1005007331852654
1005007002335500
1005007138564147
1005006008364025
1005007410194646
1005005257860312
1005007084596028
1005007082956633
1005007487301797
1005007581872485
1005007040427004
1005007542764390
1005007526453191
1005006961774741
1005005860032109
1005007050933470
1005006425435053
1005006778959585
1005007594058138
1005006960384730
1005006540181158
1005007285400338
1005007167228942
1005007252881618
1005005929148026
1005007074844121
1005005708806346
1005005453354353
1005007252703733
1005006124423664
1005007512597078
1005007430831507
1005005836973653
1005006375592946
1005006376025810
1005007250644765
1005007430824180
1005007545128536
1005006803132758
1005007225366478
1005007096627419
1005007119037700
1005007394499312
1005007289444321
1005006691511233
1005007543614911
1005005439400505
1005003771254332
1005007413076042
1005007371291607
1005004183835786
1005007021901734
1005007335279947
1005005935024623
1005006145011688
1005007210561644
1005007137780665
1005006839746552
1005006816032081
1005007560940564
1005007315851856
1005006697591472
1005007512012693
1005006764896792
1005006715885164
1005006150966665
1005007513386344
1005007292665595
1005005599239179
1005007435336650
1005007408868751
1005007513707825
1005006417602444
1005007544222755
1005006335596050
1005007245446208
1005007443728519
1005007210211387
1005006390840154