1005007652499675
1005007586172060
1005007314278999
1005007021121270
1005007600466823
1005005783917478
1005006165051456
1005005163054136
1005007600430829
1005005902721271
1005005885765181
1005005285857942
1005006751771681
1005002779009066
1005007569217114
1005005429280154
1005006060525745
1005006097150291
1005007362191881
1005002708044745
1005007656258586
1005005964705893
1005006563185649
1005006133214962
1005007450162195
1005005760859168
1005004217792164
1005003586265975
1005007132157238
1005007224026898
1005006365448636
1005005995487140
1005005643051152
1005005603000696
1005007473217264
1005007176050021
1005006724270355
1005007498270784
1005007600869595
1005006418427422
1005006404756008
1005007249388471
1005007447789628
1005006563243612
1005007629261341
1005007515926757
1005006445053487
1005005429044642
1005007587467810
1005007671231215
1005007481082904
1005007663210827
1005006849192533
1005006989380159
1005005963843114
1005007060752346
1005007660795942
1005005905290095
1005005702420493
1005007427279603
1005006753257698
1005005362174290
1005007528228305
1005007208645555
1005005556065154
1005005781149258
1005006063829551
1005003687301986
1005001501944950
1005005163016530
1005005866755372
1005007456864122
1005006761208982
1005005490621859
1005006316014903
1005005152346603
1005006706805070
1005005661359496
1005005585412991
1005007560378234
1005006476561660
1005007649315021
1005005664290948
1005003774701747
1005006011732410
1005006508553209
1005006411839398
1005006148503326
1005007311287864
1005006997130438
1005006561321331
1005007096200769
33027237417
1005007656148165
1005007454433626
1005007575114767
1005007525307497
1005005426916852
1005006727369043
1005005310143024
1005007240631230
1005007452776001
1005004280853675
1005007254827595
1005007629343299
1005007626429336
1005007635793481
1005006060654375
1005007591639077
1005007301183528
1005007600711191
1005006244620114
1005004460206393
1005005453448480
1005006803740335
1005007240319784
1005006301767111
1005004363940386
1005005692053823
1005007206628271
1005006916135183
1005002374892370
1005005313113808
1005006697819813
1005005989898553
1005004595714560
1005006902415229
1005005902614265
4000534051537
1005005638754798
1005005836136067
1005005079965936
1005003427421750
1005005978336160
1005003706890064
1005006963707694
1005001494284898
1005004312809205
1005007517428932
1005005278554243
1005005639291989
1005006921459658
1005002990665764
1005005972726992
1005003323722060
4001264312782
1005003067820283
1005001652289866
32850661573
1005006330086095
1005005886937813
1005007369421658
1005006431577034
1005005124921295
1005005598398154
1005006915938808
1005007503627867
1005004583372508
32813881460
1005006921438681
1005001365646692
1005006921445712
32992876585
1005006278410781
1005005844806853
1005003293718229
1005006116457559
1005003732934784
1005005868206578
1005005973265458
1005007635723160
1005006055036965
32860127639
1005005355910736
1005005112465595
1005004891422591
1005005499119815
1005006624042924
1005002382391980
1005005080053137
1005006430317415
1005007040027620
1005004482375315
1005004412264366
1005003211907905
1005003311845458
1005006297549520
1005006921442727
4000142408898
1005006461421037
1005006921555188
1005004057442982
32898769065
1005004842757099
1005007041001206
1005004175930864
1005006259749613
32610316536
1005004964379763
1005003077771332
1005006921543199
1005007038152711
4000451041586
1005004226776552
1005003373977906
1005007044056523
32879608353
1005003681495599
1005006709866270
1005003439074169
1005006207496832
32837562508
1005006992977654
1005004876049737
1005004842552829
1005004942324985
4001290245332
1005002612906449
4000802553269
1005007129893829
1005005950288359
1005007629468095
1005004964490309
1005006992935196
1005007646804367
33060391153
1005007533954130
1005006058340514
33054317897
4001245362968
1005003203669035
1005006881991201
1005006993014056
1005004020991877
1005007411987486
1005006437735776
1005006992869606
32792126311
1005007541850669
1005006512773440
1005006993050297
1005004076123652
1005006104644794
1005005529394790
1005006092084991
1005004887749317
33019027039
1005001540755024
4000007521794
1005003098255718
1005004874801153
1005004975493479
1005007118944259
32736188870
1005006087583838
1005007382256420
1005006609422272
1005007645098367
4001022771684
1005004494804288
1005007491964131
32968833036
10000212129498
1005006283480154
1005006200612467
1005006528479745
1005007103258748
32848825524
1005006470258131
1005004717709300
32967178102
1005006076916472
1005003205289387
4001213452889
1005004842612677
1005004827555292
1005006492253435
1005007382191920
1005003807350950
1005005819741417
1005006319139296
1005006392696650
1005004758294279
1005003256288866
1005005062619366
33018419493
32841609154
32855459541
1005006748290035
1005004032191548
1005003075957359
1005006083233491
4001192086610
1005007157159460
1005006612178386
1005007395120155
1005003610975944
1005005824926158
1005007560029011
1005004014528373
1005006118502018
1005007537022814
1005006771672176
1005004254710007
1005007574687987
1005005710001062
1005003282387485
1005007425836218
1005006290272203
1005005350972708
1005004700773192
1005005215208790
1005007308510664
1005007646507766
1005005673415439
1005005866235327
1005006813126276
1005006033077431
1005005223138077
2012454950
1005007576831055
1005004768460471
1005005947683368
1005007544460265
1005005227093773
1005004701361530
1005005271172325
1005007665275928
1005007362095534
1005006854630161
1005004762828030
1005006235536254
1005003251933002
1005006033079407
1005005956745167
1005007058634651
1005005226974986
1005005795509304
1005006073259428
1005007417656267
1005006784294344
1005005910921736
1005007544034928
1005006488915886
1005005676227798
1005006160654137
1005007046959205
1005006549170163
1005006944770801
1005007646623284
1005006136042609
1005007498389339
1005007181407233
1005006547548146
1005006120880744
1005006725581812
1005006836504258
1005005675932675
1005006132440947
1005006148193665
1005006073259409
1005004700627813
1005006819255346
1005006121913465
1005007652734333
1005006549288063
1005006121897932
1005007652816214
1005005941524504
1005006121842736
32901466282
1005007045238630
1005006104053060
1005005916523326
32859950726
1005006549182164
1005005932897797
1005006121947288
1005006830766874
1005006548701610
1005006122027219
1005007316427019
1005006122033172
1005007078592337
1005006345460499
1005007169289592
1005007307343241
1005001693590672
1005004535168379
1005005748375161
1005003739908564
1005005718745339
1005007253032775
1005007732760710
1005006690393009
1005005450006707
1005007226420494
1005006348784001
1005007145384487
1005007168492982
1005007130343613
1005006943138317
1005007246619505
1005007247240060
1005007227655254
1005006348088847
1005006356719143
1005005517071883
1005007246463034
1005006890012863
1005005725301783
1005005905175772
1005006685367036
1005007309395764
1005007046188357
32807698512
4000744514952
32961912629
1005003122803543
1005004946305369
1005005322481180
32808076342
1005002612209604
1005007097762774
32800894146
1005004274255729
32800905584
1005005821333402
1005003634636395
32942005364
1005005632620417
1005005925074453
1005007097766618
1005007061761347
32958563358
1005007077567389
1005004868899220
4000789497057
1005004872724365
1005005834873512
1005004868716639
1005004868650458
4000763534365
1005006352436433
1005006625423073
1005005620353116
1005007353524891
32946724222
32974284044
1005003092026623
1005007301392062
1005007139563996
1005006253988252
1005005799188369
1005007179905585
4000923178936
4000377836857
1005003147608998
1005001836331017
4000370600623
4000793882647
1005003127462142
1005005546988974
1005007176663472
1005006634016229
1005004557080016
4000321241655
1005006830620782
1005006302216397
1005004011512899
1005007301189991
1005004046684754
1005005553266543
1005004011700313
1005007201567799
1005005698385902
4000070815319
1005006315325865
1005005697610780
1005005742999587
1005005061093149
1005007273922081
1005005841093146
1005006973527871
1005005539545367
1005004491626073
1005005697945611
1005007031259432
1005005698660775
1005005691015028
1005006628576341
1005006164700077
1005007111041318
1005007221413964
1005007622162483
1005007319066891
1005006786411736
1005001484711519
1005006991008756
1005006784757655