1005007585953197
1005005466051365
1005004134634962
1005001316425431
1005004837063117
1005005462916657
4000007777520
1005007183400524
1005007590285868
32902458003
1005004050166650
1005007083789239
1005005355906189
1005002002637403
4000552178322
1005001818122707
1005007553589859
1005006826835348
1005005915717873
33059431364
1005002905450609
1005007664625106
1005004837220437
1005007661032858
33008784326
1005003270916260
4000056022019
1005004437632835
1005005624513287
1005006500195498
1005006346953905
1005006113840945
1005006594025986
1005006302497531
1005006044362692
1005005688529960
33013969860
1005005178832061
1005004022380604
1005004442845576
1005006125716391
1005005475444045
1005006206170625
1005007082836725
1005006359930062
1005007552278297
1005006620096268
32923114790
1005005239298879
1005006908832492
1005007085812853
1005007259436841
1005007463097962
1005004634664284
1005006744732527
1005005575924171
1005006614064377
1005006462091413
1005006069418308
1005007276599542
1005006220568185
1005006117056480
1005006582287300
1005007109569206
1005007246421471
1005005544782512
1005006744891996
1005007117648639
1005006947381952
1005006048779841
1005006421757742
1005007572035271
1005006281584486
1005005456065554
1005006838558849
1005007334608773
1005006908378602
1005007039027519
1005006980199974
1005005109565134
1005006593819997
1005006339464040
1005007225594429
1005006564733216
1005004266449391
1005006278244383
32923439988
1005006973564800
1005004637584846
1005006048864167
1005006691830036
1005004318839613
1005006750453533
1005006947392058
1005006577400990
1005007083288558
1005004271371051
1005007294377897
1005007189385745
1005006729168229
1005007295156017
1005005142335738
1005005697241942
1005005475514438
1005006850075442
1005006747817177
1005006869086960
1005006821201816
1005006408999853
1005006786504552
1005005792648010
1005002495824567
1005007417906719
1005005142137209
1005005975020752
1005006325815764
1005007169299790
1005006227563608
1005007279614365
1005003880246525
1005006156813515
1005006131161271
32807113939
1005006135300702
1005005596267702
1005005058530544
1005007024513273
1005007081840596
1005006914138564
1005006523095816
1005006063486108
1005005855206780
4000837706527
1005006723032093
1005007439401751
1005006819304152
1005006381186388
1005006471265633
1005006902694711
1005005225618715
1005001869738241
1005007545745860
1005006126258947
1005004179180440
1005006427613443
4000614369745
1005006055014994
1005005397432264
1005005909962264
1005006014308624
1005006997077737
1005006457499445
1005005470855838
1005005792597253
1005007180822186
1005005610399455
1005005869475824
1005006382607303
1005006647339111
1005005472678324
1005007221631114
1005005831251043
1005005906023180
1005005841558109
1005005876486078
1005004217982036
1005003983064128
1005004375435429
1005001502751126
1005003784519515
1005005823328099
1005006990258339
1005006582483345
1005003386987127
1005006914273525
4000055861520
1005005647603449
1005007051661014
1005002871891925
1005003593827584
1005007030677515
1005007438903460
1005006840817061
1005005778511827
1005007038109390
1005006126807964
1005005037901234
1005007117065294
32698306341
1005006021896380
1005005997611576
1005006385609461
1005006808572626
1005004949144379
1005007030386066
1005005709015097
1005006467046844
1005005792523663
1005006660759439
1005007434293043
1005006843952161
1005006190196355
1005006218458528
1005007167801889
1005007095888844
1005006894069603
1005001376934537
1005006018911070
4000474759075
1005007417610919
1005007518790052
1005006946527842
1005006484968035
1005002241315584
1005006610292352
1005007445774297
1005006888110162
1005003349465742
1005005877200789
1005006959649316
1005006759011417
4000109390647
4000550383152
1005006779095230
1005002484600033
1005007399380511
1005004295435095
1005006304784348
1005005026285204
1005002512018674
1005006608160810
1005006728013999
1005005962373950
1005007067829207
1005005552518302
1005005499382132
1005005935295172
1005006644326375
1005006135367845
1005005651737046
1005006184726959
1005007353309585
1005003806741962
1005006833374487
1005006690667121
1005006314451480
1005006353033602
1005006356216768
1005007211983141
1005007403815229
1005006068490891
1005005540661601
1005006367293852
1005004810299595
1005006442454535
1005006173144108
1005005643608079
1005003330207949
1005007287503811
1005006049431735
1005006300249787
1005005865987124
1005005093541266
1005007084084532
1005005192084208
1005005921319280
1005005982620221
1005007161843269
1005005145383937
1005007456977836
1005006641023149
1005005293164362
1005003332880451
1005006541378328
1005005419763555
1005006170441277
1005005359060061
1005005267178980
1005005024026179
1005007371579012
1005005226739075
1005007023384948
1005006672682361
1005006059259519
1005005301733297
1005006856068139
1005005459653463
1005006900130501
1005006136065807
1005006797088733
1005006327083899
1005006469162340
1005006372315660
1005007355124270
1005004707969270
1005006897950280
1005006820155103
1005005851771579
1005005677392473
1005006677774220
1005005757538962
1005005943564238
1005006386343947
1005006589849821
1005006218398832
1005006070185779
32947164809
1005004981230294
1005006589346646
1005001436001391
1005007145778791
1005006047066743
1005005232909832
1005006888226870
1005006976747906
1005006367900643
1005006973415903
1005001562903542
1005007140662544
1005006690124045
1005007475176487
1005006838163537
1005006198828895
1005006003701394
1005005710376891
4001025725231
1005006449762075
1005007170424024
1005006649015930
4000430966101
1005005100256487
1005005934863179
1005004685754729
1005007386312692
1005006138681136
1005004649049239
1005006877920214
32757687534
1005005087363742
32843127441
1005003479392038
1005007277532319
1005005803030347
1005005792514746
1005006828318088
1005002602285167
1005006883645335
1005006223983261
1005006226699278
4000817026476
1005006008360069
1005007189309778
1005002997330328
1005005585240976
1005004129004318
1005006990298228
1005006630784587
1005007028075111
1005006989234028
32913051489
4000568056635
1005006016224067
1005007040892791
1005006997105438
1005007173333322
1005006596810733
1005006970042769
1005007208875031
1005006680888381
1005007197525820
1005007570066739
1005003468058966
1005006138977004
1005006450845760
1005003827120616
1005007254159678
1005006813585505
1005006782383462
1005006302824949
1005005976845416
1005006314574578
1005006072399567
1005004553590695
1005004095095595
1005005063894703
1005006083502065
1005003088169101
1005007586424024
1005007516580500
1005006718100414
1005007537840075
1005007081722642
1005005658384584
1005006584923937
1005007524218843
1005007439155112
1005006254666530
1005007087670059
1005007537531837
1005007298644538
1005007598214650
1005007652938404
1005007587183769
1005007593765475
1005007488354651
1005007586196647
1005007518031089
1005007317112323
1005006585354719
1005007505054549
1005007555948816
1005005604972418
1005007661338947
1005007529301937
1005007463689997
1005007656516008
1005007186323766
1005007590669921
1005007519963213
1005007539287202
1005007346542372
1005007494540088
1005007116340804
1005006083087947
1005007587263023
1005007007277862
1005007622767654
1005007504367007
1005007574672940
1005006524523337
1005007376688692
1005007557495887
1005007333369217
1005006749580866
1005006369727036
1005006678854707
1005007529895644
1005007607042339
1005007538340489
1005007554882364
1005005334228691
1005006850776929
1005006962596636
1005007186350820
1005006714476100
1005007627195289
1005006584992879
1005005191240137
1005007538244890
1005006323681840
1005006486173308
1005007539209832
1005006898800294
1005007531958384
1005007655369924
1005007605592416
1005007138727266
1005007587817062
1005006962026725
1005007578429797
1005007538034054
1005007613162974
1005006199404952
1005006858201835
1005005347490262
1005006840424845
1005006842166461
1005006894692438
1005006056800216
1005001633524462
1005007648438837
1005007626769694
1005005887185685
1005005453516009
1005006912303678
1005006388423593
1005007647919131
1005006469020359
1005007557235311
1005006379885402
1005005976057818
1005007058018739
1005006436017764
1005006472868594
1005007619628644
1005007532243324
1005007586408968
1005006503925998
1005007576159098
1005007622139581
1005007003380065
1005007315786074
1005006782385377
1005005803458124
1005005383617551
1005007081701942
1005007634117396
1005007538370485
1005007519766904
1005007544843226