1005007767287397
1005007758514689
1005005902335413
1005007701237211
1005005902286419
1005007683742499
1005007683849056
1005006969054385
1005006390022829
1005006573184069
1005007501632906
1005007291230890
1005007218987099
1005006053775618
1005007146568585
1005006539736009
1005006539361961
1005006390011391
1005006389802882
1005007234613337
1005006389873915
1005007394539348
1005007210394241
1005007507236495
1005007501698490
1005007635705776
1005006389976157
1005006809278225
1005007424465673
1005007655678932
1005006053837396
1005006053879131
1005007582551081
1005006086879234
1005007473950624
1005004581339422
1005007393972121
1005005806887418
1005006157594428
1005006088133973
1005006120357319
1005007532443397
1005006718940223
1005004656645255
1005007218901976
1005004882950261
1005007188531277
1005006437072322
1005007429922240
1005004233359871
1005005299974491
1005007358206947
1005006830412370
1005006814135547
1005002439800741
1005005209287009
1005007191428347
1005005185403628
1005003707087556
1005005844450927
1005006117632886
1005007563909448
1005007453849986
1005007038780174
1005003658970026
1005007292310866
1005005209266309
1005005622039740
1005006325102034
1005005220924474
1005005943763682
1005006282831118
1005005916020943
1005006507142228
1005007557196173
1005007265400333
1005006341405236
1005005983780466
1005005664447708
1005006673305862
1005006786233789
1005004945644967
1005002737644376
1005002551792551
1005005901829576
1005006918062090
1005005741786736
1005003145800492
1005005570659347
1005005094291860
1005005838600639
32825280017
1005005994695900
1005005680029572
1005006056554033
1005006896130859
1005007348149508
1005006660077652
1005006138677372
1005006727719342
1005006076224974
1005005481425491
1005006821486234
1005006909723977
1005006007662084
1005007331600383
1005004485356476
1005005257478247
1005005965260019
1005002431361885
1005005256398808
1005006120253338
1005002299000046
1005005962187640
1005003380850322
1005005574241597
1005006982558741
1005005401068353
1005006684428792
1005007482018282
1005006827305766
1005005934150184
1005005058345301
1005005562238515
1005007184303467
1005005089071530
1005004852557259
1005006545984454
1005006861151221
1005007161066359
1005007052017679
1005002943548693
1005005136620827
1005005375417491
1005006878046045
1005003377144343
33040105811
4000778453530
1005006981210663
4001270966931
1005006247300307
1005006538637887
1005002613968831
1005006086778577
1005005580160302
1005006341118116
1005006882966091
1005005223799181
1005005992758822
1005002081534098
1005006488755776
1005005930439509
1005005169808431
1005005757235166
1005005948486693
1005005107185478
1005006704510515
1005006150793704
1005006673490142
1005006079925376
1005005217347102
1005006208660906
32600712142
4000902105100
1005005920239420
1005005949432800
1005007175315735
1005007186539118
1005005974734924
4000843744583
1005006081677274
1005006889654609
1005006085729677
1005005086256725
1005005556572468
1005006050800200
1005003663317898
32871651942
1005006706597970
1005006082503783
1005005976560583
1005003217400780
1005005351633525
1005007069879728
1005006975068271
1005007336866681
1005005515520608
1005006414964835
1005005771763441
1005006119735161
1005006702528643
1005005716295226
1005005942205077
1005004581562974
1005005575138347
1005005663510880
1005006840735827
1005006396227607
1005007486803426
1005007494986039
1005007409384798
1005007556601008
1005007536307225
1005007485233474
1005006705999588
1005007067643172
1005007298443720
1005007580514457
1005007161390512
1005007310940825
1005007217096675
1005007088136577
1005006655006890
1005004593689535
1005007067580298
1005007324763897
1005007324952429
1005006166648746
1005007067727056
1005007263783252
1005007033405773
1005007250624846
1005006086914701
1005006396359156
1005007478257882
1005007017056262
1005003779936280
1005002148115302
1005007302409694
1005007198647189
1005005506331398
1005006636110400
1005004588063385
1005006727942798
1005003993200593
1005006118215718
1005007527381422
1005005016878009
1005006773212867
1005005804645459
1005005713620158
1005007204198706
1005007489764646
1005006721837484
1005007097554085
1005002488238788
1005007494591694
1005003780795849
1005007202225390
1005007371682149
1005006897086476
1005007188414390
1005006954939008
1005006226747949
1005007097623057
4001359382956
4000369412558
1005006205340689
1005005910991942
1005006526070229
1005004213390458
1005005775714757
4000131490953
1005005078477882
1005003142867989
1005001702414617
1005005884198043
1005004682625170
1005001274063911
1005007192090032
1005007412528170
1005007201894811
1005003994720094
1005007039609524
4000700992895
1005004249332682
1005007402312292
1005006890597257
1005007470415088
1005006727763217
1005006045238621
1005006997724288
1005007417862638
1005002787653207
1005006658816609
1005006801904693
1005007287773127
1005007274095849
1005002342544743
1005007046553339
1005007532002475
1005004527892263
1005005850870594
1005006858698925
1005004289500256
1005003500690255
1005007472377874
1005002140620557
1005005096924848
1005007298508079
1005002869614691
1005001856496877
1005003686752571
1005006164827359
1005007208405948
1005004308732628
1005002638528179
4000765077649
1005005316615087
1005004996531845
1005007418653878
1005004299251607
1005004325302155
1005005308168008
1005005019350671
1005007052789181
1005005636579739
1005007416747869
33051576583
1005007016783656
1005004728654428
1005002810819048
32961854048
1005006895153070
1005003951733643
1005003232237572
1005002885534879
1005006185329649
1005005495437110
1005007252512251
1005007065318905
1005005818737743
1005005346273677
1005005468540082
1005007394144633
1005005882863467
1005006997040251
1005006451062483
1005006961685298
1005006520807369
1005005428713049
1005006094804777
1005003404848666
1005007645775304
1005004579183303
1005005865514432
1005007266946447
1005006231007818
1005005096807588
1005002803226675
4001366707030
1005002746577617
1005007146016004
1005003168618637
1005003813895943
1005005209977777
1005004455249275
4001039817188
1005003085455517
1005007096050836
1005004750024196
1005007513663140
1005007635507827
1005004988778311
1005007067271738
1005005812878192
1005007137122197
1005004377450370
1005004281225890
1005007472955713
1005003777445715
4000756574469
1005007162101831
1005003068650025
1005003702210069
1005003823967325
1005003100831211
1005002341594662
1005005604819408
1005002882130194
1005003099096444
1005002805218590
1005006282922476
1005006849985776
1005004684793565
1005007007460305
1005004274600718
1005005059969647
1005006905457196
1005003992537713
1005002340567702
1005003763472308
1005006429735124
1005006152275573
1005003909779012
1005006587251603
1005002326128235
1005007067154984
1005003469440663
1005006798318232
1005006163961236
1005007191601697
4000785597718
1005006533106671
1005005851129376
1005006793373319
1005002944206331
1005003173574387
1005007474104881
1005007450434077
1005007502078466
32918909910
1005004224349816
1005005983316396
1005005819878472
1005006591950596
1005002921631054
1005007470319433
1005004267159848
1005007189019714
1005007519656051
1005007088106178
1005001869185862
4000431006711
1005006209556016
1005006192830656
1005007067365626
1005007067411493
1005005412604140
1005002994910676
1005006672135649
1005004614568208
4001187774919
1005007607457136
1005005700190326
1005007217919333
1005007061186750
1005005065140995
1005002253644765
1005003567118333
32779507544
1005003475977869
1005002341640567
1005007071552267
1005005888399153
1005007254050357
1005006206977610
1005003344723934
1005003711714544
1005003065963644
1005007499496603
1005007183757636
1005007171592200
1005005528627178
1005007202295098
4000112913445
4001290351116
1005006170824575
1005003684663254
1005004443960103
1005005793489139
1005007250476595
1005007197377550
1005002408295385
1005002921511742
1005007175506623
1005006390973344
1005005295458150
1005002524783883
1005007195771260
1005004868288473
1005007206708341
1005002341578729
4001261289195
1005002869748150
4001290272038
1005006860243306
1005007067715097
1005007254178360
1005007560217999
1005002995367631
1005002140096959
1005004252111555
1005006737542493
1005004611505022
1005004613748848
1005006754021118
1005003454281621
4001226610302
1005004063325329
1005004392671766
1005003360311780
1005007050923901
1005004267687573
1005003068989157
4000278756292
1005007309827684
4000112923597
1005002495695295
1005007175308815