1005007144870587
32803396913
1005006358261860
1005005907878683
1005007049583881
1005005919648568
1005004899230163
1005007003254339
4000662647551
1005004812629242
1005005141409162
1005003638088194
10000016755873
10000007579169
1005002608194113
1005005316984943
1005006616650013
1005004826412104
1005007341346113
1005007031811137
1005007464937133
1005007008088314
1005006326383029
1005006520394106
1005005426781811
1005004765661180
32560596050
1005001578804343
1005007327260930
1005007245149973
1005005691474167
1005006617851736
1005006766247132
1005004203007314
1005007536736783
1005005980098628
4000938101898
32947858036
1005006620596023
1005006060872541
1005007368961005
1005005961910875
1005001862583164
32715446684
1005007197990508
4000878735673
1005006203042237
1005006207265393
1005003086331528
1005004578271819
1005004938192423
1005006880279106
1005006603332807
1005006415326595
1005006415558094
1005007433114494
1005006202969461
1005007203965580
1005007070586561
1005006437864374
1005007031632843
1005007033081791
1005007033447167
1005007031886286
1005006580301152
1005005510944753
1005007264172922
1005007047430866
1005006402537022
1005004195260297
1005006596642416
1005007005400701
1005006029133205
1005005816766777
1005006774707166
1005004349956114
4000287418108
1005004387033438
4000934417320
1005006993642865
1005006450400924
1005005858353766
1005007033500033
1005007031499950
1005007033031841
1005007033492016
1005007310032866
1005005788350236
1005006815084581
1005007125957401
4000168026194
1005006885529124
1005007331355811
1005007068511511
1005002631763412
1005007261426278
1005007286189587
1005006919074978
1005005864624116
1005007566489430
1005007105099732
1005006878050608
1005006569618588
1005001484051012
1005006503489550
1005006505314151
1005006255485043
1005005474228700
1005005126942974
1005006660539097
1005006069133756
1005007277766413
1005005755496835
1005002489984808
1005004426170352
1005006958980738
1005007092305790
1005006931664174
1005007160012602
1005006604564821
1005007253448003
1005004013515855
1005006943353561
1005006939661987
1005007203441557
1005003362213327
1005007291827564
1005006911771356
32399266734
32978091115
1005004747407629
1005005285709943
1005005226367633
1005007033250825
1005007014157086
1005006739601858
1005006990700467
1005007450640282
1005007349132315
1005007001184199
1005006923685595
1005007036066319
1005007223265482
1005007474236922
1005007083027824
1005007116945908
1005007177408007
1005004347621353
1005006826742862
1005001377335293
1005007347681225
1005007458981892
1005006819280497
1005007228429799
1005003875149726
1005005758453052
4000817864672
1005007008379478
1005004675295966
1005006901233262
1005006782283706
1005006981123661
1005005562398927
1005006891096732
1005007350416170
1005006996215184
1005003964318047
1005005745762921
1005007474044483
1005002078854829
32999673001
32882945318
1005006277923215
32859161144
32847049308
1005006939455231
1005006218706352
1005007655802396
1005006939735814
1005006939784495
32232754658
1005007274877146
1005007305819691
1005007195744426
1005006828639205
1005005290995396
1005007012092586
1005001930771678
32860656791
1005006300322544
4000767668503
1005004018032568
1005005960546843
1005004653202205
1005005763872717
4000907956646
1005004294841866
1005007492308370
1005006042998875
1005007124315841
1005006970085486
32957622989
1005004101290160
1005005809962718
1005001280172862
32962635393
1005004091890040
1005004950690971
1005006192154023
1005003503577184
32667921804
1005007399557660
1005005775532957
1005001899190918
32898069788
1005006908797798
1005007302914706
1005007031048953
32857446583
33048555663
32911623269
1005003081471350
1005007223583686
1005001412240581
1005003228104971
1005007455676325
1005005537359229
1005007393442705
1005006855970352
1005002028027298
1005003767258123
32941995941
32997544960
1005006368677315
1005006669159411
1005006750801396
1005006175983671
1005007433221005
1005007335889548
1005006108594450
1005006888473962
1005005003447839
1005007595523521
1005003989024449
1005006869431644
1005006220692991
1005003821317597
1005006105342292
1005007573615079
32910658329
33044760007
4000344303921
1005006899181032
1005006850740042
1005006890870638
1005006447315242
1005007418234544
4001255954003
1005007182151603
1005006448243945
1005005355558853
1005005955762673
1005004792043702
1005007445091480
1005007444590993
1005007436160628
32818657798
1005007025892256
1005005422771405
4000399915331
1005007625402181
1005006917879106
1005006684250822
1005005897257992
1005007048159776
1005007140359236
1005007614921032
1005005496567070
1005007197925004
1005005236577494
1005007490029560
1005007131387410
1005006293195634
1005006278619591
1005004028197826
1005003760326525
4000801159497
1005002642069921
1005007142822028
1005005535325950
1005006882297923
4000280143159
1005005894258341
1005007059643166
1005005235408760
1005005029553489
1005001758689120
1005005264981336
1005006463409341
1005007563721677
1005006074688760
1005006297936337
1005005688195663
1005006403848132
1005007593005870
1005007593102261
1005006490709847
4000346857875
1005006326216170
1005006243733704
1005007327724559
1005005407062949
32804751061
1005007211145085
1005006394652613
4001220242209
1005006239661381
1005007575834905
1005006948204665
1005007568893198
1005007507122370
1005005824646514
1005005499263037
1005007544938035
1005007394887038
1005007550724004
1005007002696818
1005006822403870
1005006844091192
1005006988816145
1005007289771021
1005004561608049
1005007541530509
1005005822126991
1005005830501099
1005004657068995
1005004893803445
1005007424727536
1005005457091114
1005007501780844
1005007293371662
1005007267152220
1005005265067158
1005007240781176
1005007537167857
1005007538465486
1005006022352285
1005007347782614
4000975581940
1005006793972939
1005004613196961
32276120357
1005006820244494
1005006165433433
1005006755342051
1005007487335811
1005007266536883
1005005872528031
1005006371362252
1005006158482917
1005006178156453
1005004587302347
1005006075474058
1005004247828420
1005006245605300
1005007516853469
1005007506635091
1005004783591246
1005006913414969
1005007378189514
1005007477841116
1005006944555994
1005006934038194
1005006680423387
1005005691226029
1005007459266364
1005006077032707
1005003922987215
1005007456005242
1005007451047074
1005007434098469
1005007598354610
1005004715605489
1005004818921880
1005005444726161
1005007212966980
1005007209800214
1005007198213234
1005006983051276
1005007499731474
1005006577842900
1005006634513246
1005007418273522
1005005797644935
1005007418111534
1005007390972187
1005005495133982
1005007072900730
1005006857886788
1005006881732007
1005007150214324
1005007326447129
1005005431976190
1005002394635719
1005006140175361
1005007317100888
1005007316127258
1005007198840994
1005007171880399
1005006534367216
1005004329820001
1005005803336134
1005004347034553
1005007267243334
1005007263818080
1005007259918336
1005007256689945
1005006081328650
1005007071612890
1005007221023489
1005003240459833
1005007197243830
1005006235009791
1005006043169548
1005006043164028
1005006019240761
1005006122907343
1005006975243952
1005006361581164
1005006112391773
1005007378199712
1005006857979217
1005006838450026
1005006851397141
1005006786001675
1005007291358777
1005007103508221
1005007103266471
1005003277269138
1005005847411978
1005001873767065
1005005438253337
1005007151024344
1005007067820205
1005007139783047
1005003433497689
4001140044533
1005003685430624
1005007086704787
1005006492981684
1005007052733496
1005005650002736
1005005799671723
1005006359427011
1005006349553997
1005007022223174
1005007013367835
1005007013653728
1005007004065558
1005006729464266
1005006987918736
1005005055851398
1005006983839544
1005006056849801
1005006064962959
1005006224035482
1005005498875282
1005006043666188
1005006055768170
1005006301875042
1005006923945534
1005006134239697
1005005707042939
1005005685479132
1005006173608056
1005006443765789
1005006443194930
1005006386085110
1005006371817294
1005006838086628
1005007294069124
1005007000443931
1005006855309564
1005007080465979
1005007144738616
1005005636303699
1005001603381330
1005004246001177
1005002247718527
1005006043588880
1005006037165869
1005006236978606
1005006236930324
1005006120713484
1005005763652748
1005003497885844
1005006927507594
1005006926245041
1005006869779298
1005006908970541