1005005821928693
1005007453958291
1005007456891129
1005006080097980
1005007447804946
1005006861275275
1005005857679661
1005007336529916
1005006677755394
1005006164861790
1005004401565063
1005007086584864
1005003459469690
1005002465181158
1005003030769788
1005004655250373
1005006242302345
1005005823663277
1005004969389752
1005004514062278
1005004187410763
32980956572
1005005649102991
1005002957753201
1005003320546295
1005005945224132
1005004654269934
1005005945240261
1005005878260205
32968529007
1005006843380714
1005003556161392
1005004655327685
1005004655097463
1005006597526262
1005003325659550
1005007039027939
1005005394389605
1005001737861107
1005005810597292
1005004529268207
1005004070433035
33039303583
1005005167082678
1005003027175793
1005006698062965
1005006919864974
1005005601402023
1005006353647399
32864667030
1005006335245855
1005006977257072
1005006646599430
1005003400780919
1005005943820612
1005003787742298
1005006855886285
1005005054450540
1005006321707527
1005001589150690
1005006698354210
1005006263063001
1005006688314244
1005004028656029
1005004705998145
32859790620
1005004670630155
1005005456736752
32384920531
1005006659329615
1005005251921298
1005001711636875
1005003751036319
1005007282638202
1005007138324858
1005006908863426
1005006634831032
1005005253720008
1005007319352750
1005006895963232
1005006758607722
1005003321001940
1005003002854799
1005006953550197
1005002291517270
1005002626080939
1005007326146621
1005006809237143
1005007320931899
1005006659990270
1005006652306758
1005006386028078
1005006771298697
1005007356217259
1005006537164223
1005003451956990
1005006948049514
1005005932406673
1005005061871543
1005007233500298
1005001650331193
4000741882037
4001219931619
1005002705721920
1005002935110668
1005002708792664
1005003017816813
1005007473023395
1005007477328203
1005005364704280
1005007354732269
1005007336921425
1005007309128471
1005007309177082
1005007298530873
1005007296163666
1005005371618535
1005003421656057
1005005094416631
1005001731477543
1005001709778726
1005005905508644
32846144280
1005003042264911
1005002897813144
1005007218423453
1005007193502589
1005004261791024
1005003269850544
1005003898798290
1005007174741375
1005007168906499
1005007120617366
1005001617553929
1005005299975172
1005005393356296
1005006105840502
1005006577092316
1005007199513749
1005007247979312
1005001670768724
1005006818569724
1005004378881400
1005007331573268
1005007286649997
1005007229138007
1005004779180321
1005005856850593
1005006358956719
1005007330750567
4000641596635
1005006936448654
1005001305502456
1005007009948722
1005006647449104
1005002882615485
1005006845375797
1005003316424104
4001075583797
1005007183157324
1005005847671589
1005005570813712
1005002583288794
1005005419249102
1005001319902232
1005006789587011
1005007232424136
1005006984573988
1005003585696249
1005007213488722
1005006398816413
1005006626767530
1005003651404914
1005004853131192
1005007418842721
1005007334018610
1005001405750658
4000094947025
1005006275477784
1005002619951573
1005003288848901
1005005848479926
1005006423018412
4000053240055
1005007228475987
1005007232517051
1005003019922406
1005003187139114
1005006821977526
1005005371524379
32853716428
4000207502021
1005003017165598
1005003857091888
715887904
1005003061932776
1005004773206457
1005005303002386
4000690087194
32948907482
1005003097989747
1005002827548719
1005005160023888
1005007210688758
1005004840894287
1005003408420439
1005005252184021
1005005070382488
1005005278054919
1005002532341139
1005006740387397
1005006274740690
1005003858547740
1005002013020193
4001112860326
4001112753591
4000039930605
1005002705830793
32921948770
1005004426370860
1005004777632949
32879869720
4001252746170
32387116819
4000665028817
32507004523
1005002602332736
1033671322
1239884135
1005001967543993
4000117899969
1005003575610008
1240063359
4000874821334
957965197
1005005335407786
32352174370
715558644
4000781396581
1005006388770436
1005007418826198
1005006362998067
1005005942997401
1005005278182108
1005006167618614
1005007418286884
1005007402030738
1005006474242359
1005006352927630
1005005641731779
1005006398644383
1005005951699380
1005004791225885
1005004182258756
1005006690941625
1005006889517733
1005006948215340
1005004040372062
4000394442261
1005005151354734
1005004909304550
1005006389012569
1005005835626509
1005004749213237
4000513625673
1005006156358675
1005005278354142
1005006362893248
4001187695342
4000843662937
1005004375152214
4001089081440
1005001731657168
1005005468967080
1005006398903252
1005006398678668
1005004795545896
1005004972571724
1005007195453267
1005005214794624
1005004149825560
1005004037005407
1005004604110119
1005004967020033
4000390629333
1005006838448920
1005004928638479
1005002948301934
1005004853506272
1005004928862312
1005006264007335
1005005096390553
1005004686232596
1005005213925199
1005005724252658
1005004702027683
1005003421426668
1005004773305195
32860867807
1005004720329825
1005004775396057
1005007352849547
4000390645150
4000188482443
1005004671266530
1005003400667725
1005004832756509
1005001906866996
1005004770560893
1005004701883855
1005004853364051
32920385409
1005005609640556
1005004520530827
1005004869805341
1005003028032266
1005006389134124
1005004404465644
1005004757972424
1005007326974541
1005004924790294
1005004924830289
1005004905793085
1005004686580802
1005004859853999
1005004603808743
1005003158191365
1005004776021483
32853720542
1005006766962874
1005004739979744
1005004966981101
1005006046956119
4001030993637
1005004832524721
1005004870605852
1005004711761065
1005005252082858
1005004778672140
1005004753152368
1005004604038022
1005004886058829
1005004924644875
1005004787122125
32861431222
1005004730747092
32867885858
1005006515756701
1005004670678769
1005005403706951
1005004778084155
1005004670228412
32948161120
1005007174104453
1005001700374675
1005004687010260
1005004858314041
32855027831
1005004671216504
1005005786489165
1005004787248817
1005006986143013
4000401367130
1005004743396198
1005004869841974
1005004782980118
1005002624325622
1005004924669847
1005004741429587
614396887
1005004651509887
1005007027721124
1005004786550032
1005005544570856
1005004862433703
1005006740912795
1005004787798275
4000484022397
903848884
1005004730616172
1005004932818616
32868979587
1005004753301408
1005002364044180
1005004865233180
1005004881338999
32853606273
1005004774842699
1005004802431566
1005004744892335
1005004932325970
1005004799959862
32919232067
1005002282659707
4001217473333
1005002442311530
1005003102700347
4001268398540
32987832523
1005004870240009
1005007470966297
1005004881734534
1005002125118558
1005004149820950
4000069293741
1518005885
1005006063841884
1005007259091368
1005007252332898
1005002980357385
1005003683987851
1005007168989750
1005001274661790
32795786761
1005005257375101
1005003243200341
1005006107019789
1005003705533964
1005004636237054
1005007330536703
1005004901989867
1005004338339440
1005002327700919
1005003701734991
4000392008988
1005005260091910
32922693878
1005005236854331
1005004447349689
1005004255020641
1005005095519406
1005005320063691
1005004048000185
1005001877033059
1005001965529425
4000991267040
1005003502467786
1005005124332582
32525615148
32842079667
1005001992281065
1005005570143405
1005005458721988
1005002457075010
1005004947337725
4001031674868
32979818874
33023352497
4000963957093
1005003412391639
1005004815890728
1005005494641514
1005005050589524
1005002430775074
4001057730992
1005005401663084
1005003512365079
1005003028184208
1005003347024703
1005007438274684
33033764288
32807511405
1005004682693284
32835924510
1005003762339933
1005004451720515
1705483001
1005005056704014
4001131691085
4000505058146
4001297273057
1005003878332717
32840485290
1005005561917651
1005001526439465
1005001780932325
1005004751455245
1005005179311121
1005002655122534
32794102575
1005004160922584
1005003788597320
4001114149605
1005004719027724
4000808036643
4000991278535
1005004472771103
1005002981995171
1005003036326964
1005006873996074
1005004840029348
1005003470002865
1005003842485196
1005003032684128
1005004107434944
1005007271564194
4001129197046
1005003522117476
1005003324913397
4000345861049