1005004094547879
1005003211793273
1005006763721514
1005005625620431
1005006247569139
1005005758850044
1005005775661393
1005005767054071
1005006954748084
1005007052958777
1005007324149927
1005006957203775
1005005794308006
1005006989281590
1005006163944831
1005002650324087
1005006452396370
1005003170488501
1005006955423606
1005006691072130
1005006454044021
1005002567524930
4000314949135
1005005828895212
1005006108605475
1005003951097419
1005006838300681
1005004001111535
1005004959473171
1005005649395181
1005006933916202
1005006061193880
1005005869707767
1005003331029528
1005006452065643
1005004790791756
1005006777725108
4000358217474
1005005975278936
1005004732313586
1005002293404622
1005006152338874
1005007009179984
1005006894170275
1005005348248918
1005004799224155
1005005683576099
1005007493098581
1005007143116225
1005006488976949
1005007104008302
1005006989431656
1005005889476476
1005005748916406
4001151382257
1005006335912260
1005005101608939
1005006543444304
1005006084849015
1005006340399491
1005005486550775
1005004436390775
1005006849313197
1005006294461122
1005006361367101
1005006992002857
1005006859652984
1005005386865349
1005005538531385
1005006140967979
1005007038311304
1005006097470498
1005004623650710
1005007022791416
1005006720331304
1005002796845964
1005005876440738
1005005795026035
1005006437029579
1005006946721853
1005006385869592
1005005306433624
1005006805042152
1005004182695210
1005004716704572
1005006467876651
1005005840048139
1005004849064236
1005007008085905
1005007174825557
1005007248339642
1005006982415036
1005007558349064
1005007223905179
32841766960
1005005802769352
1005007052807674
1005007622869485
1005007622740712
1005007495047334
1005007075299158
1005007359267324
1005006043522390
1005007505443280
1005006613462155
1005006341007090
1005006327802298
1005004860185030
1005001939987015
1005007131978752
1005006634371569
32911093666
1005007044562498
1005007021748630
4001299479743
1005007169871503
1005007205876142
1005007612290050
1005006000421628
1005007408672639
1005006897565647
1005006327575744
1005006327768180
1005005492345503
1005006549587879
1005007267639079
1005007420244675
1005007148408967
1005007218584694
1005004527365292
1005007363901083
1005006634266610
1005006500655019
1005006327238032
1005006341181596
1005005948416465
1005007259610460
1005007004223646
1005007627224006
1005005871696662
1005006335846758
1005007611407405
1005007023577581
1005005668200134
1005007485682895
1005005720532158
1005007651083276
1005006533882238
1005007368681822
1005006084793823
1005007439585407
1005007139638666
1005006176132725
1005007037003964
1005007652720532
1005007480878286
1005007501778108
1005007493851065
1005007017438682
1005005172696047
1005006489347299
1005006292706056
1005005988396234
1005007145820419
1005007480482066
1005007494847413
1005005917505911
1005007354668961
1005007342814004
1005006879608252
1005006677548810
1005005943040703
1005005067790113
1005007244375194
1005007336081441
1005007380251707
1005007480968070
1005006835816002
1005006846485842
1005004886558903
1005007587812462
1005005030319978
1005005902441112
1005007539957661
1005007171077611
1005005461733032
1005007250587479
1005007225058115
1005006518106168
1005004100524113
1005007142636538
1005007139731476
1005007144713523
1005006818825938
1005006936779670
1005005975441001
1005006912973722
1005007089394461
1005006766579050
1005007095915016
1005007590279502
1005005983213033
1005005489131571
4001214513968
1005002307143673
1005006007403123
1005007568678435
1005007568591069
1005005837004670
1005006578418077
1005007075577141
1005006335107773
1005006863866446
1005006111050326
1005006212841238
1005005073492857
1005007038351253
1005005461137776
1005007180838209
1005006860877440
1005004323161203
1005007313659074
1005007552643338
1005007285059767
1005007605595236
1005007467875739
1005004992392558
1005007508176426
1005005546526849
1005007251060740
1005006459938229
1005006640284513
1005007367374474
1005003320251387
1005006863167077
1005006565108814
1005007455285041
1005007421048798
1005006732787253
1005006892515755
1005007454445188
4000597600105
1005007244365753
1005007419632153
1005005589366414
1005007184302023
1005006320572052
1005007163191960
1005007143552402
1005006852501206
1005006439967157
1005007315369925
1005007445187106
1005007470066029
1005006886285633
1005007495271367
1005006337014331
1005006282248690
1005005429887960
1005003392296424
1005006934620969
1005007096118861
1005007150677115
1005007450418521
1005007359088895
1005007376291955
1005007376323987
1005007453685141
1005005635757101
1005007032895960
1005007530037557
1005004842778460
1005007499760028
1005005237308736
1005006729330940
1005007457182289
1005007369174960
1005006075150844
1005007512956855
1005006071211682
1005005030502990
1005007113682845
1005006431063003
1005007433384394
1005002348706452
1005006844541970
1005007507343262
1005007512442564
1005005823412299
1005007502051156
1005004481944244
1005007551939228
1005007551979164
1005007443720544
1005005501198812
1005001890728891
1005007354255004
1005007354242036
1005005834468324
1005007198020752
1005007568490702
1005006116623946
1005005501376589
1005005115634677
1005004285067721
1005006515523679
1005006415975805
1005007552056315
1005007474899641
1005007551617650
1005005298324806
32818798855
1005007438839961
1005006361533948
1005007075243108
1005006241075081
1005006435664056
1005006968970435
4001104704856
1005006995593942
1005006945364638
1005006309903999
33032958123
1005007456691552
1005007047059607
1005002224248925
1005007419377120
1005006389761379
1005006102209664
1005006416155998
1005007444909184
1005007444669336
1005001580734086
1005007638887292
1005006244179624
1005004284460304
1005007449729004
1005004199069123
1005006140729214
33058078003
1005007224218088
1005005969474908
1005005737794992
1005006796797207
1005005894946644
1005006975436384
1005002075304547
1005002004221664
1005006696355844
1005006066936898
1005006259153479
1005004277453104
1005007170095819
1005006589843132
1005006344938356
1005006255479969
1005006647240581
1005006661837556
1005006058013889
1005006859876155
32860312986
1005007379051339
1005006762746005
1005005797590502
1005007321679264
1005007491544292
1005006759529388
1005007344647056
1005007573546567
1005007625763100
1005007656041637
1005007154970247
1005007523335714
1005006609757816
1005007344873869
1005004886882140
1005005482404048
1005007520824508
1005006866600532
1005005859632611
1005002427689110
1005007511101383
1005007096878149
1005006117652891
1005007685286731
1005007266421677
1005007664614172
1005005389431364
1005007286375127
1005005909104668
1005007533786476
1005006217647923
1005006896398963
1005002930498887
1005005671134714
1005005977259289
1005005675544329
1005004104663089
1005003504109143
1005005805237612
1005007426685274
1005007216486924
4000328302122
1005007511968775
1005005554834114
1005006977186870
1005005338596818
1005005999131384
1005005993905418
1005007426596074
1005007176036799
1005006438313829
1005003919145949
1005007144492645
1005007352142687
1005006732910110
1005006825549631
1005006586878543
1005007176467027
1005006828234788
1005006548778974
1005007134344634
1005007495888331
1005007634130117
4000767134629
1005007500381012
1005001417340007
1005005972779242
1005005774771579
4001068857347
1005007425779552
1005005426394276
1005007363297073
1005005771319141
1005001516536544
1005007495769276
1005007529419301
1005006737629791
1005007639157046
1005003235619272
1005007015732803
1005007134158930
1005006446073609
1005005576254288
32997097871
1005007304371558
1005005986121311
1005004836344314
1005006700184789
1005005857833072
1005007133446902
1005007640908787
1005006063197930
1005006819001250
1005007387046451
1005007015913873
1005005545236669
1005007423214608
1005007515536088
4000255730229
1005005904749835
1005005193526877
1005007118463237
1005007267886267
1005007481839536
1005007609136080
1005006823920564
1005007355790093
1005006806907476
1005004127703838
1005006733066801
4000898861236
1005007422765276
1005006975264392
1005006968946106
1005007312385652
1005007212020741
1005007280816714
1005003028801200
1005007552777680
1005003396391780
1005007609139078
1005007166296192
32796343153
1005004301413916
1005007396655167
1005007637705135
1005007178883787
1005007355279342
1005007359688610
1005004256594283
1005006295930957
33042367332
1005004763843918
1005007382610828
1005005966160663
1005006848922607
1005005692314481
1005007405636995
1005007255518355