1005005949246166
1005007473155429
1005006000526692
1005003293777933
1005007176720868
1005005532231873
1005007589461209
1005003482699024
1005007109787770
1005005945827192
1005007310199553
1005004062525415
1005006478576989
1005007061916312
1005007451926857
1005006117974536
1005003408125146
1005007184717251
1005005988707470
1005006027294143
1005005396267018
1005007533816856
1005005134126897
1005005630960149
1005005477473929
1005007369534946
1005007315367695
1005003286050623
1005005620717158
1005004240080412
1005005477564209
1005003033172577
1005005200993822
4000270274597
1005007594590766
1005007427902713
1005005086341811
1005007292517928
1005007177354032
1005005951254687
1005006189375358
1005006113347565
1005007533376970
1005007368216329
1005007598853842
1005005993550040
1005005850185242
1005006330230955
1005006393969941
1005006691859336
1005006446570194
32961612753
1005003025245792
1005007152538972
1005003817761530
1005007588874584
1005005831133028
1005003191447641
1005007496378758
1005003284974597
1005005949264512
1005006962901532
1005004870145702
1005007317044941
1005005949167663
1005005291896458
1005006349120500
1005005945828243
1005006783408559
1005006948862538
1005006865750775
1005006128083931
1005007310331784
1005006537267732
1005005049067083
1005006910802134
1005006912490903
1005005422677570
1005006693002713
1005001760549969
1005004036258387
32977630041
1005005681925054
1005007453351757
1005006473848166
1005007584945710
1005006877210875
1005006525951284
1005003105693736
1005006304660176
1005005812682590
1005005562322853
1005007472598614
1005005041951443
1005007314843051
32796140328
1005005945848902
1005006326124755
1005007369554151
1005006883972473
1005005345392537
32681497489
1005007587967762
1005001729397423
1005001782781303
1005005694782723
1005006399704803
1005003178412737
1005007189473344
1005006528603179
1005005548310355
1005004334804393
1005007100054116
1005005414470948
1005007414298059
4000055607092
1005007086199591
1005006345978701
1005006751605641
1005006956431855
1005007168220836
1005003252463613
1005003221709183
1005007582715667
1005007449936584
1005007316553160
1005007341849828
1005005218657956
1005005986818819
1005006436910336
1005005990004711
4000479088025
1005003684720003
1005007086469106
4000236500058
1005003801313936
1005007444940042
32776863734
1005007325493463
1005007350311611
1005006946334442
1005007316341187
1005007314753199
1005006870059741
33054607741
1005006751733219
1005005653317344
1005006312927891
1005003985376226
1005005286615004
1005007209081066
1005007428682089
1005006368732001
1005006917406958
1005003364878574
1005004036483555
1005007086278576
1005006926464029
1005003382123506
1005007102310588
1005005621986331
1005007022141965
4000103695268
1005006346123067
1005007493204216
1005007046685808
1005006243271918
1005003153402588
1005005194552218
1005007083707155
1005006924573946
1005007084906399
1005006948080017
1005006266910357
1005005933670269
1005006956320337
1005006810433918
1005007167460542
1005006883946279
4001091985682
1005003768390342
1005003498457626
1005006407649744
1005007321171121
1005007317415480
1005007457122431
1005005652402889
1005007486921279
1005006395958114
1005007501517479
1005006159988450
1005005621847836
1005003382085737
1005007046885782
1005006314125095
1005004888739825
1005007627258397
1005006877598900
1005007394641547
1005006902272231
1005006948957132
1005007169945587
1005006341052907
1005006947887371
1005006725136615
1005006363448641
33007267586
1005007082181572
1005007253240223
1005005699946085
1005006967456184
1005006845968178
1005007441843261
1005006034276807
1005006686950965
1005006836922099
1005006777101371
1005007426279577
1005002054011703
1005005064976361
1005003221155611
1005003136603877
32328072487
1005006471348112
1005007235179107
1005006086415382
1005007034604076
1005004042238668
1005004565652705
1005005949241219
1005005654095835
1005006948961493
1005006941889064
1005006975825107
1005007484194699
1005007507006596
1005006711908094
4000812739408
1005003221769059
1005002980247200
1005006133478731
1005005766932048
1005007493146999
1005007516611787
1005005297996563
1005006420598490
1005007242319956
1005005626570122
1005006878112259
1005007082905730
1005005791579140
1005007635449549
1005006845619538
1005006469142901
1005007438739585
1005006967141838
1005006700104202
1005006089407631
32977968785
1005005986686107
32816823902
1005003200846424
1005005141499356
4000108434023
1005006926026641
1005007045389405
1005004181656928
1005007584188287
32720617540
32796122121
1005007653469555
32798391383
1005007631550662
1005006335497303
1005005949199504
1005005772756553
1005004280429991
1005007533427154
1005006823089495
1005005291074664
1005006862157272
1005007535865208
1005004045696096
1005007273679955
1005007310033924
1005006624322393
1005007471290493
1005003061227192
1005001984913548
1005006961323613
1005007206887064
1005006692279948
1005007253557451
1005006215576639
1005007063408544
1005007434021645
1005007176848197
1005007253876657
1005004128558005
1005007037529890
1005003171940857
1005004990317814
1005005670443845
1005002193954904
1005006837379387
1005006730040188
1005005615818440
1005007571452906
1005007176794120
1005007242495585
1005007251743437
1005005737148344
1005007203714387
1005005274738668
1005007079436720
1005004793009661
1005006771146266
1005006882610122
1005007044028916
1005007102233702
1005007531477169
1005007551817200
1005004988732815
1005005988327107
1005007421863811
1005007499372415
1005006959772835
1005005443947590
1005005743293354
1005006312906544
1005002910882378
1005007242476757
4000307806335
4000237473135
1005006882183680
1005007301683097
1005006327024417
1005007307398393
1005002444324732
1005007338035063
1005006317498087
1005001512442286
1005007562813893
1005007345687640
1005003541612865
1005007360999572
1005006086507842
1005006417945276
1005006770751995
1005005086403099
1005007622077863
1005006627808963
1005006967418707
1005002980190714
1005005530713199
1005007533803920
1005007637757284
1005006148437698
1005004305419149
1005007049076176
1005003137004323
1005006904982452
1005006813107384
1005005077078220
1005006238930066
1005006423115275
1005007592567160
1005003432799078
1005003878292930
1005007553874062
1005006697038265
1005005970021187
1005006850117982
1005007444671822
1005007218786168
1005005557962977
1005003009847531
1005004187957495
1005003779040821
1005006756576907
1005007535374474
1005006790245344
1005007336653783
1005006313356749
1005007353642037
1005004036473718
1005004856692083
1005003260148264
1005005012135373
1005007078582280
1005006131795925
1005007285949345
1005006998728579
1005006366708079
1005007653810888
1005003410302486
1005003367153172
1005004849978559
1005004045400600
1005007014070833
1005006462916545
1005004068949897
1005003382121517
1005007618645474
1005007180348316
1005007028439929
1005006470111838
1005004491268909
1005007292326821
1005007055684622
1005007394562979
1005006449463039
1005007317253479
1005007208531958
1005005945678379
1005004452366739
1005007051638415
1005005632141224
1005007102509988
1005005185057025
1005005945977313
1005003124255443
1005007084951349
1005007623385642
1005006724290600
1005003486796208
1005004812986279
1005005335607604
1005007076107401
1005003061274100
1005005759593010
1005005949124775
1005007525514855
1005006756322823
1005007287801964
1005007445019544
1005007146047412
1005007426941004
1005007246052631
4000127553449
1005005504069918
1005006163971811
1005003124277461
1005003203010659
1005005414156328
1005007234846556
1005003270665919
1005006948851947
1005007046955945
1005003443899912
4000907449318
1005004845361527
1005007164124039
1005007439398205
1005007243190292
1005007016704211
1005007590014113
1005006217336907
1005007254111301
1005006362758042
1005006870544535
1005005302258420
1005003784353366
1005007635096796
1005005165977602
1005006578955772
1005005913967850
1005005448798992
1005007394742080
1005003026131604
1005005145343692
1005007265281030
1005007059768734
1005007065404790
1005007569136158
32844631491
1005007486223222
1005007361245229
32966534715
1005007001950789
1005003564280171
1005007480520138
1005007471716650
1005006395775744
1005007433805231
1005007109024833
1005007245958763
1005005632150223
1005006266352052
1005006196455929
1005004726020771
1005005510498490
1005003708442254
1005006784453059
1005007539556327
1005007437033038
1005002298257255
1005003269270633
1005007102389356
32796042803