1005007787468881
1005007787318064
1005007786974464
1005007786791792
1005007779993572
1005007710835002
1005007778807508
1005007781568863
1005007779949471
1005007779879858
1005007781807610
1005007782517092
1005007776926697
1005007780511855
1005007776801297
1005007745255140
1005007774893065
1005007762605340
1005007727740662
1005007719279099
1005007750284808
1005007753693169
1005007761678492
1005007734697517
1005007776863924
1005007710626857
1005007739326505
1005007710981510
1005007497121331
1005007240864499
1005007564294356
1005007773031715
1005007763243233
1005007753688977
1005007711016333
1005007711032365
1005007785133115
1005007784789348
1005007763515128
1005007761883229
1005007761796794
1005007774941262
1005007775233272
1005007775635283
1005007775348140
1005007760554630
1005007756238804
1005007754260757
1005007754270724
1005007776616715
1005007760539734
1005007754039323
1005007753777758
1005007753802536
1005007753670915
1005007756630263
1005007752235006
1005007752123569
1005007752056073
1005007752500855
1005007752287251
1005007747209598
1005007746260619
1005007772490369
1005007746343531
1005007771107141
1005007770862758
1005007746220223
1005007746021352
1005007746021345
1005007762610560
1005007737012329
1005007734380527
1005007730091331
1005007734459252
1005007734123820
1005007730099707
1005007752031952
1005007739619142
1005007724253040
1005006698019519
1005006695474933
32215877735
32616806266
32814172407
1005006141614649
2005117958
1005007060495562
32349480602
1005007059429389
32811371346
32913847193
1005007058911842
32913815773
1005007153358478
32728885783
33028360463
32629935730
33032391146
33055229576
32913803630
33058342025
32830212078
1005007130834795
32473336826
32756453454
32838130965
32279111086
32808974335
1005007206798406
32779089748
32810860002
32255374895
32642534038
32654182606
33028252013
2005141400
33027977853
32838100871
32573953304
32574158294
33027985457
32666025680
32580151844
32302811080
32578409726
32825128088
32802162171
32270602132
32600321640
32513657241
32665885855
32637462878
32578350563
32781399219
32571482249
32472150384
32759171818
32665885653
32559388700
32559915983
1005004682448855
4001106410529
4000528539375
1005006432373356
1005007341638950
1005004146118326
1005007004221628
1005006384937472
32425079603
32816617738
1005006520080078
1005006381713282
32957810053
1005004285531536
32863581656
4001290427021
4000539948802
4001290490246
4001290418273
4001294426507
32908326353
32846650366
32845493554
32896461412
32842470320
4001271422514
32859341309
32917138068
32847936464
1005002326606044
32812946804
4000215332741
32844103961
32847356807
32859732455
1005004091408773
32917489398
1005003044742562
1005001770059356
1005004095706117
1005004009363214
1005003805906114
32845342165
1005005582973117
32905108129
32955589788
1005005582867183
32957766728
4000580093167
1005004780119242
1005001379529615
32862693693
1005004780006872
32998661551
4000288384144
1005002506706395
1005001392571121
32771153795
32828214087
32862856089
32868909147
4000236545310
1005002419712438
32782769624
32785759391
4001196800389
1005006381274226
1072762801
33003858344
32847412069
4001294025295
32855737449
4001294062471
1005003044907127
32967684308
32968874546
32967712214
32807551250
1005004254577335
1005004256329182
1005004256163908
1005003901790291
32917203816
32917039232
4000107227310
1005004780044125
32910003094
1005001379707085
1005001375170258
32858359837
32909747747
4000378686768
32933754412
4000570594576
32782232354
1005004182880077
32955281570
32849928573
32850578522
4000311819283
1005002417818512
4001212840839
1005002326558034
32827190889
4001290671286
32820374310
32967728054
32970279167
4000127528806
1005004095964576
32866681765
1005003120340771
1005004283243346
32828162961
32962192498
32944469507
32815937271
32864470009
4001212738451
32862995803
32952930153
32874445530
32965879148
32979147123
4001290519591
1005003051461945
4001291653531
4000087219695
4000215132323
32966088397
32965445416
1005004255984751
32827233725
32914797528
32879661791
4000433152596
1005002849050661
32931418445
4000203672692
32843954463
32952894594
1005004281746994
32979488662
1807698463
32785747384
4001290585257
32970024565
4000087201734
32871059188
32922183428
4001284223919
32857353728
32873211445
33022298571
4000207305788
32931418280
32866633447
32845700641
32844965764
4001290466239
4000540024563
32838701058
1073012653
32838481369
32868963966
32852963868
32972231946
32971502602
1005001401987246
32931378995
32868262938
32965395996
32852443719
32915889171
1005002326711514
32881120067
32850497874
32944384897
32861771572
1005002302594009
32910295230
32864082940
1005005971598851
32931673151
4000314901015
32968480129
32956346984
32850578377
32871475714
32861842358
4000077663390
4001294157150
32856630871
4000214967476
4000215106007
32948255323
32931613981
32811558831
4000074827912
32879685523
33012377367
33007214262
32899451983
1005001657428707
4000218121763
32921084724
32919026218
32473947510
32866641786
32989533778
32870556532
32897397444
4001075474039
32865568663
32807249533
32864106818
32869011070
4000214944902
32919022255
4000311298407
32924334236
32995750986
32855774869
32868018435
32822771407
4001271073624
1005001313979839
4001066649066
4000215030044
33005370165
32929429595
32947114065
4000143674852
32954229574
32857531997
32775121281
32807339569
32807815505
4000288259395
32899367690
32865556761
32889065548
32929413725
32913093697
32882838206
32968766107
32832009901
32953530093
32956646519
33003515380
32805205091
32805936515
32917093662
33003692387
32868175803
32865061582
32866685159
32851230444
32836545540
32897000000
32819837982
4000216226360
32821938042
32829246284
32917073876
33003688412
4000124479122
32914666488
32965168315
1005001436533385
32958291882
32961417885
4001183974734
32831043750
1005002506653284
32920463676
32962028152
33002897511
32867089103
32919439972
32931653530
32821999463
1005002261229123
32856827322
1005002906879454
32868054793
32805610773
32923556004
32956157932
32817112694
32850633922
32839977824
32868632171
1005002260732654
32813998667
1005001726213269
33007907673
32863554186
32843756499
32959671681
32905860145
32805464642
32806529783
32822093789
32805689835
32837396524
32848701598
32923886143
32839213173
32906963006
32885454722
32868216991
4001066511688
32828055546
32869786580
32847843311
32773887523
32955620073
4000834583175
33005592177
4000570481163
4000249527978
32922413910
33058361209
32814446884
32995198388
32950764162
32697622325
32846382996
32846926284
32828793294
4001066475894
32867985485
4000292141136
32651267410
32876393301
32966426681
4000586186759
4000007677816
32809523577
32869622080
32828385932
32812449272
32930480705
32881177597
32821910074
32853211868
1005007217068006
1005006569187625
1005003481935816
1005004151065220
1005007628333216
1005007421074042
1005007218417627
1005004827673568
1005007653673313
1005006309643114
1005006694854431
1005005614608255