1005007594824957
1005007634468726
1005007666464453
1005007550607465
1005007539174491
1005007662470695
1005007575360380
1005006859419724
1005006865951639
1005007582944190
1005006862478797
1005006866695874
1005006931789386
1005006862271428
1005007611446244
1005007611378437
1005004743873357
1005007611186736
1005007599537010
1005007639561700
1005003665559786
33017787917
1005006449010646
1005005730515277
1005007403401251
1005006411568436
33034405141
1005005459280706
1005004861990363
1005007649287881
1005007016061318
1005007605023666
1005007578596476
1005006500668290
1005004986726627
1005004829521929
1005007385048754
1005006440346097
1005007439609293
1005004531477285
4000877725775
1005006701276674
1005002709338413
1005002714904176
1005007608694159
1005007556179549
33048457941
32924194197
1005007575218287
1005006032148607
1005006602454476
1005003082316001
1005006973662526
1005007557200491
1005005933208126
32945612171
1005007668774492
1005006455717264
1005007607981744
1005003888486684
1005004325480418
1005007365155883
1005006816003149
1005007613326534
1005007449403801
1005007593379645
1005007431424824
1005007380220126
1005006778000981
1005007477462832
1005004945532992
1005004628222305
1005006440100806
1005006310732866
1005006862177233
1005003152161840
1005005033429884
1005006859026271
1005007634266632
1005006239544414
1005005199897489
1005007377828822
1005007188517656
1005007600714713
1005003037343556
1005004167380937
1005006764104002
1005005972207647
1005006734821365
1005007593269654
1005007218401376
1005006977924418
1005005993958383
1005004869039120
1005007281318539
1005005848078275
1005004478159707
1005007336033339
1005007053901606
1005006584648627
1005005639843806
1005006285369992
1005007560346116
1005006974915178
1005006614727146
1005007385540990
1005006962570277
1005003024506589
1005006039432043
1005002329588533
1005004924213324
1005007365189796
1005007031850618
1005007498343936
1005006985041865
1005007623018317
1005007049168563
1005007365228750
1005007466709760
1005007085886111
1005007077850210
1005006890219245
1005006712376992
1005006399435038
1005007039262512
1005006279015150
1005006685139175
1005006929819762
1005005972067639
1005007434426643
1005007497714641
1005007301092931
1005007211448407
1005007431932876
1005007172337655
1005007470086994
1005007353438649
1005006605372337
1005007277250548
1005006883825824
1005007594360221
1005007155399390
1005006394160289
1005004294748759
1005007045609429
1005007174493302
1005006127516506
1005006567733887
1005006128083043
1005006073831291
1005006929764259
1005007090657542
1005007582642529
1005007242020244
1005007045061340
1005006381295768
1005007077567374
1005006213573566
1005006259570042
1005007040602571
1005007330028180
1005006930685666
1005006734717593
1005003383038471
1005007552320577
1005007621471240
1005007206953143
1005006973407907
1005007591139350
1005007582666490
1005005975244817
1005007488425306
1005007378612421
1005006133160638
1005003777340807
1005006128048378
1005006827060193
1005007498452803
1005007083804763
1005005614262770
1005007080986217
1005006968615668
1005007045699015
1005007610890114
1005007118497131
1005007335910779
1005007317302144
1005006876227445
1005007496850396
1005005939173018
1005007422540416
1005007296885464
1005006754105526
1005005993924500
1005006453608134
1005007605781116
1005007342011730
1005006882466176
1005006593119907
1005007083293819
1005007629661932
1005007096369014
1005006962568388
1005007107792136
1005006160993977
1005007292843806
4001205878928
1005007219271165
1005007234160737
1005006209690324
1005006200775371
1005007075689496
1005006162375309
1005007182667343
1005006376542190
1005007018632888
1005007116712499
1005005623060261
1005006179307860
1005006981294733
1005006822369003
1005005069590127
4000876821957
1005007103410604
1005005948853323
1005007052489045
1005006053633619
1005007514687416
1005006985951895
1005006236659524
1005006744318263
1005007620666713
1005006361774427
1005006954182806
1005004674523569
1005005721639703
1005006549095472
1005006524698389
1005003137408825
1005006582824729
33043273733
1005004331564500
1005006464926514
1005006844805143
1005006670166665
4000458921144
1005004646400230
1005006026001113
1005005933770577
1005006725499525
32996251979
32841786659
32917563597
1005007603002345
1005007354977273
1005007555239719
1005004677554519
1005006398012283
1005006366462785
1005006894104467
1005006397896869
1005006844554773
1005007402916425
1005007547156660
1005007616287246
1005007546094620
1005007616254168
1005007534309127
1005007533857266
1005007534084257
1005007547445384
1005007547527343
1005007547435221
1005007547226475
1005007533862383
1005007052989618
1005007151239145
1005007124494263
1005007412618654
1005001779267928
32973032869
1005005879515241
1005006825413707
1005007547560304
1005007547120560
1005006828639993
1005007538177787
1005006372576186
1005006743450565
1005007151168306
1005004471878983
1005007430645526
1005007389938223
1005007389779940
1005007535063512
1005007132073460
1005007589818086
1005005956203787
1005007515370079
1005006885247836
1005006885174946
1005006354850751
1005007553299855
1005007553421691
1005007290350648
1005007278068162
1005007222039370
1005007138349086
1005007528203509
1005007528139413
1005007528205742
1005007528074814
1005006595667457
1005006595556477
1005006595696583
1005006487064210
1005007323563905
1005007323604832
1005007190384405
1005007240620870
1005007190364160
1005007107250881
1005002622166280
1005005944649873
1005005906155852
1005005901677572
1005007568695136
1005007600802129
1005006869748730
1005006792323848
32815593122
1005003404287186
1005007648249060
1005007090040070
1005005763702544
32879560924
1005005786057324
1005006595814163
1005005896355423
1005005576228101
1005004333019524
1005004178014993
1005007567664482
1005007586009430
1005002622127940
33055086405
4000412049595
1005004249861248
1005006766617314
1005006975444157
1005005986995826
1005005872336611
1005007562678173
1005004934340011
1005007357373457
1005005452441482
1005004747077154
1005006223142548
1005004287900148
1005006647513971
1005007426225894
1005005958471714
1005007634090925
1005007130652361
1005006833149925
4001042118982
1005006421568888
1005006546631815
1005007016112753
1005007639313524
1005007632982672
1005007564598985
1005007528065186
1005006982844966
1005006966454335
1005007281062026
1005007536355437
1005007426015302
1005007653015129
1005007657604645
1005007786985274
1005007777444366
1005007484045249
1005007657823498
1005006657688228
1005006963300393
1005006380352917
1005007588239088
33003322232
1005004451896515
1005007611953648
1005005393737445
1005005148154171
1005006113611726
1005007455630868
1005005192906544
1005005981675839
1005007587765797
1005007462519329
1005006221273022
1005006024889453
1005007269807217
1005006225329921
1005007045288838
1005007449587821
1005006137085564
1005006221483393
1005007450169584
1005006191454444
4000201930409
1005007452250400
1005005148168364
1005006221628803
1005006135761199
1005007309799819
1005007041574519
1005003734898707
1005006510120290
1005006763381098
1005006300717022
1005007385690022
1005007535123202
1005005801689388
1005005148147692
1005007348228895
1005006028971805
1005007555408103
1005007537890091
4000176515376
1005006734629093
1005005077202098
1005005073257083
1005007041662428
1005005426800137
1005004711217900
1005005993525232
1005006029021390
32972993511
1005005148310041
1005005148198773
1005007409625283
1005007659451547
1005007666099415
1005007779303146
1005007760641254
1005007731583111
1005007449765461
1005007517955111
1005007452714075
1005007489703156
4000218142591
1005006225903327
1005007604354523
1005006230983994
1005006225487422
1005007540069163
1005007694292380
1005007526579852
1005007449847653
1005006230884846
1005005952126133
1005004372791561
1005006645601488
1005001521263540
1005004524610959
1005005900769816
1005006187527964
1005004880388383
1005006311943718
1005005702302426
1005007090971489
1005004862266545
1005005547470020
4000008163287
1005005560629042
1005007173439406
4001346236698
4000283888898
4000235310849
1005004826296756
1005001311709548
1005006010143564
1005003313974417
1005004632248177
33014772728
1005007472027939
1005007327468417
1055213315
1005005857934796
1005007435580953
1005006906827524
1005005909364130
1005002341088469
1005007203184312
1005005931972755
1005007439428619
1005005835789349
1005007202086127
1005006136061225
1005005554369044