1005005100302207
1005005643537740
1005006977490171
1005002618536056
1005006437990331
1005006678491595
1005006859104116
1005007314047363
1005007100794104
1005007213020870
1005006618791228
1005006473615404
1005005270679274
1005007426061684
1005007437761312
1005006879826884
1005006855514436
1005005725525632
1005007057900564
1005006787593393
1005006105398689
1005006164260434
1005007383007877
1005007137893559
1005007136781749
1005007079188747
1005003849647828
1005004320662065
1005004815092298
1005004080958161
1005005832877037
1005007005112663
1005007212177152
1005006500920829
1005007044614737
1005006968981321
1005005182543940
1005006729076194
1005006978517492
1005006963183171
1005007036091664
1005006801158876
33018493409
1005005950530758
1005006728750063
1005007037959075
1005006345475667
1005005919584842
1005005807213118
1005004501599423
1005006866025314
1005005413640879
1005006755684138
1005005498434620
1005006753090589
1005007175345728
1005007023510145
1005003776568579
1005006402469341
1005006614452341
1005005069481652
1005005675853672
1005006822781083
1005006866370817
1005006866341714
1005006205742856
1005006703492762
1005007314650962
32891018239
1005006796900757
1005006609963840
1005002423681071
1005003597065422
1005007014593429
1005006908246167
1005006908773768
1005007134982821
1005002752072131
1005006912167885
1005005853316681
1005006117952682
1005002006512372
1005005547282922
1005005368924452
1005005746058923
1005004917691253
1005007211271458
1005006545162988
1005005335114312
1005003100389035
1005005972378883
1005006039682144
4000117319766
1005007112277964
1005007049786590
1005006115420952
1005006791249212
1005005424423054
1005006310561804
1005007018659424
1005007109325118
1005004252861400
1005006254858418
1005004351372266
1005007083608919
1005006577824492
1005007073396297
1005005610951852
1005006384972475
1005006384113678
1005006821389204
1005006967050429
1005006316066318
1005007037028354
1005006659411470
1005007022384888
1005005266363818
1005006796596962
4001041578657
33053862441
1005007117648468
1005005495838231
1005003340914343
1005006447993114
1005006713283182
1005006463339951
1005006877046321
1005006949592643
4000682547802
1005005887738862
1005006787692061
1005006522371871
1005006894422255
1005006819875170
1005005374253966
1005004631770943
1005005951753230
1005006333138587
1005006006402839
1005006707027482
1005006912754565
1005006778551964
1005005636303964
1005006569215573
1005006787042892
4000547821162
1005006991255936
1005001795427733
1005005386252215
1005006853588728
4001152919970
1005007234012284
1005005588585836
1005007133259094
1005006610055397
1005006980161141
1005005931875571
1005006386278558
1005006865962634
1005006793367803
1005006723198535
1005006817509847
32975250810
1005006614751064
1005002661032106
1005006609219464
1005007217713870
1005005896987030
1005006814879642
1005006884573645
1005007424045639
1005005190755446
1005006759872100
1005007108679553
1005006956087763
1005007051902713
1005006808100393
1005005681874458
1005006950963516
1005006956181476
1005005551741909
1005003936695131
1005005262828362
1005006313437284
1005006506028669
1005007069112071
1005006960080734
1005001469382142
4000202166006
1005006759757438
1005006223518986
1005007334790562
1005006962467799
1005005450625650
1005006946795767
1005007175065714
1005007089954076
1005006759968187
1005007001684609
1005007273936334
1005006905606455
1005007070378820
1005007112190652
1005007081883164
1005007096922083
1005006341677544
1005006843940830
1005007232093166
1005005367049916
1005003814349434
1005005848687421
1005006583870840
1005005551315122
1005006477482185
1005007245419120
1005006759815524
1005006645686655
1005006760028001
1005007040098656
1005006972863807
1005005485579139
1005006701320981
1005006243197050
1005006625947667
1005005812852472
1005006821732484
1005006726415794
1005005361786866
1005006626325828
1005004234122462
1005003938034881
1005006890839282
1005007052962103
1005005997253953
1005007266358457
1005006795104720
1005007143860561
1005006923249382
1005006759749435
1005006795253063
1005006918825550
1005007029658070
1005004073076720
1005005884644067
1005007136735354
1005007096510929
1005006696994747
1005007226093932
1005007055500753
1005006712230770
1005006861289522
1005005970901472
32978633552
1005007227609222
1005007126290955
1005006680175017
1005006902769391
1005006949453281
1005006606540936
1005006759614780
1005006261019357
1005006768871963
1005006755729444
1005006759848140
1005005267097705
1005002632374103
1005005605794953
1005006894764793
1005007170201956
1005002752922612
1005006731025459
1005007267831550
1005007168739372
1005007213933881
1005006693914857
1005006023165871
1005006694095176
1005006673886414
1005007013013996
1005006787734787
1005006822735225
1005007033701098
1005007285433849
1005006209989421
1005007273925516
1005007333650767
1005005820298523
1005006793987151
1005006895381838
1005006760628142
1005005596872002
1005007335539151
1005007161106726
1005006072456217
1005006760540290
1005006969651752
1005006468196131
1005006846660553
1005007075957703
1005004433993703
1005007176173152
1005006460774915
1005002765314184
1005006748477662
1005005878014445
1005006699259815
1005006265545298
1005007036485086
1005007060977366
1005007278517797
1005006759766419
1005006868039288
1005006699641245
1005002875970684
1005006700113085
1005006262327254
1005006027440407
1005006939657083
1005005997746007
1005006760457505
1005006814974329
1005004273253279
1005002958162177
1005007156518460
1005006919915983
1005006068170577
1005004092154401
1005005611040345
1005006763879734
1005006480001692
1005005946642855
1005006870169242
1005006693487865
1005006768943289
1005006590472038
1005006874975076
1005006763701836
1005006759571916
1005006759874470
1005006857628184
1005006768809678
1005006572904557
1005007125612624
1005006996640007
1005002997260958
32899198398
1005002868989922
1005006716180547
1005006943289126
1005002927396043
1005005319836748
1005006768712428
1005006693520531
1005004526164039
1005006684943106
1005002904559854
1005006759918375
1005002796647066
1005006759929265
1005002835584154
1005002656239851
1005006693710714
1005006759823601
1005006760313946
1005002877844288
33028451539
1005006894302948
1005007321508874
1005004992435704
1005007145300617
1005006240899314
1005007148996792
1005006142583957
1005006745278175
1005007311853713
1005006039894841
1005007067322053
1005006477615748
1005006502528824
1005002283070622
1005006783002115
1005006649075066
1005006346688935
1005004732142706
1005005236724779
1005002287360742
1005002277990473
1005005554079322
1005006777317891
32882154883
1005006441394653
1005003158288240
1005006597357986
1005006929713538
1005002277417573
1005007367343868
1005007275097011
1005007402689810
1005007272162901
1005007424381677
1005005813863830
1005007398168626
1005007424410700
1005007277475509
1005007399437742
1005007403291679
1005007402013877
1005005913920893
1005007424638358
1005005849945776
4000378273398
1005006354140923
1005003917087224
1005006123642351
1005005687111220
1005005253985831
1005003917300464
1005007097443141
1005005979989788
1005006648599601
1005007314058052
1005006339813330
1005006395493348
1005006161952449
1005006156386986
1005004351712602
1005004497386166
1005004401814425
1005004492892444
1005006845911044
1005005480346834
1005006121234067
1005005210189168
1005006214285345
1005006207728618
1005006991294990
1005007195045837
1005006833239749
1005003300627444
1005007400995671
1005006994251963
1005007475743016
1005007178382240
1005006120007075
1005004491804554
1005004608475715
1005007216213208
1005007097639875
1005006635701188
1005004226799980
1005006533990993
1005006414896774
1005006157148116
1005003720997290
1005004250554795
1005007168916485
1005003810412759
1005006056065490
1005007074246689
1005006894915460
1005007097471410
1005006408597921
1005007148728165
1005007429606183
1005006078827605
1005005383613889
1005006067046184
1005007160148452
1005004561952391
1005006318516359
1005006287949810
1005003293268567
1005002828052458
1005005486179496
1005006985167250
1005007097872406
1005005496329084
1005005003081849
1005006871174282
1005003960987510
1005004687605546
1005005537664664
1005006077636509
1005006907583559
1005004911379567
1005003814258335
1005004035126097
1005005203358962
1005007341376185
1005006374587986
1005004581896303
1005003327911046
1005006390375172
1005006321569839
1005007412885693
1005005557917188
1005007353923956
1005006825358780
1005006858724019
1005004568120786