1005006055695555
1005006466324124
1005005812068598
1005007786436838
1005007786425935
1005006269355336
1005007776151730
1005007759164092
1005007773291588
1005007774757693
1005007775112647
1005007781856813
1005007775097616
1005007781739919
1005007775881091
1005007776454085
1005007776252600
1005007776168107
1005007775749827
1005007773623085
1005007438089421
1005007450362303
1005007451971180
1005006910368684
1005007546435151
1005007763914189
1005007763740849
1005007091631257
1005007753209124
1005007753124783
1005007752170615
1005006890720479
1005007090651112
1005006956124801
1005006956198533
1005006958667433
1005007094818802
1005007732922107
1005007016701920
1005007015910943
1005007324116632
1005007324369756
1005007324539573
1005006676751849
1005007729104322
1005006158561358
1005007694855238
1005007723869454
1005007727590251
1005007601365882
1005004994048462
1005007726012815
1005007463589310
1005007463458523
1005007463336802
1005007463258962
1005007081589990
1005007694967603
1005007688267519
1005005379845511
1005007701736346
1005007688057817
1005007697438051
1005007697098589
1005007696921778
1005006798182936
1005007483339803
1005007483254369
1005007170452452
1005007315567886
1005007579753295
1005007463320876
1005007463796314
1005007581558298
1005007125645321
1005007024137054
1005007024578057
1005007032703607
1005007482085798
1005007023021649
1005007022622644
1005007023002729
1005006954736383
1005007023517276
1005007024282414
1005007376466573
1005007092857791
1005007021319540
1005004446477895
1005007203760910
1005007203974528
1005007337388474
1005007271059700
1005006947537371
1005006952813384
32909128017
1005004961363660
1005005665895667
1005004837704858
1005006178223849
1005005084719026
1005006440230176
1005001873902193
1005005978819043
1005006838729849
1005006790617861
1005006548814583
1005006814885546
1005005391202936
1005007269280623
1005002423140662
1005005369858974
1005005548266440
1005006503323977
1005006508733457
1005006178279584
1005005705262339
1005007274099560
1005005856732325
1005005139758037
1005007028473753
1005006435563535
1005006132108194
1005006856506902
1005005101680889
1005007493141484
1005004082310353
1005005141677455
1005005873001417
1005006822357178
1005006412171388
1005005391729846
1005005454721620
1005005241012347
1005006537327466
1005005948640542
1005006738685945
1005003809989446
1005003951119993
1005006068430298
1005005730251534
1005007136719874
4000421994230
1005006403536619
1005004056475394
1005006725304492
33021651905
1005006320778895
1005006258501804
1005005896302928
1005007399637313
1005006857801319
1005006801643020
1005005632583302
1005005253714831
1005006674260239
4000981432132
4000221915493
1005005391790092
1005006927578767
1005006370935213
1005006117919640
1005007074119915
1005005252613121
1005006264215967
1005006412025258
1005007207961198
1005005872889969
1005006616015171
1005004178073996
1005006257191413
1005005795163138
1005003256352802
1005005983837801
1005007475704796
1005005565116216
1005005315931428
1005007534434064
1005003992437229
1005006765470180
1005007300619176
1005006949777869
1005004269651635
1005007631948503
1005005842382540
1005005932981176
1005005682940355
1005007592527697
1005007010219343
1005005278013891
1005006792203011
1005007171564636
1005007310685941
1005005770663192
1005006548007155
1005004778395376
1005007234427568
1005007547308043
1005007334551285
1005006334380464
1005007504046571
1005006047474028
1005004541966856
1005006542840712
1005006948485242
1005007173725655
1005006169530372
1005006910321274
1005006892254975
1005006948984583
1005006943162249
1005007421119946
1005006852400114
1005002674566834
1005007048155459
1005006740930640
1005006967549635
1005007490728925
1005006944019522
1005006215301521
1005007377812183
1005007434562043
1005007155126225
1005007226307830
1005007286380699
1005007482975916
1005006365313917
1005007561020332
1005007560728538
1005007561627956
1005004823569548
1005007413948748
1005006778015487
1005006723316428
1005006600507215
1005006597484438
1005007109726053
1005007227404979
1005005771523006
1005007043799500
1005006991297018
1005007301705651
1005007049476498
1005007483405066
1005006599015872
1005007110185379
1005007514459679
1005007514501587
1005007423571153
1005006852270454
1005007145037796
1005007325168168
1005006069681975
1005007139472724
1005007214878364
1005006598141885
1005007155040472
1005005917654052
1005007383291554
1005007214569821
1005007055210578
1005006513716938
1005006513778700
1005006784407654
1005007092423194
1005007405609380
1005006752322037
1005006544258785
1005007320476601
1005007138499381
1005007350177904
1005004296955401
1005007262724255
1005007483651788
1005006848249496
1005007140086104
1005007139947320
1005007101908258
1005006481973027
1005006481681513
1005004621293973
1005004626646622
1005007320607048
1005007193317391
1005007332072002
1005007421341667
1005003984879471
1005006848240544
1005006911767049
1005006529778227
1005006529690702
1005006529760460
1005006529571953
1005006703160683
1005003357535234
1005007372684319
1005007321008803
1005007049386605
1005005475773547
1005006077239497
1005006600349709
1005006510600126
1005007491228423
1005007155425203
1005006454814288
1005007049225694
1005007164396955
1005006150426358
1005006597248997
1005007061539936
1005007109745427
1005007033334355
1005007388334600
1005007388243877
1005007150760826
4001217128838
1005004915471318
1005007195852876
1005002309598801
1005007066752925
1005007523420077
1005007033294630
1005007056118046
1005007069540130
1005005389261076
1005007258613495
1005007306202844
1005007259074264
1005007283898628
1005007192485919
1005006631506851
1005006596955947
1005007195813454
1005007622982228
1005007253757516
1005007094803808
1005006974161288
1005007433760637
1005005945827151
1005007227442272
1005007190725964
1005007608856640
1005007191762682
1005007301962634
1005007546002611
1005007246743422
1005007259532517
1005007259444344
1005007302577870
1005007321114925
1005007192104504
1005007246964718
1005007046653187
1005007539352327
1005007259006553
1005007259326889
1005007541150593
1005007227999082
1005007517637748
1005007192236105
1005006113268916
1005007246603620
1005007246422943
1005007247171075
1005007459458520
1005007290035714
1005006870088281
1005004691995138
1005007296210512
1005007615937927
1005007633109120
1005007684345592
1005007673960298
1005006578852951
1005005610281658
1005007136376910
1005007519437387
1005007600276752
1005007514107561
1005006833460642
1005005651683060
1005006168185290
1005007635797412
1005007244180978
1005006596957592
1005005928712064
1005007244225221
1005006181623918
1005007681653973
1005005373727375
1005004549802826
1005007096599125
1005006991143706
1005006808477857
1005007636523292
1005006235365038
1005007101659407
1005006870271524
1005007136579740
1005004384934339
1005007626785412
1005007259782430
1005006826257212
1005007102716069
1005007625517652
1005006384840111
1005005459017080
1005003041172210
1005004572116277
1005006293944401
1005004182903129
1005004975926610
1005007211999356
1005006746647248
1005006246986554
1005007149760362
1005004181830483
1005006689820557
1005005643046856
1005005870850279
1005004194625489
1005005266118226
1005007457291187
1005005297528405
1005004299739431
1005007226041242
1005006258684972
1005004266719531
1005004065685916
1005007138754413
1005002753945584
4000035365727
1005003209049209
1005006397300640
1005005649444624
1005005643923568
1005005293639753
1005002718432615
1005006329658089
1005007462774662
1005007638835902
1005006764673629
1005005887611799
1005004175898676
1005005193010485
1005005214632553
1005007140254917
1005003222269001
1005005218226539
32615157428
32965803898
1005003313525298
1005006026621802
1005006298894609
1005002640732145
1005005024190248
1005007340439666
1005004556976068
660877955
1005006618298216
1005005511341261
1005007469701241
1005003580476715
1005007600835137
1005005050800536
1005004927531227
1005001736978862
1005006706209772
1005004266467418
1005003503365990
1005007517860121
1005006016338794
1005006746423300
1005006357029353
1005005193140528
1005001397837266
1005003434735469
1005007200059002
1005005069069857
1005006796933683
1005003074737667
1005006305998040
1005005571999075
1005002660707178
1005006125320780
1005006316569980
1005006417274314
1005006026983918
1005006112937804
32961663656
1005006860842777
1005005578656984
1005002727147766
1005002723049514
1005006862225184
4000345197951
1005006405669011
1005005133339974
1005002710076383
1005006404347806