4001251178404
1005007091279361
1005007314939042
1005007106436879
1005004608597041
1005002603745577
1005007471257520
1005007205957497
1005004040444838
1005007316888947
1005006196068746
1005002822743912
1005006552672520
1005007333268344
1005007298154266
1005006852913350
1005005499935782
1005005193148511
1005007275531915
1005006922685211
1005007259819108
1005006196144575
1005007415344658
4000209327693
1005007439572115
1005007241976900
1005004109184211
1005007347807241
1005006493238356
1005006430051885
1005007218336073
1005004542244023
1005006913456291
1005006494734281
1005007462040236
1005002771034519
1005006552642406
1005005392083034
1005007095977830
1005005825572270
1005007010830882
1005006993992267
1005007295458949
1005006964801375
1005005756640368
1005006484848311
1005005800028534
1005006809931475
1005007254036177
1005007419917937
1005005759262246
4000583852846
4000583896299
4000583866768
4000583895096
4000583945090
4000583912340
1005003482279188
32749692366
1005003482294152
1005003482240333
1005003482312104
4000583882519
1005006731755284
1005006747455346
1005005942274212
1005006049473828
1005005721051099
1005007002780583
1005005283135569
1005006332827428
1005005915912083
1005005277177344
1005006938045528
1005006895153139
1005006287487666
1005002656932263
1005006417845947
1005007191334835
1005006456161577
1005005086469413
1005005473122859
1005006973684878
1005006507939975
1005005380511394
1005005976367299
1005005437533315
1005005628208927
1005005271546715
1005005526779665
1005005951512263
1005005533585365
33016916956
1005003678905385
1005005718610429
1005005977159262
1005007061139024
1005005855327882
1005006607575010
1005004738231405
1005006855176006
1005005528605044
1005006156940498
1005007335058710
1005006345337078
1005005762949518
1005005518631185
1005007197377154
1005005959786554
1005006232529539
1005007140036867
1005006215596558
1005005139403844
1005006350531803
4001156042699
1005006288747425
1005004446378653
1005006981294710
1005006506489259
1005006993854076
1005005471168696
1005006636566560
1005003852128568
1005005137595965
1005007436617622
1005006658038757
1005007011696105
1005006364047483
1005006047367797
1005005470717133
1005005346101388
1005005221857581
1005004732498878
1005006398456045
1005006991661913
1005006027206982
1005006539951441
1005005829903909
1005006833354156
1005004985839039
1005006301699925
1005006865252036
1005006916505439
1005003416124001
4001193726100
1005007399398006
1005006896227376
1005007174678374
1005006658010889
1005006581075820
1005006049338325
1005006660625545
1005006219811177
1005005677335270
1005007233482818
1005003989835776
1005003363422858
1005006399182450
1005006223651952
1005005213923913
1005006863903410
1005006265865703
1005007042066626
1005007377763572
1005003436139109
1005005759254647
1005003175554057
1005005819287918
1005007335752401
1005007104123102
1005006546009647
1005006405928814
1005005352975822
1005007436870817
1005002245903044
1005006934671181
1005005800336682
1005007357338935
1005007457223942
1005005191725190
1005007481792974
1005007402874400
1005005898210004
1005005482714420
1005006506237972
1005007146641366
1005006731574810
1005006143175483
1005006680004601
1005005787794742
1005007174523333
1005005834955296
1005004584808767
1005005487234959
1005006651210051
1005005441445666
1005006261851034
1005005130984788
1005002603602080
1005005324216270
1005007117673337
1005001899681213
1005006974266575
1005007059425427
1005004523452898
1005005579552236
1005007252617242
4001242559010
1005003429701423
1005006567769835
1005006057497048
1005006938825001
1005006701817416
1005007394096903
1005006804404297
1005006983970665
1005006869556804
1005007432359652
1005003843074682
1005007174362762
1005006057887715
1005006417391577
1005007287896579
1005006447107895
1005007169741893
1005007146216508
1005005463304798
1005005155730485
1005007082658596
1005007186731417
1005005793874656
1005006829310580
1005006873437557
1005007076472298
1005006787212239
1005005476109679
1005007097004714
1005005193796016
1005005437529360
1005005966971762
1005006085684621
1005006683172726
1005006728043392
1005006860733641
1005005734285320
1005006990553889
1005005421691970
1005006567721397
1005006744863073
32992374624
1005007010353516
1005006927618531
1005007160555655
1005003092014854
1005006190661992
1005002266583132
1005005497424666
1005007182268182
1005005736221974
1005005335802180
1005005969192330
1005005233651272
1005006895561106
1005006912070372
1005006659168763
1005006663738848
1005006381924234
1005006839572791
1005005595507133
1005002623420539
1005006613273506
1005006345199923
1005005796819206
1005004295417309
1005007233792561
1005002822296175
1005005764898486
1005006936516616
1005007300748188
1005006718486263
1005007457655058
1005007212160737
1005006570172157
1005006975683259
1005005896652202
1005007181960839
1005006258971611
1005006345234742
1005007447823467
1005005339961280
1005006873477251
1005007450844261
1005005924599610
1005007042158015
1005006836976818
1005007059819723
1005006586868823
1005004255512057
1005006390815247
1005007350497220
1005007040891880
1005005616151663
1005005293671791
1005006636732169
1005007356031149
1005007142721149
1005007474417662
1005007426225974
1005006469153659
1005007441102173
1005005677035964
1005005570125459
1005007434532444
1005004422220891
1005003700002946
1005007391662045
1005007331508350
32846278131
1005001489915282
1005006895502025
1005007041531534
1005007041757604
1005007071415615
1005005256940804
1005007033416601
1005005445312461
1005007085261277
1005006345296226
1005003986685934
1005007234047343
1005004524656469
1005007173023963
1005005585083757
1005006643471784
1005006742955143
1005007370581026
1005006697531475
1005006960441122
1005006345298258
1005006533061868
1005007022721319
1005007341791441
1005007460697628
1005007058389269
1005006749549589
1005004487726785
1005007130563760
1005006960304545
1005004960716925
1005003140508907
1005007317399095
1005007438381108
1005005767184814
1005007005652363
1005007028141137
1005007313089382
1005007348675080
1005007041451239
1005005477103883
1005007463780463
1005006345271356
1005006582845658
1005001656752321
1005002669899252
1005006952409070
1005007123661528
1005007039379820
10000188505898
1005007262646571
1005004375085538
1005005454824343
1005005996342054
1005004872691096
1005006079333505
1005007174767476
1005005016079285
1005006270282146
1005006223655910
1005005298174514
1005003025282222
1005005243828501
1005007237470943
1005005468917188
1005004953429655
1005007096680403
1005006966237520
1005005878821365
1005004975387330
1005005989608707
1005006085171613
1005007266943827
1005005249150757
1005006240766079
1005007033123764
1005006863829511
1005005321334124
1005006167683567
1005004532679275
4001247339897
1005003612835387
1005006791319224
1005006767521265
1005007106834936
32790079644
1005006615304610
1005005558785404
1005004221224811
1005005842795320
1005004436610926
1005006761562485
1005007150376701
1005001661438678
1005004876308797
1005007124155186
1005007144947780
1005005383998818
1005005903130396
1005005762444215
1005006268684431
1005006800689157
1005006381939179
1005005985256020
1005005913854698
1005007092809632
1005005513890419
1005003124716496
1005007214203986
1005002674809290
1005006399513155
1005005316163518
4001157436431
1005004654767609
1005007188032506
1005006031060399
1005005494655586
1005006470778615
1005007449407888
1005006956288177
1005007465113614
33038610982
1005004158374403
1005005669471272
1005007455836127
1005005679093703
1005006508192217
1005007465220388
33026831555
1005007015993347
1005006729160815
1005004552203375
1005007368439788
1005007225777755
1005006063211902
1005006345748184
1005007280436429
1005007226060544
1005006220632874
1005004289016066
1005006183654461
32825849542
33038174789
1005006886393098
1005007138206936
1005005610246837
1005005648958864
1005006988386050
1005007090383633
1005006122962144
1005007196604360
1005007369763162
1005006670010707
4000375505171
1005007041946398
1005006363290898
1005006446598402
32891706018
1005005615274443
1005007275750379
1005006882014158
1005005626316173
1005006599422216
1005005519343332
1005005290240578
1005004522321057
1005007132810732
1005005481186950
1005005515153661
1005005915838529
1005005148271260
1005006717873369
1005006293259823
1005006993248091
1005005706627317
4000693057257
1005007167219227
1005007397671775
1005007449540675
1005005435657272
1005004422452249
1005007135395968