1005005047680020
1005007506588518
1005007061686388
1005005261219387
1005007292633589
1005007498263509
1005007489649220
1005007095996746
1005005526131395
1005006723169884
1005004629388960
1005007386873625
1005007079755578
1005002558808991
1005004790011019
1005007200590481
1005007255714962
1005007200789178
1005007200442699
1005007239348577
1005006167247545
1005007229243507
1005007128411261
1005005648364578
1005002587538731
4001192160743
1005007308627728
1005007182544165
1005007049300777
1005006667926724
1005006223225356
1005006202770330
1005006810489435
1005002066300118
1005006919156915
1005005914707054
1005006810627385
1005004356616554
1005006703037083
1005004701562795
1005002587635090
1005004796594740
1005004887777499
1005006435685550
1005007259483711
32863476520
1005004852617707
1005003596039584
1005006168972833
1005004779136411
1005006732046889
1005007514119422
1005007146282262
1005005186933958
1005004064701278
1005007376369065
1005007081167778
1005006402116572
1005003728126111
1005004259094700
1005001706427150
1005007239700015
1005007239669014
1005007141839949
1005004904961807
1005006412763851
1005003078839185
1005006550361931
1005006007687484
1005006981702899
1005006223082857
1005007079813533
1005007073293017
1005007049025818
1005007032150437
1005007032198339
1005002097435031
1005004107319895
1005001496975862
1005006213278588
1005001479238646
1005006093295318
1005007016430629
1005006358583850
1005006334594282
1005006316348070
1005006784127257
1005006810464311
1005006810751060
1005005605428018
1005006796687523
32869770735
1005006733497420
1005003098482265
1005005261170121
1005006712747572
1005006620930585
1005003926393924
1005006702791514
1005006671732532
1005006671784273
4000693095072
1005006652365610
1005005099042471
32956513468
1005002671667132
1005006585946542
1005005895149180
1005006566157348
1005002271005756
1005004828332878
1005007621353628
1005007145962817
1005004657934312
1005004011595454
1005007339110159
1005007076582370
1005002605605460
1005002561118186
1005005863763082
1005005505225153
1005007080240080
1005007028455255
1005007028056820
1005003129175451
1005006975083741
1005003040905359
1005006076175260
1005006076129508
1005006029524187
1005006040776546
1005005550090928
1005004666331587
1005004762723885
1005006161714720
1005002630587141
1005006170609405
1005006122318164
1005007467535354
1005006413922732
1005006803571041
1005006810693788
1005007342457955
1005007554883579
1005007342487837
1005006122334051
1005006294269348
1005002676516088
1005006479373668
1005007342646252
1005007216240855
1005006810625045
1005006108347404
1005004423712920
1005006170652078
1005007343205021
1005006737596435
1005007342710173
1005007340897222
1005006897724596
1005006680558117
1005006810361774
1005007383319061
1005006806972881
1005007342842808
1005006680375663
1005007004619256
1005006810896089
1005005976261588
1005007300628565
1005007436101102
1005007205568697
1005007146253315
1005003522227459
1005001838704553
1005007604540902
1005007076878168
1005006353769615
1005005351817879
1005005505172920
1005006975123667
1005003967963774
1005006040845516
1005006263422072
1005006170507886
1005006170635175
1005006122186918
1005006413940597
1005007008487213
1005007344602430
1005007342679203
1005007342771063
1005006294026824
1005006122232666
1005006076196094
1005007342409937
1005006810385479
1005004395335117
1005007271940144
1005007200492388
1005002616409157
1005006810472380
1005007519785741
1005006810592129
1005007342993664
1005007239575223
1005006170515829
1005007342817857
1005005840462276
1005002101908564
1005007255895526
1005006671420471
1005007216591975
1005007522702540
1005002334853744
1005002603765594
1005007280483932
1005007203787036
1005007343164111
1005006372418803
1005004418416458
1005002979211225
1005007498628499
1005006810814344
1005007087749760
1005006479418104
1005007667751384
1005003342168867
1005005239446823
1005005011161050
1005007310194608
1005004249954800
1005005976171821
1005007506190887
1005007425912000
1005004904964752
1005005932461434
1005006968175497
1005003129306865
1005006122283383
1005006170581514
1005007342506851
1005007342744122
1005007342565705
1005007255804651
1005007342749126
1005006170541735
1005004828878034
1005005840365876
1005007136238542
1005006807057645
1005007063883329
1005006810233898
1005007520033258
1005007255881548
1005007296778522
1005006702782809
1005007164050469
1005006810696004
1005005830573865
1005007200641234
1005007343182236
1005007097303469
1005007428838273
1005005816291090
1005006671654403
1005003285439339
1005007255857570
1005006737508722
1005006566132577
1005006810715711
1005007428666633
1005007008391833
1005007036568989
1005006677852907
1005006807182334
1005007239108947
1005006828239613
1005005980226310
1005004798822148
1005006897628944
1005007239414410
1005006810441511
1005007099381431
1005007276709076
1005007146157519
1005006143289802
1005007097549360
1005007146405074
1005007522567976
1005004249904226
1005007586791711
1005007163461349
1005007612200645
1005007089729094
32956533175
1005006029492393
1005007342793076
1005007342621406
1005006756712727
1005003118309054
1005007200317692
1005007200393608
1005007057749912
1005005622863363
1005007334263798
1005006969125390
1005006427304104
1005007308553919
1005006723312454
1005004828548119
1005005931833574
1005006029517297
1005007383177971
1005007103096557
1005007284135772
1005007239548272
1005006872649938
1005005357428921
1005002034466897
1005004351694314
1005007464316409
1005006810661020
1005007083308857
1005006116069654
1005007244198801
1005006856862963
1005004905208204
1005006872713334
1005007146367103
1005007099457189
1005007200539316
1005007098273125
1005006964610111
1005007099027812
1005005526047563
1005007348457808
1005007031971979
1005007200872023
1005007063632690
1005007605341863
1005007667709501
1005002587000481
1005007464405129
1005004170485148
1005006783908797
1005001496777246
1005007383292195
1005007097394350
1005007284995872
1005004739782093
1005007317120444
1005007653905336
1005007592482583
1005007580478135
1005005605348222
1005006076167089
1005006855132627
1005007255853617
1005006116016696
1005007371434921
1005007296597679
1005007297013173
1005007255896466
1005007255853599
1005006750256442
1005007404794480
1005006807110464
1005007389395728
1005004356725059
1005006964345717
1005005931842241
1005007146230345
1005004953145551
1005007255789709
1005006036628976
1005007451661735
1005006961642265
1005007063979174
1005006930964016
1005007388789433
1005006810666869
1005002946548967
1005006689053679
1005007097597084
1005006806964875
1005005005076002
1005007388337965
1005006152436731
1005007099541530
1005006512549685
1005007469771543
1005007464030791
1005004981625571
1005007317787682
1005006735234849
1005006203493932
1005004577543094
1005007146228359
1005007286707627
1005007098520167
1005006095165893
1005007264814813
1005006671892263
1005007591543456
1005007097355401
1005006850774418
1005007648547835
1005006702629672
1005007282170309
1005007588291246
1005007175543565
1005005254044898
1005006914470729
1005007426555900
1005006325373529
1005006076071589
1005007080037007
1005007303420263
1005007146062630
1005007255770755
1005006029427831
1005006750107795
1005007239220750
1005006964245977
1005007284149639
1005007256037178
1005006420846478
1005007464088798
1005007008321444
1005004418412392
1005006832083568
1005007218682791
1005007591378936
1005006414133500
1005003297912983
1005007472684856
1005007626766924
1005006122304252
1005007287352581
1005003122442744
1005007146214926
1005007146181457
1005006213651105
1005007239501315
1005004196299257
1005006913061751
1005007673337946
1005007255853611
1005004798722902
1005007474022216
1005007040526523
1005007351877158
1005005377043020
1005006566004751
1005007256023192
1005007245076614
1005007671553674
1005002326853273
1005006828186713
1005006449654520
1005007097620061
1005007099339318
1005007099697632
1005007083263899
1005005992982296
1005007063633850
1005007677849784
1005002064398856
1005006864363383
1005007508397007
1005007137264853
1005005262176296
1005006331234828
1005007239451376
1005007386562453
1005007444153489
1005007525528368
1005007145863969
1005005271102241
1005007287908077
1005007079641383
1005007200695121
1005007286221723
1005007239464308
1005007064506872
1005007479745106
1005007302082224
1005007141425418
1005007559638415
1005007675850109
1005005633212634
1005007294984242
1005004196252484
1005006767815267
1005003129519406
1005005194651365
1005007146358139
1005007048916331
1005007646782465