1005007170439951
1005005777305807
1005005187834404
1005006425804101
1005006695714779
1005006879985345
1005006429165021
32807147082
1005007309350445
1005004109419783
1005001275801530
1005006493101236
1005006326684482
1005006080238078
1005001484167097
4000501845672
1005003813707969
1005005904066847
1005006263211005
32862178517
32866590969
1005007324667387
1005003797911734
1005004099185416
32921584982
1005007374215092
1005005145502405
1005007020571228
1005006348355856
1005006109130651
1005006045681032
1005006615307036
1005006907154539
1005006318497124
1005004220180119
1005005902125543
1005006427792020
1005004515131436
1005006003310421
1005004946765697
1005007009511750
4000574327009
1005006120563335
1005006357822017
1005007201953038
1005005653335493
32570855226
1005002739363332
1005006390947867
1005006439576622
1005005632299649
1005005944547894
1005005592673993
32755096960
1005001280139753
1005007033754319
1005007051840692
4000465208088
1005006603264430
1005004597826501
1005005279193734
1005006582755079
1005007218561605
1005005529378185
1005006422911519
1005006008409658
1005007438397170
1005006124882605
1005005588136001
1005007346718892
1005004797252537
1005001953073667
1005005781619313
1005004434832757
1005006800673718
33049421965
1005006439555670
1005005003964915
1005007347135572
1005003540680615
1005005712953450
1005003786830758
1005005776927908
1005003432173879
1005005726965079
1005007135453259
1005007225623024
1005007358536103
1005007046369417
1005004479228888
956035021
1005006010113571
1005006439625381
1005007244608443
1005006495095682
1005006711412895
1005005371301847
1005006581731652
1005006806718027
1005007198741221
1005005043202477
1005005588435764
1005006575900915
1005005966950797
1005007279979233
1005006079931969
1005007188744600
1005006391064627
33015613838
1005005182121858
1005006317962063
1005006896380934
1005007292867355
1005006199743740
1005006334333832
1005004799534102
1005005071804163
1005006440450370
1005006336727112
1005005692110870
1005001491239411
1005006846894219
1005006117777379
1005006148091226
1005006816264999
1005007507263027
1005003259933252
32857250095
1005005096320231
1005005191328308
1005001530823207
1005006265537587
1005003963241259
1005007005277801
1005005762305303
1005006450562375
1005006864908718
1005006068641365
1005005920951452
1005006137194153
1005004845353229
1005006160698617
1005006996058972
4000918389936
1005001839499749
1005005388710384
1005001814197354
1005007403423280
1005006981801543
1005006047012859
1005005172000482
1005005048572064
1005007316209372
1005006263200593
4000891118486
1005007251470870
1005007274993691
1005006421081434
4000277648535
1005007135982505
1005006422450002
1005006255145436
1005005678565145
32968056524
1005003036489332
1005006937764274
1005006300834657
1005007457838241
32825235840
1005005567250079
1005007198862074
1005002824768940
32953837945
1005006406086698
1005007329430285
1005006251123156
1005007471353200
1005004833817132
1005007282201646
1005005390139116
1005006250587719
1005006658153901
1005003222859148
1005007438343580
1005006071268672
1005006507818731
1005007216607469
1005006383082953
1005005871478411
1005006750710149
1005006257965443
1005005286627535
1005006648772356
1005007103034163
32955205239
1005007245361426
1005007000289474
1005005596528333
1005005649173921
1005005574860976
1005007044925601
1005007018422503
1005005795209632
1005007086217167
1005006792276363
1005007423007669
1005006270202249
1005002851983056
1005007223542454
1005002953381906
4001074940026
1005007101954829
1005005753939334
1005006659253710
1005007461799945
1005006619144432
1005006974276590
1005006457256878
1005006437021488
1005007449852344
1005007282299345
1005004939460912
1005006583449190
1005007244219475
1005006391159231
1005004891417444
1005007386068040
1005007286518091
1005007306548889
1005007027522085
1005007282332228
1005006772103522
1005006624161847
1005007310628272
1005005923594477
1005006965354722
1005004688899376
1005006889091424
1005006190889758
1005007027298226
32868655392
1005005963403025
1005007263251541
1005006303530986
1005004707687115
1005005382572128
1005007607249408
1005006265138504
1005007067291629
1005005299579510
1005006368935729
1005005045488998
1005006469515000
1005006624001908
1005005285884242
1005007367927162
32813566163
1005007099368365
1005004995998435
1005006200440414
1005007076452657
1005006610030080
1005006639211381
1005007407913770
1005005066986187
1005006433691661
1005007417994148
1005006639067114
1005006252832622
1005007346349778
1005005579846834
1005007184824439
1005005989319012
1005003476332229
1005005704455482
4001079651234
1005004242417898
1005005356977583
1005007292902847
1005005995970963
1005006240351323
1005005065543380
1005005599741107
1005006270694604
1005004941652253
1005006241849216
1005004564248296
1005002191266926
32969148312
1005007426670666
1005005963264884
1005007193723063
1005007046657982
1005004858488164
1005005425823809
1005006406084455
32922126180
1005007099122086
1005007095350607
1005005909027001
1005006685461732
1005006244376366
1005006159567130
1005006408462499
1005005773234129
1005006117720154
1005006723392749
1005007050546731
1005005841084318
1005006166977480
1005004294680035
1005006837145188
1005003087492847
1005005986328260
1005005589334276
1005005890617815
1005007530926872
1005007250686402
1005005708944646
1005004894533433
1005004840333855
1005006711938059
1005006923687279
1005005902994377
1005007607790411
1005006411125781
1005005982263619
1005005596821853
1005006063548887
1005005034950851
4000738270425
1005006031862346
1005007263457096
1005006126877424
1005006739192604
1005006380836077
1005007317742375
1005002081031269
1005007431506961
1005006961983093
1005004845548188
1005007442697767
1005005972399257
1005007252082457
1005007545344540
1005005892314876
1005006254903551
1005006349529968
1005003304147075
1005006808263269
1005006892449141
1005007607285717
1005005179945445
1005004562799459
1005007250092942
1005005742938199
4001173216253
1005003259545211
1005006845209119
1005005333349000
1005007449382466
32891232258
1005006755925633
1005004068968700
1005005976330857
1005002709760132
1005006620255771
1005005290783445
1005003506196150
1005001714872827
1005007101468557
1005006422152580
1005007198623004
1005007140739543
1005004693112313
1005006391121214
1005003757745703
1005005916577765
1005007166924835
1005007605784997
1005006165948686
4001326579455
1005005035517513
1005006317060491
1005007310675544
1005007223106886
1005007393367333
1005006236908882
1005006253746671
1005006138440270
1005007514416367
1005005118964064
1005005308976219
1005005585189349
1005006089066288
1005006389412643
1005006733187634
1005004255734894
1005007557594669
1005005368945962
1005004946186721
1005005058524694
1005006130919794
4000298812982
1005007568342500
1005005960174407
4001115259704
1005006967809421
1005006246225639
1005006651809387
1005003223408037
1005005077605842
1005005792163389
1005005769161880
1005004621783189
1005005795700827
1005007421479230
1005007217790881
1005003733367272
1005005064018580
1005005802231965
1005007048029799
1005006748808950
1005006348477103
1005005976978742
1005007277838107
1005007297533937
1005005915951503
1005006237092364
1005005727514887
1005005228234335
4001064348846
1005006316404699
1005005124462306
1005005216568058
1005004407150089
1005005805221774
1005004970135134
32977587908
1005007530882980
1005005575054256
1005007227337036
1005005947837019
1005003809461927
1005007602260418
1005006286002389
1005006915135428
1005006771586366
1005007457985651
1005007070354929
1005004630237945
1005005058271344
1005004610263560
1005006321358246
1005005102322171
32902955089
1005007444337552
1005005058346726
1005006692736468
1005006873717713
1005006959321515
1005007010872964
1005005125478568
1005007550307540
1005005876721004
1005007632461967
1005006723381787
1005006913657737
1005003081289720
1005004551954515
1005006437139007
1005006541939068
1005004794017368
1005005909903633
1005006194532071
1005006019982785
1005006834449693
1005007463095411
1005006645082147
1005006094925090
1005006502435737
1005006995309053
1005001700494785
1005006159139171
1005007523956950
1005005505576007
1005007039084426
1005006113879012
1005007009952891
1005005878446519
1005006877973817
1005006274488275
1005007173202534
1005006468519045
1005005480398241
1005007364573254
1005007095331136
1005006619837360
1005006045976447
1005003936019856