1005005950830289
1005007621502591
1005007642859575
1005007642944602
1005007620084878
1005007034480244
1005007527528368
1005007489178995
1005007520547591
1005007663151674
1005007634065852
1005007669603019
1005007654578757
1005007655385332
1005007656153312
1005007660939228
1005007662536882
1005007656090836
1005007658711662
1005007665048605
1005007665023548
1005007665181124
1005007663679443
1005007663418356
1005007663822287
1005007664808849
1005007664777740
1005005352098791
1005007655404626
1005007655995840
1005007659455014
1005007653470377
1005007661336883
1005007694827493
1005007695029195
1005007694649926
1005007694785006
1005007694341065
1005006248541160
1005006241060930
1005006042837070
1005006031714695
1005005737371438
1005006444666669
1005006082441631
1005005465806598
1005007108671099
1005004861886656
1005007089866465
1005006242774024
1005007423211077
1005006843496338
1005006331255469
1005007348661128
1005002641539895
1005007150078125
1005006477083601
1005006457682558
1005006394461810
1005001367676116
1005005500780055
1005005681700314
1005006394684090
1005007148236721
1005006262625293
1005005857754604
1005007674214261
1005007328367852
1005005681732252
1005007121083007
1005006960915423
1005005681522818
1005005681767325
1005005681586717
1005005681652162
1005002006063598
1005001640595184
1005007374252597
1005007267353483
1005001639701853
1005005124227259
1005007486768521
1005003505986304
1005007393945270
1005001281052332
1005007486096429
1005007526568166
1005007070881479
1005007504234523
1005007504241361
1005003961467906
1005007489668320
1005005837610809
1005007188846394
1005006948941575
1005004682832949
1005006024274712
1005006724321414
1005007122598561
1005006981113519
1005005103014251
1005007666795964
1005007102021710
1005007549492522
1005007059767459
1005007182880589
1005005102259150
1005005966566331
1005007412151133
1005007491661103
1005007177186108
1005005044142389
1005003976440731
1005004417183268
1005007419193847
1005006808346327
1005005098365986
1005007626532692
1005004949561041
1005006610779885
1005007657869354
1005007203008680
1005003621587095
33032817053
1005006080204500
1005003957690735
1005006495752893
1005007682657401
1005005940100219
1005007290028482
1005007379078015
1005005832462967
1005005749922766
1005007646462310
1005004006036360
1005001362171178
1005007594133294
1005007429017205
1005005406973407
1005006124335084
1005006425358381
1005004965281452
1005001983233564
1005007274369188
1005007669423321
1005007178278120
1005007380063269
1005007211587417
1005005937803612
1005006955641146
1005006121364415
1005007662643519
1005004321604208
1005007634052591
1005005310380674
1005006451999689
1005005012066391
1005005102657614
1005003168162677
1005006177162012
1005002966911265
1005006352312995
1005007603958611
1005004775589812
1005007178023613
1005006226790133
1005006172664697
1005006025825643
1005006055379988
1005006240152863
1005007135439357
1005007009005113
1005006787354319
1005007620096173
1005007628514876
32851816105
1005005388002892
1005007009694893
1005006019040424
1005007195340621
1005007463891194
1005005616507488
1005006998476069
1005005992434228
1005003957709186
1005006080795349
1005006326457633
1005002628213482
1005006997328140
1005005062338224
1005007136482308
1005007174024115
1005007636740599
1005007117335389
1005006805522460
1005006806499281
1005006786724523
1005005411298675
1005007498526077
1005004487566093
1005007393531565
1005007444189499
1005006330898966
1005007549311571
1005006198805552
32966485743
1005007279622441
1005007101016311
1005007572283512
1005006172405280
1005002431140746
4001143048089
1005007640306779
1005007612833035
1005006903657458
1005004176066009
1005006359004610
1005006640351704
1005005102741721
1005007652100533
32891782796
33021494587
1005007622056543
1005006032821524
1005006354227455
1005006064872409
1005005919048049
1005005102830885
1005007580419932
1005007481681529
1005007273311955
1005007489023882
1005005621780206
1005005406587888
1005007377692216
1005004320644817
1005006009386724
1005005782406488
1005007438604694
1005005140081212
1005007561909587
1005006903965480
1005006937836417
1005005008535957
1005005523084078
1005006870278810
1005007607787116
1005007022293459
1005006309098006
1005007016969452
1005006645748090
1005007274408400
1005007495667315
1005007282116153
1005007156456431
1005006833049914
1005007656668739
1005006941913559
1005007180510747
1005004865792161
1005007593673904
1005005655451790
1005006181804185
1005007491312731
1005005418416197
1005006607243205
1005007401726905
1005005545240619
1005007137891617
1005007584489004
1005006305085343
1005004656803915
1005007445339834
1005003804024091
1005007172824506
1005007627674460
1005007382674427
1005007438504538
1005005476314463
1005005496226967
1005007594278584
1005006438769595
1005007254083035
1005007059994459
1005007536084551
1005005922343614
1005006743333803
1005005407269443
1005006837797426
1005006802896586
32994990278
1005004752723945
1005007640336148
1005007267628579
1005007406716418
1005004058157800
1005007635299044
1005005394405698
1005006176072332
1005006645607946
1005006628419553
1005006653511514
1005006931735367
1005006347084512
1005007474849872
1005006124327368
1005004650716891
1005005102510244
1005007635930707
1005006444621366
1005006372066847
1005004878558891
1005006249301349
1005006881447717
1005006580258471
1005004625803713
1005005481983595
4000630148134
1005007470251691
1005005610321293
1005007436622417
1005006601860257
1005007195140695
1005007342443371
1005007112328394
1005007628418253
1005007355836312
1005007469241934
1005007462291960
1005006094760995
1005007274217330
1005006142705518
1005007617664216
1005007567721754
1005006812230026
1005004959482712
1005007018047727
1005004971185354
1005007621444944
1005007177443547
32948016283
1005006550354583
1005006643175268
1005007607563498
1005007586445852
1005003737979051
1005006900859406
1005007187104541
1005005016593001
1005005913045384
4000029079971
1005006861282633
1005007555498932
1005006173877172
1005006173521098
1005004610596662
1005007267176690
1005006581689205
1005005323602838
1005007503707613
1005005123996926
1005007268981267
1005005716821461
1005007568649640
1005007489126707
1005007457256101
1005007639943755
1005006439928404
1005007518696515
1005007187655436
1005004312799664
1005007337127449
1005006421545146
1005005698632285
1005005779305187
1005007418338501
1005007349897901
1005007381191612
1005005476299062
1005006890751739
1005007486115092
1005007504631538
1005007486580670
1005007294263242
1005007328709913
1005007103205830
1005006229670109
1005007053679821
1005006008332727
1005007437916306
1005006048824533
1005007621828640
1005006875403914
1005006822034881
1005007031409531
1005006913120201
1005006168642061
1005007219094350
1005004049182483
1005007071041575
1005005575290601
1005007123190442
1005007568216244
1005003779050768
1005006678964762
1005007508408836
1005007537565473
1005005960005542
1005007278419538
1005007479865942
1005005503819954
1005006988696230
1005007402504735
1005006735424243
1005005691424876
1005004642140815
1005004155302782
1005007674345665
1005003239650470
1005005361559386
1005007544875883
1005007434281070
1005007187111614
1005005713622292
1005003679562989
1005007180958309
1005006304606640
1005006897168631
1005007175262959
1005007481018292
4000703616516
1005006796293961
1005006309947396
1005004857305977
1005007052856179
1005007085622678
1005006728644415
1005006955137089
1005006173194413
1005006119865749
1005007545168022
1005007384281000
1005005866839563
1005007614463744
1005006870022565
1005007329837023
1005007626673439
1005003291242164
1005006908377646
1005003677693437
1005007175708876
1005007183291138
1005005850073456
1005006012502608
1005007088312022
1005006178568101
1005006246940044
1005005368221175
1005007457244519
1005006894530163
1005006178764015
1005007411986022
1005007500515429
1005006124249588
1005007545077067
1005005529729000
1005007481864358
1005007629015679
1005007129178565
1005007274126182
1005007585568185
1005007196016086
1005006882556204
1005007545391654
1005006183375513
1005006838406023
1005007167267550
1005006006755616
1005007535675268
1005007649103285
1005007335868116
1005003404421777
1005006663601547
1005006390724411
1005004909452141
1005007348916521
1005007615929391
1005006243464974
1005007078518101
1005003989024285
1005006064683342
1005007499868294
1005007603268988
1005007529670160
4000845486473
1005005137631989
1005006261087633
1005004290883369
1005005931262417
1005007278922393