1005007344519344
1005006352860160
1005006825754533
1005006697614731
1005005681709948
1005006889348080
1005006506563041
1005006335514662
1005005292092533
1005007456716830
1005007344340406
1005006685071676
1005006765918306
1005006501067969
1005006808389567
1005006461697607
1005006185602020
1005006765876395
1005007232907926
1005007179590229
1005005984486912
1005007461223898
1005007336981279
1005003176505041
1005007313573925
1005007450529123
1005006766021061
1005007173844503
1005005716869105
33057861976
1005007078414114
1005007296977893
1005006004581814
1005007179486320
1005007446052359
1005006865889027
1005006004667291
1005007370788125
1005006053936775
1005007440670020
1005007443092823
1005006004713063
1005007429150873
1005007443235440
1005007437627650
1005007139249914
1005007030937238
1005007372244795
1005007427005270
1005006004619676
1005005872270702
1005007264181902
1005006461771448
1005007429573267
1005007424137817
1005007292529267
1005007302670712
1005007401220815
1005007212116924
1005007123854895
1005007048421002
1005007335820857
1005007218048944
1005006234444559
1005006942467112
1005007032304335
1005007457974826
1005005871463712
1005007477818430
1005002011691744
1005005401274942
1005007370821031
1005004458376936
1005005947812413
1005007038378255
1005007261208872
1005006830844503
1005006328153110
1005007321256091
4001234673287
1005006526058108
1005006396153340
1005002686771403
1005006734179182
32954047567
1005002559929273
1005007036200272
32847140108
1005006049244113
1005007329035634
1005003017274211
1005006085699437
1005007391533157
4000292872688
1005005246142317
1005007434395834
1005006807711051
1005006267716202
1005007188170972
1005006744375855
1005006901414003
1005006943217585
1005007301548988
1005006499578269
32959799174
1005006140680472
33049134322
1005005431716606
1005007097972227
1005004260655129
1005006546323507
1005006968576250
1005007000668300
1005003434856177
1005003434311787
1005005664197439
1005006194365838
1005006591883148
1005005209423137
1005006952098462
1005005412309055
1005007024388699
1005006820929415
1005006684655541
1005007219080623
1005005946546372
1005006209627408
1005006479078867
1005007083301979
1005006654765176
1005007058411596
1005005719980976
1005007188547522
1005007038929111
1005006364459830
1005006623405050
1005006895466482
32824916131
32215047986
1005006999737868
32215002713
32827219103
32846425815
1005006086542639
32700081701
4000693347396
1005007452132943
1005002958950380
4001028128714
32526194400
1005006170095562
1005004459550608
1005006901137405
1913884264
1005006770965808
1005006764322326
1005003200577397
32598178263
4000141386083
1005006367818666
33033615915
1005004368978812
1005006854087829
1005006586546269
1005007096496321
1005004468546175
1005005776362587
1005007340750804
1005006330340622
1005006734669546
1005005876777849
32377062890
1005004912969852
1005006824713873
32861094752
1005007467724387
1005005259742230
1005007189988457
1005004068061898
1005005905424445
1005001304239704
1005007279681218
1005007190200058
1005007488627518
1005007488598320
1005007481108112
1005005947039365
1005002979018322
4000736740569
1005002322774196
32846261880
4000215642312
1005006274656777
32855290170
1005001855956629
1005005383219065
1005004059087260
1005005500134327
1005006890759005
1005007330341615
1005003658662651
1005004076489283
1005004105944183
1005007246879253
1005006013118165
1005007376200451
1005005452599844
1005005372716465
1005004221621284
1005007138913640
1005003658897273
32856291473
1005006037557754
1005004055299019
1005005906506035
1005005838587138
1005003153134991
1005007226301829
1005007039423533
1005005924616025
1005007430571067
1005006884255432
1005007317575149
1005006851164962
1005006192539274
1005006515801153
1005007182718017
1005006085460120
1005007036411201
1005004407913948
1005006000475477
1005006158812369
1005007380723644
1005007057640478
1005003459152376
1005007039786604
1005007414275223
1005004460436075
1005007257408104
1005007080692829
1005006522650923
1005002115528300
1005006700142148
1005006503646115
1005005844150737
1005004857870482
1005007380765442
1005003130353035
1005005850087132
1005007180245781
1005006243428198
1005006447128994
1005002250425905
1005007275939595
1005005641559423
1005005641485860
1005006536118681
1005005641365817
1005007084329466
1005006560453482
1005006568992265
1005005820248657
1005003822634240
1005006006509446
1005007057498751
1005007051800251
1005007071419230
1005007342489426
1005006804298346
1005004081158135
1005004063535343
1005004055254318
1005005382306150
4000278850370
1005005716246956
1005005115207666
1005006144213688
1005006877450433
1005006511339740
1005002256042528
1005006850119536
1005006534086662
1005006529174996
1005006529461481
1005006533914844
1005005315856963
1005002614276941
1005006006939040
1005007371100569
1005007060291252
1005003933536258
1005004732078793
1005004581851977
1005005714543677
1005005996488510
1005006889737861
1005005115076307
1005004018499270
1005006511604031
1005006511469530
1005007184388625
1005005738222361
1005006917411417
1005006511340847
1005007167003740
1005006344143538
1005006511413456
1005007105093738
1005005906398233
1005005770729413
1005005857506991
1005005598863678
1005006568804405
1005006541421691
1005006542441414
1005006562662056
1005007274669626
1005005859111309
1005005801595984
1005006325511962
1005005908837496
1005006327589203
1005007266738752
1005006317125502
1005005909723186
1005006776856124
1005006918521681
1005005925544190
1005006679290542
1005007340916313
1005001398184691
1005006760763827
1005004182751578
1005007341248358
1005006084145001
1005005964706627
1005007339639725
1005007383936479
1005006474176812
1005006841772933
1005007146440028
1005007105145593
1005007118298944
1005006427840388
1005006217846926
1005006899649371
1005007105559056
1005007182031691
1005006532287825
1005005642107067
1005007105134647
1005007105059993
1005007118588477
1005007050862136
1005007098254174
1005006511412633
1005006199322642
1005007078612003
1005007098796982
1005005877121500
1005006918200995
1005007048837069
1005007050492777
1005007099220666
1005007166945833
1005007099325419
1005007294583129
1005007099371262
1005005866459300
1005007099087696
1005007105294587
1005007430457278
1005003840790770
1005006539626095
1005006590630459
1005007433985849
1005007105511751
1005006794532871
1005005705024788
1005002131640100
1005006422249286
1005006949346187
1005006844481858
1005005349665559
1005003188772108
1005007039782605
1005004003080763
4000771567793
1005003110862485
1005002828755185
1005004517236325
1005006672774800
1005005261434369
1005004732165437
1005006909803882
1005002523108922
1005006387367649
1005006910011308
1005006387551380
1005006391166255
1005006600861073
1005006698459978
1005003844328478
1005006387588275
1005006391145149
1005005437467908
1005005831169938
1005006390869921
1005006239927331
1005006279241358
1005006387327632
1005003241922172
1005006841840331
1005007085975733
1005007110587268
1005006551900414
1005006662456626
1005007105595040
1005007105438360
1005007104451643
1005007105481332
1005007294494264
1005007087769713
1005004831721024
1005004837018333
4000837342813
1005005184802352
1005006782390328
1005004581687593
1005007167453385
1005006347355538
1005006882086941
1005005733821345
1005002966043774
1005006393441863
1005006411258721
1005004950723355
1005007167955945
1005007076973532
1005005047739118
1005006734103839
1005006055171850
1005004490948153
4000900236587
1005005071549836
1005006480198996
1005005517366163
1005007117413702
1005007174033376
1005005742564514
1005007377967956
1005006925624503
1005005840936618
1005005377463596
1005004871757187
1005004642970468
4000511085834
1005007345071456
1005007247697015
1005006048024488
1005005820789461
1005007350964166
1005005200635665
33021193548
1005006358603599
1005007002576894
1005005476178901
1005005777165140
1005004774007244
1005005504594223
1005004606196274
1005006832326580
1005006974873155
1005006506406192
1005006142108923
1005007106643421
1005006108653934
1005007149441940
1005006634957199
1005006419273073
1005005840798463
1005007362238216
1005006644527838
1005006021889029
1005005667291069
1005007239375132
1005006961795425
1005006988613812
1005006955771189
1005003166767782
1005006252416534
4000188005831
1005006952339846
1005006284951631
1005005446350559
1005006184294627
1005006663460153
1005006729542122
1005006524516363
1005006200091250