1005005472260635
1005003775660883
1005004431541683
32901320830
4001001149593
1005004431554607
1005006936484516
1005006382419542
33005027131
1005004164002089
1005002418224818
4000927776622
1005001356389553
1005002722544115
1005007287768886
1005005028153652
1005007299019361
1005007287936499
4000947268928
1005007298923713
1005004163955798
1005001709966873
1005001590514415
32900257708
4000234037870
4001032616933
1005002775771621
4001131694037
1005006296342808
1005003520302753
1005006936329027
4001007759153
4001255756173
1005005472056263
1005003591016325
1005005028150446
32782033982
32857520191
1005004070052659
1005004782310611
1005004070095339
32900729839
1005005472210409
32858446925
1005006412616256
1005007330270100
1005004530341401
1005006412541841
1005007495965160
32741440619
1005007316433844
1005005078679971
1005003800143252
1005006148766917
1005005057658356
1005006369256629
1005007436648743
1005004839211418
1005006692124774
4001097642945
1005006681524389
4000393295982
1005005532590555
1005005091774636
1005003181763806
1005004333743642
1005005125945141
1005004256750149
1005005102019681
1005005933084366
1005001538058988
32681330230
1005003796829609
1005004633950711
1005007367715758
1005004613627165
1005006156891751
1005004803655970
1005006598462695
1005006441595508
1005006181918345
32888164456
1005005792242582
1005005748409192
1005004787762890
1005005944087483
1005006191243576
1005006253395621
1005004694972382
1005005845900114
1005006796895926
1005007360910159
1005005816446034
1005006302912445
1005003253292057
1005005140880883
1005002618197911
1005005374753930
1005005288840147
1005006340893860
32746158246
1005006534146662
1005006504395798
1005005132405822
1005006416193848
1005006108104031
32746134856
1005005059394138
1005005900784155
1005006096110822
1005003757366883
1005006130279730
1005006543564123
1005007352122598
1005006537447594
4000116809408
1005007475205417
1005007570653842
1005006056733428
1005005774757934
1005006958567975
1005004152433707
4001155941250
4001345499570
33049030897
1005007352184457
1005006239511113
1005005109475795
1005004256462126
1005005844418354
1005004727157156
1005005927407545
1005007255539467
33039432323
1005006270290978
1005005439371076
1005007382537616
1005001619274093
1005006979897703
1005007338598575
1005004004404048
32973316495
1005007085652260
1005006424597408
1005006416352076
1005006046194237
1005007474855869
1005006340753019
1005006101695455
1005004661337189
1005007375240359
4000392064312
1005005108102935
4001145773108
1005004724680431
1005004805827812
1005003570365292
1005006655448976
1005006863454939
1005003656527757
1005001723402068
1005006960099885
33032426889
1005007367602975
4001267925680
1005004724829509
1005005906071250
4000202758402
32975098993
1005007170877435
1005005966257041
1005005821110190
1005003661290651
4000091993116
1005005562436482
1005007188489343
1005005401744441
1005003989859557
1005007425791186
1005004726590427
1005007319991669
1005002662312087
1005007017244388
33001835187
1005005490369640
1005004279818219
1005006524358030
1005005391380983
1005007229805079
1005006311139012
1005006031287689
1005005072927032
1005006749941734
1005004894457968
1005007282578260
1005005847527735
1005006677148537
32787741150
1005006916996267
1005006520379651
33041610249
1005007418106834
1005006730267140
1005002873477790
1005007287900243
1005006828607620
1005006413252499
1005007447672369
1005003387719712
1005006890999722
1005007384449598
1005007048400664
1005003618260233
1005007133513139
32848384471
1005007322645361
1005004585415878
1005006852172835
1005006317312947
1005005122673023
1005005949444791
1005003749207582
1005006429973842
1005006108157379
1005004788057483
1005004149422113
1005005519922614
1005002884828243
1005003831992379
1005004577768758
1005005915802083
1005004984149539
1005006013068055
1005003323118267
1005003676196545
1005005513294330
1005006537449673
1005006068722338
1005005445995390
1005007604834234
1005003932188689
1005005505782557
1005005284672014
1005004665081426
1005005780313356
1005003449513111
1005005881366641
1005004320088437
1005007480626243
1005004463287491
1005004813195896
1005005985104731
1005006140491869
1005006554832611
1005005284629219
4000347740242
4000374018869
1005003093407352
1005006777704716
1005007274067822
1005006538534437
1005006919722219
1005006430701352
1005006408449402
1005006533984976
1005007495727876
1005005075265169
1005007217893538
1005006698231736
1005006012343730
1005006533748541
1005005140869656
1005005132387785
1005006430276507
1005002470818946
1005006096067211
1005005853226337
1005005460791925
1005001272525436
1005005557891139
1005004705263705
1005003730074744
1005005252588789
1005006938213803
1005007639584112
1005005117246165
1005007567433884
4000129438067
1005003577953469
1005004279759290
1005003573654385
1005002793681913
1005005912508767
1005003572206959
1005001603555624
4001267937447
1005002527119817
1005003613902967
1005005522387144
1005005625562371
1005004888710869
1005006957427664
1005006934201047
1005004563297395
1005007377392263
1005007442368221
1005005861610249
1005006528986976
1005005459347999
1005006078770551
1005005846779761
1005002958569793
1005007179640861
1005005927317672
1005005510863169
1005005392937360
1005005005310572
1005004967930172
1005003974495342
1005004712249684
1005006539356826
1005004808405336
1005006148652707
1005006534038397
1005007459066349
1005006124155061
1005004595855613
1005007459090285
32311782744
1005007059941630
1005003572141355
1005003696005262
4001247898653
4000227699742
1005005900440926
1005005993750923
1005007173202067
1005007285701721
1005007542105117
1005005847153292
1005005581374372
1005005897343383
4000554964828
1005006973912773
1005005865438609
1005005851977187
1005002367100399
1005003730258110
1005006750288213
32705109345
1005006130446289
1005003577748646
33034131055
1005006706338664
1005006023841799
1005003527923311
1005005916012301
1005004212724177
1005005954469668
1445118154
1005006090954552
1005005096573703
1005004554847976
1005005753623968
1005005532787208
4000269414666
1005007064799231
1005006066944472
1005006933979024
1005006960057528
1005007513779343
32964120062
1005007359894680
1005004085538284
1005006068729049
1005004181646833
1005005709649810
1005005016687856
1005005715547613
1005004762458397
1005006698432810
1005005117691031
1005007296254775
1005007474711209
1005005477782285
1005005141782960
1005005142075798
1005003449556461
1005007172903999
1005003817091218
1005003677018716
4001250646175
4001247972824
1005005852744245
1005003319599907
1005003469192377
1005006412452246
1005005974680472
1005004156201134
1005005912629501
1005007084343749
1005001895841127
1005005531180719
1005007050912455
1005007512773513
1005007291963626
33046611318
4000748287436
4000939402754
1005007368763674
1005003026462187
1005005300815824
1005003659473640
1005007121441547
1005006937827844
1005007207177934
1005004526127036
1005006601782869
1005007334220314
1005006356569520
4001193398101
1005005259113498
1005004519816340
1005006960036758
1005005543640068
1005007511975105
1005005470997876
1005004272264725
1005004563285310
1005007585648123
1005004563309072
1005006908772040
1005006243650770
1005007271153884
1005004706980940
1005001525698669
1005003372708871
1005005580979312
1005003773542652
1005005859665551
1005004803494763
1005007424523955
1005005880874238
1005004811155117
1005003721092481
1005003624079501
1005003760648237
1005003749086938
4001270144688
4001236932916
1005005774687891
1005007173102496
1005005904145165
1005007074389218
1005001701099486
1005006899218886
1005002946873159
1005007110281522
1005004525923796
1005005908522869
1005007532753079
1005002588228758
1005005143773200
1005005315504741
1005006667584236
32968473282
1005003657920524
1005001701086704
1005005793061970
1005006266163382
1005002746471862
1005005823488552
1005007169147498
1005007567306064
1005004382945981
1005006885066639
1005007358448447
1005007582576391
1005007614967434
1005007203299890
1005005081776915
4000022727801
1005006958589712
1005005548560035
1005007294003336
1005001701098669
1005005830019931
1005005908184928
1005006750075576
1005002449031766
1005004525611707
1005004321474579
1005005912819985
1005007367485623
32704900491
1005005770928533
1005004908690423
1005001411497688
1005004495294759
1005005875558407