1005007151224407
1005007386309466
1005005631795625
1005007006624834
1005004892090673
1005007464646305
1005003711715812
1005003961875223
1005006570725120
1005005989116001
1005007518570345
1005006982556885
1005005932775453
1005005958077682
33051159889
1005007401846993
1005006913981143
1005006186349992
1005004236001424
1005007059477226
1005006097774885
1005006903908188
1005003781543988
1005007377690444
1005007004792827
1005007054107742
1005006426372205
1005006988893604
1005007585241840
1005007339468823
1005003276344429
1005006787002582
1005004107129279
1005007000817040
1005006588213590
1005006186454534
1005004588852492
1005006730277661
1005007437919911
4001226769772
1005007375836984
1005006960318483
1005005713263428
1005005273073541
1005007139791503
1005007316978134
1005006504652326
1005006975760397
1005005011679945
1005006655149617
1005004597099877
1005006588811872
32985691968
1005007015605800
1005007026322910
1005007317463402
1005005334837657
1005006740701031
1005007463996332
1005007026716006
1005005763486523
1005006887479647
1005006895750433
1005007181364366
1005003204321088
1005007008600187
1005007349731138
1005007008287875
1005005934428165
1005006807370347
1005005380726468
1005007016789277
1005005233472861
1005007151158482
1005005562048560
1005006179449627
1005006307970549
1005006448645291
1005005240756470
1005006999275528
1005006418613235
1005006532864831
1005005823212023
1005002688919602
1005007045031570
1005005913654762
1005003662259749
1005005784707314
1005007006232051
1005006213056937
1005007280423476
1005005443740712
1005004562628278
1005007485287145
1005007091056091
1005006618168575
32854454287
1005007436829819
1005007482719198
1005007009917773
1005006304203370
1005005406199625
1005002367779779
1005007052153621
1005005449128097
1005006821414984
1005006153929511
1005002848743470
1005007482382152
1005005837278382
1005005930773860
1005004799258258
1005006961154975
1005007439035045
1005007260838324
1005005446795205
1005005599161595
1005007061335563
1005003155954094
1005007443991873
1005005237168361
1005006609031681
1005005831233173
1005006706089191
1005006850853001
1005007117568540
1005006412033336
1005003833026507
1005006170059037
1005006623092023
1005007006617849
1005006661978550
1005006975843224
1005004412790604
1005006950719891
1005003342398904
1005006420084244
1005005541514538
1005006718922126
1005007116969508
1005006584048996
1005005610352692
1005005947249289
1005006033701360
1005005189415927
1005007443488222
1005007454516331
1005006762188150
1005007008410471
1005006810117428
1005005921457423
1005006476556318
1005006793555549
1005007334704599
1005004192265191
1005007145343344
1005005056028643
1005007435461874
1005006717723579
32703792010
1005007178431378
1005007455913948
1005005909193032
1005005708454234
1005006903225669
1005005858814212
1005006903217744
1005006778372507
1005006716162467
1005006479999966
1005005868585581
1005005939155630
1005005843525493
1005006081233879
1005004872932882
1005006427415901
1005006758071558
1005005543799867
1005007468404173
1005007016772419
1005006847059523
1005005328456243
1005003415338168
1005006358989976
1005006915676863
1005005690280515
1005006660984213
1005005314339060
1005002809342009
1005005449439697
1005007003494426
1005005865923251
1005006890741933
4000957669903
1005006756160512
1005005242305846
1005006680541794
1005004727950067
1005007039745034
1005006035484065
1005006799182839
1005007470947407
1005003512092172
1005003975795750
1005003717526488
1005006010914915
1005007498969217
1005006178496077
1005007065163573
1005004649378935
1005006209434983
1005006640971745
1005006205865139
1005006319147813
1005007258797920
1005007301701407
1005003132358109
1005007005505572
1005005814340233
1005006660368706
1005007457839691
1005006715814130
1005006400847479
1005006647121664
1005006045103044
1005006104727109
1005007036504332
1005005338859261
1005006241166624
32968053100
1005005455757811
1005003360144749
1005007136640156
1005007431429361
1005006849849569
1005003368542249
1005007313713050
1005005918054545
1005006856266797
1005007511521042
4000587300869
1005006950957044
1005005264943890
1005003341058353
1005005615220164
1005005698003231
1005006242746137
32991805165
1005006358637959
1005006734558020
1005007014867069
1005007560293537
1005004707967447
1005004837706379
1005003083984160
1005005921644387
1005004720099441
1005003099606199
1005006495616917
1005006828519665
1005007539779192
1005005930399340
1005006707015539
1005006603404530
1005007009446157
1005007260351629
1005001526676410
1005007129411294
1005006855282999
1005004650686715
1005006862105973
1005006752080134
1005006850641024
1005006047106298
1005007004301003
1005002517564943
1005007336909876
1005004655681883
1005003341930455
1005007498535611
1005004780016217
1005007365303171
1005002945867043
1005006600522982
1005007175609422
1005005228648497
1005001873202961
1005006043338894
1005006144034637
1005005187531875
1005002451840403
1005007015081101
1005006778658198
1005004753917720
1005005883394023
1005005721686232
1005004564506828
1005006347650328
1005006923972892
1005006655100004
32868214863
1005006371708568
1005005946345659
1005007008985958
1005006766836765
4000341556231
1005004800858533
1005006976357770
32857314950
1005005857428900
1005006598028299
1005003503380965
1005006966250986
1005003974033407
1005003617638389
1005004463316185
1005005066404697
1005006271650167
1005003594184473
1005007586455027
1005006884315917
1005005208890693
1005006450716611
1005005989437853
1005006816822838
1005005530407061
1005006790721764
1005006854230034
1005004709442850
1005005253558346
1005003990236299
1005005100988699
1005006758007725
1005006799342320
1005006417090050
1005005982118511
1005006123704894
1005004981708532
4000511125525
4000025249314
1005006603376505
1005006736302937
1005007046342651
1005005955338169
1005007313964193
1005006873552373
1005007511276003
1005007307039238
1005007444959071
1005006036106716
1005006347494693
1005005007717368
1005006333103617
1005006890705029
1005007605096185
1005005502319445
1005007069400360
32966336286
1005003184146493
1005007608341190
1005007046338105
1005006173816524
1005005272753868
1005006981707598
1005007369657557
1005007166826534
1005005421488949
1005004621082120
4001034625156
1005006522426762
1005005932773063
1005005687165965
1005004707348524
1005007211238751
1005007568859446
1005007368666790
1005006861189622
1005007066282229
1005005476251887
1005006139478828
1005007293451714
1005006243690355
1005007220123300
1005006965968304
1005006762509037
1005006749184938
1005004949191830
1005006191674782
1005006213756439
1005006755070474
1005005687472794
1005004892481159
1005006661226679
1005006357938569
1005007143652335
1005005927123369
1005006537669508
1005007244626442
1005006394059834
1005007317396623
1005007303387421
1005006854875705
1005006999445888
1005007322764642
1005007232030746
1005005712465639
1005005826608663
1005007232860635
1005007272729177
1005006888504799
1005007106889977
1005006968490152
1005007143583689
1005006129122604
1005007234562890
1005007298853354
1005007322539524
1005007273112561
1005007256390520
1005007365183652
1005006804452552
1005006895450734
1005007323076428
1005007280415863
1005007323338570
1005007009533918
1005006888340405
1005007255389994
1005004918346614
1005006918188657
1005007009389618
1005007146909333
1005006265849739
1005006199449474
1005007195813378
1005007211222995
1005004500115165
1005007187069886
1005006932692781
1005006981800432
1005006891876344
1005007017081113
1005007148015880
1005004539233747
1005006989379918
1005006625236222
1005007390758272
1005006863848604
1005007328998876
1005006883422813
1005006987658819
1005005389138472
1005007006821165
1005007231980938
1005007181322715
1005007209311520
1005006912559700
1005007303434273
1005006424463287
1005006905166040
1005005270138220
1005006710841069
1005007110142815
1005007237808158
1005007267813326
1005006891990024
1005006914099449
1005006957100551
1005007112458944
1005003625479696
1005006810406212
1005007011475666
1005006419920443
1005007209213018
1005006856007391
1005005844506635
1005005736297282
1005007232577334
1005007004973543
1005007052105533
1005003521334328
1005006828446719
1005007211376585
1005007017164326
1005005433655619
1005006923344906
1005005070911421
1005007074208875
1005007006562931
1005005362518348
1005006909952757
1005006678983792
1005006610750780
1005007172939467
1005007160946044
1005007031913767
1005005211362067
1005006873787394
1005005660499538
1005006975862148