1005007455402432
1005007523627716
1005007642156597
1005004865115684
1005006981727602
1005003282178196
1005006863814750
1005007514905046
1005003647907898
1005006836846305
1005006312550744
1005006975223360
1005007640978010
1005007642762104
1005007550459164
1005005985605216
1005004276116018
1005006425796979
1005007573910608
1005006757374779
1005005468162245
1005006647481595
1005006683054933
1005006327043355
1005004348083611
1005004917953797
1005006220577346
4000623784221
1005007440937480
1005005761804790
1005007466385532
1005007623342323
1005007639950807
1005007594570772
1005006430023679
1005007335012638
1005007645579988
1005002388748810
1005007334808676
1005006411948250
1005007411669177
1005007559691966
1005007570189997
1005007373861291
1005007644298951
1005007535607252
1005007647353967
1005002740864212
1005007482443643
1005007272123676
1005006239559598
1005006757352803
1005007539244147
1005007375788273
1005007632341318
1005007426734891
1005007561789924
1005006552350648
1005007553576333
1005006575125389
1005007225997466
1005007414909749
1005003446502067
1005005247892118
1005007430230158
1005006317947397
1005005688584451
1005006358609140
1005006260592151
1005007602587097
1005006942933475
1005005278337832
1005004708716031
1005006425977196
1005006444999087
1005007550245464
1005007653152852
32850181522
1005005950066338
1005006123815584
1005006930495896
1005006299593374
1005007524056593
1005005223091097
1005006911235364
1005004556694226
1005007501659643
1005007439215939
1005007039188912
1005007637878129
1005007379470227
1005007426582525
1005007212942947
1005005367884268
1005006634642442
1005007631219216
1005007648200838
1005007521982227
1005007604379024
1005006429990847
1005006990000473
1005007631157233
1005005701585400
1005005468055297
1005005304753307
4001274158475
4000313168007
1005006867933923
1005005762593867
1005005786289050
1005007467463042
1005007602543227
1005005736256520
1005003501138557
1005006962588063
1005007252679088
1005006415239258
1005007380028443
1005007119358229
1005006951121565
1005005688439587
1005006253427454
1005007537667155
1005006846883980
4000803677518
1005005281395399
1005007630630839
1005007252265948
1005006303130412
1005007373304926
1005006358461968
1005005149949395
1005007367540276
1005007297132348
1005006833199670
1005007505467431
1005007563644105
1005007596549529
1005007633636396
1005006037054856
1005007267467352
1005006411839822
1005002281434428
1005007653446431
1005005222477988
1005006430141186
1005005463824047
1005005666204724
1005007519538101
1005007296992925
1005006935012689
1005007282331458
1005006261899039
1005007443359655
1005002930424567
1005007474072803
1005007039234497
1005006847055317
1005005243445547
1005006410280633
1005006428313980
1005007425046872
1005007648209294
1005007458184678
1005005369380006
1005007011229349
1005007502419579
32351913069
4001116694775
1005007272102779
1005005500631196
32881251964
1005007602498360
4001193345943
1005007269680822
1005006875241641
1005006009101314
1005006175842449
1005005296597658
1005004570696885
1005006966444891
1005006222656857
1005006425859678
1005006846895817
1005007244372111
1005007006858017
1005003129721980
1005005515502016
1005004946371598
1005007605892865
1005005909839719
1005007608728465
1005007393740884
1005007540210694
1005007426759214
1005007508133464
1005007596980212
1005006411819861
1005007640819892
1005003129622133
1005007434250221
1005006444200638
1005006410117326
1005006862875282
1005003446467129
1005006219004895
1005007297759219
1005004057443210
1005007403701648
1005007523867420
1005007388082938
1005004274601004
1005006426171386
1005006986809037
1005006852095520
1005007297076047
1005007225747860
1005005281303645
1005007269736722
1005005744980978
1005005492173430
1005007269700951
1005007615235163
1005007061730795
1005007509454620
1005004520150332
1005005296670309
1005006444905024
1005007394658576
1005004763179518
1005006445107395
1005005939030040
1005003130856965
1005005471369525
1005007553444636
1005003434584808
1005004863709867
1005007555212910
1005006400147456
1005007568070108
1005007508394973
1005007273285723
1005007589458482
1005007427277078
1005007253524742
1005002621978857
1005006330912121
1005005710538588
1005007297785001
1005006410229503
1005006425997055
1005006985694170
1005007252227821
1005007269719339
1005006298841096
1005006846972459
1005007637278019
32342257616
1005004280954280
4001325941781
1005006162204470
33010257614
1005005247771023
1005004473674150
32895406284
1005001891602420
1005004883363382
1005007467645363
1005004188183632
1005003362803065
4001085194676
32955079831
1005004865576015
32877315950
1005006411105706
1005001921740345
1005006630731805
32978368559
32838330863
4001199212022
1005006507066696
1005006411221102
1005004862016337
1005005916100834
1005007566349307
1005005731512983
1005007579829046
1005004864673936
33015267545
1005007536196283
1005007486035236
1005006002077329
1005007560885178
1005007649898719
1005007438437763
1005002281532513
1005006330802662
1005007297174320
1005007297804045
1005007036905399
1005006846852875
1005006862924022
1005007203593089
1005007064507025
1005007263001779
1005006761662212
1005006411243040
1005005983130094
1005007409434677
1005007288622289
1005007457085060
1005005666173894
1005004865112566
1005007498206963
1005004639200191
1005005281064846
1005004639186829
1005004280958074
1005007580703661
32954060104
1005003348614648
1005007455638003
1005005273850172
1005006421727433
1005007226243061
1005007581589312
32881566392
32825138904
1005006722015513
1005002332725401
1005007553308818
1477367117
1005005801843832
1005006812384108
33010901489
32896708391
1005007496831541
1005002718514656
1005006995696691
1005007499553924
32868993432
32821850771
32915100303
1005006269373589
1005004840937972
1005007639362707
1005007608440484
1005007637375410
1005007393608943
1005007513645698
1005005566127164
1005006299294529
1005007297046912
1005007272288706
1005006299532383
1005007263071542
1005007318799043
1005005892546930
1005004881564688
1005004355238619
1005004881572995
1005001678733002
1005004280948343
1005006640112411
1005004860677296
1005007419545588
1005005339311236
1005007497660724
1005007418955936
1005005801906413
1005007580573952
1005007505772859
1005005906023411
1005006608824459
4001326029884
1005007375862158
1005006995847207
32923275240
1005007566170447
1005006638905954
1005006640590198
1005007475605341
32963648648
1005007543840543
1005007581399982
1005007497954623
1005003020616465
1005007419536273
32886778751
1005007498069181
1005007412039441
1005006222670032
1005006801107121
1005005801846907
1005007411983937
1005002385133380
32822956045
1005004230715461
1005004230687235
1005006165070283
1005007543786012
1005007341988148
1005007428013304
1005007558010399
1005007562864064
1005002254326577
1005006862891149
1005007263185228
1005007033844762
1005006406142349
1005006839930494
1005007203624155
1005007269745391
1005005319434470
4001255411887
4001135923355
1005007273059425
4001083948400
1005007566306233
1005004280880913
1005007168420924
1005006995277947
32923231816
1005006753375521
1005007498194132
1005007581219019
1005007449488287
1005007412057497
1005007500793844
1005007498209115
1005007497379217
1005007419592206
1005007196047094
1005006854604603
1005006801107106
1005005285899794
1005004583540225
32920923742
1005007506066483
1005007467236796
32747041028
1005005802106057
32835454847
1005006911525242
33058573010
1005006854560978
32878760900
1005006990574214
32997018880
1005002414251944
1005007341651912
1005007341576274
1005007498053273
32922152474
32917769706
1005005801950733
1005001391977368
1005007341760522
1005007341672516
1005007495682156
1005007643276072
1005007562717284
1005006405304375
1005007063438976
1005007272188938
4001135952378
1005004398240162
1005004860074967
1005007263063454
1005004398231594
1005007325772177
1005006219084326
1005007203576149
1005007498375113
1005005632848708
1005007500897331
1005007542788803
1005007627684945
1005007419112255
1005007419538226
1005007627918467
1005007411875913
1005007419729339
1005007566281127
1005007345801315
1005006981473806
32883678439
1005005802061117
1005007393509272
1005007169039053
1005006820903870
1005006801062385
1005007344780577
32923299118
1005007341829673
1005002930557128
32959765323
1005007341999616
1005007686608192
1005007680151600