1005002973531976
32827782557
1005002973629226
1005002973561703
1005002973578572
1005001440905847
1005003655512827
32787084757
32787052876
32754636837
1005005868264675
1005001589020765
1005001445073122
1005004012712767
32876327499
1005006091386415
1005004265470001
1005006597924414
1005006196616963
1005005058080572
32979550830
4000215747541
1005004193634727
1005006196747798
1005006193815603
1005007218498089
1005006092282752
1005006196745400
32739196430
1871206030
1005006107992800
1005006107941759
1005006108008610
1005005514348412
1000001671123
4001192001371
32741315419
1005006108025382
4001117769284
1005005514316436
1005003464224666
33018206632
32615205095
1005003079819605
1005002032506278
32812199372
32812187568
32824182061
32739196537
1005007432551581
1005005388377755
4000062314523
1005001388082584
1005007136674887
1005006431035256
1005005184065116
1005002973621232
1005002973654079
1005002973546810
1005002973635208
1005001380564710
1005003667491684
1005001814248164
1005004837738781
1005001383905752
1005002986635781
1005001583132129
1005001563270977
1005001586676212
1005001444829842
1005006195763447
1005006196501588
1005006196817590
1005006196655480
1005005514301565
32949841928
1005004880325811
1005005514366236
1005006415611009
1005006108101034
1005006107784807
1005006107916956
1005006107978501
1005003080000071
32845759659
32809401140
32812187536
33019875510
1005006853864442
1005003474620914
1005007782262486
1005007704084908
1005002973618272
1005002973620277
1005002973537863
1005002973527925
1005006943660320
1005006440380588
1005004837492383
1964257331
1005004852298432
1005003669158790
1005002986650503
1005003657420597
1005006931713337
1005001585282121
1005003657296092
1005001583303358
1005004366514224
1005006943347933
1005005458702094
1005006259472984
1005005315398342
1005005250043908
1005005121528262
1005006125144900
1005006462133245
1005006943389201
1005005268755553
1005005227013901
1005006084577562
1005006001175116
1005006127514756
1005005959672567
1005005928783502
1005006699014399
1005001844885898
1005005920292558
1005006127798045
1005005909856595
1005006585421464
1005007546901091
1005005949940182
1005005866601286
1005005615248826
1005005633040489
1005007028504711
1005001559607723
1005005615449075
1005007490861332
1005007039395008
1005007188278282
1005006387413575
1005005250192330
1005007040601098
1005004514938674
1005005805902723
1005007391166460
1005003412490420
1005007470754081
1005003912453934
1005005039857318
1005005891137083
32487000032
1005005297036433
1005004550047772
1005007429797835
1005005482600081
1005006943551302
1005005993101851
1005007028313981
1005006016243795
32426746328
1005006455782191
1005001859576127
1005006124590938
1005006091641161
4000338909689
4001226518826
1005005983391425
4000614186875
1005005249895853
1005004562887148
1005005372852171
1005001392312623
1005003423386067
1005006076229548
1005007088959931
1005006340859218
1005006256732737
1005006479672171
1005007416868646
1005006115384962
1005004011367261
1005006079213286
1005004324354048
1005005046215209
1005004851734704
1005005975667407
1005004856000333
1005003957023564
1005006347497976
1005006310975633
32995031578
1005006078124484
1005005900732831
1005006882097952
1005006278041124
1005006138432590
1005003453489231
1005005271547493
1005005505668178
1005003503964739
1005002927239973
1005005083136941
1005006341566226
1005005548049077
1005005541846173
1005006161106486
1005006189334174
1005006188993792
1005006194376909
1005006943488397
1005006943599132
1005006943508412
1005006943564016
4001226492679
1005005993335494
1005006465764943
1005003870079375
1005006024188928
1005006023413640
1005006024320629
1005006014514027
1005006989165111
1005006341496546
1005006042338207
1005006943413273
4001226386557
1005006001260577
1005006016203404
1005006354960222
1005006131442682
1005007470619400
1005007357252652
1005005959972579
1005005801793752
1005005780160800
1005005665359603
1005007384350447
1005005213101626
1005005983617397
1005004134558889
1005006850552275
1005006399454222
1005007171261236
1005006001456824
1005004897885949
33041172775
1005007028375985
1005005039835453
1005003243188246
1005006461942903
1005007483694617
1005003632698789
1005006518590659
4000304732789
32250551447
1005007621237096
1005005714936519
1005007487299092
1005007669970429
1005007025766763
1005007089314062
1005005833953216
1005005994088935
1005005548014246
1005007464659166
1005004984718083
1005004963393021
1005004536450300
1005006869928151
1005007320196311
1005007040396325
1005007452893738
1005007575570744
4000750732447
1005005039829556
1005007062222799
1005006620333464
1005001954436387
1005006132413215
1005006969422909
1005002657022540
1005001266050459
1005002697681655
1005003434100872
4001227802734
4001212281725
32966894887
1005002357190183
10000421134697
10000421075568
1005003950695171
4001226467139
10000421158291
1005003666350445
1005006267222006
1005007759811234
1005007758537148
1005002085169226
1005006111205735
1005006080388715
1005007040542147
1005007557319067
1005005219256790
1005007030282353
1005002214316406
4001208864823
4001189164836
4001220737192
4001347107232
4001220601754
1005006092845548
1005005989752586
1005005952244062
4001220634968
1005003258243932
1005005269175133
1005006073175188
1005007667558864
1005005393362787
1005007587046901
1005007045614498
1005005721667996
1005006183623106
1005007651032835
1005007661135049
1005005388769840
1005003522465714
1005005458041122
1005004761398475
1005006410564580
1005005240268512
1005003561443368
1005004655421516
1005003651682467
1005004557075002
1005005383271521
1005007605768733
1005004551586354
1005006394196823
1005006083045316
1005007376497061
1005007265959878
1005007445626695
1005003322975544
1005006881356253
1005007059499055
1005007403117356
1005005873882739
1005005990610879
1005007468888052
1005007182026303
1005007624528874
1005005880167179
1005004206641895
1005004305363721
1005006019718612
1005007358802683
1005007342277522
1005007061950432
1005005791977222
1005006420786877
1005006457522285
1005004479370415
1005006508593662
1005005877364084
1005006695630681
1005007463845721
1005007462657032
1005007586235733
1005004780661909
1005006725083921
1005007394202770
1005007523254883
1005006683608241
1005007298160445
1005006212493747
1005005499090737
1005007342971772
1005006394603775
1005007341247516
1005004963759783
1005006802289342
1005007044097631
1005006788936260
1005003981171703
1005007103240256
1005002799498544
1005006067326924
1005006802087584
1005003981084889
1005003133941772
1005006067140490
1005005742662173
1005006725355121
1005006067690060
1005006534310956
1005006067380654
4000078271653
1005006300390931
1005006234748663
1005006459161704
1005005942258344
1005006275262325
1005007161283150
1005006363333064
1005006045249699
1005006234683932
1005005662906147
1005006354250024
1005005613857815
1005004918069677
1005006802100740
1005007102266825
1005007469702457
1005007102798281
1005007102304876
1005006652953218
1005006858562070
1005007342901885
1005007789607988
1005007471086834
1005007759728871
1005005872921567
1005003994672652
1005006412403397
1005007341450236
1005006841892203
1005004672290725
1005006841874212
1005007463597290
1005007408217319
1005007341366183
1005006788734872
1005002383754715
1005006067245302
1005006064228068
1005006300445806
1005007102789127
1005007553109637
1005007102371693
1005007408216474
1005007343124429
1005007733809160
1005006361370539
1005006841780579
1005006678017557
1005007589121879
1005006278188533
1005006678055404
1005006841686538
1005007583577084
1005007394139926
1005006725255401
1005006841849290
1005007253474193
1005006361352628
1005006725175546
1005006677907929
1005007172725972
1005006841799759
1005006281163856
1005005319079982
1005004574662287
1005005631286618
1005002509113983
1005005173517078
1005001963924436
1005007122622165
1005005538958038
32866516342
1005001922964257
32707562576
1005002623352647
1005005499216237
1005002680167914
1005004841330163
1005006787846570
1005006293067256
1005004054893279
1005003127510315
1005006357841816
1005007443822889
32971622416
4001005814891
1005002326458911
1005001320967164
1005003887057461
1005001398569982
1005006808003624
1005002509887149
1005005554117390
1005007044308813
1005005951932357
1005007259456343
1005007258898361
1005003117525336
1005007206038810