1005007628791591
1005006502696741
1005007685181052
1005007678252760
1005007671903227
1005007619918618
1005006636259614
1005007210022475
1005007370495616
1005007171106857
1005006244797975
1005005511611910
1005007590867576
1005007373812887
1005007648402976
1005006390475230
1005007309704870
1005001482418538
1005006018203369
1005007652876635
1005007670091859
1005007632565994
1005007131903134
1005007615977330
1005007393427353
1005007627982794
1005007355567924
1005007655878342
1005007566826604
1005007574747983
1005007662575911
1005007300997087
1005007289935830
1005004085825046
1005007672539283
1005007431612005
1005007669362135
1005006786368290
1005007548676952
1005007662059063
1005005069591556
1005007500191044
1005002977920228
1005006865692633
1005006632365263
1005005903012589
1005004644240843
1005006026943176
32821319590
1005004570589263
1005003601505335
1005007407055097
32911482562
1005006281847416
4001205363889
1005006395448853
1005004621131415
1005002813411841
1005004644303224
1005007175183569
1005006155875019
1005006765753332
1005005724940054
1005004451025020
1005005369176957
1005006595705109
1005004385154682
1005004463667354
1005004331643838
10000003858971
1005005098418192
1005003140991167
1005007320376738
1005007514507919
1005007557082053
32851186479
1005002339099242
1005007401610532
1005007108309918
1005007143425636
1005007568759878
1005007407147297
1005004295846278
1005007406516951
1005007420330261
1005007590174987
1005005786041591
1005004835229444
1005004781385679
1005003051734808
1005006329167254
1005006373886857
1005007488270378
1005003040812457
1005007605748031
1005006495667995
1005005826635029
1005006620568750
1005006271491417
1005006409736047
1005004644237909
1005004621267570
1005006673000616
1005004644327071
1005007175052736
1005007321550428
1005007406905832
1005007406586705
1005007566789925
1005006392122911
1005005240766345
1005007076757566
1005007217238872
1005007340861557
1005007340631427
1005007484309308
1005007333445803
1005006823550350
1005007512962983
1005007643613923
4000554855627
1005007133966221
1005004855823350
1005007501944744
1005003969444618
1005004128156538
1005007606460964
1005006199858547
1005006208559385
1005007246447807
1005007622510532
1005005183985492
1005007106445766
1005007403356024
1005007102970908
1005006661001246
1005007103386151
1005006293294550
1005006127076303
1005007406471545
32853895280
1005007495763630
1005007521314498
1005005344785258
1005007582538726
4000474099225
1005007581097206
1005007461368491
1005007498376443
1005007546030604
1005006447530870
1005007133993188
1005005233911514
1005004609119061
1005004577764185
1005006477430153
1005005644833551
1005005906914349
4000532316009
1005006221612325
1005007308368036
1005007329594391
1005007425226268
1005007425427166
1005007429415002
1005007406991921
1005007406725629
1005007402849881
1005007407183579
1005007418115437
1005007420481978
1005007463852126
1005006609556443
1005007204671944
1005007212745250
1005007525013554
1005004332297500
1005007133863406
1005007133902238
1005007133897288
1005007133810456
1005006384473437
1005006233500720
1005007137443955
1005004406850564
1005007464987303
1005006873934452
1005006758010550
1005007067960312
1005004856679069
1005006091984089
1005007031718178
1005007243246615
1005007269075732
1005006823021303
1005004644140629
1005004650421558
1005004644304336
1005005398344271
1005005398186788
1005004650458019
1005005680006865
1005004427532467
32970693959
32861096740
1005005182403483
33033097282
1005005921986156
1005005180103419
1005003140205210
1005003140517759
1005003140767554
1005003148499270
4000286862574
4000067687760
1005006282813225
1005006798669720
1005005994714682
1005006171545798
1005007507075045
1005007217452773
1005007406630435
1005007211895234
1005006476477471
1005007068850358
1005007067692087
1005007133706568
1005007133772481
1005007134032124
1005007134018141
1005007261848303
1005004290645767
1005004287606697
1005004287471207
1005004282272372
1005004644340068
1005004644281404
1005004421158401
1005004802289346
1005007571416982
1005003140833827
1005007407104724
4000033230649
1005003141005354
1005004443567300
1005006788176109
1005006620444987
32858921858
1005005232008812
1005003140057129
32843729142
1005003140652860
1005005102492322
1005005277627410
33025464188
32844575041
32794771512
4001216924145
1005007342735275
1005007406705760
1005003208101400
4001086349036
4000242440657
1005007618317074
32796054950
1005007573576015
1005005702156285
1005001861044106
32804375191
1005005398253045
1005005100431289
1005006327109077
1005006947938893
1005004329268140
1005006066276043
1005006920152319
1005007629932549
1005006511461851
1005007047674677
1005006561106450
1005007133936262
1005007133875343
1005007133837454
1005007133753553
1005007067655889
1005007482020506
1005004291559519
1005005222650349
1005004291373728
1005006874005242
1005004427672385
1005007118468393
4000061452944
1005007118202830
1005003140713132
1005003140095211
1005001860214076
1005003139971242
4001085531486
1005006274937874
1005007535030873
1005005398311597
33017923851
1005006684585580
1005005398187638
1005005865699166
1005007615260868
1005007615383409
1005007635579019
1005007523672284
1005007417689001
1005007417386077
1005007408667317
1005005450851701
1005006293967521
1005007418534602
1005007513260428
1005007561877162
1005007574252973
1005007640660791
1005007617473426
1005005684489838
1005004644341014
1005007731271111
1005007783647771
1005007773897802
1005007783586077
1005007721516488
1005007766724773
1005007763793493
1005007763625283
1005007705564608
1005005845839562
1005007412838695
1005005166089006
1005005164263721
1005007384994722
1005004077703557
1005005543516132
1005006861777309
1005005814854325
1005005815581605
1005005982704165
1005005598774144
1005007340961622
1005006885910116
1005006355099103
1005006803767757
1005006068796639
1005005886433487
1005006449092176
4000711964056
1005005617699699
1005005836178405
1005006469479684
1005003986667495
1005005366676004
1005007076561502
1005003522091136
1005006973758457
1005007564286089
1005007084456077
1005005875599064
1005006457760933
1005006207927597
1005007082534796
1005007219119218
1005005797920461
1005006413194935
1005007219050245
1005006868555947
1005006508035661
1005005686873441
1005007549055803
1005003384058872
1005006112180857
1005005704782857
1005005483026572
32752897289
1005006018610937
1005003180516799
1005006297278215
1005007476304165
1005007576406844
1005005704773820
1005007417980565
1005005525075496
1005006349765103
1005005817393168
1005006772016838
1005003440586266
1005006838728475
1005006121990791
1005007342783935
1005006071780366
1005006995031112
1005006167982397
1005006456215167
1005007312150641
1005006878698381
1005007175686997
1005007286683948
1005005427257442
1005007076849474
1005004792459011
1005006000454078
1005007316676018
1005007418191383
1005006981340319
1005006407839295
1005007488933779
1005006760377768
1005007335669810
1005007368247997
1005002641274666
1005007543859020
1005007032291096
32994840860
1005004407771634
1005006888603834
1005006923360250
1005007052603663
1005006700846879
1005007022532468
1005007267688259
1005006489358991
1005006174462457
1005007479198472
1005002518534004
32969388436
4001359697697
1005005562823726
1005006168134003
1005005307579216
1005005356796077
1005007088015928
1005005680463766
1005005430624513
1005005750079074
1005006718817297
32990460848
1005007457588586
1005007343537243
1005005806741124
1005007432374420
1005006784792669
32959607623
1005003323312163
1005007014960071
1005007248791236
1005007585297017
1005007306288283
1005005340860822
1005005847300840
1005005965176310
1005007230862141
32873860135
1005003951384378
1005007123801423
1005007390201944
1005004490534121
4000754339049
4000397139567
32924235875
32916362329
33004422821
1005004490446724
1005004903876612
1005006970907329
1005005971630221
1005005826579704
1005007310627984
1005005307762057
1005007402172731
1005007072383928
1005007370135890
1005006861569922
1005007075858177
1005006890731250
1005007308752323
1005005611135283
1005005848042061
1005002316455672
4001001505971
1005006441354319
1005002900099801
1005004248512016
1005006320898946
1005007568928755
1005007029300586
1005005830960284
1005007509121166
1005005553226202
1005007347240462
4001217452120
1005006809635740
1005006647930206
1005004846420647
1005005355410547
1005006574158687