1005006025770760
1005006986853144
1005006372321483
1005005611750872
1005006133589904
1005007556872973
1005005347691169
1005004579702260
32863425686
32967733905
1005004626414926
1005006715476567
32864914525
1005004839934619
1005004464029848
1005004626361171
1005006931262632
1005007224097989
1005006722371045
1005005439987877
1005005237448374
1005006814152994
1005004576750903
4001107218891
1005004665709319
1005005931477559
1005006902266261
1005007792748703
1005007786975306
1005007506917098
1005006670363601
1005006697656285
1005005932811845
1005005871970938
1005005873484270
1005006335636993
1005006438364676
1005007587577131
1005006413732573
1005007462643081
1005007243699936
1005007550842685
1005006009520796
1005006742358899
1005007452304333
1005006457034042
1005007463182152
1005005439182777
1005005921460287
1005006243905005
1005007462805463
1005006712743285
1005006006781066
1005006254265301
1005006389971440
1005006624545010
1005007253457958
1005007620254483
1005007582301914
1005006851051499
1005007454544344
1005006628404675
1005007155524489
1005007368338033
1005005977821742
1005007266748868
1005007442222730
1005007074523441
1005006002497289
1005006165125432
1005007301607379
1005005976046948
1005005990290501
1005007574285563
1005007493936752
1005007444672111
1005006176077479
1005007592920794
1005006673937101
1005006925785280
1005006955936405
1005007097120074
1005007301937554
1005007507964410
1005007519469546
1005007478591467
1005006388150609
1005007378548774
1005007317418758
1005006911809400
32974854462
1005007368057987
1005005935486495
1005007259544586
1005006330171303
1005007619866225
1005007449020897
1005006026585935
1005002280191109
1005002537522582
1005005395870828
1005006712834567
1005006183563963
1005004907497015
1005002279865963
1005006677606929
1005005671084758
1005005671380228
1005005671173648
1005002537584971
1005006531817432
33008177668
32956371328
1005005710476307
32956639486
32953592234
33040169686
32952953740
1005005815854145
1005005670996952
32956435072
32962024482
1005004387896900
32934991924
33013681843
32961148994
1005004647297598
33041905968
1005004114112148
1005005471453905
1005001432577374
1005005310364135
4000202003367
32966246233
1005005496320990
32980366059
32965195307
33053438664
32962408921
1005003234383622
1005007370913735
4001107314219
1005007538407414
1005006156279838
32960531211
32956167780
1005005479779207
32956889103
1005006743192236
1005005480499626
1005005480519856
1005005288674911
1005005269337845
1005005776103429
32988937956
32961393235
1005002546474246
1005002538035501
1005007377866391
1005007370720373
1005002290857112
1005002302733522
1005002302614798
1005002302555674
1005007382639918
1005007635206856
32961913233
32956667228
32955174043
32955158182
1005004226563273
32951750405
32929211940
1005004226498046
1005005710443471
32954257560
32957767983
32954864277
33004710300
4000218918417
32960093517
32824152192
32965012868
32954236451
1005005397749875
1005006156430809
33035604681
4000120803365
32954028450
1005005470856419
1005005269758524
1005005269626297
1005006493969597
1005005321488396
4000121676003
1005005165995557
1005002302497483
1005002290394740
1005002279883527
1005002290500794
1005002537364935
1005002545926765
1005002537798506
1005001445953197
1005002537854610
1005002537558563
1005003460452533
1005003460441718
1005003460429659
1005003460416765
1005006590028383
1005005993787532
1005006589930525
1005004170897112
1005006907229491
1005007427304303
1005006574325382
1005006387422853
1005006574087763
1005007289451731
1005006674993248
1005004937570307
1005006590329278
1005006573662706
1005006589983486
1005006947611350
1005006585403256
1005006948964785
1005007095048166
1005006766831346
1005004941268990
1005003885188741
1005007283400624
1005006935937616
1005003876246825
1005006387271348
1005007514268339
1005007458159419
1005003278849783
1005003242924005
4000187642056
1005007512382412
1005007349736418
1005007018317615
1005007246151755
1005007094915342
1005006686882480
1005007457021370
1005006386264170
1005007272265117
1005007154773053
1005007433024865
1005004524853052
1005007031245086
1005003475840150
1005006681075368
1005006127848335
1005007283432119
1005006040569734
1005007082910819
1005006036891994
1005007330517094
1005006398490004
1005007075608000
1005006015675668
4000528874197
1005006190047273
1005005170712577
1005007723198408
1005007008076403
1005007317203907
1005006584246589
1005006584649172
1005006590313486
1005006590378437
1005006574137292
1005007000866702
1005007076256754
1005006593071586
1005007289472323
1005006574622928
1005006385765279
1005006574124718
1005006935949585
1005007031633217
1005007272151440
1005006718637576
1005007283421315
1005003242816694
1005007500475738
1005007464903815
1005007140706978
1005007463279037
1005007283426531
1005007465017460
1005007621861644
1005007464858762
1005007145329446
1005003880585903
1005007465105327
1005002923149716
1005007464827893
1005006574055050
1005007031137754
1005004940609267
1005005023923978
1005005049819673
1005004942346326
1005007723160424
1005007723004870
1005007723194040
1005007723655319
1005006573597804
1005006985201791
1005006938516127
1005006584739910
1005006938110004
1005007233124126
1005006947745444
1005006935949589
1005005183948196
1005005982136206
1005005281903346
1005006937576949
1005007464973530
1005002927929711
1005005490745717
1005003242798772
1005007461747079
1005007461665273
1005006573807502
1005006044526497
1005006574107066
1005006948811560
1005006125545495
1005007723455030
1005007723473438
1005007723142565
1005007723237489
1005006718456927
1005006987698818
1005006445620193
1005006937816107
1005006938566272
1005006948487835
1005007559858257
1005007064648529
1005006215257974
1005007723135431
1005007723039415
1005007723073224
1005007722922578
1005007486127875
1005007009697419
1005006941481222
1005007481491994
1005006898151715
1005007482268338
1005006205997889
1005007007935994
1005006923062683
1005007283316881
1005007234553893
1005007537187713
1005003242881281
1005007234735824
1005007245887869
1005006597756774
1005006908543335
1005007306925433
1005006767038229
1005006695685882
1005007500274790
1005006948083342
1005007009045662
1005007253385501
1005006767089351
1005006908185409
1005007482041220
1005003876368695
1005006908768528
1005005082747796
1005006907167307
1005007487011695
1005006691930540
1005006766408971
1005007234244575
1005006973032545
1005006988629889
1005007486931526
1005007452868394
1005007486342930
1005007494096425
1005006691413861
1005007486665669
1005006727299749
1005006808514505
1005006967961653
1005007767794980
1005005708124232
1005005590117310
1005005718933240
1005007550431564
1005005824248483
1005005479907802
1005005535163715
1005005589505399
1005005588449411
1005005347430833
1005007723519578
1005007494782092
1005007494504832
1005005213899175
1005005593322263
1005007557412149
1005007557300344
1005005713001138
1005005085833987
1005006118607517
1005005344363685
1005005349629548
1005005085888578
1005005090747162
1005005736588241
1005007512271844
1005005707167530
1005005590146031
1005005537033198
1005007460208039
1005006081956418
1005006237250791
1005007425730643
1000007044740
1005007052249765
1005002482236170
1005007533074415
1005006096379275
1005006776487971
1005006026849940
1005006738823631
1005006972971156
1005007456244404
1005007016020483
1005005876776853
1005006633998423
1005005197439397
1005005682632353
1005007095571952
1005006916903920
1005007315506793
1005007355655829
1005006670350310
1005003813188410
1005006748555323
1005007016252524
1005006157100987
32965056572
1005007479825247
33052107819
4000006071973
1005004685777076
1005007437045728
1005006967079683
33059313612
1005005429978675
1005006301820431
1005006466468100
1005003426563756
32819680757
1005004950144849
1005004748351197
1005006247851351
1005007103238714
1005007468747283
1005006938330212
1005007469033646
1005007474707587
32978436246
1005006059838642
1005003448888684
1005004328954613
32861372041
1005007462814779
1005006877964285
1005003587838661
1005005378002895
1005006466084752
1005006186167050
1005007142076212
1005001548113127
4000304420983
32991387603
1005001858222675
1005006236337450
1005006740128929
1005006216052479
1005006215198518
1005006716762764
4001200013077
32988090285