1005007295925885
1005007507025105
1005007205794252
1005006112926337
1005006188745839
1005007595436067
1005007087408468
1005007431197970
1005007482813306
1005006962921039
1005006834108925
1005006205364039
1005006824235698
1005007502613345
1005007484432052
1005007240787521
1005006735431865
1005007644756968
1005007192607019
1005006338343590
1005007552114514
1005006271520036
1005004901496155
1005001332690319
1005007087054846
1005007191377930
1005005612476705
1005002957474770
1005007079415191
1005006950959632
1005007497214056
1005007561567702
1005006907446990
1005007484298607
1005006504537413
1005007636681789
1005006503618024
1005007477313965
4001182748661
1005007483585633
33009295910
1005007483447525
1005007514774361
1005007632469749
1005006443152265
1005006986176413
1005007236930507
33055120392
1005007551578206
1005007559008974
1005007205837176
1005004598800320
1005007596817835
1005005276347534
1005006953307754
1005007484269698
1005004901609692
1005005904520125
1005007479838482
32868767743
1005007434623464
1005007664288224
1005006985527734
1005007644869452
1005007547263914
1005007559330139
1005007208567469
1005007559308182
1005007559110860
1005006956102589
1005007644840924
4000999233001
1005007427250381
1005007619538260
1005007616073674
1005007557774394
1005007559296215
1005007649817864
1005007437161426
1005006473101811
1005006804558200
1005007644880707
1005007273860770
32975972107
1005007649212792
1005007648969766
1005007659695679
1005007659651231
1005007138483160
1005007645185694
1005007649293577
1005007483425494
1005006059098255
1005007329368214
1005007559084852
1005005214472388
1005007456284792
1005007552644803
1005007650474734
1005007649468516
1005004506250124
1005007649251917
1005007329768945
1005007274147821
1005006737823061
1005007559309155
1005007675248565
1005007675133833
1005007137600974
1005005789947052
1005007649359455
1005007672000190
1005007671632911
1005007671722778
1005007671780417
1005007656717772
1005007229100848
1005007662587993
1005007662872353
1005006126968808
1005007463292514
1005007662887160
1005007662620110
1005007662240635
1005007204200368
1005007699810220
1005007792145060
1005007063733150
1005007616384032
1005007659558483
1005007659486915
1005007659780228
1005007656518715
1005007656850440
1005007659779969
1005007659891246
1005007649600355
1005007649721238
1005007649104801
1005007675278171
1005007674968861
1005007675531338
1005007675286373
1005007671756508
1005007671611874
1005007671913256
1005007671546932
1005007671933312
1005007671848270
1005007672043047
1005007671677656
1005007281927794
1005007656490453
1005007656595188
1005007659355748
1005007659477476
1005007663066869
1005007662906336
1005007662805492
1005007663061386
1005007648995979
1005007662962233
1005007649151307
1005007648933830
1005007205064770
1005007552671344
1005007288662503
1005007791873408
1005007707852897
1005007788177543
1005007790754146
1005005513041471
1005007786054615
1005007771568113
1005007782416034
1005007782219660
1005007697661642
1005007779803434
1005007778691393
1005007740183189
1005007777083965
1005007761301840
1005007772298726
1005007772315123
1005007766737938
1005007283747427
1005007310349176
1005007659797006
1005007656796641
1005007656695870
1005007656488330
1005007659335763
1005007656773047
1005007656652151
1005007656989076
1005007674990201
1005007675337398
1005007671820604
1005006835683731
1005007671781428
1005007671690528
1005007671742772
1005007671640801
1005007656911367
1005007659579103
1005007656751169
1005007656879372
1005006962568362
1005007552782546
1005007226413773
1005006835933256
1005007138030903
1005007128262092
1005006782069673
1005007552581441
1005007138228856
1005007061251777
1005007598782267
1005007598797783
1005007400330236
1005007552627492
1005007761781384
1005007762101055
1005007762098073
1005007765793802
1005007765202506
1005007739939422
1005007689853512
1005007703610823
1005007757747051
1005007752398913
1005007755196506
1005007751718093
1005007750926304
1005007750736230
1005007689847028
1005007748525787
1005007748756249
1005007746137643
1005007745601373
1005007747205577
1005007745269336
1005007694475673
1005007742463483
1005007323158139
1005007615210592
1005007659539630
1005007656654184
1005007659743188
1005007659642254
1005007656409766
1005007659608200
1005007659842844
1005007659786947
1005007671719625
1005007671823593
1005007671774418
1005007671666708
1005007048463621
1005007656693975
1005007656340972
1005007659303907
1005007137767393
1005007288610995
1005007061385065
1005007598823605
1005006791322778
1005007226473288
1005006557128042
1005006361803620
1005007742475460
1005007742571431
1005007733458668
1005007740698921
1005007738846049
1005007733913192
1005007733406864
1005007709705204
1005007733381918
1005007733234960
1005007733163513
1005007726879768
1005007725425667
1005007725548886
1005007723714280
1005007721871873
1005007721208580
1005007718477289
1005007717442333
1005007706538688
1005007706665365
1005007705322986
1005007714786164
1005007712613152
1005007163582213
1005007705843144
1005007705781667
1005007694558454
1005007280794610
1005007659558866
1005007659766323
1005007659354789
1005007656999032
1005007659786288
1005007656658361
1005007659592606
1005007659805400
1005007671877170
1005007671606811
1005007671795606
1005007656694039
1005007559398065
1005007412905210
1005006925689966
1005007412875302
1005007599020067
1005007700595792
1005007698049032
1005007697905343
1005007697823685
1005007695787593
1005007697600499
1005007685135032
1005007696155440
1005007696146089
1005007695688539
1005007684099542
1005007684903640
1005007324778231
1005007659469479
1005007659523839
1005007659677551
1005007659465713
1005007659431805
1005007659770800
1005007656844410
1005007659406582
1005007329249081
1005007559273180
1005007482186000
1005007482332771
1005006835511703
1005006420295379
1005006620727321
1005007615730270
1005007656745728
1005007659528353
1005007656812503
1005007656800553
1005007659637647
1005007659967290
1005007559109947
1005007559329226
1005007049473137
1005006362025750
1005007459057191
1005007659742421
1005007659542323
1005007656713789
1005007559020961
1005007482434369
1005007047293381
1005007434371168
1005007656579668
1005007559371134
1005006551009190
1005007434222447
1005007295301407
1005007559190593
1005006828297265
1005006865306065
1005007309984129
1005006473111460
1005006828153210
1005006738539097
1005007616231504
1005007420642430
1005007420460136
1005007421350787
1005007323249455
1005007294467827
1005007644662902
1005007421578857
1005007662008224
1005006097390770
1005006231116011
1005006415487647
1005006913725239
1005006380749778
4000127166553
1005005073316300
1005004974891031
32887263723
1005005910643689
1005005810854588
1005006258428863
1005006162263502
1005006085946448
1005005708640977
1005006177518772
1005003369962851
1005004709561110
1005006156420703
4001148262874
1005006313936542
1005005973855142
1005006238691962
1005001971857112
1005007214250047
1005004931142479
1005006136400914
1005007170878102
1005005083787948
1005005786501129
4000405826383
1005006152193337
4001082857082
1005002096411265
1005005897668847
1005004819197275
1005003450444431
4001021414110
1005005803133254
1005006220674575
1005006289728939
1005005120267930
1005003908970698
1005004711630588
1005005958046792
1005003760338774
1005006443250687
1005006144139657
1005004883819896
1005005127401952
1005006439922326
1005004479729163
1005006051613762
1005005539208677
1005005841096696
1005004995047897
1005003107464064
1005005912287280
1005004742921418
1005005996908543
1005006750939534
1005001399407148
1005005756668493
4000318595692
32546270053
1005007274891385
1005005952187224
1005004553692334
1005006006033084
1005005787722172
1005004531128274
1005005926039362
1005006140422833
1005005117180873
1005006186040810
1005005319392438
1005007372717865
4001269078507
1005006163693264
32847158761
4000075580815
1005005971601525
1005003432063344
1005005372668190
1005004289290241
1005005877663703
1005006437011622
1005006611007422
1005007312953172
1005004791399418
1005006230812086
1005004924645409
1005004788685450
1005006136113738
1005005394882063
1005007387569604
1005006067419963
1005007626638802
1005006219038394
1005006212668044
1005004446167275
1005005981161660
1005005265049088
1005005997824363
1005006249493910
1005005068170520
1005005996808837
1005005279243371
1005007530473112
1005007537740182
1005007572969901
1005007572755472
1005007550600991
1005007572655960
1005007569160674
1005005984589783