1005007311851906
1005003982066428
1005007591930631
1005006275696233
1005007107619094
1005006693050468
1005005200729346
1005001632489856
1005005473364889
1005006652478892
1005006055091323
1005007094887095
1005006770704065
1005005315758229
1005004193820956
1005006075979817
1005007508779470
1005007641779952
1005006459293299
1005006826029967
1005005307540809
1005007615064686
1005007094283996
1005006765319944
1005007601344871
4000860724424
4000123798174
1005006103372985
32999057758
1005002604822480
1005001287285923
1005007558910817
1005007115671191
1005007506241872
1005003760907863
1005007120301288
1005007019987328
1005007515816180
1005007343390804
1005007453443714
1005007012798087
1005006992127884
1005006436097761
1005007179462439
1005007524391338
1005007091519255
1005007095654502
1005006745934087
1005007638149905
1005006504919699
1005007570837386
1005006372536126
1005002928354852
1005005082495332
1005006814267271
1005007674257935
1005007675939229
1005006523744849
1005007151805836
1005007608788021
1005007124977659
1005007155454438
1005007456724741
1005007359043585
1005005603084714
32506340559
1005007547857007
1005007636970456
1005007653037883
4000250223938
1005006856860573
1005004049565754
1005007613436200
1005007094342898
1005007450382052
1005007601816216
4000123228981
1005006856953522
4000070941743
1005007119933097
1005002924908928
1005007320329972
1005007559074608
1005007638181848
1005007108659928
1005007377831967
1005007585966661
1005002469252114
1005004962043831
1005007615129345
1005006281073355
1005007018926923
1005007622659545
1005006851873078
1005007676910629
1005007676938309
1005007676575929
1005006874028934
1005006405506651
1005006853543649
1005005786655125
1005006454593639
1005006409267638
1005007069575255
1005007486429689
1005007648401551
1005007526526232
1005007536453858
1005006304246135
1005006682446838
1005002930676653
1005007655258655
1005007226469193
1005006938383227
1005007679926121
1005006367556910
1005007589335509
1005006741508356
1005001871385230
1005007135878148
1005005988591309
1005007579280702
1005001844992624
1005004475072782
1005007509738131
1005006854592374
1005007575181279
4000123891367
1005006879663208
1005007298013992
1005007657382554
4000215214908
1005007259575133
4000764515890
1005007564451926
1005007638515566
1005006989283725
1005006870559139
1005007603465362
33003055018
1005004982580983
1005004446470677
1005005523286325
1005007497931236
1005007547749121
1005006750323349
1005003015654569
1005007457122215
1005002930682695
1005006925394234
1005007395508595
1005005258795281
1005007119192649
1005007032438041
1005006860770869
1005006409161144
1005001902662758
1005007064658528
1005007680801117
1005007656652101
1005007544295117
4000294769024
1005007600185683
1005002984749273
1005007506484100
1005007581991788
1005007281410872
1005006789733027
1005005946503240
1005006443527577
1005005626870405
1005007402925938
1005002369049470
1005007484031243
1005006824353257
1005002697790963
1005007201931037
1005007158363548
1005007416741291
1005006205500024
1005007559251494
1005006854637212
4000119805330
1005006987511660
1005006879393712
1005007515530875
4000215539637
1005007343705383
1005007477598377
1005007663795212
1005002925057288
1005007492636828
1005007228712676
1005007126096063
1005007458356575
1005001949246219
1005005424988466
1005007530281444
32893491760
1005007223338116
1005006789363115
1005007314930195
1005006033812268
1005006043691622
1005007520143202
1005007583991612
4000088983204
1005007282543544
1005007210125739
1005007480382487
1005007616296270
1005007155402670
1005007389567454
1005006411197590
1005007521254183
4000639283898
1005007459042736
1005003965495123
1845358076
1005007320557531
1005007624868035
32717221026
1005007488796888
1005006925266464
1005007307909345
1875857842
1005006871916762
1005007028098795
1005001974894479
1005007585503120
1005006010159760
1005007446267360
1005002748306072
1005006854434999
1005007442650834
1005002924918482
1005005236224707
1005007521023077
1005007156280803
1005007572195362
32997570537
32998093082
33034170327
1005007443571819
1005005988547945
1005001516883212
1005007584018845
1005007666755801
1005007421076877
1005007546750805
1005004788148373
1005001871311165
1005006227920733
1005001343200520
1005005987869146
1005006411154262
1005005982115520
32374137089
1005005810365104
32526311815
1005006992201538
1005007004006680
1005007359011872
32523991465
1005007296038160
1005003255055984
1005006514654101
4000582898996
1845545474
1005007563091175
1005007210666644
32272582001
4001265649361
1005001710150626
1005007282969058
1005007282677583
1005007376309101
1005007111568483
1005007269272891
1005003582835958
1005003768796358
1005007786298661
1005007695500340
1005007692269964
1005007636224389
1005007695483287
1005002877180455
1005007516376763
1005007370969512
1005006635025060
4000121259264
1005007657253987
1005007662541818
1005007644371583
32995541433
1005001769549509
32997978763
1005007534474278
1005007519430706
1005006995171840
1005006878466617
1005006248567201
1005007755901382
1005007756011282
1005007790367153
1005007789960347
1005007684494612
1005007763886506
1005007763850775
1005007786872376
1005007747581960
1005007781219937
1005007684535584
1005007785567525
1005007726845012
1005007780407248
1005007759531897
1005007742660086
1005007768141554
1005007767764695
1005007767468414
1005007765059941
1005007764984622
1005007762844998
1005007760525289
1005007760486805
1005007760232061
1005007748598453
1005007744593250
1005007736224630
1005007760252285
1005007698093061
1005007786098214
1005007748843608
1005007709117137
1005007785019161
1005007784136467
1005007784240263
1005007755908839
1005007727001172
1005007728105038
1005007727876997
1005007780187978
1005007718415225
1005007753481172
1005006854618326
1005007626447975
1005006966812556
1005006925063776
1005002970454991
1005007657454403
1005007202813630
32968582648
33003658205
1005006875406450
1005003391322014
1005007777932001
1005007777843774
1005007776738759
1005007684214958
1005007769971073
1005007770352500
1005007770253674
1005007734251900
1005007770555038
1005007770396118
1005007770299588
1005007769618179
1005007704159277
1005007753030408
1005007717746553
1005007745714431
1005007758070801
1005007759536040
1005007710233854
1005007711180702
1005007738092995
1005007758976646
1005007758738971
1005007725667723
1005007738170316
1005007726058199
1005007752391546
1005007725646513
1005007708786378
1005007704588165
1005007732941396
1005007748821863
1005007742373925
1005007742404752
1005007739100775
1005007738937076
1005007736830896
1005007734484021
1005007735526956
1005007735848451
1005007735529508
1005007735382514
1005007734332999
1005007733351626
1005007732653628
1005007558930647
1005007564656907
1005005141485576
1005005287057777
1005002912805448
1005007635613583
1005007493012143
33002064631
33004911641
1005007204351503
1005007731206848
1005007731391269
1005007730128075
1005007730688168
1005007727424010
1005007727166112
1005007726884561
1005007726690816
1005007725538719
1005007724896417
1005007723420363
1005007722520170
1005007722195347
1005007719875951
1005007710581168
1005007710609569
1005007713215385
1005007704451138
1005007710977673
1005007708563691
1005007708677447
1005007707928687
1005007701318049
1005007704113555
1005007697584225
1005007703984757
1005007703572224
1005007703367098
1005007702607096
1005007702599633
1005007702330910
1005007701600625
1005007701656999
1005007700628931
1005007700786945
1005007700809366
1005007660847837
1005007687666062
1005007686260487
1005007490070891
1005006879641131
4000117409926
1005007239304478
1005007650514267
1005007210971188
1005007690072253
1005007693353376
1005007689700903
1005007695780604
1005007694350372
1005007660571450
1005007664152176
1005005216643347
4000123520172
1005007664888408
1005007201494680
1005007632706312
1005007534439350
1005007632148456
1005007637764807
1005007622982831
1005007632517003
1005007488144314
1005004193448511
1005007620762051
1005006152541152
1005006098890020
1005006415776967
1005005057545962
1005007297499038
32914661118
1005006782893149
1005007611166702
1005005227357313
1005005888119594
1005007425923275
1005007323772571
1005006783016376
1005005751765913
1005006450798616
1005006857487096
1005004913367921
1005005947521578
1005007083723812
1005006654780259
1005004275849535
1005006368141115
1005006857880456
1005005201972014