1005005496244347
1005003140862728
1005006819375173
4000450584620
4000419746147
1005006086727579
1005005697790810
1005007096551915
32785723466
1005007466517940
4000812589231
32865389722
4000169595849
1005007064377074
1005007294204482
1005005368203913
1005007385962004
32803366802
1005006860176252
1005005202076870
1005006451387879
1005002958635807
1005006841654623
1005004899070080
1005004897290262
1005005238263258
1005007495398826
1005005292749455
1005007127598741
1005004211891595
1005005935212037
32611108113
1005007277242686
1005007355505024
1005005730272377
1005004723673739
1005007514123097
1005005873993550
1005007450247787
1005007055805854
1005006310509432
1005005410013874
1005005377997961
1005006355123314
32959698652
1005005345953615
1005007522220973
1005003724338431
1005007499774998
1005006452366580
4000710336958
1005006896834516
1005007244497966
1005006587959923
32816490005
4000483914158
1005007032036725
1005006299192371
1005004043643012
4000484458138
1005005700773625
1005003781067769
1005005429100093
1005006692311794
1005006567030436
1005007023375121
1005006651270807
1005003320455107
1005004784891581
1005003847308438
1005006241099055
1005007492773953
1005005445638339
1005005982096941
1005003255739773
1005002426709983
1005006113612251
1005005799833079
1005006286705892
1005005455272871
1005003994740411
1005007596597074
1005005970955762
1005005867529668
1005007601945994
1005001561429388
1005007013978946
1005007245591113
1005006075344219
1005006294695619
1005004781620313
1005005429104710
1005004262938169
1005006494065747
1005007450457031
1005005436976471
1005005686648684
1005007029684636
1005005292459746
1005005697153839
1005007285119115
1005004933234985
1005006435267039
1005006773442613
1005005372846932
4000278028039
1005006406087213
1005006016595402
1005005687424509
1005006296843860
1005004991883970
1005005296545775
1005007000458294
1005007644269209
32921330671
1005004938676214
1005005138090700
32788700987
1005007327848723
1005005496353329
32931298083
32756981055
1005007036533513
1005006334975871
1005006011686954
1005005834467616
1005006361175790
1005004999196058
1005004896243961
1005001459261464
1005004765390791
1005007029618648
1005005697230486
1005007644265242
1005004358806179
1005007102610455
1005003778581445
1005005990434189
1005006012598812
1005005697405641
1005006435868501
1005007083550697
1005005972923412
4001131965455
1005005312878519
1005005078166076
1005004211357587
1005004562459149
1005006725442781
1005007309016223
1005004211723512
1005005343187376
4001130688494
33022476704
1005006882458385
1005005440592993
1005006239372332
1000007989004
4000959638801
1005006824081114
1005005292668342
1005007264396579
1005005288392575
1005007262075205
32466844845
1005007462961740
1393623729
32981886170
1005005960335435
1005005221383486
1005003611445498
1005005486566001
1005001702390893
1005004961153600
1005005324070826
1005005231524075
4000964289638
1005005519819354
1005006719046808
1005003561717188
1005005489881844
1005004161950359
1005005839237243
1005004250204696
1005003639446457
32804755244
33042174941
1005007644062845
1005006437237027
1005006032617427
1005006011442680
1005006882416347
1005007120580987
4001130665973
1000007671831
1005006862146720
4000959659847
32978680476
1005007107808565
1005005409372435
1005005863687900
1005003632768381
1005006326002621
1005007175120436
1005004346956103
1005007225926637
1000007635098
1005004584092783
32994795915
1005006057874302
1005005271053235
32995468935
1005005976410812
1005004370901990
1005005821401841
33018388103
1000007885550
1005006615280455
1005004693478343
1005006352070346
1005004286081225
1005006651475766
1005006735162668
1005004463799314
1005005518217885
4001332347994
1005006083901141
1005006614770958
1005005428229866
1005006552422039
1005006404419551
1005001693425820
1005006654868037
1005006579921267
1005004249539569
1005006076625973
1005006744329234
1005006938463855
1005005748515367
1005007219697896
1005006698163874
1005006388889541
1005006959647134
1005006856129469
1005004711687202
1005006504938446
1005003632744946
1005006434219954
1005006647471346
1005006012581479
1005004363515292
1005006878837730
1005006730518200
1005006625067290
1005006009175364
1005004526980177
1005003624242850
1005006629579624
1005006152298142
1005006379162252
1005006744065815
1005006665646973
1005006353129707
1005005846290520
1005005456955552
1005005853213583
1005004155954593
1005003192054517
1005006925596481
1005006757011631
1005006656069131
1005004430825193
1005004269450972
1005002027980337
1005004138973731
1005005312216480
1005006028591661
1005005437031215
1005003638286977
1005006103977256
1005006579060984
1005001302909514
1005006019675874
32848913144
1005002774626620
1005005962944989
1005006594023546
1005004150172957
1005004443981132
1005006673980809
1005006691977341
1005003662744477
1005007476172776
1005005081681646
4001332362470
1005005383005456
1005006608522337
1000007567280
1005006522412421
1005005384082915
1005004358472569
1005007220056262
1005006683083572
1005007145428118
1005006357376770
1005004723794577
1005004723761257
1005007140025307
1005006012637504
1005006011975334
1005006755459749
1005004008468739
1005006652509726
1005006656812291
1005006057282583
1005006751652259
1005004359869491
1005006315964863
1005006757241288
1005007296251005
1005004364033294
1005005492695276
1005002541203860
1005006512775040
4001265189563
1005007047659683
1005006624748871
1005007098243715
1005006634247529
1005004836643198
1005006431436388
1005006597859103
1005006186941746
1005002840591091
1005004796034328
1000007390139
1005005680572749
1005005519942174
1005006873719147
1005007274388436
1005006036517205
1005004016752016
32938666919
1005006621358447
1005006683303453
1005005431555132
1005004154592025
1005003590676610
1005004818003625
1005004838999951
1005007599789229
1005007594915915
1005006849981275
1005006859822225
1005006067811762
1005007291222809
1005005378985950
1005007226805355
1005004179122094
1005005410056828
1005006928302840
1005004723324691
1005007623101642
1005004704890655
1005006535928765
1005006614351905
1005004049523371
1005006011789555
1005004474689405
1005004336130327
1005006658025927
1005002002615727
1005004630311922
1005004370511383
1005006620138898
1005001531229293
1005007112398723
1005006391117881
1005004324075195
1005004814047982
1005001645330769
4000762301277
1005004840847944
1005006187507555
1005006058441044
1005004352264103
1005001840666614
1005005901888382
4000710376062
1005004831314457
1005003849754601
1005004808691153
1005002068657925
1005005902016123
1005006631506413
1005006557497216
1005005518343707
32761092603
1005005590201188
1005006557614130
1005006786546525
1005004329356723
1005005411984035
1005006380182137
1005007274213044
1005003907465637
1005006877407745
1005007633713457
1005004823563416
1005006486348768
1005006775490437
1005005380299660
1005004170870338
1005007611350623
1005006765920935
1005004174538959
1005006640539590
1005005000408227
1005005265887229
1005006242533475
1005007639576352
1005004912942782
1043368046
1005007602200238
1005004993622398
1005006740297981
1005006858213903
4001320593856
1005006527634068
1005006925713230
1005006132648924
1005006918903879
1005004829934351
1005006005058819
1005006222651299
1005004765396034
1005004844297865
1005004474569298
1005006691658272
1005007482282582
1005006741442629
1005006097003237
1005007610936630
1005003992738253
1005005543585508
1005004179032780
1005005901838574
1005006859545781
1005004428720229
1005007295124141
32940003202
1005006885516616
1005007601905615
1005006679037118
1005005288352592
1005007458135887
1005007615548213
1005007634684732
1005006856775529
1005004796002087
1005003161851717
1005006358367328
1005007494650496
1005006362000656
1005005561456316
1005007295032031
1005006665753285
1005004808709711
1005004048214640
1005006748595460
1005005250653329
1005006924196859
1005005553887517
1005006701715440
1005003918274782
1005006598778089
1005007426001328
1005004150392185
1005005377578042
1005006143827281
1005005691008575
32761791238
1005005252375823
1005001993880132
1005006865856162
1005005409325616
1005006693215235
1005001288677583
1005005276265797
1005007294800380
1005006821834362
1005007482081926
1005004351714977
1005006730062549
1005007637348067
1005006692723950
1005004896905508
1005006199877600
1005007641928150
1005004565139140