1005002571035695
32789907489
1005005187520859
1005003016300716
1005006611645967
1005007378526196
1005007406188664
1005006712949798
1005001473878537
1005007361723518
1005004420227760
1005007139785037
1005003379491669
1005006223510360
4000873675981
1005005769490929
1005006190689154
4001019522920
1005001494067304
1005007052167917
1005006055173817
1005003064927207
1005005976182144
1005005906396648
1005005875292523
1005006819828735
1005006877450173
1005005087360126
1005005952900311
4000972036759
1005006055237128
1005006000577187
1005001683003178
1005005777478245
1005005875776007
1005003282424255
1005006108982127
1005006000503493
1005006958328389
1005006175345798
1005005448195059
1005005906511012
4001219254981
1005001606917496
1005006223537173
1005005239046491
1005004854139168
1005005397592194
1005007112453946
1005007112694625
1005006296095454
1005003392300865
1005004204845468
4001272715450
1005005923267125
1005004073300218
1005006811738690
1005005628687457
1005007193826265
1005005876188741
1005005955318768
1005002555928290
1005003902755911
1005003383656873
1005005377781305
1005004518563819
1005003586362596
1005003656864844
1005001693904627
1005006864941815
1005005628641655
1005007078580296
1005003587651377
1005006946369760
1005002199064774
4001365730044
1005007123125111
4001364734111
1005004177302538
1005006094794703
1005005577108768
1005007149701216
1005001774830355
1005006770954929
1005007130036735
1005006826010332
1005002597082671
1005007054274104
1005005687358466
1005006821528174
1005006772016387
1005003433946298
1005001565002706
1005002312595127
1005007138564041
1005006728989689
1005006274179592
1005006489596967
1005007089144538
1005007061414752
1005007280703736
1005002483443820
1005007436274782
1005005356126244
1005005738261463
1005003484498670
1005006493798747
1005007223649970
1005005882334909
1005005557781052
1005006862112372
1005002638251173
1005007323645837
1005007313349567
1005006666340691
1005006860866283
1005005876162834
1005007175017526
1005006647885704
1005007049366402
1005006225845891
1005007476325137
1005007475979739
1005007476258324
1005007200777208
1005006507306743
1005007370137982
1005007434477010
1005006064782842
1005007416955955
1005006685998849
1005003261665556
1005007192876496
1005006268830443
1005004914083694
1005001972451299
1005004909254906
1005007327954421
1005007315708943
1005007133140220
1005007132881757
1005007133104342
1005001302463917
1005006822085042
1005005995528057
1005005245348088
1005007306760931
1005007074828128
1005001413820174
1005003370462622
1005006876163343
1005006754386370
4001240960149
1005003897830186
1005002219495545
1005004560561850
1005002253461384
1005004046317069
1005004132266530
1005002165665253
1005005968976232
4001132454948
1005002240324135
1005004046675017
1005005388775380
1005002629072099
4001154222797
1005006861239809
1005006223540153
1005006055261407
1005007387689801
1005006904505616
1005006239775326
1005007223672241
1005007261821630
1005007131514273
1005005676450130
1005003395074419
1005002467294312
1005006771972785
1005006277779733
1005004261619088
1005003064718000
4000089631319
4001237856151
32975581647
1005005997883765
32866540526
4001206979007
1005004252952559
1005002559066752
1005002050579334
4001173735798
1005002836752305
1005007013373647
1005005286772373
1005006274175564
1005007223669210
1005007383146152
1005007223586338
1005007112373884
1005007133692707
1005007133571000
1005007223668242
1005006239671836
1005005286825417
1005004178908645
1005005584451591
1005006729351959
1005006999927502
1005006642735367
1005003466479519
4001110549929
4001124641167
4001284346862
1005006117703489
4001320151100
1005004412509192
1005007131371324
1005006718053265
1005006792101329
1005006892588171
1005006592629727
1005007060449780
1005007370958482
1005002593596432
1005005982467280
1005006877303746
1005006459392932
1005006159137328
1005006756098301
1005007416022331
1005007459471793
1005007108117276
1005005969079503
1005007459825325
1005007446135791
1005007460511099
1005007473963583
1005007092346092
1005007218944249
1005007117770059
1005007376671651
1005005223515991
1005006091018715
1005003286306362
1005003451196470
1005004248306535
1005006925460516
1005006030776790
1005004221048589
1005003626816395
1005006481716453
1005004910508142
1005005628531177
32652601767
1005007083323211
1005006897072842
1005007459518390
1005005671701768
1005005669375061
1005007459793713
1005007459582665
1005007461623906
1005007456754779
1005007456606371
1005005003669753
1005007298119885
1005006719451696
1005006746536776
1005003406821744
1005006000751377
1005002556308481
1005003031969389
1005004514190649
1005004651033952
1005006328149837
32319686591
33017297340
1005006527253483
1005007141105656
1005006082384645
1005004374521556
1005007325632039
1005005328796738
1005007275513371
1005007160119454
1005006905902051
1005007308308381
1005003084631859
1005006895274647
1005005482730098
1005006816841016
1005002668632819
1005005548184123
1005007067230640
1005007196812470
1005007117052741
1005007229467694
1005006868765044
1005006785120350
1005004940540146
1005003651370380
1005004352444274
1005005601056930
1005006472021075
1005005930330461
1005006892025097
1005007285725211
1005005850469234
1005005745294469
1005006777175288
1005001691151408
1005004014578038
1005003662846410
1005007302060809
1005006790244593
1005006216555804
1005006965173292
1005001831099598
1005007438955172
1005007217665863
1005004427751638
1005007416940244
1005006863832665
1005006676706192
1005007009033000
1005006897690076
1005006967712390
1005005914586791
1005006781285228
1005007359769747
1005006523046602
1005006704854714
2055780325
1005007229838431
1005007176927498
1005007007461822
1005006679683280
1005006860984959
1005004653028539
1005007224678663
1005006234854950
1005004825078363
1005006420147414
1005007160346046
1005006901746303
1005006817058300
1005005836501809
1005006844934375
1005007359333366
1005006346539808
1005007104417619
1005006537087760
1005007109979097
1005007268765712
1005005914572882
1005006684948183
1005004427717041
1005003754586478
1005006760853982
1005006898427568
1005006914116306
1005007359151984
1005002597318211
1005005516874226
1005005760947356
1005006972910467
1005007401611059
1005007297737993
1005006755002743
1005006711980312
1005005417952373
1005007209435313
1005004100916576
1005005193755129
1005006110272939
1005005960307706
1005005786635708
1005006829060415
1005007389664632
1005006131493175
1005006794470986
1005006848154541
1005006985360014
1005005502063716
1005007271518748
4000261276959
1005007173574855
1005003684930326
1005004711789290
1005007337721259
1005005301101274
1005006242976373
4000801070451
1005006783195575
1005006510414732
1005003749538527
1005007341001541
1005006885850990
1005006074819079
1005002532207986
1005007015954100
1005006850422317
1005004539324804
1005003723014537
1005005632774011
1005006326092463
1005005857184004
1005007197207122
1005007058487503
1005006148346784
1005004825483281
1005001392746985
1005006463664497
32810235048
1005005454798201
4000860561640
1005006182704252
1005007038471588
1005005421543664
1005005841279245
1005006597297465
1005006301175400
1005007453184294
1005007180228390
1005007119069052
1005006170668866
1005004347813108
1005005557691153
1005005768727464
1005004759332227
1005006893059308
1005007243625490
4001049538169
1005006016133444
1005007291191469
1005007172937167
1005006949868277
1005006845515111
1005006741043127
1005004274604788
1005007280476222
1005004609442852
1005002527269232
1005007205064697
1005007287017541
1005006613625329
1005006610337803
1005007285461539
1005002930991391
4000983298150
4000478812930
1005007170534107
1005006321281460
1005007066924566
1005005993599321
1005007010624836
1005007044473225
1005003214095189
1005006142926886
32829443509
1005005497088828
1005002254971628
1005006903133445
1005006299282178
1005004841521600
1005006503664404
1005006818821485
32960418767
1005005362978487
1005003492895885
1005006328055219
1005007288044207
1005006036614591
1005006116588402
1005007062914247
1005006991249684
1005006471665482
1005007030087300
1005005502054800
32962902721
1005006757216778
1005004217601081
1005006157696685
1005005470609528
1005004179518018
1005005709618570
1005004084330256
1005007346332700
1005003414930549
1005006649371074
1005005842642417
1005006608729278
1005006860441285
1005006883376518
1005006837539083
1005006025961875
1005006280229098
1005006766395952