1005005523332251
1005005919923335
1005007587358236
1005006743564212
1005005133576680
1005007445244595
1005005337796198
1005006574028679
1005003322307122
1005007103009756
1005007407976166
1005005926507343
1005007341391261
1005005761741027
1005005219687648
1005005277198378
1005007218302663
1005006860238877
1005006803124251
1005007600672610
1005007321737946
1005005671973647
1005005473500606
1005007456687105
1005006004908206
1005007341003109
1005007639010500
1005007245704664
1005006341552633
1005007220327840
1005007544724697
1005006873519504
1005007537115143
1005006996391821
1005006883007784
1005006876511816
4000478324893
1005007464034332
1005006860985259
1005006051024144
1005007423325874
1005006843964453
1005004584533345
1005005673123397
1005007564926998
1005007371047479
1005006859737797
1005007225963166
1005004063201470
1005006142772609
1005005619925208
1005007629895512
1005007536257789
1005007258553691
1005006999706765
1005006145074779
1005001808484450
32966162322
1005005813735335
1005007633387034
1005006863748894
4000971861010
1005005606133920
1005007429184484
1005006536831123
1005005209752348
1005006777947121
1005006223637140
1005007055203686
1005002935134579
1005006013073118
1005005532686424
1005007620570475
1005006261776321
1005005786684951
1005005076824179
1005007597099086
1005006340122292
1005005507379755
1005004123251942
1005006922517166
1005005523183962
1005004261899239
1005004279855965
1005004786965752
1005007534526522
1005007284401207
1005006304480441
1005007191828356
1005007544270777
1005007446580110
4000818492641
1005007530350918
1005005834286766
1005007649316397
1005005884609573
1005007281645890
1005005628609698
1005006524711410
1005007505546157
1005006457167527
1005007569888162
1005006085753045
1005005702557487
1005003689466854
1005006374755494
32866103785
1005005509946714
1005007162635751
1005007021872256
1005005652187396
1005007266195340
1005003462355127
1005007314258957
1005007027532601
1005003576646280
1005007601048149
1005006953710135
1005005478085961
1005005946901294
1005007370406783
1005002990485654
1005006042234524
1005005029458127
1005006257622044
1005006865952566
1005004867324372
32948187781
1005006990268320
1005005388967488
32600511238
1005004501306478
1005007219287319
1005007369609063
2008517054
32660012285
1005005580559455
1005005561596441
1005007076303738
1005007251319337
1005006059954256
1005006722438396
1005006093170972
4000326853019
1005007467996449
4000433533599
33005662192
1005006807649182
1005006622577011
1005005548005448
4000233836525
1005006176681605
1005005343213200
1005004465690816
1005005686932404
1005006716610859
1005005672952920
1005006016374936
1005006749906485
32347699422
4001350748565
1005007592213756
1005004313641647
1005005480186430
1005007513156415
1005006794024127
1005005857610772
1005007627197516
1005007597714263
1005005033823169
1005006425128513
32663667178
4000259867102
1005006176528052
1005005214479676
1005003049066024
32763632216
1005007560157948
32960215068
1005006855436953
32947975848
1005007173479331
1005006268968524
1005005852686982
1005002457471065
1005004863106098
1005007424611212
1005004944281130
32666584974
1005003625031096
1005006099131579
1005005673079437
1005006266745305
1005007268889907
1005002470993484
1005006039081207
1005007623034086
1005005225363507
1005005139589123
33010269065
1005007408190971
1005007333929406
1927230221
1005003786294889
4000312385035
1005006489211514
33001746375
1005005363266101
1005007130924368
32780488927
1005006508935336
1005001533969695
1005007093810374
1005005650121772
1005007529633254
33054344294
1005005925003700
1005001603343697
1005006846766940
1005004383816644
1005005797930137
1005003182067506
1005002826764819
1005007038555384
32898158018
1005006942783901
33060343678
1005001385724121
1005007116029971
32835082614
32968397439
32913516491
1005002998878567
32779661876
4000259898002
1005006864216481
1005005480468666
1005007009523760
1005005287079606
32860131073
32779600251
1005002793522560
1005007523575656
32428220546
1005004572377436
32738072934
1005002981944808
1005005932755772
32948517846
1005004466629905
33016722299
1005006203836904
1005002381098433
1005004355178942
1005006967070105
1005005106712919
1005006707820459
1005003653096672
1005006525662763
32874520610
1005001680131616
32352271664
1005006058399874
4000803546845
1005002404638065
1005001890129903
1613813801
1005006819919139
32241612977
1005004355365995
1005004078260869
1005005437026378
1005003918339528
1005006724413421
1005003635544568
1005007184356956
1005003175209849
1005006120808078
1005003120204463
1005006003884692
1005006827601277
1005003758130814
1005005615354569
1005003220544540
1005006616664030
1005003955260925
1005007423858938
1005004094983213
32947718665
32920586874
10000044795601
1005005845924841
1005007067805154
1005007369514897
1005006810597389
1005002393125391
1005004260853076
1005007532832359
32330255955
1005004403590895
1005004298114426
1005007175525966
1005005963376564
1005006299407244
1005006244137880
1005006032748685
32716955313
1005006158068571
1005006024535213
1005007334707663
32728371233
1005005081915987
1005005079360799
4000176552830
4000009957512
1005002192670329
1005007384296975
1005006147967872
32994687530
1005007243101392
1005005530324213
1005006914004100
1005006901386351
1005007474745024
1005005888708086
1005003456150450
1005005703737194
4000307594890
1005006198703691
1005002007027161
1005006865987583
1005006178244539
1005006065594447
1005004229818362
1005005919949186
1005007542442722
1005006046108839
1005004469307710
32952273997
1005005471402663
32705042997
1005005998133778
1005006189046216
1005006247791320
1005006498583803
1005006587626883
1005004067842051
32932783143
1005007588975591
1005003844084975
1005003441899172
1005005795069117
1005005050776822
1005004890178498
1005005833829944
1005006865881793
32890072691
4000829429917
1005005537562825
1005004686666740
1005006994439568
1005005021381005
33057251680
4001161852576
1005006413148415
4001119468170
32775133228
1005002616913523
1005005990274776
1005005772008018
1005006100321502
1005004982572533
1005007004049137
1005006796351848
10000045692094
1005005241006791
1005002059017874
1005001489357044
4000026759489
1005005654967500
1005003461378175
1005005005191940
32950752237
1005005879939122
1005007257453528
32593550551
1005005631327494
32879617593
1005007170280621
1005007353516954
1005004358969548
1005002573269240
4000785339163
1005006717580013
1005003641543958
1005006479108007
1005007160938046
1005006771293618
1005006434146013
33032114635
1005005976598102
33031352206
1005003400393640
1005007587770712
33008540639
1005002943433624
1005005314947267
1005004988577645
1005004181043697
1005003655232760
1005005251746833
1005005975406772
1005005382758944
1005004662426827
1005006990687305
4001163130316
1005006472058210
1005003968924735
1005007234383089
1005006520603131
1005006158151102
1005005702673829
1005005599177554
1005006293514556
1005001470824987
1005005979656954
32363099400
1005002345417407
1005006168098432
1005004860770876
1005004022213376
1005005897054117
1005004055202966
1005005220699150
1005005250248831
1005006646883113
4001282441071
1005002358013522
1005005963212372
1005005928060747
1005005877039265
1005006994369545
1005006703713935
1005005636299434
4000901206335
1005007218225175
1005005093954237
1005007161190822
1005004193632617
1005007316843290
1005007127927871
1005005560365029
1005001936245244
10000204664468
1005004934392574
1005005579470033
1005005685687279
1005007429045652
1000004854680
1005005433585687
1005007615192722
1005006007916211
10000051732412
1005004904299323
1005003724030799
1005007522474476
1005002571711205
1005005975288562
1005002490299120
1005006108942490
1005004043378297
1005007044617089
1005007125041060
1005006806086270
1005004953997606
1005002183047116
32995406823
33003566025
1005003734973982
1005005620815184
32951597243
1005007183587389
1005006622602826
1005006127253884
1944084061
1005007433284944
1005007135332910
1005005936195196
1005005671984776
33039620155
1005007593855345
1005003659035648
1005003604669290
1005005440500635
1005005875511221
4000019397008
1005004934305885
4001356516857
1005006974090469
1005005066702629