1005003425078482
1005005941109855
1005007377619206
1005004504925694
1005004033833547
1005005628208880
1005004879346645
1005005368476690
1005006332326462
1005006162196838
1005006226035912
1005006557310062
1005004029001463
1005006913618147
1005004754621724
1005004711507210
1005004017110918
1005005094036540
1005005111277576
1005007224645518
1005004189878997
1005007216332506
1005007482229389
1005005230541433
1005004805399083
1005004766762127
1005007463605397
1005003814196329
1005006918448630
1005006109761440
1005006507329444
1005006966454246
1005002989746818
1005007027286293
1005005857176462
1005007531418417
1005005152041188
1005006088555590
1005006834416230
1005003781029954
1005006164226503
1005006236111184
1005007538732021
1005006592900384
1005006580026134
1005006235975914
1005004971754264
1005007345549272
1005007002064013
1005007584164388
1005007010493276
1005001797309777
1005007550699391
32852924482
1005007636495303
1005007278891256
1005007574907661
1005001824018041
1005006803746652
32838515935
1005007642112839
1005007523434611
1005003629011872
1005007471336520
1005006376478668
1005007465199079
1005006813990258
1005006027334222
1005005820144895
1005006881976874
1005007211995338
1005006982366619
1005006370932037
1005007582658464
1005007458685256
1005007308848064
1005006960160804
1005004650160849
1005007210977229
1005007618249681
1005007506174030
1005007291125937
4001227056783
1005006226680290
1005007252918635
1005007403935238
1005003502901856
1005007592076263
1005007587050554
1005007334432014
32787084028
1005007563794248
1005007550747374
1005004971113084
1005007606973519
1005006827049324
1005004828262046
1005006268984113
1005006224803538
1005006973750555
1005006144104244
1005007163844329
1005007001794262
1005007445620496
1005006573295353
1005006990744661
1005006164696325
1005006960393038
1005007616969720
1005007446065407
1005003563441625
1005007634354488
1005006677323903
1005003612206580
4000200856313
1005007610172412
1005007587116283
1005007586884998
1005007586821914
1005006111707634
1005007618963609
1005006080825769
1005006862322169
1005004509586184
1005007292151858
4000887922333
1005007223986000
1005007414011218
1005007587107497
1005006884079125
1005004941021372
1005006386013414
1005003244606141
1005007603364075
1005003666268512
1005001929308275
1005006263199817
1005006113138351
1005006400687118
1005007647430520
1005006146571199
1005007634205711
1005007210211892
1005007090694446
32802745078
1005006153135694
1005007647477383
33014860330
1005007606955499
1005003130568831
1005004060396538
1005006318216471
1005007618431238
1005005517790084
1005005111594384
1005006362956340
1005007598111991
1005007524429351
1005006302689590
1005006079931159
1005007117705316
1005007001820215
1005006834132869
1005003463916811
1005007386569261
1005006591315037
1005007610173407
1005007570999238
1005007652237739
1005007603290238
1005007550481833
1005007603006975
1005007550459870
1005007550547516
1005007550431914
1005007214028051
1005004829409218
1005007647478447
1005007419247360
1005007643386826
1005007606751967
1005007630846789
1005007302351603
32794852358
1005007647611063
1005006378885229
1005007592072329
1005006941113204
4000530886389
1005007619079355
1005006423055824
1005007018083047
1005007603173527
1005007604684963
33004475846
1005004845234709
1005007321006365
1005004945727169
1005007402341021
32351516969
1005006389132150
1005005486382271
1005006724774629
1005004940401637
1005001840853855
1005007604904415
4001002640547
1005005841994295
1005006478409406
1005006541976975
1005004757350651
4000890319842
1005006244274695
1005006118941358
1005006508447729
1005007401627277
1005006390841247
1005007599503514
1005007613970200
1005006614277486
1005007001767273
1005007298440253
1005007632763215
1005007633736084
1005007374740095
1005007642244913
1005007233580663
1005007619083362
1005007046073733
1005007341869719
1005007604768753
4000896412327
1005001756044523
1005004984350978
1005006905288953
1005006318051393
1005007161906278
1005005797592229
32838278228
1005007568978494
1005006156658378
1005006207960693
1005006371511306
1005006107312009
1005006380707446
1005007096467045
1005007662651788
1005007659401519
1005007642987578
1005006132806346
1005007663816093
1005007681019231
1005007675496497
1005007672563744
1005007687293206
1005007684429033
1005007684011724
1005007662960507
1005007640060595
1005007656633551
1005007670691381
1005007670558570
1005007676643823
1005007669310453
1005007675690049
1005007664148077
1005007663401640
1005007678761054
1005007656634708
1005007661235749
1005007673228522
1005007669402494
1005005111712102
1005006256479550
1005007393316161
1005006947877908
1005007604879010
1005007001720370
1005006997603617
1005007506185451
1005007610049786
1005006665856814
1005007642288296
1005007233136261
1005007618851767
1005007330953119
1005007277170604
1005007662561694
1005007656780309
1005007661491002
1005007654883313
1005007678488311
1005007678416370
1005007677938611
1005007657048329
1005007657175006
1005007683571961
1005007664068667
1005007728095444
1005007792445791
1005007704258762
1005007714205806
1005007777469493
1005007777426742
1005007695185210
1005007777531299
1005007704107021
1005007777457558
1005007777435035
1005007709523894
1005007753668857
1005007747759300
1005007721323539
1005007753213548
1005007753176691
1005007742386855
1005007719691738
1005007753209409
1005007785021033
1005007764198224
1005007763466371
1005007790510668
1005007788926037
1005007788625799
1005007790144052
1005007788025815
1005007763471371
1005007787574747
1005007697721042
1005007696556690
1005007707386722
1005007708953066
32916545365
1005006267892213
1005002898502113
1005005990677237
1005007595943802
1005007270860768
1005007619114049
1005007002064034
1005007628958629
1005007639444468
1005007208918300
1005007619035491
1005007291788571
1005007668207207
1005007656385282
1005007709591971
1005007710927351
1005007729341532
1005007729096830
1005007729296165
1005007734134629
1005007736880163
1005007750145802
1005007751994797
1005007760814565
1005007770818126
1005007770777291
1005007770729879
1005007770739826
1005007770722954
1005007770704922
1005007770703951
1005007775611115
1005007783987243
1005007783953350
1005007784070043
1005007765969162
1005007765842455
1005007773245509
1005007761539585
1005007778263464
1005007711442334
1005007775926438
1005007768969723
1005007768964354
1005007709690175
1005007709340732
1005007761707479
1005007769610035
1005007769585204
1005007724860824
1005007769383915
1005007769428711
1005007769401808
1005007769500452
1005007769531227
1005007769549179
1005007769321986
1005007769393831
1005007769598081
1005004585471367
1005006161741074
1005005249176213
1005007606947124
1005007596153287
1005007618915684
1005006517849830
1005007651264710
1005007288643155
1005007635155801
1005007667353610
1005007769501405
1005007769457574
1005007769510400
1005007769589084
1005007769603057
1005007769621010
1005007769470546
1005007769372894
1005007769489472
1005007769458602
1005007769475493
1005007769412797
1005007769358944
1005007714654160
1005007693001437
1005007736568728
1005007752205237
1005007767012901
1005007765176950
1005007712101848
1005007735277155
1005007753830579
1005007760452236
1005007710717512
1005007756641829
1005007757607405
1005007757420576
1005007756926695
1005007756091581
1005007754350018
1005004521493643
1005007724367086
1005007732369793
1005007739458013
1005007710934687
1005007711002401
1005007710786051
1005007736211151
1005007747459461
1005007747099304
1005007744366053
1005007743893697
1005007734638540
1005007742109434
1005007741059604
1005007741117117
1005007737468802
1005007734264453
1005007734692035
1005006244264788
1005007626024682
1005006259881294
1005004480731991
1005007596053526
1005007618908671
1005007336982461
1005007691167613
1005007695476354
1005007717847376
1005007716896616
1005007717044020
1005007724659942
1005007690309347
1005007712124348
1005007716635015
1005007694794813
1005007693368594
1005007701291802
1005007688844090
1005007691061670
1005007696545695
1005007695980636
1005007663174432
1005007694645303
1005005770513188
1005005791693249
1005006476824305
1005007558598749
1005007628261319
1005006474529917
1005006565711956
1005002260496884
1005005681004067
1005007626574229
1005006712427646
1005007618876677
1005006175344990
1005007422231322
4001268150182
1005007584269899
1005007632463238
1005006030890372
1005007655231788
1005007634340774
1005004847873705
1005007646318199
1005007590180391