4000897277866
4000913077708
4000340915064
1005007790986443
1005007776436479
1005007769115673
1005007767905368
1005007767912350
1005007767443788
1005007767622385
1005007769241700
1005007767182052
1005007765382654
1005007767169130
1005007764863689
1005007764879566
4000295003835
4000329591900
4000307069841
1005005679448817
1005005763178913
1005001448715422
4000304868822
33031764692
4000340952696
4000305441168
4000303808623
4000296425397
4000262778866
1005006959163917
4000274866057
4000281914019
4000295343439
4000337389493
4000295688432
4000311015256
4000275282688
1005006311694216
32573700965
1005007526802151
1005006820105674
1005005626271849
1005007101369738
1005005204717881
1005006877697170
1005007342740783
4000988245146
1005006705519362
1005006208103362
32976467278
1005006218714593
1005007143980304
1005004212448101
1005006963296431
32824552508
32954661244
1005007016147798
1005005567401612
1005006285769242
32467987523
4000662646552
1005006212910906
1005006397917672
1005007344433726
1005006096791205
1005006257298638
1005005875485754
1005007480535643
1005006897565250
1005004452510108
32571734622
1005006262403018
1005006415017873
1005006132124618
4001065983592
1005006678786726
1005006166317837
1005006884076499
32955741883
4000345652715
1005005627445179
1005003776577587
1005002480389682
1005006136714455
1005002224722048
1005006359047171
1005005633512650
32997568099
1588019770
1005004845497678
1005006154009134
33019154856
1005006058102279
1005005991569826
1005001330839606
1005006902205230
1005007259024191
1005006358499987
1005005224928053
1005006570468224
1005006840962398
1005007295142491
1005005910645391
1005006457571505
1005005986858727
1005007020975709
1005003328115233
1005006348992291
1005004033876497
1005001982875136
32625235327
1005005992251221
1005001552162516
1005005618042969
1005005927528739
1005007088979867
1005006646633602
1005001834826027
1005006086550333
1005002577969341
1005007138548329
1005006131446057
1005002801718739
32972302223
1005006121971687
1005006742915357
4001139729678
1005005732184122
1005007031400370
1005007146453552
1005003157041807
1005007500704771
1005005431298971
1005002465978648
1005004063255623
1005006360232680
1005001423694508
1005005876233099
1005005986804968
4001057052417
32690273609
1005006111792827
1005005770690627
1005006607337629
1005005995644750
1005005524671901
1005005969910631
1005005454688151
1005006839186890
1005006082496410
1005005224831988
1005005972695247
1005005682974795
32841102007
1005006458296491
1005006137487700
1005006041828547
32874405562
1005006902057811
10000054783117
32898556012
1005007121662701
1005006757872508
32368932544
1005005979304280
1005006179549739
1005005964712493
1005005786064615
1005006007173169
1005006136059282
1005003891933388
1005005287934161
1005006475668595
1005006730249664
1005006749317097
1005007171765742
1005002237714527
1005006485977623
1005005876867382
1005007574211074
1005007015948702
1005005491604517
1005007247314353
1005007114092266
1005006274919291
1005006262554206
1005007437414677
1005006485079419
1005002238270522
1005007513620645
1005007513440007
1005007531027868
1005007387294952
1005007541638120
1005006490870116
32990864111
1005003772322761
1005006640348309
1005007474902607
1005007079344560
1005007341295585
1005006111730895
1005007352690233
1005007648695361
1005006727900593
1005006727739145
1005006727339769
1005006345469185
1005007211259080
4000627957566
1005005906006917
1005005805752760
32756737387
32860358450
32861723378
1005006083257872
1005004464498462
1005007307953078
32874332521
1005007198805195
1005007295669508
1005007367857534
1005004995066078
1005004981020086
1005006223360549
1005007298823657
1005007591087572
1005007148783924
1005006680247210
1005007508148281
1005007607682881
1005007502739590
1005004073469806
1005005340884371
1005006422126044
1005006327492585
32896193175
1005004217583814
1005004406698831
1005007532123665
1005007331938377
1005007261450586
1005005511367637
1005004842040839
1005007383797456
1005007507177114
1005006423423905
1005004139138882
1005006177129771
1005006986945851
1005006017136009
1005006603265630
1005007625505834
1005007215585774
1005007474224851
1005006327385861
1005006862876524
1005007444005134
1005007009980473
1005007519244676
1005002707779614
1005007180949811
1005005757048075
1005006313248008
1005005804279645
1005007387254915
1005005901593589
1005005105185798
1005005674720144
1005005964731943
1005005965726361
32339701712
848181311
1005006182536291
1005006477775797
1005007322509300
1005007196095363
1005007065341071
1005005390968147
1023492760
1005007307441863
1005007062037131
1005007488494910
1005005727678252
1005004201979645
1005004063322894
1005006925068530
1005007375124495
1005007507065313
1005005388938080
1005006261075505
1005006263391908
1005006319176188
1005006913942509
1005005855375349
1005002537748859
1005007020878791
1005005726073541
1005005482197870
33010946555
1005006795272053
1005005237948701
1005004886749647
1005005514437630
1005006502197271
1005006769147200
1005006008177662
1005007551255512
1005004248181302
1005007260786163
1005007049510687
1005003709998811
1005007181225896
1005003501627459
1005006333688933
1005006316001971
1005007507174006
1005006421504553
1005005795203415
1005007402596625
1005005250710449
1892734874
1005006431775197
1005005697676808
1005006431828369
1005007009407948
1005004106123842
1005006472789243
1005007399278786
1005007040803836
1005006652744539
1005007399403426
1005006927622088
1005006409184833
1005007538718609
1005006820711063
1005007287437183
1005005754752717
1005007288878144
1005007008460217
1005007355683765
1005005269988615
1005006466657273
1005006415002515
1005006004888166
1005007453814568
4000188471151
1005006276603277
1005001489495648
1005007449700020
1005003068955469
1005007144382260
1005006776569771
1005006448947791
1005007633065955
1005005042486965
10000004421190
1005003282659444
1005006897238992
1005005807145943
1005007265006837
1005007208424279
1005007196963561
1005003124048809
1005005105014250
1005007176748676
1005006415570537
4000177645606
1005007399350621
1005007041230313
1005007009825052
1005006881554138
1005006825921131
1005003117708896
1005006990455945
1005006729467498
1005006136091230
1005006962123112
1005007207445706
1005006143729784
1005007000768204
1005006143857393
1005006733860701
1005007533167672
1005002021818260
1005007436140083
1005007412456735
1005007466704926
1005007636433138
1005005793424987
33000698253
4000379006696
1005006192073818
1005007511103656
1005005292333278
1005006080525877
1005006179635356
1005006048722229
1005007364060044
1005006821267883
1005006697784153
1005003922791534
1005007409547098
1005003500127315
1005007243137205
1005006818384305
1005007316840994
1005006537990062
1005006940711691
1005005648350056
1005006332837739
1005006141134285
1005006341055607
1005006143831690
1005005393364094
1005005838804270
4000295538423
1005005146820320
1005001694630612
1005006190212635
1005005922277367
1005005857701552
1005007504549201
1005006690936563
1005006684760802
1005006108801694
1005007040860762
1005007452990012
1005006897475471
1005006833961658
1005003404370439
1005004043579884
1005005931919417
1005005099766017
1005002512494828
1005003428185354
1005005929628189
1005007044736661
1005004924950380
1005003777081169
1005006925533236
4000226651704
32851782205
1005006479965115
1005007430303498
32971869018
1005005786001761
1005005785936574
1005005158572536
1005007385434642
1005007293577838
1005004329873084
1005005984738077
1005007382426051
1005006442883761
1005001510084068
1005006483825697
4000142377131
1005006097168561
1005006380382683
1005007345486265
1005006612680634
1005007456729295
1005006146590987
1005004906960767
1005007201420980
1005007384108598
1005006725052651
1005006161567243
1005006163362749
1005004427664458
1005007039766348
1005005959160411
1005007337475651
1005007076300505
1005006457633203
1005006897501628
1005006110269221
1005006088975170
1005007418748524
1005007287722686
1005007534862300
1005005781179449
1005003118997632
1005004313945477
1005005072799223
1005007130376377
1005005960184197
1005007197478624
1005007424302638
1005006584437517
1005006528461528
1005006177763190
1005005012923271
1005006703932335
1005002930500680
32857555171
1005006326626763
1005003681658782
1005006564958481