1005005977279215
1005006221437422
1005006077753169
1005007612183419
1005007549924197
1005007533213203
1005006214933913
1005006815938870
1005006369173675
1005007531886986
1005007550117559
1005007416850049
1005006292794232
1005005988638549
1005006070819366
1005006896252957
1005007562546151
1005007551291816
1005005926498762
1005005850352773
1005007433802140
1005007539404259
1005006236465928
1005006363806068
1005006117022141
1005007591581595
1005006177137166
1005004762262123
1005006092465403
1005006363847086
1005006140690902
1005007568898905
1005007550112689
1005006235472352
1005007464377521
1005006015225295
1005007574291656
1005006100477278
1005006200264186
1005006270064101
1005007535011008
1005007249532301
1005007462400219
1005007467157358
1005006212388146
1005006273177854
1005007546025881
1005007541887121
1005007602330599
1005006363761489
1005006140323781
1005006363752209
1005006363835157
1005006120975483
1005006080703791
1005006363784205
1005006100248149
1005006190845116
1005006371568507
1005006092437548
1005006232124627
1005004665757512
1005006080768391
1005007424501908
1005007639155880
1005007649301601
1005006818251607
1005006123385333
1005006451648294
1005006645529062
1005004653328442
1005006471601879
32703059723
1005004073898052
1005001340105094
1005003439656038
1005006641231329
1005003496445894
1005006656556714
1005005968466033
1005007273973988
1005007524602336
1005007175179917
4000093283550
1005007310632092
1005004963110972
1005001615191847
1005003903603428
1005005582254591
1005007153684143
1005007426041324
1005001927592260
1005007319555601
1005005063375333
1005005036333260
1005006031193983
1005004629218110
1005006248317617
4000988954345
1005002742213359
1005007435948550
1005001266986199
1005007082953943
4000453459726
1005005557316355
1005006128603319
1005004092118966
33027753634
1005004703055377
32841745797
1005007174589926
1005006700032120
1005003772452934
1005001590863570
1005005624324123
1005007454037219
1005007449420826
1005002959102983
1005002731668592
1005004638728718
4001270849653
1005006913865896
1005007023769541
1005006858483360
1005006914124426
1005006095842759
1005006908819399
1005006960820259
1005006917793563
1005006808749126
1005006917954961
1005007144424382
1005007399639649
1005006578354298
1005006827951048
1005006970575328
1005006906876714
1005005980913404
1005006833859584
1005006751054227
1005007512209575
1005006885406853
1005006751792896
1005006262253505
1005007166369006
1005006782462119
1005006038213237
1005006803316442
1005007046527499
1005007215944041
1005006584025617
1005007116999579
1005006766028710
1005006975284200
1005006997011288
1005005849300709
1005006913447384
1005004050994057
1005006962295644
1005006272632012
1005007136499914
1005007242440747
1005006827464154
1005005756736366
1005007363837854
1005006757062810
1005006962235964
1005006110076019
1005006987334774
1005006861506013
1005006894674107
4000039720788
1005007137022003
1005006863689117
1005005030174808
1005007156531876
1005007130210404
1005006867101457
1005006968329620
1005007399857868
1005007143268250
1005006769560272
1005006962346195
1005006854465329
1005007108905441
1005006896377961
1005006619465402
1005006875329188
1005006061740292
1005006846610730
1005006121899600
1005006964555315
1005006865323795
1005006333570133
1005006963054238
1005006079622707
1005006889419636
1005001965205073
1005007045910110
1005007044781896
1005006791784861
1005006821535449
1005006939547635
1005006276972664
1005006974808899
1005007108407674
1005006864259458
1005006335105911
1005006832886766
1005006967318143
1005006966357217
1005007144891574
32930428133
1005007362321148
1005006815263041
1005006918963628
1005007128687789
1005007060709285
1005006826166188
1005007003675497
1005005847006346
1005006136901399
1005006895873285
1005006962210006
1005006781012540
1005007108196448
1005006870079673
1005007505958041
1005006860085953
1005007218668251
1005007020407559
1005006963423600
1005006502318651
1005006949367544
1005005968301443
1005005818972266
1005007029354041
1005006729518807
1005006913299960
1005006913160900
1005006985255813
1005006948544649
1005006136857915
1005007362299399
1005006905107289
1005007137586466
1005007292173139
1005002538655889
1005006988613042
1005007009193081
1005006996018143
1005006573434343
1005007144513160
1005007174518912
1005006930051193
1005007226149554
1005006964960600
1005006896308488
1005006505237613
1005006978213671
1005006887963186
1005006759171327
1005007443965948
1005006894930010
1005006920584142
1005007136935920
1005007504967187
1005007083631556
1005006961667839
1005006743889645
1005007114898724
1005006407074935
1005006883880659
1005007007549088
1005007194361879
1005007316843919
1005006850055026
1005006726838692
1005006885573838
1005007437099558
1005007135969025
1005007276122840
1005007059161790
1005006894397379
1005006851679214
1005006920173592
1005006916077576
1005007289654870
1005006270482927
1005007536120782
1005007101443573
1005006871316815
1005007060392135
1005006962604881
1005006925078521
1005006953770861
1005006921676109
1005007350297573
1005007522122810
1005006830482861
1005006903404606
1005001869713551
1005006812925291
1005007279136458
1005006966316030
4000325438160
1005006967665179
1005007609899411
1005007410497290
1005006903442301
1005005850371946
1005006886571335
1005005959223462
1005007580036752
1005007187504313
1005006990013900
1005006901096443
1005006848676802
1005005778072286
1005006917020948
1005005958891132
1005006903205138
1005007597567686
1005006862312221
1005007015650653
1005007553831790
1005007398521767
1005007597972724
1005002507073418
1005006920079960
1005007361018673
1005006542462778
1005007511873835
1005007402182796
1005006859222994
1005007082870624
1005005940921468
1005005111373319
1005001931315993
1005006887213558
1005007545239493
1005006930312348
1005003641470214
1005006384179536
1005007610811167
1005007186767823
1005007274489922
4001203316093
1005005940882826
1005007262593177
1005006014926808
1005005667695438
1005003041768259
1005007246329181
1005007530431746
1005006158389928
1005007362260838
1005006962684899
1005006946019229
1005001937620885
1005007296186788
1005007038933834
1005007524682943
1005005867999389
1005001937779705
1005006691347419
1005005087990648
1005006691473133
1005006856882371
1005006248571693
1005007524858401
1005006987067243
1005007590429891
1005005131236502
1005007090125733
1005006798973258
1005006961665966
1005007090759327
1005007410263533
1005005539720807
1005006094804608
1005007020689949
1005006985239137
1005006879776654
1005002985893625
1005006954634677
1005007293808846
4000770122925
1005007254707241
1005006841584853
1005006791165730
4000366741711
1005006809335750
1005005808454863
1005006860388982
1005006963596226
1005006978121859
1005006750797890
1005005855291746
1005006703163737
1005006893462587
1005005975240067
1005006332731995
4001085245968
1005007433708677
1005007004995446
1005006832279581
1005006918039837
1005006936118064
1005007107321975
1005007530637678
1005007272346066
1005006852486765
1005007337258926
1005006930990641
4000325448081
1005006962440846
1005007362280587
1005001860693953
1005007531810417
1005007022814133
1005007469986766
1005006751995963
1005006791587592
1005007234255769
1005006916534090
1005006983371039
1005002810558528
1005001937895470
1005006739618321
1005006985139232
1005001810639306
1005007500258986
1005007519805770
1005006752252564
33048648151
1005005667618739
1005006948873283
1005006950405119
1005002225895940
1005006831479179
1005007492858976
1005006935966377
1005001977843957
1005001757385307
1005002500623758
1005006818401799
1005001814618769
1005007308553707
32907682628
1005007511021652
1005006961652533
1005007343607217
1005007445153080
1005007299844804
1005006914184719
1005007531415404
1005007579437092
1005006928464126
1005007530727014
1005006750350845
1005006772555032
1005007010493562
1005007588012760
1005005413449609
1005003094090362
1005007501237513
1005007205212066
1005004349907525
1005006095316835
1005003336799161
1005001605177517
1005005297505945
1005007550434577
1005006914287456
1005006117899016
1005007362343087
1005002532851435
1005007410422717
1005006963323682
1005006984952862
1005006970612272
1005006117663409
1005006985054470
1005005140031289
1005001950292241
1005006954587971
1005006955501114
1005006562943856
1005006928285494
1005007208689942
1005007404869449
1005007039086918
1005006962913083
1005005037256049
1005007623171359
1005005755674349
1005007415332229
1005007513686888
1005006923693231