1005007707524393
1005007707443292
1005007707220877
1005007707200667
1005007707353097
1005007702781188
1005007702752484
1005007702901132
32829515376
4000646968246
1005002515070287
33005277603
1005001978090812
1005001880341321
1005001775207832
1005006616569095
1005006415613824
1005004870138642
1005001774448862
32971410773
1005006310498071
32961364357
4000617266546
4000560883652
1005005709019874
1005006944422777
32984084801
33059336428
1005006217518027
1005001860761641
1005002579348822
4000311791486
1005007483851637
4000616946632
4000460486956
4000627852701
1005007054777490
1005005358644272
32951126582
4000800497877
1005002112509141
1005006616791003
1005004782773569
1005007225794857
1005005979746773
1005001555665520
1005006854533037
1005007014214490
1005003532163089
1005005539059846
1005003822976068
1005007203591928
1005007014304241
1005005542941079
32861668529
1005002294175188
32971347964
4000861424984
4000013489865
1005003602107438
1005003469894421
4000215073597
32880033037
1005003458715844
32829121344
32920553080
32831699248
32925147061
4000647068361
1005004916068405
1005001561104409
1005001555638475
1005006808845940
32984770306
1005003469903335
1005003469809962
32861660649
32875668543
1005003458822191
4000661168056
1005006282256303
32967567659
1005006109274372
1005005223004186
4000701888666
1005002977779995
1005005885310931
1005006477828837
1005003550195056
4000222147483
32997903289
1005001946658509
1005004841170638
1005003778536198
1005005474861604
1005006156379723
1005006269052469
1005007017355612
1005006918775766
1005005072543867
1005006010150272
1005005225354047
1005006161063796
1005004917535336
1005006244105528
1005006266202930
1005006568024079
1005006244146267
32953494913
1005003533404783
1005007292239363
1005005288120237
1005003534195058
1005003814228443
32996450080
1005007514051792
32967571575
1005006148201292
1005007036455167
1005006256859437
1005006497814014
1005003540515325
1005007004285632
32995156137
1005006497092537
1005007009867197
1005006143439103
1005006456027827
1005006256775352
1005006190172791
1005005475952946
1005006276905224
1005006265029204
4000660976748
1005005332427751
1005002111652517
4000660978753
1005005766528273
1005003634195034
32994273602
1005007417858805
1005006629613820
1005002224252282
1005004954058009
1005001452328921
1005006210552158
1005006285988174
1005005837359038
1005004679319601
4000661001460
1005005023817430
1005005847284049
1005001697604315
1005005767830732
1005006492424859
1005005609009843
1005006933801635
1005006326477472
1005005520349338
4000348674364
4000661034083
1005005710268358
1005006402683727
1005005799461124
1005006087635221
1005006173053348
1005006604015110
1005007506849162
1005007227004257
1005002050796823
1005003202700531
1005007510259576
1005006822137518
1005007649861340
1005006744062888
1005007639857793
1005007506903023
1005007531093660
1005007225529122
1005007195116234
1005007506903012
1005007652561074
1005006703952928
1005007427625381
1005006585907304
1005006389669749
1005007646510205
1005006593946989
1005007621258732
1005007508234603
1005007604110048
1005007603765581
1005007639828336
1005007409600870
1005007637258066
1005007047390050
1005007570973061
1005007409530347
1005007345574735
1005007589281866
1005007570699864
1005007159461974
1005007199107706
1005006232531962
1005007603891721
1005007409569578
1005006583697770
1005006976741546
1005006448291202
1005007653208641
1005006976094682
1005007101799589
1005007242637821
1005007239036855
1005006585380795
1005004415068044
1005007629059601
1005006035163316
1005003814909896
1005007296845517
1005007409479821
1005007570771634
1005006135301764
1005007409430812
1005006777737903
1005007025519946
1005001446012342
1005007184381866
1005004403038351
1005006219947838
1005007537154131
1005006215887468
1005006058458845
1005007040024655
1005006133360178
1005005722416373
1005006954702490
1005006539249973
1005006917617168
1005007569157622
1005007580655032
1005005864182613
1005007579971427
1005003721745164
1005006560381112
1005006263010861
1005006695244940
1005006436923880
1005004871435899
1005007571192274
1005007154082027
1005007577710247
1005007579605736
1005005864491039
4000388760512
1005007579699515
1005007571153418
1005003557210131
1005004871538577
1005007581308346
1005005864325900
1005007581748542
1005007581270547
1005006420703434
1005005864391726
1005007581076800
1005006741684519
1005006468102195
1005007581031722
1005007577706293
1005007579597415
1005007580229842
1005005864242405
1005007582920727
1005006281567772
1005006420731325
1005006420613641
1005007582188476
1005007583434348
1005007582758153
1005007579893615
1005007582330275
32604020914
1005007579496623
1005004871631104
1005007580495643
1005007580623357
1005007577577790
1005007581978976
1005007582519728
1005007581827758
1005007581767496
1005004871645090
1005007582277222
1005007583236839
1005007569344184
1005007581950679
1005007582774870
32848730575
1005005139505066
1005006743351490
1005005864439470
1005005864154939
1005007581311645
1005007581555062
1005007581448325
1005007582244352
1005007580308767
1005005864370784
1005004871494600
1005006096194063
1005007581857726
1005007582175038
1005005161852628
1005007582926820
32254518543
1005007583019449
1005007582886960
1005007583047447
1005006695484277
1005007583281719
1005004871470809
32791613786
1005007581963647
1005007583402307
1005004664749552
1005007583462207
1005007582765647
1005007582742864
1005005161787940
1005007011461788
1005007579795116
1005007582989079
1005005141940276
1005006232978849
1005006233079228
1005007580233851
1005007577561700
1005007580558475
1005007009847955
1005007583287644
4000739051628
1005007580020669
1005007581619970
1005007684897695
1005007684220974
1005007684989321
1005007684852363
1005007684668691
1005007684398338
1005007684396801
1005007684899329
1005007684923315
1005007684618118
1005007684933739
1005007684211606
1005007684580436
1005006860305177
1005005563633009
1005005583779593
1005005049816979
1005006574618290
1005007427739156
1005007442962016
1005007315497684
1005007336776733
1005007123365066
1005007480576295
1005007535383187
1005004908355069
1005007573989398
1005007083431599
1005007390583189
1005007405231142
1005007005212884
1005006340414052
1005006123403509
1005006776582084
1005007219061650
1005007574039317
1005007400378703
1005007387480024
1005007549295513
1005007254620360
1005007573714876
1005007637636576
1005007029693754
1005006343217015
1005007389915133
1005007474874985
1005007220290263
1005007605267780
1005007325293201
1005007325550353
1005007463176965
1005007377630307
1005004174268622
1005006751287598
1005007149059130
1005007303297499
1005007240623903
1005007315772579
1005007496535464
1005007329283558
1005007271365176
1005007497919254
1005007535294393
1005007243338755
1005007601315150
1005007543539699
1005007453150899
1005005120296231
1005007031597206
1005003682207308
1005007514834437
1005004810652721
1005007235356560
1005007018349953
1005007285984032
1005006767225530
1005006852510130
1005007287884418
1005006235826627
1005006827905359
1005007332865766
1005006809572507
1005007439984891
1005006453635646
1005007360077596
1005006656722790
1005007629970124
1005007143015080
1005005745801002
1005007068352091
1005007030219944
1005007638392889
1005005816840970
1005006835637713
1005007125454475
1005007189302689
1005005738299878
1005007299186818
1005006361267703
1005007427235257
1005006308998890
1005007512532247
1005007300953190
1005007544124561
1005007235065137
1005005616972333
1005007436178000
1005007389564762
1005006518005253
1005006697492994
1005006161967306
1005007573988694
1005006827762706
1005006413630225
1005006263044348
1005007438399601
1005007516599371
1005006736027965
1005007442966454
1005006668461964
1005006903222476
1005007144593009
1005004229565965
1005006769178470
1005006221472222
1005007491602008
1005006594741546
1005006689475458
1005007145082393
1005007525829975
1005005515354335
1005007477299341
1005006831384198
1005007537314153
1005006682240356
1005006298300816
1005007287204171
1005006861251780
1005007468426998
1005007354828781
1005006590911186
1005006428954572
1005006477622954
1005006729380469
1005007572097878
1005007489407857
1005006645990675
1005007157894346
1005005894306377
1005007512369600
1005006648501988
1005006484225499
1005007537111118
1005005555117573
1005003049840217
1005006281921073