32998829098
1005006093941310
32797696224
1005006849776091
1005001604190974
1005006093882692
1005007358435331
676565215
1005005497307535
1005003142680879
1005004914278197
1005004383106615
1005004541672634
1005003352119508
1005005634622766
4000160716007
1005006022068207
32920239201
1005005144952214
1005004065386196
714887835
32915436253
1005006227152797
1005003131378753
1005006698891572
1005006344491753
1005007028686401
1005002439227882
1005006157335323
1005003716391332
4001057714624
1005006080536708
1005002982890408
1005002922028853
1005006413138549
1005007197816287
1005006277274393
1005005292052677
32973126563
1005005853038341
1005002494205330
1005003716749036
1005006703807907
1005004642074259
713094510
1005006028148690
1005003475147093
1005006369955374
1005006021622257
1005005448397148
1005002503705099
1005006092215197
1005006996697793
32875946196
1005002991688695
1005005983312635
1005007447741044
1005007267008613
32968175857
1005006344442725
1005003501746008
1005002240556013
1005003113436655
4000163833381
1005006039136499
1005006791355213
1005005678782263
1005005760783729
1005007439255315
1005007517072675
1005007469442167
32917654790
1005006507146371
1005006056419980
1005004227679524
1005003251157959
1005004690538263
1005003716886217
1005006271531429
1005006890159764
1005007456471939
1005006093940959
1005005892364082
1005005258568347
1005002871441427
1005006755307169
1005006577429993
1005005610152438
1005006788308078
1005006777753196
1005005849623550
1005007097400896
1005006474332690
1005007333343433
1005007635744819
1005005690420440
1005007556530219
1005002804113139
1005003891336357
1005006335872775
1005006677105803
1005006740468940
1005006927488533
1005007356165382
1005007479030920
1005006232329166
1005006216060945
1005007536341097
1005006232400067
1005007102348553
1005005931797606
1005004439052358
1005002428442259
1005006582170059
1005006974741607
1005006979679409
1005006979310386
1005006177592454
1005006220182751
1005006172512960
1005006706790154
1005007450361519
1005007409398334
1005007506497206
1005005608628918
1005006632413495
1005006594370905
1005006782589250
1005006479386423
1005007635651667
1005004469885617
1005007551915598
1005007175807363
1005007274649540
1005001352499070
1005006662353493
1005007417891816
1005007008012076
1005006315977993
1005006587724810
1005003677043899
1005004481339630
1005004207643508
1005005293846370
1005007644293283
1005005147614114
1005006650843447
1005007573377763
1005007480373803
1005006407889684
1005007162537111
1005007348527641
1005006462828622
1005007649482008
1005007506832066
1005004737911175
1005006048561173
1005006370408045
1005006656774458
1005007087179678
1005007102158550
32866137972
1005007630816603
1005007547811847
1005007543944878
1005004472776041
1005006980981246
1005005562393202
1005005500905848
1005006924000721
1005006975866074
1005003228997811
1005007627228283
1005007210005165
1005007293206153
1005006400033623
1005007224429471
1005006887387549
1005007251351655
1005006164051199
1005005015835399
1005003270857712
1005006103789056
1005004870269362
1005007425919606
1005007076722028
1005004983309828
1005005220869177
1005007203721296
1005007217756579
1005006903970312
1005006884141236
1005003358188893
1005003936052452
1005005293748854
1005007568986355
1005007518059869
1005007480695127
1005007037632878
1005007058433520
1005007630756827
1005005145826269
1005006136203638
1005007044188643
1005006163714136
1005007083574074
1005007593468848
1005005397320157
1005007013965549
1005005228281731
1005004895579521
1005006578155814
1005004725224768
1005006176195095
1005006407612751
1005007252051977
1005007567694578
1005006425397379
1005007116028106
1005006280635501
1005006572710981
1005007574866611
1005006917617655
1005006099608793
1005007201077746
1005007519474628
1005004222799161
1005007470873851
1005004591940614
1005004591985149
1005004591908874
1005004591932701
1005006587607649
1005006054584527
1005007190292173
1005006837131499
4000381580113
1005006767031725
1005006060634658
1005001534284591
1005006200160567
1005006362632382
1005003167275645
1005007587720899
1005007401574153
1005007612128431
1005007630798700
1005006318148390
1005006310421358
1005007084410985
1005007386225386
1005006406874072
1005007043979029
1005003558210253
1005006355707531
1005007519689081
1005003703870953
1005006836669339
1005005755545564
1005002529748764
1005006998758211
1005005240689927
1005001704312642
1005005622879541
1005007551477460
1005006304955238
2054915557
1517164964
1005007452059028
1005006833069717
33026763498
1005006072020688
1005007451833554
1005007480406810
1005005954334558
32868146728
1005005872996367
1005007196608538
1005005841126412
1005007654337517
1005007292343469
1005006414999987
1005005859888254
1005007395377626
1005005239968098
1005006159585687
1005005253576192
1005005728530312
1005007531816298
1005004967040021
1005004093674888
1005007651906784
1005007057238994
1005007575231050
1005007652182166
1005007630948058
1005005954298792
1005006284876746
1005006265921851
1005007519350849
1005006998873110
1005007444231133
1005005954292628
1005005253607992
1005006730555677
1005004452031247
32620242766
1005004591936685
32866197069
1005005779984285
1005004448239441
1005004450988051
1005003172256645
1005003898535657
1005003776251284
1005004887535619
1005007713987400
1005007713765565
1005007713974301
1005007787724699
1005007784158868
1005007784185767
1005007757181550
1005007783539971
1005007726306178
1005007726176990
1005007766794543
1005007766700779
1005007766679843
1005007747874919
1005006765286898
1005007737347975
1005007728874568
1005007728763899
1005007728792765
1005007729031042
1005007702830424
1005007572538855
1005007574799699
1005007574693253
1005007067076853
1005007320255280
1005006960919273
1005006902394436
1005007279090197
1005007345874422
1005007107428543
1005007107681226
1005006753890946
1005006998709275
1005007551271727
1005007443922777
1005007443968640
1005007564292179
1005007551419526
1005007648600044
1005007439831435
1005007630886117
1005007551557326
1005007444255060
1005007630684973
1005007630833575
1005007444077483
1005007630963004
1005007630733842
1005007630780768
1005007630681924
1005007648127254
1005007630733847
1005007630877152
1005007630742823
1005007630950023
1005007567555296
1005007630798686
1005007444279020
1005007630945051
1005007630913075
1005007345772619
1005007630773786
1005007400150270
1005006730688286
1005006730691258
1005007112716233
1005007112628326
1005007630630979
1005007347861174
1005007630941039
1005007630895102
1005007630856163
1005007630646973
1005007112441574
1005007636838032
1005006268884858
1005007107586032
1005007757171417
1005007757110924
1005007620087791
1005006241390708
1005003174664383
1005003693216600
1005006539038754
1005007293138475
1005006865396034
1005006698821947
1005005047326458
1005005206631539
1005006624743233
1005002064576010
1005007462479914
1005006990589098
1005003102968553
1005003170663967
1005005236466075
1005006750168049
1005007679337285
1005007730283074
1005006435334801
1005006716306468
1005005236349559
1005003186436849
1005005111915341
1005005236311718
1005006649906958
1005007175115388
1005006731903618
1005005291784139
1005005913639448
1005007346155003
1005005462184225
1005007216584262
1005005921107679
1005006822013393
1005005023887717
1005005227227027
32847260373
1005006466406229
4000982184444
1005006682511361
1005006432124926
1005007184490343
1005004871167126
32850905588
32627049991
32857143214
1005005610672314
1005006746462140
1005005618392743
1005007145194869
1005006354837209
1005005315986719
1005003239626109
1005005854045777
1005007499069418
1005007361497725
1005006973678280
1005007136680052
1005005585239624
1005003352583252
1005002905163829
1005006661232522
1005004895230002
1005005358690509
32859836225
1005007083052237
1005003527615652
1005005920504469
1005004777976876
1005006690309282
1005005068455414
1005005573030033
1005007242016938
1005007187485062
1005007445364709
1005006026976343
1005007131953574
1005006567242682
1005007135138703
1005006690621678
1005006615358179
1005007201204530
1005006060959011
1005006181037396
1005006225108424
1005006467483335
1005005533021359
1005006967293323
1005006596847075
1005006417062099
1005003465841747
1005005513614703
1005002360007076
1005006616699050
1005005743509459
1005006825764847
1005004476356554
1005007341762623
1005005482086275
1005006582872222
1005004919889359
1005007091209468