1005004691138830
1005006539399296
1005006310850705
1005005598517013
1005005905821171
1005006033137422
1005005418813247
1005006049441905
1005006345051315
1005006837218575
1005004705063696
1005006003853034
1005006168971138
1005007392848558
1005006634439953
1005004516856813
1005007335827466
1005007045017883
1005006877307986
1005005413867242
1005006037639885
1005007515172676
1005005994279643
1005006102830063
1005006301828430
1005006645237682
1005006515181594
1005005762166538
1005004845593400
1005007285601178
1005006047218890
1005004295336482
1005005682782151
1005004725198485
1005005744110553
1005005778231732
1005007240188312
1005006495306481
1005005826606287
1005007267120789
1005006720180088
1005006155405964
1005006168783681
1005007532627082
1005004393311162
1005004511218640
1005006221882236
1005007464934789
1005006007521780
1005004661904776
1005006476804423
1005004334901726
1005006655476537
1005004509840857
1005006447390315
1005006217715846
1005004910030549
1005006372697574
1005005831459903
1005006833325524
1005007561791727
1005007568104155
1005007558103524
1005007561890730
1005005351040936
1005007558380174
1005006993598904
1005007007756884
1005007540122097
1005005561741531
1005005515809146
1005007569584310
1005006331483957
1005006116813260
1005006259105245
1005005529318140
1005007608383478
1005007562057063
1005007576436821
1005007429470601
1005007081638057
1005007556831677
1005007525498017
1005007158954540
1005007564416668
1005007575052846
1005007574756987
1005005825294836
1005006730681264
1005006334225310
1005005993345329
1005006043933875
1005007576741057
33056746776
1005007061372541
1005006701789801
1005006665827619
1005006703089253
1005004938502535
1005006111387845
1005006976485104
1005007569964874
1005006399225174
1005007558030705
1005006735122692
1005007570054702
1005007101748211
1005007575041737
1005006533875112
1005007576576107
1005006866070249
1005002970241989
1005006484035926
1005007390396279
1005006686657342
1005005682907488
1005006962446377
1005007564540371
1005006046647255
1005007101570353
1005007570266259
1005007468674569
1005006724185299
1005006208569886
1005007567131526
1005007596984853
1005007576251572
1005006033068898
1005006678816893
1005007077370175
1005007076296156
1005007569478873
1005005426153518
1005007561959297
1005006824826314
1005005777609126
1005007578993048
1005006312152351
1005005357650918
1005007166076373
1005007576270365
1005007050959088
1005007150541920
1005005378323017
1005007570332520
1005007506376327
1005006331185076
1005004967836795
1005006286203468
1005007060036636
1005004966393461
1005005591120087
1005005403227254
1005007575974820
1005007494325711
1005003323829162
1005006966260727
1005006997683166
1005007570134176
1005007603745584
1005005351224130
1005006335485348
1005006156766022
1005007058691212
1005007576374773
1005007570296157
1005006399261297
1005007558129626
1005007336250824
1005007066324261
1005006463022652
1005007514050621
1005006190351150
1005006047033248
1005005954539489
1005004801219612
1005006522862192
1005006946868893
1005006311844999
1005007570013954
1005006691945712
1005007575883889
1005006366703624
1005007233431705
1005007557154296
1005005262095591
1005006954389702
1005007598878714
1005004865458045
1005007560902279
1005006517808211
1005006856528941
1005006488368732
1005007103163665
1005006623127072
1005007458945293
1005006417534340
1005007273204968
1005006852115580
1005007492758440
1005007536179430
1005005303369958
1005006310322366
1005005310683364
1005006989852310
1005006484006210
1005007128770119
1005007569917602
1005006047024363
1005007463088388
1005006310730180
1005007555654935
1005007468877481
1005005757045079
1005006764600772
1005007562097711
1005006958578705
1005007576775006
1005007047235442
1005005364084493
1005006720186078
1005005909649202
1005005544915344
1005006058203032
1005006882331359
1005007208997897
1005003998539175
1005005384206128
1005006876930782
1005007552201365
1005006781143883
1005006755420893
1005007479042173
1005006609908270
1005006684402126
1005006091931320
1005002970400136
1005006160892366
1005006008313719
1005003438324712
1005005378266528
1005007537991775
1005006327214891
1005007031338677
1005005351795583
1005006075784634
1005006335808991
1005007570512340
1005007159630233
1005006341026871
1005007160987586
1005007562255482
1005007129660360
1005007331172713
1005007456549976
1005006777088333
1005002970305988
1005006302301093
1005005777791674
1005006888224199
1005006918361889
1005006641793869
1005007569871385
1005004980054359
1005006966914885
1005007232970559
1005007259849367
1005001874175387
1005006308935686
1005006061559913
1005005680125278
1005004294819329
1005006712735564
1005004772725929
1005005640358818
1005006297629039
1005006996128704
1005006838402982
1005007403631003
1005005651484616
1005006234843246
1005007398341549
1005006735840393
1005006242850571
1005005454301041
1005005902602016
1005006395450390
1005007341577976
1005005785073533
1005006915202703
1005006708022620
1005006802046189
1005006115117393
1005003564222340
1005005794839882
1005007519433249
1005006825531525
1005006895358934
1005005845778706
1005005948543536
1005006746618505
1005005872557781
1005006866933523
1005006313168145
1005006472823303
1005007257612857
1005006213197351
1005005650466567
32888323746
1005006543420054
1005007261413652
1005006695376882
1005004462294733
1005006249577854
1005004463330098
1005004681840061
1005006085396734
1005007039821976
1005005368194737
1005005596823074
1005006707981797
1005004838806261
1005006047378953
1005006223285969
1005006305548887
1005004936345355
1005002560827110
1005004767148016
1005002387936144
1005007169185449
1005006204015841
1005006200125644
1005004990385607
1005006981206984
1005006746432877
1005006697336765
1005006011573543
1005006783028634
1005007486903524
1005007266708041
1005006786947654
1005006124865496
1005006016146963
1005005990289978
1005005590312039
1005007606261393
1005007359959163
1005006223912171
1005007541190364
1005003453205574
1005007606836570
1005006424072297
1005006450852846
1005007538047028
1005006416373054
1005006990681944
1005007605045897
1005007536567519
1005007538977286
1005007536793986
1005007549884780
1005007542858823
1005006144300383
1005007217452114
1005007348626226
1005006875644060
1005006208353345
1005007492853916
1005006216274873
1005005472221830
1005004701093871
1005005981981672
1005007372095380
1005007588141487
1005007541227220
1005006278086555
1005006308167615
1005004332971195
1005005951329392
1005001562393124
1005006946671635
1005007244904947
1005007244414665
1005007183956169
1005007425113342
1005007054131271
1005007074049844
1005007080818760
1005006740062461
1005005854655823
1005007291439173
1005007015932740
1005007016691757
1005007519536024
1005006352917959
1005007010767105
1005006840511854
1005005429788476
1005006584974581
1005007587357420
1005007592709540
1005007375401809
1005006446741014
1005006801021426
1005006064491585
1005007506630727
1005007052407563
1005007052114980
1005007083183459
1005007083039641
1005003756903204
1005004282387547
1005007575028469
1005007550689940
1005007360281675
1005007233257250
1005006877996758
1005007555673226
1005007555252420
1005007611367575
1005006950446629
1005005897308953
1005007176541961
1005007507308979
1005004766187425
1005004970723895
1005005355958583
1005006584728198
1005007418064609
1005006690926331
1005007137261508
1005006954310797
1005007176972113
1005001504750872
1005007575834623
1005004912666411
1005005933386703
1005007386072859
1005004749104706
1005004751097044
1005007010671089
1005006820652719
1005007347599193
1005007579141281
1005007591836875
1005006223008032
1005007257442735
1005007621632203
1005006614246208
1005007464704561
1005005274931430
1005006407933662
1005006305750676
1005007551774138
1005002547418449
1005005907185617
1005004582696660
1005007655658571
1005007479374125
1005007492805801
1005007537016044
1005006391265975
1005006278084762
1005004988735345
1005005881918224
1005007489844243
1005006772161674
1005006823537221
1005006223400182
1005006116220586
1005007170072341
1005005578962705
1005005543552198
1005005485763964
1005006199607288
1005006981343627
1005007494272563
1005006180155639
1005006740959792
1005005453648146
1005005742172610
1005005936375029
1005006741209039
1005005840829056
1005007170311848
1005007176859254
1005006669728342
1005007599398557
1005006866783685
1005005651427167
1005006371382995
1005007538860828
1005006597746597
1005007465122925
1005005413383059
1005006039796366
1005006050285789
1005006040571823
1005006565691963
1005007105445020