1005006818768993
1005005862321731
1005006476835806
1005006061456440
1005006070308164
1005007085353261
1005007085334385
1005007085395175
1005007085327411
1005003565467402
1005007085136540
1005006061415675
1005005511799745
1005006221306978
1005006221461155
1005007085556007
33037405306
1005005511762790
1005007085181376
1005007101681236
1005006061463494
1005007084931984
1005007085167588
1005006220957304
1005001664670179
1005005511762715
1005005511719819
1005005511696999
1005006061507494
1005006735011340
1005007470975270
1005003285117582
1005006542673789
1005006686684406
1005006954717718
1005006708458986
1005006390021071
1005006818921579
1005007122057338
1005006380470213
1005007205405148
1005007122093308
1005005865855167
1005006954898080
1005007204902067
1005007651016446
1005006411008709
1005007121875530
1005007121817036
1005005944610482
1005007406198815
1005007121703187
1005006414593871
1005006818943387
1005006954876136
4000294719506
1005007137630072
1005006818873510
1005006383553482
1005006357057163
1005006715003919
1005006948513901
1005006954847204
10000202870156
1005006436114021
1005007205185499
1005007405741841
1005007204903046
1005007122025456
1005006708537831
1005007122192133
1005006380497386
1005007204932642
1005006435959871
1005007121919637
1005007322011644
10000099283317
32908786729
1005006117636439
1005007038609193
1005007572502623
1005006410989823
1005007122004290
1005007032318355
1005006818802891
1005006383619143
1005006193151503
1005006133317182
1005006083052795
1005007121680209
1005007121815599
1005007272697738
1005007272779601
1005002358050401
1005006742530055
1005006818793773
1005007205367227
1005006818842844
1005007205090434
1005006356954619
1005007404058139
1005007204469856
1005006686708293
1005007121873751
1005005690842892
1005006853953915
1005006242587012
1005007122196118
1005006380533373
1005007204800846
1005007121982534
1005005702845909
1005006357026325
1005006383455000
1005007474405346
1005005862509195
1005005511810553
1005005598068958
1005007085450327
1005006061436432
1005007272913205
1005002351566712
1005007272811060
1005007272727622
1005004156649500
1005007272770662
1005006493628392
1005007617322159
1005007784309380
1005003435916816
1005007393331118
1005007188226007
1005006994309400
1005007369280510
1005002618155384
1005005704158976
1005005702928179
1005006004583172
1005005944681569
1005005945078324
1005005944851316
1005005937051566
1005006413208310
1005002553655584
1005005945130086
1005007321947926
1005006203369484
1005006413191517
1005006767585024
1005005804227591
1005005800397067
1005007520134310
1005006333151258
1005006280511892
1005006537678369
1005007321999681
1005006413148706
1005005723379848
1005003514899225
1005007569679991
33007709917
1005005630676351
1005007188001393
1005007523749204
1005005868494897
1005005850587002
1005007058876302
1005007557828792
1005007552086661
1005006045891164
1005007557536786
1005006413198389
1005007369742328
1005007523761720
32995948863
1005006142286853
1005007557193872
1005007524637179
1005007501102480
1005005704238219
1005007057906597
1005005800407539
1005007153630129
1005007524334140
1005007523435947
1005007496196024
1005004314377068
1005006083070566
1005007204670413
1005007205136601
1005007205115335
1005007404096348
1005006356927801
1005006383621114
1005006819133040
1005007204552607
1005006955942190
1005007481130661
1005007551660834
1005007551241767
1005006818970424
1005007557934161
1005007552016422
1005007524646364
1005004933780991
1005005511746682
1005006410989840
1005005295802025
1005006061531521
1005007496090480
1005002822866202
1005006415943430
1005004716403587
1005002337559689
1005004737225438
1005007668303633
1005007204882087
1005006819014189
1005007205181511
1005007411452253
1005006357019340
1005006715133438
1005007251036932
1005007557330011
1005007556479977
1005007557523447
1005007523221918
1005005511856173
1005005511779641
1005007524318756
1005006413003496
1005005939119383
1005006061458849
1005006493564699
1005007272839079
1005007272901307
1005007670096429
1005007617210570
1005007681753755
1005007617375052
1005004733994687
1005007793044852
1005007782855405
1005007782700294
1005007747930079
1005007734255606
1005007699526039
1005007769547151
1005007729274675
1005007731306633
1005007731329479
1005007731469015
1005007731443104
1005007699326287
1005007121692217
1005007205281328
1005007205084420
1005007409098526
1005007090926152
1005007085632181
1005003025002814
32854731412
1005006061324927
1005006061379846
1005007522954189
1005007272875157
1005007272688790
1005007668922712
1005007679281176
1005007769460129
1005007205170591
1005007404230800
1005007205173251
1005006818879492
1005007076624344
1005007085206612
1005006221431289
1005006083036764
32672599067
1005007669464979
1005007669849195
1005007669547734
1005007669629444
1005007403899821
1005007205018522
1005007204848154
1005005862435116
1005007085448475
1005005862481423
1005006061335688
1005006061424733
1005007669831486
1005007403968063
1005005630942831
1005007085598151
1005007085333515
1005006061528433
1005006061399882
1005006083091258
1005006061517604
1005007406118409
1005005511830635
1005006083026881
1005006061480244
1005006083042468
1005007413224450
1005007085557080
1005007085252729
1005006061439082
1005006220923159
1005006220936204
1005007423924218
1005007084906996
1005007085493168
1005007085619056
1005005862345611
1005006083044476
1005006061533642
1005007403741944
1005007085000927
1005007085519146
1005005862372505
1005006083019762
1005006221360726
1005006221380677
1005007404103374
1005007085226409
1005007085372342
1005005511791751
1005006083047904
1005006061484123
1005007407087882
1005007085494461
1005007085231491
1005006083086301
1005006061415334
1005006061451297
1005007428396033
1005007085325558
1005007085553143
1005005511784765
1005007084974991
1005006061457182
1005006083034688
1005006061534382
1005006061496733
1005007404133064
1005007085039916
1005006082958957
1005006061368786
1005006061553486
1005007405564545
1005007085207636
1005007085030847
1005006061453943
1005006061464781
1005007405833455
1005005511771753
1005007085246368
1005007085365327
1005007443527559
1005007085142921
1005007085398396
1005007085031842
1005007563879554
1005007085034990
1005007085265508
1005007085222348
1005007084991970
1005007407236858
1005007085358400
1005007085655077
1005007406748716
1005007085354281
1005007085112841
1005007407058915
1005007085569034
1005005511839425
1005007085559282
1005007406288553
1005007085112719
1005007085475252
1005007085500172
1005007403870180
1005007085187463
1005007085141624
1005005511814341
1005007414215042
1005007085168522
1005007085183514
1005007085304591
1005007085439121
1005007468937658
1005007085107851
1005007085568067
1005007085191532
1005007446599061
1005007085422205
1005005862406331
1005007085077962
1005005511805513
1005007651126652
1005007085339457
1005005511713808
1005005511828321
1005007085112640
1005007085127679
1005007085320272
1005005511769880
1005005862447659
1005005511847286
1005007085498459
1005005511782541
1005007085591355
1005007085299348
1005007085546206
1005007085655006
1005007085200675
1005007085574118
1005007085370580
1005007085250443
1005007085431482
1005007085233448
1005005511781877
1005007085505149
1005005511746705
1005007085383596
1005007085252465
1005007085360323
1005007085254569
1005007085136532
1005007085487306
1005005511861345
1005007085287316
1005007085345263
1005005511818470
1005007085384470
1005007085319432
1005005511855418
1005007085258352
1005007084923988
1005005511777617
1005007085608114
1005007085383243
1005005862354558
1005007085204387
1005007085272378
1005007085306391
1005005862322189
1005007085243445
1005007085595072
1005007085023989
1005007085171681
1005007084982910
1005007085377221
1005007085298367
1005007084970978
1005007085058997
1005007085300644
1005007085444196
1005007085588353
1005006198855539
1005006361096460
1005004611366999
1005005171088106
1005005372979761
1005006761445250
1005005373181617
1005007433473670
1005003385714390
1005007154454509
1005005535840066
1005006074222916
1005007007831084
1005007171417136
1005007453544014
1005007431523332
1005007315650195
32905323970
1005001299395737
1005003807813923
1005006059783513
4001126982559
1005004647265031
1005007285651006
1005006587373635
1005006229671825
1005005845510149
1005007493310005
1005006365252032
1005006145601478
1005007371492104
1005007050947890
1005007572097675
1005006447878336
1005002224072600
1005007568518529
1005006317842282
1005006581179463
1005005759582470