1005005562175087
1005007068256469
1005004896086962
1005005506133705
1005006070718651
1005007226361772
1005006942793015
1005005799797367
1005005688527295
1005006424809043
1005005984375128
1005005439523180
1005007170778159
1005007252498821
1005003498314656
1005001398203508
1005007075531917
1005004527904089
32454199550
1005006369874199
1005006412345449
1005003010184688
1005007271092266
1005006145592833
1005004852581864
1005006982168464
1005006221147137
1005007143316677
1005006716359005
1005006023849831
1005007300848491
1005001355838206
1005006612377557
1005001812255984
1005005064440841
1005005862562383
1005001967620805
10000036616442
1005007394790568
1005005529353448
1005007063323889
1005004505010563
1005007484094975
1005007481704786
1005004407291820
32871672027
1005002931497286
4000428874068
1005005939057280
1005006786992847
33038727701
32218496517
1005006585785314
1005006807002620
1005005632769764
1000005526490
1005004473671275
1005007270797220
1005007095457445
1005004340999779
1005006556644461
1005006031359485
1005007046210097
1005004730929892
1005006374540592
1005006112159006
1005003791903651
1005004426393439
1005006338658486
1005006807159906
1005006082758279
1005004185874380
1005005473330937
1005006335213478
1005006422192700
1005006381642070
32813599608
1005005145071465
1005006429342612
1005006239759822
1005006116651036
1005005959745739
1005005684706819
1005006313591108
1005007470310343
1005006865825552
1005007349147045
1005005554651355
1005002476329983
1005007560808049
1005007229856821
1005002038043989
32808685800
1005006659076332
1005006344523045
1005006118847095
1005006394407546
1005007299511078
1005005319223586
1005006949313771
1005005321419194
4000126696614
1005006977271565
32810114929
1005005425031645
1005007118262208
1005007320256374
1005007375958139
1005005492124740
1005003201066316
1005005032426960
1005004283035318
1005006358234968
32961554083
1005004562175173
1005007059279381
1005007452739764
1005003104915151
1005007223856612
1005005409312992
1005006922125899
1005006064759116
1005003577916438
1005002459274619
1005006844579852
1005002957666098
1005007453573696
1005005608974436
1005007196698906
4001078246352
1005006108970750
1005002616189535
1005006589234961
1005007369349834
1005003320746548
1005005156379555
1005007420713522
1005004467730154
1005004206668886
1005004775442366
1005006067473323
4001144943384
1005003145316394
1005005653547903
1005003333025576
4000123303299
32809577176
4001095278128
1005007180067851
1005005902341424
1005002433044368
1005007031887023
1005007418223345
1005006158220793
1005007356057929
1005006931491800
1005006744199966
1005006385886290
33005257800
1005006764772194
33047980142
1005005403806416
1005006306359337
1005007418170557
1005005278619001
1005005513531805
1005006353691301
1005007455611639
1005006373925454
1005007418434091
1005003415512449
1005004522266976
1005007233657581
1005007418551529
1005003324837596
1005005246656873
1005007437441986
1005007779710478
1005007757380644
1005007176650574
1005007144326875
1005004561194623
1005007434639856
1005007461829352
1005007428324299
1005007423897398
1005006635194869
1005007224091364
1005007418052889
1005007441489171
1005007418306180
1005007484219010
1005007418360169
1005007423981216
1005007418064853
1005007418024999
1005007488719354
1005007418057939
1005007438315391
1005007434454902
1005007441488696
1005007418065890
1005007418175592
1005007451970757
1005007418446101
1005007421871546
1005007450910817
1005007459162436
1005007455707493
1005007455613585
1005006798265237
4001322849791
1005005068274698
1005005984365883
1005004740372913
1005006113287567
1005007596192817
1005003201556555
1005007043404868
1005007589933370
1005007506247863
1005006660070507
1005007262765289
1005005284391771
1005006473966502
1005006320961838
1005007556585331
1005006115443889
1005006728366999
1005005838047700
1005007453621680
1005007409752266
1005006987973870
1005006976690247
1005005500339638
1005005596779364
1005003189942791
1005005905872275
1005006645529300
1005005672357912
1005006490012861
1005007332068528
1005005951474254
1005004459647318
1005007523310068
1005007404844550
1005005457276761
1005002855761070
1005006442267434
1005007078039712
1005007518294550
1005006788623970
1005007473716863
1005005741559390
1005003418018201
1005006361850941
1005004992404672
1005006664485145
1005005826182521
1005007145916065
1005007563090734
1005007518351553
1005007132774451
1005006038315018
1005006242264937
1005007044301595
1005007043765085
1005007549491193
1005004867253626
1005005670175037
1005007010978169
1005002718079287
1005004584675933
1005006320987901
1005005449130681
1005005702253583
1005006477469915
1005007467542396
1005007499746472
1005007124043495
1005007148625793
1005005446115181
1005006889950789
1005006876845205
1005007006023803
1005005320475444
1005007115549776
1005005672200468
1005004438041216
1005007112328331
1005007116157471
1005007620642310
1005007620744869
1005007603288902
1005007382151184
32811843423
1005004433868582
1005007684101107
1005007683778706
1005007487672698
1005007774686757
1005007780332231
1005007774322735
1005007773202115
1005007752222786
1005007736480332
1005007701392211
1005007147328096
1005006719684719
1005004661654417
1005007404209855
1005005676826231
1005007448381856
1005007464661979
1005007073773509
1005007520872564
1005007465236407
1005007029785236
1005007144445191
1005007143904952
4000166090634
1005006699733887
1005005646363636
1005006477036282
1005006270811663
1005006382674300
1005007187726998
1005006612797386
1005005564859056
1005006669249459
1005004409050996
1005006360274364
1005006848976894
1005006548179306
1005007520555014
1005006125944967
1005006680506448
1005006606913814
1005006643258865
1005005745743338
1005006419138766
1005006799070869
1005003238615269
1005005384880279
1005001630637795
1005006548313258
1005005423928219
1005007487896855
1005006427571921
1005006773683361
1005006825881998
1005006825755873
1005007155121654
1005006218215939
1005007322791782
1005007427032435
1005006816131054
1005006427653067
1005006666857014
1005007488155056
1005007004528259
1005006666762308
1005007146165349
1005006797895531
1005006725023506
1005007437975563
1005007401249587
1005006631108139
1005007330684818
1005007485561976
1005007434181660
1005007310310868
1005007405096082
1005007325045029
1005007170646572
1005007195756810
1005007507830704
1005005354521102
1005007337713988
1005006067596509
1005006794988371
1005007004230683
1005006835409220
1005007361624768
1005007328060208
1005007360526598
1005003721268304
1005005116348750
1005007328071093
1005007170344397
1005007434406295
1005006125973875
1005005278049678
1005006785350137
1005006373190387
1005006865573789
1005007488158304
1005007439502222
1005007343833510
1005007164002881
1005006887266257
1005006800565025
1005006689633870
1005005268507355
1005007088676764
1005007124347281
1005006835136978
1005006767549204
1005007578779171
1005007354861464
1005007469230111
1005007324773812
1005007468931688
1005007331180831
1005007079299968
1005005518876433
1005006860047959
1005007367249469
1005007449021848
1005007485885496
1005006033492003
1005007469618668
1005007524738902
1005003493522770
1005007108834287
1005006622755527
1005006959870893
1005007469070446
1005002474528098
1005007079447376
1005007487542222
1005007027864878
1005006696265558
1005004691130523
1005007039488252
1005007355343872
1005005373254636
1005006887351738
1005006779127323
1005007018537087
1005007132430039
1005006944795110
1005007373463114
1005007476319547
1005004986258249
1005005397412070
1005007354036141
1005007489944006
1005006749246405
1005007327980386
1005007441542217
1005005795970705
1005006995577250
1005006790791001
1005005487684535
1005003974447447
1005007341546241
1005005417724871
1005007488125425
1005007030687488
1005007472817851
1005005061398447
1005007489731047
1005004868954049
1005006630813570
1005007316782878
1005007614074419
1005007026309255
1005006625130035
1005005220584913
1005007181068205
1005007146971928
1005007208235959
1005007415534126
1005007488192141
1005006597513301
1005007524817894
1005006685729777
1005007642777458
1005007199019536
1005006688948269
1005007525314803
1005006854070200
1005004608565188
1005007167644820
1005007530122906
1005006346948718
1005007396712732
1005006773259094
1005005194576380
1005007343819558
1005006899889077
1005007020338885
1005005007972975
1005007399975936
1005007155290008
1005007345637219
1005007198988599
1005006332827590
1005007369570478