1005004720900940
1005004557417773
1005002827685056
32946952562
1005005515659665
1005007561507692
1005003502550992
32965670870
1005003604332956
1005006048894472
1005006914221462
4000318222710
1005007601564460
1005005019065449
1005006867369007
1005007539184159
1005005269114666
1005006605022186
1005006380250696
1005003288127858
32851139966
1005005814872420
1005005786831232
1005006691508306
1005004138535417
1005005820542815
1005005933679148
1005006420840876
1005007272786665
1005006593616770
32877213086
1005006265374243
1005003278449592
1005003310673828
1005006790015375
1005006007569691
1005004305174205
1005006937814442
1005006966366509
1005003252437598
1005005448581628
1005007122047624
1005006298190639
1005006292813557
1005007513532356
1005006381046977
1005005615764780
1005004594581130
1005006104265300
1005006305533115
1005004641426206
1005005993175076
1005006180086399
4000675156744
1005004999530180
1005006527742200
4001346726208
1005003060015015
1005005134757757
1005004994531093
1005006211826098
1005003649567756
1005001392393706
1005005082948865
1005006819907256
1005004111337552
1005006422475502
4000216545254
1005005449893933
1005004282646580
33034222855
4000266493039
1005002992024021
4000154011279
1005006703667474
1005005421978061
1005005938896203
1005006371644020
1005004998706689
1005004557602657
1005004647944624
1005006567921706
1005006035644525
1005006453901046
1005003659375749
1005006704215333
1005006915229253
1005006468321827
1005005423918902
1005005881160529
1005003359182900
4000217939158
1005003530051285
1005004413350103
1005005543725531
1005005081221571
1005005748782817
1005005066852906
1005005301154381
1005005174346019
1005005184935616
1005003375986055
1005003585786826
1005005020519256
1005007325435717
1005005631686397
1005006632674500
1005002802074751
1005004171712464
1005005407192597
1005006181094176
1005002066393841
1005004694294125
1005007132049298
1005002359300986
1005005118937164
1005005176657504
1005006785076460
32895337113
1005006267458930
1005007324459037
1005001844988213
1005003620018836
1005005536666700
1005006327059273
1005004648307270
32763999800
32952820966
1005003804885632
1005003321634415
1005006103552363
1005007022269456
1005004501089867
1005006145481959
1005007132712403
1005004561069499
1005004670755233
1005004467147327
1005005210621083
1005004569314258
1005004637082640
1005005430298253
1005006425052022
1005004243620137
32985757056
1005005888495964
1005004037426216
1005005736353591
1005006280186173
1005007096512783
1005004993680653
1005006025663180
1005006697138693
1005007498538522
1005005481159415
1005005741323301
1005006282982699
1005003636195798
1005005886220531
1005002796424625
1005004927245604
1005005853000814
1005006108656288
1005006452956032
1005005082917333
1005003712487539
1005005372125946
32645933996
1005006412306089
1005007234166597
1005003630909387
1005007209599933
1005006337680824
1005006136016084
1005006950732491
1005006694865352
1005006191777301
1005003606103586
1005006242803672
1005003710104991
1005001268147196
1005003648777310
1005006821155162
1005006409780512
1005003298138528
1005005656563505
1005003458271393
1005005557891222
1005005312381171
1005007259965028
1005006396605892
1005004641395832
1005006781695107
1005001292337119
1005003319031992
1005004727628608
1005005733223623
1005006336644776
1005003911596717
1005004926737874
1005005287986938
1005006562474957
4000467123240
32647604130
1005005477745884
1005005862070230
1005005175349743
4000398458930
1005006853548603
1005005051752705
1005003206380866
1005005941979138
4000234907541
1005003878844171
1005004271217617
1005005969302106
1005004895808748
1005006896356192
1005006064443106
1005006439706143
1005005461348259
1005006144029286
1005006186892030
1005007364340797
1005005655040714
1005007077089697
1005006054953979
1005005251120018
1005007017624458
1005005671626719
1005006832728345
1005006944594782
1005007096776709
1005007521293729
1005007149931002
1005007597400913
1005007537482171
1005006890793314
1005006395135942
1005007196804978
1005006890180471
1005006425712755
1005007473547719
1005006604684467
1005006641555247
1005005825828040
1005003123298547
1005004515386737
1005007430419183
1005007632407431
1005007439721495
1005005885336260
1005007530885721
1005007531501215
1005007549234649
1005007626104054
1005007526917138
1005007526659907
1005007384500920
1005007190112069
1005007495642373
1005006755983932
1005007521576096
1005007495658287
1005007476205576
1005007482444942
1005007511894344
1005006833171306
1005004387959563
1005006756216355
1005006244253233
1005006439510387
1005006598203543
1005007347433223
1005007328916995
1005006199152650
1005006981585762
1005006152914623
1005007439888179
1005007495739055
1005005118471491
1005007483683282
1005007482826005
1005007463433462
1005006600580912
1005007075611252
1005007470504716
1005007482535217
1005007450773536
1005007468642850
1005007517561412
1005005758510201
1005006585189051
1005005838791391
1005007156047882
1005006265322980
1005007209574521
32895264312
1005005586626021
1005006736167591
1005002488049831
1005003019883406
1005006888549478
1005007347432846
4000987349270
1005007649034236
1005004381531950
1005007267003787
4000972102537
1005007540963648
1005006609986178
1005007008788252
1005002560183091
4001227631510
1005006210600004
1005007530616400
1005007174735328
1005006890970231
32597080692
1005005182213209
1005001610230991
1005006841093444
1005005692030363
1005006719705315
1005007270605126
1005006270387440
1005006482580063
1005007626218642
1005007639461047
1005006471000229
1005006867738068
1005006406592373
1005006152262261
1005007341686972
1005007458854552
1005007439867182
1005005743663624
1005007482465897
1005007156411409
1005001610337474
1005002560114632
1005006557695318
1005006745858596
1005007450860373
1005004381533830
1005006557445617
1005006868819987
1005007327923327
1005005692022460
1005006425661954
1005007130211554
1005006890747593
1005004848961503
4000803935962
4000973009635
1005006592078696
32947100981
1005006891299387
1005002045820302
1005004519153748
1005006691850280
1005004105965857
1005007001759257
1005006621790206
1005006422364616
1005001580173157
1005001424530553
1005005736245609
1005007480127693
1005007639182510
1005002110470243
1005001290633882
1005005709153154
1005002375590163
1005003797468219
32830793316
1005005188244706
4000930765787
1005004739431395
1005006444054988
1005002995071658
1005004514798226
4000559844099
1005006597631504
4001312957105
1005001579451146
32959534369
1005003600597680
1005002508480780
1005006621434925
1005004265814360
1005006400154167
1005006981333731
1005007439664578
1005006753796347
1005006904826878
1005002420689237
1005006966090485
1005006540437090
1005006691677695
1005001579955061
4000252352952
1005001279477438
1005004519151473
1005004848944547
4001313161699
1005007536872596
1005003129917890
1005006199572327
1005004739394808
33014934821
1005006944353098
1005005579166888
4001286886138
1005001518122227
4000056373771
1005002823852391
1005007448784140
10000383211440
4000003321256
4000168617173
1005001518995182
1005002683035328
4000819282417
1005002619938043
1005007653112766
1005007686690272
1005007659579869
1005007658514337
1005007592789567
32946165842
32948638188
1005007769241278
1005006078785770
1005007777215052
1005007740778327
1005007731768154
1005007731447518
1005007730297762
1005007728816086
1005007728269246
1005007693745764
1005007714988339
1005007714102571
1005007710363205
1005007701411684
1005007439932115
1005007467276042
1005006600058941
1005006557568532
1005001579431350
4000261095155
1005004739457052
4001275762186
4001007564459
1005007724034226
1005007722679830
1005006983090096
1005001579306719
1005001580009699
1005001579805686
1005005544457947
1005005408128121
1005005896481383
1005007449699275
4000533064311
1005005192087293
1005006732048570
1005006522375929
4000834180191
1005003957551573
1005007641168736
33057697168
1005006708005163
1005005461582749
32861002618
1005006013979673
1005007219177585
1005005368022621
1005006522375951
1005005601613311
1005007123770092
1005006432044969
1005006208169825
1005007149767727
1005007246208171
1005005616371066
1005006712029595
1005006560160550
1005005218301371
1005006432445441
1005006375342785
1005006522534397
1005004788732498
1005006522500535
1005007581889859
1005007398336413
1005007055743273
1005006124028378
1005006432195899