1005005998110947
1005006642170724
1005003443715650
1005006020852678
1005006020831802
1005006020965751
1005006336015842
1005003561646641
1005006752794006
1005005998617846
1005006020929985
1005005352682570
1005006331810028
1005005374132618
1005007543583899
1005005352722432
1005007209843211
1005007027904938
1005007636939103
1005006140194528
1005007636684867
1005006752479777
1005005858818640
1005004411300273
1005005352681527
1005007444130154
1005007541775627
1005005712893313
1005005708169157
1005005706815916
1005006368958278
1005006405995097
1005005707333261
1005006710319148
1005006904173988
4000876958230
1005006392087124
1005006710387076
1005006710008777
1005005687531966
1005006368894700
1005007145275040
1005005998401203
1005006020801963
1005007636703545
1005005998367716
1005007150367559
1005007519875846
1005007519028737
1005007337832834
1005006021058104
1005006788731716
1005006802201864
1005006730143359
1005006239435873
1005007150564274
1005007149414969
1005007582588665
1005007015831698
1005005998526801
1005007234913005
1005007274069483
4001147570394
1005007545341936
1005007395432825
1005006329162609
1005007523521202
1005006021195726
1005006752738190
1005006744251570
1005005998274702
1005006020998421
1005003310133414
1005007188193490
1005007636792546
1005007514337329
1005007456758940
1005005554131088
1005006378081465
1005007149411893
1005006140257809
1005006623968140
1005003758739473
1005007595133315
1005005352702481
1005005352584951
1005003009851842
1005007519882238
1005005703008363
1005005643408203
1005007544306127
1005007430710013
1005004460297783
1005006405907645
1005005998568955
1005005998441030
1005004675996788
1005005764897579
1005005853867700
1005002085071724
1005005352622944
1005007483442902
1005004240298302
1005005998326703
1005003793611590
1005007560694484
1005006315350342
1005005858907492
1005007636575804
1005007573076721
1005007270784914
1005005998313428
1005007221255655
1005007347216417
1005006140186026
1005007545434432
1005007434867626
1005007463992524
1005006140368776
1005007235342051
1005006642466179
1005007572629341
1005007502121780
1005007209578593
1005005352788054
1005005352733242
1005007572501626
1005006642344525
1005007572616287
1005007570752043
1005007209874175
1005007556632147
1005007519119302
1005006661720666
1005006749458547
1005007645232870
1005007153661225
1005007547434316
1005005024100289
1005007155798590
1005006690669285
1005006566014726
1005006021061038
1005007209911116
1005003758822134
1005007235131192
1005006600478210
1005007045720822
1005005643547145
1005005707740170
1005005704138239
1005007226120258
1005005998403745
1005007240754578
1005007535514514
4000912746131
1005006889801055
1005006520119320
1005006642353053
1005006615053448
1005007235129553
1005007589870082
1005004622069437
1005007216812870
1005007594297255
1005003445224165
1005007217204298
1005005352729269
1005007134273650
1005005034153022
1005007342370665
1005004993965631
1005007144510236
1005007632492741
1005006473845948
1005006140452660
1005004994041216
1005007570663283
1005007138267868
1005007054069081
1005007452889445
1005007570376965
1005007039951778
1005006724675491
1005003365226210
1005007171244389
1005006956379073
1005007509069961
1005006802308354
1005007178508163
1005007037697330
1005007147834009
1005007458311633
1005005959975342
1005006645883855
1005007552994130
1005006100029364
1005006538098154
1005005767887479
1005007267760689
1005007151784158
1005007244967752
1005007570661241
1005006628896537
1005007345116054
1005007024789244
1005007362084168
1005005737100223
1005005702655779
1005007182654023
1005005707702235
1005006076368641
1005006641051920
1005007536844237
1005007292228254
1005006724148330
1005006888162556
1005007490972414
1005002879116706
1005007241207506
1005006484028999
1005006590834370
1005007232537630
1005005983508529
1005007011517854
1005005956352346
1005007024672370
1005007576217465
1005007489337255
1005005334644936
1005007154245006
1005005983600243
1005005565153928
1005005591097196
1005006082019223
1005007199760495
1005006364288486
1005006865538602
1005006877905078
1005007026120522
1005006320618733
1005006661605913
1005007338159042
1005006956557491
1005005565160934
1005005625590532
1005006368976967
1005007567322568
1005006661605880
1005006865858444
1005006347963940
1005006552833262
1005004896843111
1005007615988687
1005007629167393
4001164337488
1005007245304493
1005007616016425
1005005927915873
1005006544084503
1005007123435122
1005006671557190
1005006526107472
1005007199602811
1005003724278757
1005007337045818
1005007567571034
1005007519357425
1005005702756771
1005005702692941
1005005706951935
1005007443779075
1005006889916248
1005007210487303
1005007535596022
1005006642379181
1005006594121937
1005007146828025
1005007241356243
1005007024864075
1005007642678963
1005007567354434
1005007616008542
1005007567378431
1005006526243085
1005006661732713
1005006469427610
1005007343815467
1005007427897776
1005006625723318
1005007154570280
1005005565314241
1005007241288369
1005005584040184
1005007338152055
1005006661715675
1005005328064482
1005007295077309
1005007618291967
1005006661965132
1005005767953315
1005007567485252
1005005565265441
1005005624729274
1005006661643918
1005007571416947
1005007652458323
1005007014846217
1005005034076657
1005007332105448
1005007154804507
1005005616098829
1005007396354542
1005005565316236
1005006526089291
1005007602387362
1005007199692603
1005007434590013
1005006873146773
1005007616058380
1005006600366292
1005007483505979
1005007199749490
1005007469661434
1005007532485343
1005007155196137
1005005707931907
1005005708061187
1005005579129854
1005006642339179
1005007153680109
1005005707390170
1005007071162898
1005006610299543
1005007567577027
1005007335836550
1005007343866442
1005007217321073
1005007154026299
1005007458439464
1005007571390988
1005007466708843
1005007155075246
1005005311108619
1005007616179142
1005006666412895
1005007615678998
1005006662513556
1005007441126030
1005006661920067
1005007607326634
1005005956141586
1005007532476373
1005007178471178
1005007340250357
1005007482338428
1005007325291134
1005006865996425
1005007153691721
1005007607471390
1005007344051326
1005006865961467
1005006470759811
1005006492305062
1005006644212968
1005007567493218
1005006508915053
1005006865658650
1005007616896387
1005006583312972
1005006257792532
1005007608724047
1005007567374422
1005007616981047
1005005565237548
1005007599197028
1005007596813567
1005007442720363
1005007153987706
1005005449687027
1005007597996284
1005005998013579
1005007528513616
1005007531056522
1005005629115621
1005007528466684
1005007325653174
1005007616104305
1005007539871513
1005007616751961
1005007616860507
1005007616879384
1005007570658293
1005007571602486
1005007570619305
1005007567343478
1005007216896761
1005005565203721
1005007199503904
1005007531008180
1005006771748516
1005007607961140
1005006661610919
1005006526097515
1005004208588864
1005007076765638
1005005535458934
1005006648751001
1005007607808616
1005007545122813
1005005643434361
1005005565333141
1005007607686871
1005007607942181
1005005565202763
1005006583329951
1005007528697348
1005005311080776
1005007218514107
1005004847940430
1005005565344112
1005005584031214
1005007218101659
1005006966047960
1005006657461718
1005006467469399
1005005909070772
1005007268886515
1005006116177578
1005006657359708
1005007625961431
1005007332141196
1005005961916557
1005006648490615
1005007536227246
1005005671316371
1005005476467823
1005006417180372
1005005376434715
1005006470780710
1005005988200597
1005004240302385
1005005708141487
1005005376545142
1005006140515664
1005007608685174
1005007571471842
1005007616978080
1005007570535516
1005007616823370
1005007616780839
1005007570470643
1005007616965133
1005007571544775
1005005565228591
1005007607820576
1005007218328424
1005007218247559
1005007218138688
1005007217213299
1005005959440481
1005006020937865
1005005706987433
1005006642268088
1005005905858208
1005005311074764
1005007607926947
1005007436329682
1005007151518659
1005007423609940
1005005565279434
1005007151836024
1005007608149123
1005007608100306
1005005703718387
1005005376407802
1005005932698662
1005007536720886
1005007587606685
1005005328122218
1005005376534239
1005006470802600
1005006869130952
1005006190260478
1005007177417879
1005007489153683
1005005707792452
1005006522138428
1005005263690456
1005005584175659
1005007017343472
1005005584042168
1005006690725154
1005007587910064
1005005791750529
1005006661857840
1005007134234747
1005006177249884
1005006085147060
1005006661964091