1005006022416724
1005006013617730
1005005210146205
1005005221460908
1005003500282090
1005003646670316
1005004266202218
1005006315964423
1005001296926342
1005003116526053
1005005863258807
1005005451799800
1005006216252332
1005003745547827
1005005991794650
32926006460
1005003578261316
1005002883872764
1005003510250921
1005003339876878
1005005879004249
1005007504401931
1005005078828760
1005004295370005
1005004127744334
1005004844621558
1005004743523957
1005006974477142
1005005653163477
1005005585934199
1005005175181779
1005005178018030
1005006302554966
1005005181033671
1005006410596357
1005006180593265
1005005915735308
1005005758168297
1005004059341131
1005007516498153
1005004682324144
1005004152635802
1005005029512406
1005005580551415
1005005979291397
1005006208785979
1005005560240941
1005005928613879
1005002602569747
1005007252681416
1005005116652032
1005006239587891
1005005196141971
1005005774677942
1005003954804936
1005005318374288
1005005318772900
1005001758063207
1005005766528658
1005004907379868
1005003956579073
1005004443426200
1005003510344499
1005003578180387
1005002933161121
1005007208667553
1005005447164435
1005004831342534
1005007599281175
1005001855278278
1005004490756972
1005004181420046
1005007511887506
1005006672593830
1005006670406424
1005007542402312
33010395538
1005002376519119
4001049117987
4000223453241
1005004462711823
1005005091331773
1005004620971421
1005002442721439
1005005576425950
1005004154563711
1005004111453122
1005006325783846
1005005506664268
1005005178953089
1005006625830670
1005005178580695
1005005344087646
1005004819574008
1005004304869069
1005007209686341
1005006974543166
1005005475937837
1005006421552141
1005006421244415
1005005993225735
1005006238765599
1005006209680834
1005007500452961
1005005947854545
1005003983579628
1005003943557807
1005004052829569
1005005957355320
1005003606993876
1005004014033588
1005003578831897
1005004739025433
4000677198397
1005007218111065
1005007208435265
1005004359301463
1005007489765511
1005007486515986
1005007051773757
1005007482308993
1005007482754043
33055824089
1005006664221357
1005006894259572
1005005973880143
32991466877
1005007309124033
1005006818543956
1005006615361161
1005006668296678
1005006355932381
1005006354292098
1005005496930401
4000070245362
1005006377281676
1005006404018770
1005007123607365
1005003367242427
1005003250528288
1005005403154803
1005005351043686
1005007260612058
1005005713260103
1005004128482860
1005006352266870
1005005675220100
1005005180791852
1005006665796411
1005005175043409
1005005174983150
1005005959315212
1005005675034291
1005004557875471
1005005217727153
1005005669343877
1005005450002633
1005006664827807
1005005897842921
1005005160209511
1005005715100071
1005005102068423
1005004752965933
4000677188674
1005004979218220
1005007121856388
1005003578118339
1005001939897561
4000089786717
1005006487861408
1005006239549656
1005005150836366
1005007480646646
1005006310977207
1005006304526432
1005006304396739
1005006256585446
1005003428310431
1005003197727245
1005006288479093
1005003518308927
1005004657507602
1005006499333336
1005006727442551
1005006593114535
10000399283217
32945657689
32954055770
32948086149
1005004271118793
1005003323952643
1005003718804568
4000273253990
1005006715728614
33057684992
32859315746
1005006718434706
1005006716469121
1005007203384401
1005006180614795
1005005061816420
1005004833351017
1005004267384773
1005006421334001
1005007210804813
1005005177891575
1005005180287773
1005005179354242
1005006664713798
1005004709336523
4001297519291
1005005440025556
1005006974482927
1005006064305422
1005005443284053
1005005777154327
1005005448922416
1005005442676583
1005006208313619
1005006056970054
1005005251793351
1005005770487171
1005006260922616
1005006238242726
1005006258994225
1005006045026247
1005006032897223
1005001529615778
32983783378
32947389697
33036613296
1005006716017445
1005006707858180
1005006677253761
1005003594170967
1005001446291544
33004834805
1005005925182799
1005003726649591
4000765257814
1005006003237912
1005006399559157
32457726634
1005006275498238
1005005310790615
1005004334727881
32961257902
1005003141169222
4000167054463
1005001710225349
1005005712866918
1005007455145474
1005007300253809
1005006318777457
1005006309479915
1005005201835394
1005006613371235
1005007328938560
1005001868480081
1005007582693528
1005002000102315
1005001802627421
33025850004
1005004837865294
1005004662839812
1005003503563598
1005007498121250
1005001548113285
1005006026996100
1005007497842884
1005007582470979
1005004837699389
1005004171124678
1005007497849925
1005001548130227
4001248958966
1005006569421939
1005001548224773
4000393244206
1005003401288899
1005007515398537
1005001869256959
1005006259309656
1005005900950746
1005001548097386
1005002561805511
1005002732591464
1005004557947478
1005005420841194
1005006689711343
1005007497941729
1005001867393831
1005004836961244
1005001867659786
1005001915207049
1005005865591600
1005007279079518
1005002299036596
4001178851724
1005007657385230
1005006263838321
1005007534466377
1005005864670930
1005007513786266
1005001899092959
1005001874263037
1005002768074163
1005002000090127
1005001999961276
1005001993673738
1005005466780623
4001178931017
1005005723194806
1005004547542514
1005003533904076
1005007417559248
1005006302853040
1005006689064568
1005006142193734
1005007669141241
1005006177132422
1005007663632293
1005004416430688
1005001659574005
1005005606204697
1005003442060040
4000975288744
1005004319837486
1005003472690077
1005001682687168
1005004697996788
4000781661521
1005004275634068
1005004007463977
1005007655288546
1005004406602750
1005003143818698
1005001681953842
1005007669018473
1005007254407679
1005001999839464
1005004322849945
1005005481219172
1005004609124309
1005006829655582
1005001464144487
1005004406909069
1005004320109302
1005006030136906
1005003557724037
32715472342
1005005723268537
1005004319888450
4000566479709
1005004500957094
1005001447627841
1005006030070934
1005006030098569
1005006900656328
1005007197634581
1005002612038601
1005007462297526
1005006030154403
1005007533019194
1005004736782073
1005006423978122
1005006591784650
1005005904707471
1005001548510253
1005007475414609
1005007473122698
1005007473261437
1005007548053363
1005007579330041
1005006965378901
1005007513938423
1005005973746142
1005005508904194
1005007422666709
1005007554578858
1005007422927036
1005003748697203
1005007554766688
1005007422164824
1005007554563995
1005004034693365
1005007554635933
1005007554417957
1005006490577109
1005007498260065
1005007482490403
1005002002078407
1005007493184772
1005004906188918
1005006348253091
1005007555936818
1005007422756446
1005002599256220
1005007542726318
1005004635634356
4001178855676
1005007653668558
1005004916483276
4001211069370
1005007579287133
1005002077675943
1005005156660312
1005007641063327
32712280383
1005007647205137
1005002611418628
1005005280152826
32714882343
1005006227470833
32781467444
32711786680
1005007513572343
1005007513621483
1005002753193911
1005002603140201
1005006635010182
1005005723230719
1005006188748456
1005006471108882
1005002058641971
1005007279089794
1005006678850391
1005005952324345
1005006212502054
1005005933887866
1005006104865868
1005006260715717
1005007513847075
1005007468245897
1005007406732559
1005007418208299
1005007554670755
1005007542671428
1005007414977023
1005007517006864
1005001682540651
1005003697920770
1005001687445886
1005006395374381
1005002732107927
32712706958
32712493757
1005007579278169
32766267135
32716711686
1005002055407036
1005007409611205
1005007548086324
1005007422212741
1005002018296430
1005004562068121
4001118388946
1005007049338911
1005006394968600
1005002046113359
1005006623879875
1005005723311410
1005002730564571
1005004416604256
1005006642572987
1005005163684610
1005004557214181
1005007278942922
1005007512331276
1005004278426750
1005007422784207
1005006188879048
1005007403832952
1005007341356193
1005006824112995
1005007482649098
1005007422744506
1005007556073120
1005007542762233
1005006509750825
1005001877772143
1005007517266634
1005007516744245
1005001457264961
1005004906149152
1005006100404398
1005007579054807
1005004912245211
32766591396
32711050054
32716663364
32713539266
32710942723
1005007033978049
1005007422546042
1005002046136117
1005002015185509
1005004610571328
1005004392277327
1005006055645218