1005007637418435
1005006542284355
1005006878723327
1005005940677691
1005003316271380
1005005697422192
32710313835
1005006144180475
1005006878473947
1005007548355425
1005006827225394
1005006055108649
1005006210414260
1005007530252273
1005007181664201
1005004351829056
1005004980437474
1005007463578829
1005007486661186
1005005715105940
1005007493409813
1005004661982587
1005002621914334
1005004337021541
1005004294494661
1005007044797683
1005004417379403
1005003050496549
1005006103873537
1005006381446049
4000156042586
32532197554
1005005472227865
1005007109074205
4000184870074
1005006448761542
1005007637172350
1005002661343662
1005005226676527
1005004984168363
1005005943867804
1005007569030498
1005006125853853
1005002611080526
1005006575117247
1005007598193483
1005002605889343
32878646370
1005007612216624
1005007530043591
1005002571080259
1005002554744609
1005003640351676
1005006825349808
1005006638837349
1005006707590525
1005007002251117
4000332917142
1005002121356420
32836471275
1005007620178519
1005006774318750
1005002926676948
1005007016217494
1005004850231267
1005007498426400
1005007628367640
1005003952592237
1005006533693916
1005002650835352
1005007627908801
1005005733889910
1005006190563006
1005007622276952
1005007034606359
1005007466970804
1005004462964578
1005007569732797
1005007500879673
1005004451679890
1005006783163695
1005004662091565
1005007586835735
1005003741868048
1005004958566183
1005003256911618
1005006009702572
1005007167802732
1005007501191125
1005007530207338
1005004485356579
1005002945757807
1005006773456565
1005007173875838
4001000683488
1005007360723810
1005007044918493
1005007209535167
1005007499707489
1005007594290395
1005005655046025
1005001716171149
4000812998047
1005004604066992
32819903203
1005006818799531
1005006882299253
1005007654055947
1005007390441022
1005005716558896
1005004547126084
1005006144200370
1005003516889404
1005003307307481
1005007037832578
1005004720146891
1005006470933665
1005004160343882
1005005057202487
1005007327949552
1005006144114718
1005005728162514
1005005984504850
1005006533857527
1005006051107809
1005001804489056
1005004556844704
1005003079490604
1005005073392219
1005003643545532
1005005491269602
1005004699312149
1005007530104634
1005007022121657
1005004998936927
1005004351913946
1005007462941087
1005004442972808
1005007310661718
1005007500501500
1005007498329563
1005007004085406
1005002758648713
1005007003722891
32944692135
1005003897109712
1005004853284622
1005002121300727
1005005942825300
1005006695023901
1005004546947982
1005004699201870
1005006279369002
1005005970202363
1005005637839152
1005006299497249
1005003911489143
1005003078318591
1005005724269902
1005006343087864
1005005727694168
32641831371
1005005904564082
4000279991871
1005002542182573
1005006715845339
1005005101384244
1005004340208759
1005007567814681
1005007316324658
1005002964929260
1005006712685361
32947894146
1005006279284323
1005004473791269
1005006051156564
32882798452
1005007438438520
1005007123359530
1005007017758413
1005005150199421
1005007487293651
1005007166523373
1005003955045400
1005007531841479
1005007646479032
1005007479033301
1005007478798577
1005004547065110
1005007302830084
1005007047969683
1005005904393961
1005003824533733
1005006862605904
1005004355259603
1005004355316321
1005007417833621
1005004383646397
1005004843818920
1005007501392277
1005003268251319
1005002961547467
1005007646432131
1005007478783255
1005006810374600
1005007610247972
1005005743760758
1005003177135142
1005007549867975
1005007291340699
1005007173883420
1005007537197521
1005002959156672
1005007500608847
1005003047816108
1005005808111100
1005003078255550
1005002986151639
1005005875823032
1005006369516038
4000501677855
1005004432366470
1005004022594577
1005007177304430
1005003680630712
1005004022664574
1005007478718364
1005007341136729
1005007612680536
1005006152209233
1005003661003686
1005006181226616
1005006045240112
1005004550995856
1005003754884483
1005005904456435
1005007386663257
1005006929562238
1005006250693395
1005003720462894
1005007166314256
1005005859412038
1005003772856934
1005003622884591
1005003709569567
1005006191450926
1005006929526290
1005003755037663
1005004546793635
1005003693912778
1005003754783784
1005006929593012
1005006988207250
1005007182748108
1005004333763529
1005004370058284
1005004355040605
1005006884699117
1005007501385446
1005003021353096
1005007478697913
1005006943791280
1005007500513461
1005002984189785
1005006435769305
1005003621227463
1005007478594448
1005007478595441
1005003680389148
1005003710400381
1005005858300646
1005003008718168
1005002973889859
1005002984641730
1005002981817769
1005007177214611
1005003009366274
1005007338961451
1005003402266967
1005003711572819
1005002947936201
1005007456091412
1005007582471464
1005007348682660
1005002964861312
1005005857991725
1005004993443191
1005002202349383
1005003698268087
1005003026261423
1005002964891508
1005006506832492
1005003047867337
1005003709712188
1005002507177236
1005006191639006
2027987029
1005007659059843
1005006193372791
1005006137090565
1005002226173186
1005002952894795
1005006704228874
1005002507284286
1005002208810124
1005005819871409
1005003647437028
1005007654491784
1005006095195551
1005007040653703
1005004541702284
1005004366160609
1005004268536039
1005004355372195
1005007500722477
1005007478640970
1005007500365810
1005006718997668
1005007478772080
1005003709592628
1005003621066815
2027989881
1005007656565035
1005003009340644
1005003668896941
1005002486254706
1005003695895396
1005003010094968
1005002207880855
1005007646278115
1005007646233446
1005002507190968
1005007664214530
1005003698363388
1005003009005752
1005007683228453
1005003010745814
1005005925329107
1005002962021015
1005007661673112
1005007674333667
1005002226246007
1005003002784570
1005007683914720
1005007662686998
1005007657563207
1005007662072127
1005007667703899
1005007683830808
1005007685327755
1005007685709908
1005006991678856
1005007159402235
1005007686094419
1005007679763902
1005007657450678
1005007685486450
1005007685739232
1005007680177909
1005007685881174
1005007668673747
1005007679653083
1005006443118528
1005004868705118
1005004333685231
1005004459058347
1005004383892630
1005007501192753
1005007478903505
1005007501428142
1005003716022301
1005007478746092
1005007656426404
1005006191463823
1005002227003183
1005007685705198
1005007670454444
1005007345595165
1005006860589496
1005007267241731
1005007684229243
1005007676971678
1005007670047080
1005007662702482
1005007683554348
1005007628478532
1005007320173243
1005007662795104
1005006674193040
1005007791453830
1005007791066629
1005007791091550
1005007689234890
1005007688392863
1005007790158756
1005007790001716
1005007787926185
1005007787811806
1005007738685834
1005007784305978
1005007763547183
1005007704304681
1005007720271753
1005007353318578
1005007353294896
1005007723521732
1005007723621975
1005007722997392
1005007723092118
1005007704309327
1005007617653363
1005007721434918
1005007777076909
1005007732611212
1005007769902412
1005007769642568
1005006443212205
1005004472509922
1005004463169713
1005007519488876
1005004487475491
1005007500638065
1005007478661955
1005007500864170
1005007507487662
1005007656245947
1005007661424327
1005007656084182
1005007654597149
1005007792876418
1005007723675026
1005007704383503
1005007704215956
1005007717984051
1005007746090251
1005007704238927
1005007772192724
1005007761066716
1005007761025892
1005007768279445
1005007768009614
1005007760983466
1005007761079140
1005007772124000
1005007768217237
1005007768349101
1005007771765691
1005007740946782
1005007740589386
1005007766919383
1005007335119690
1005007731497251
1005007706236684
1005007707645625
1005007707649312
1005007707557116
1005007765511645
1005007738319122
1005007697508783
1005007697346994
1005007733772440
1005007718743024
1005007710532653
1005007745890829
1005007731908512
1005007745974445
1005007704116995
1005007710232678
1005007758682273
1005007727298055
1005007757736953
1005006418645392
1005007518162061
1005004383770079
1005004443007858
1005004333832934
1005007501528032
1005007500611136
1005007478837656
1005007478521709
1005007768204286
1005007767525287
1005007767154421
1005007707487922
1005007707486634
1005007751306026
1005007751875730
1005007727134896
1005007714436277
1005007750471296
1005007714602259
1005007750055374
1005007746447144
1005003652749789
1005007741367356
1005007741344389
1005007741260762
1005007736818977
1005005997770266
1005007689897821