1005006897024427
1005005858790250
1005005217673949
1005004720461141
1005003295701028
1005003619362375
1005004447069330
1005005302363760
1005006045928083
4001079174237
1005006304987533
4001278753155
1005006031261813
1005002879764593
32871901542
1005006340703912
1005004412021279
1005006048040267
4000130803469
1005005622036184
1005006236907534
4000005727788
1005006027682409
1005005766706209
4000479389501
1005007273336104
1005005314837923
32800153561
32871921308
1005007173214789
1005006119013375
1005006134162841
1005005967420358
1005005552991755
1005005153012358
1005004596195583
1005004808729774
1005005864218159
4001196116634
1005007030682245
1005001266766451
1005005017207042
1005001788754512
1005005645229503
1005003392901769
1005004020960549
32975743553
1005006939809182
1005005892425024
1005003676391298
1005002831364118
4001090474219
1005007313441346
1005002781993083
1005005903039489
1005005396663555
1005002952410106
1005004763280279
1005001317294250
1005006314988952
1005006793369878
1005005961449841
32836029840
10000044015435
1005003638017306
1005007370502652
1005005670919462
4000320208900
4001290797752
1005004301111452
1005005314874824
1005007437833809
1005006020677097
1005004920001087
1005005603648142
1005005643834711
32774058797
1005006290252831
1005005673090481
1005007382629588
32852023834
1005006133130979
4000661132154
32289367401
1005004564760359
1005007003901363
1005006760961515
1005002293730135
1005005829278844
32843558484
1005006732838350
32859094422
1005006495234443
1005006693293689
1005007025715066
4001127663197
1005007588528111
1005006949391364
1005006241215649
1005007551068258
1005007542330344
1005007651043778
1005007090266387
1005007658204986
1005007535546713
1005007369716141
1005007542705778
1005007352729381
1005007303329620
1005007415967425
1005007469866346
1005006674205781
1005007369499952
1005006391216126
1005007672015746
1005007402985785
1005007542961541
1005007404163242
1005007512024206
1005007506674732
1005006240203929
1005006953862314
1005007509499681
1005007210934851
1005007016449576
1005006022034138
1005007218298089
1005004565583093
1005007247915595
1005007404114413
1005005201638982
1005005891847038
4001338279371
1005007187194333
1005006592780804
1005007620654946
1005007404111430
1005006628303862
1005006646143663
1005004640126765
1005004167245319
1005007686725285
1005006258400743
1005006583102464
1005006571887969
1005006555552455
1005005368674975
1005007491035090
1005007087931722
1005006100357694
1005005990561190
1005007349828400
1005005741631458
1005006982072736
1005007365676395
1005005924671105
1005007482052430
1005006973244694
1005006829425692
1005007306354266
1005006496493372
1005007480917715
1005007087891234
1005007636946834
1005007059909427
1005007183018229
1005006862707443
1005007371218027
1005006629998249
1005005506562004
1005004769357708
1005006176564469
1005007035536889
1005001561988798
1005007623518508
1005007040246202
1005006093034800
1005007296733076
1005005600364159
1005006527887861
1005007395537622
1005007409747231
1005006992140179
1005007553794090
1005006116537327
1005007037668234
1005007306799125
1005005574771014
1005007423746533
1005007037924213
1005007391950541
1005005753535015
1005007211335105
1005006049395421
1005003753907579
1005004367207767
1005007266611068
1005007385008833
1005005392668214
1005004748293991
1005005207962182
1005006516898502
1005007404246032
1005006920201576
4000727664464
4001065563684
1005005344515536
1005007350513459
1005006856799601
1005006305013298
1005006909666786
1005007254051119
1005007127136074
1005007371192306
1005006980188195
1005007151346730
1005004605956377
1005007177279961
1005007520990221
1005006008690426
1005005900215737
1005003681138450
1005006072508892
1005003813341153
1005006096474422
1005005659568009
1005005844696791
1005005476198590
1005004721878093
1005005182894524
1005001531138320
1005004592935289
4001044706974
1005006863327344
1005004571141516
1005005405842684
1005005636722091
1005007619944912
1005007399733566
1005006684159862
1005007520894427
1005005124458180
1005006248005714
1005007206808431
1005007581366024
1005007464804818
1005007553635588
1005007369702857
1005007235973535
1005007546577595
1005007560375196
1005007218992868
1005007553622140
1005007528633263
1005007561028892
1005007517135274
1005007582509748
1005007208505318
1005007653219290
1005003709176060
1005007211142467
1005006071981668
1005007450545030
1005007208621137
1005007641846845
1005006052858780
1005007583685208
1005005357930385
1005007226660076
1005007393857130
1005007213810261
1005006583623897
1005007650550117
1005005935500812
1005007475697144
1005007372300925
1005007208673391
1005007530856172
1005007546204045
1005007373742505
1005004833247475
1005003777606484
1005007211162807
1005007582831008
1005007513563722
1005007540612922
1005007364011915
1005007205516674
1005003415473142
1005003042722847
1005007506864506
1005007252363143
1005007496331948
1005007621347040
1005007091296568
1005007281172564
1005007095786911
1005007542537486
1005007205984055
1005007086736430
1005007099763531
1005007650845200
1005007437396482
1005007357509644
1005007530997488
1005007546990258
1005006834200766
1005005554256092
1005007033457341
1005006815892804
1005007090842280
1005007547971760
1005006726391468
1005007219455805
1005006910432580
1005007208152936
1005006052928910
1005006918260446
1005002808999205
1005007550391515
1005005554645769
1005007421284316
1005005911998749
1005007099560714
1005006807605577
1005006916251426
1005007371537583
1005006852582899
1005007217763593
1005006462616047
1005007059706852
1005007616952106
1005006546253471
1005007613371888
1005007506700663
1005007498586340
1005007369719140
1005006473065534
1005007487026256
1005007544557649
1005006233400541
1005007545132203
1005007288144522
1005007099349920
1005007267953969
1005007583372953
1005003113049488
1005007208389503
1005007649614882
1005007085247472
1005007527677145
1005004230494293
1005006879152160
1005007362676053
1005007021068974
1005007582442577
1005007084239927
1005007208672371
1005006936574151
1005006415668819
4001259400928
1005007097542924
1005007058197586
1005007099667728
1005007507006129
1005006904900449
1005007550236937
1005007091739882
1005006882980212
1005007501553740
1005007270414691
1005007287636299
1005007582357370
1005007109499449
1005007653147538
1005007401897688
1005007503045525
1005007506887064
1005007353452022
1005007506638805
1005005951126327
1005004626377334
1005006053648022
1005007169559701
1005007498007761
1005007483960664
1005007211231500
1005007573994071
1005005297010247
1005006861048655
1005007053353263
1005007362879144
1005007610814795
1005007154770927
1005007604001893
1005005948098155
1005007366442589
1005007550428126
1005005455219119
1005006647207018
1005007610654944
1005006674451035
1005005455137594
1005007358288551
1005006875519093
1005007487850902
1005006810930912
1005007298238125
1005007039938048
1005007208350583
1005006836070164
1005006476571738
1005007091024049
1005007550182955
1005001414024335
1005005724706261
1005007208334574
1005001576665205
1005005935584416
1005007550450095
1005006061740331
1005007341471008
1005006935535753
1005007286194564
1005004415705295
1005005924530155
1005007567212772
1005007029392323
1005007654572111
1005007583971016
1005006242988049
1005007306036255
1005004837412319
1005007596658915
1005007506038895
1005006995715935
1005007539889798
1005006314069154
1005007386275792
1005003611762362
1005007371557053
1005007351847971
1005007180997618
1005007621402053
1005007033775999
1005007610919555
1005006963216203
1005007210835754
1005007392988309
1005007487158038
1005005167966453
1005007602933414
1005007341473003
1005006646587559
1005007543884290
1005006852544883
1005005490658806
1005006757022617
1005004074457333
1005007218718361
1005004599682153
1005006791616683
1005007090817311
32971692006
1005007610693882
1005007206040572
1005007544531745
1005002950373938
1005007544797999
1005006277876362
1005007224516619
1005007090958153
1005007054211538
1005007308169586
1005007037681827
1005004600241575
1005007279479010
1005007441390174
1005007247703256
1005006683260547
1005006646570362
1005007546122279
1005007373806556
1005007014574499
1005007592210831
1005004579885732
1005007358443308
1005007486928581
1005007012980678
1005005508864758
1005007611017380
1005007614681502
1005007480818508
1005006646948188
1005007496897382
1005007150922084
1005007637351143
1005007341338140
1005007611040205
1005007552414840