1005005107551194
1005006710307081
1005006847061945
32892609718
1005007050387723
1005006111739900
1005005539942967
1005006777149541
1005006948262401
1005005134696951
1005005170381671
1005006625983959
1005006167252206
1005005782262867
1005005823218659
32856262342
1005006639136666
1005006304753998
1005006993741461
1005005705456320
1005006023239766
1005005655185786
1005005529103981
1005005352662129
1005007031094293
1005005505265639
1005005426436542
1005006079531772
1005006209442341
1005003551855324
1005007370958216
1005005548391230
1005006431029977
1005007138626202
1005006597862618
1005007186725955
1005006741285038
32823669089
1005005683396763
1005005248182191
1005006514504597
1005007131672217
1005006306536871
1005006378923902
1005006612966019
1005006204767991
1005006767283522
1005007208795918
1005007445878224
1005003478444466
1005005200933588
1005006271741442
1005006942100400
1005006278118600
1005006649933455
1005001654131068
1005007334989992
1005006044684091
1005004272108676
1005007004100745
1005005864868656
1005006628546035
1005006675609796
1005006340290495
1005005787495641
1005006045462973
1005005077175554
1005006673374527
1005005677118778
1005006098754847
1005007032368778
1005005806308986
1005006875838225
1005006819020296
1005005071914380
1005001962552601
1005006218797052
1005006664614191
1005005994681219
1005007496484592
1005006539480210
1005005342714686
1005006367419820
1005006803820472
1005006697006931
1005005489746718
1005007523715042
1005005603883350
1005006769281832
1005006640668646
1005006793835908
1005003440110373
1005006825725863
1005006664220442
1005006380480146
1005006508408545
1005007411967155
1005005933525184
1005004216462889
1005007649847606
1005007250521715
1005006327141694
1005005933549290
1005007252417210
1005007791664459
1005006467353352
1005006464747701
1005005453422768
1005006582644713
1005006917060988
1005005382685787
1005007511962591
1005007088880923
1005003733332047
1005007445534266
1005007253700025
1005006096891147
1005006490964956
1005007712828978
1005007753215698
1005007737773600
1005007729659738
1005006168990600
1005007014657282
1005007533751193
1005006173428577
1005007395287014
1005006230256002
1005007590919996
1005006434258320
1005007170439354
1005006980645150
1005005605871916
1005003576091184
1005006191984660
1005007002439684
1005004068832161
1005005562235532
1005006899950323
1005004054488649
1005005968772309
1005006750504081
1005004662464408
1005006645475586
1005005825422325
1005006051532151
1005006719523680
1005006368282196
1005006159510414
1005005357090553
1005004294087357
1005006462209748
1005005885664443
1005006156603762
1005003904019919
1005004921489185
1005005033238534
1005006443465256
1005007195430853
1005005772715468
1005005142038037
1005006102275890
4000434807144
1005005575100166
1005004886990077
1005006695765190
1005006511586601
1005003877732614
1005006057435553
1005003123875960
1005006690185732
4000182654293
1005006093299344
1005003648590399
1005006801147605
1005006307794947
1005005187264124
1005007494616290
32894362543
4000639595209
1005005444233999
1005007408234366
1005006812293418
32777376504
1005006330794050
1005002469336282
33021683454
1005005821304225
1005004158910015
1005006220522867
1005007078742659
1005007619769297
1005006281786942
1005007463507088
1005007287210545
1005006897166950
1005007545099133
1005007326760686
1005006608005362
1005007545497665
1005004848741717
1005006974017261
1005007252870138
32687098795
1005007129977464
1005004823290153
1005007059668159
1005007248455254
1005007316260239
1005006891778041
1005006464513396
1005006671491866
1005007385986732
1005007485294972
1005001856198742
1005006961877904
1005006723056407
1005007556149347
1005006954718224
1005007568038173
1005007181901298
1005005704580808
1005005677585538
1005006660271389
1005004901031497
1005006857848024
1005007278998682
1005007088124299
1005006094670064
1005007619714429
1005005897130578
1005005815978257
1005005960921748
1005007055595976
1005005844322729
1005007060611494
1005007239894674
1005007473730402
1005007493221290
1005007424590897
1005007530229800
1005007567947535
1005005977034145
1005007554227237
1005007116878616
1005007377868837
1005007382629434
1005007382685604
1005007382534913
1005007155636814
4000946218377
1005005344540599
4000802123795
1005007217600672
1005007587499987
1005005722291805
1005006010530774
1005007500636944
1005005759520477
1005003079951267
1005004916770128
1005007007829683
1005005268664457
1005006995758915
1005005805441563
1005006409074998
1005007464973754
1005006600850579
1005007275318360
10000116046894
1005007470434468
1005007038336191
1005006000465181
1005005345428504
1005005834899192
1005006357484214
1005005905321189
1005007659737937
1005007162818692
1005007432562195
1005007659630572
1005007210293959
1005002190544111
1005006905062502
1005006362677938
1005005482164426
1005006887688116
1005006846433091
1005006828315855
1005004873856611
1005006793229235
1005006545472758
1005003078146414
1005003436089495
1005007250856885
1005006804720542
1005006529360663
1005007250320222
1005006785197875
1005007103666457
1005007323402336
1005006398591635
1005007449646732
1005006997139910
1005006340912953
1005007010288796
4001161272495
1005005044019442
1005007195493860
1005006396830812
1005005311086712
1005007274297027
1005006510705780
1005006828733167
1005006683071113
1005007105142112
1005007645429789
1005007340404730
1005005912881311
1005007195660456
1005007522763104
1005007022668874
1005007375704038
1005007015680825
1005006348548781
1005006721716624
1005007473260559
1005007175983247
32794896728
1005006967759633
1005007235362267
1005006991308894
1005005118767655
1005005848226700
1005006685726840
1005004511870908
1005007342382236
1005007437658887
1005007074141738
32865659348
1005006434972266
1005005995102986
1005004217017923
1005004897074341
1005007061430923
1005007475435763
1005004636425644
1005006742131556
1005007249803357
1005006288047507
1005001506792551
1005007060536819
1005006750683472
1005005844452473
4000333859246
1005007519970277
1005007550891426
4001116599555
1005005426344938
1005005981162041
1005006661395701
1005006820977519
1005007464412428
1005006221451000
1005006343998646
1005007393589961
1005006925758037
1005007168238537
1005007660076350
1005007580786392
1005007659966657
1005006826849661
1005007346934391
1005007091427190
1005006744044893
33052884677
1005006949684731
1005002828339305
1005007059529064
1005007233810921
1005007156140942
1005007302516818
1005006484245740
1005006776623987
1005005192350452
1005005720476824
1005007449865279
1005007180134644
1005007606012321
1005007009326528
1005005639884928
1005006449343457
1005007212474620
1005007118921009
1005006752425588
1005007267140069
1005006850911452
1005007379461781
1005006999551511
1005007012604360
1005006524939214
4000910798609
1005006428807740
1005006067204701
1005005448697724
1005007226410676
1005007301228105
1005006543076769
1005004549932819
1005004270562734
1005004216164484
1005006026801516
1005004503899700
1005001506631079
32870749164
1005007486165138
1005007438434744
1005007406529445
1005007378579825
1005007242535481
1005006787948027
1005006776318040
1005006725051028
1005005515150458
1005006013306702
1005005990491605
1005005670239142
1005004921242984
1005003358308086
1005005839947522
1005002078056215
1005001464508255
1005007601646720
32220702653
1005007306351156
32756515300
1005004615756219
1005001731570145
4000102124321
1005007358281943
1005005795724003
1005007123056724
1005007466801430
1005006270035469
1005005597896944
1005006161288312
1005007377310831
1005005878976043
1005002056556955
1005004926405678
1005007388706975
1005004077945803
1005004159235116
1005007016133990
1005001576431674
1005004148777144
1005006869698856
1005006690954046
1005006304522986
1005006797287073
32848850154
1005006727489464
1005007494720389
32971657571
1005006431575084
1005005729725557
1005006823417704
1005004934072117
1005006313335529
1005005861046021
1005003772608227
1005007494477516
32825234279
1005007463172163
1005007294770844
1005006940513433
1005005803440705
1005005834651276
32804227549
1005005725448406
1005006830387929
1005007406697089
1005007339432286
1005007308670722
1005007288521869
1005006368297881
4001177106794
4001216699971
1005002637437413
1005004168090886
1005007045390945
1005007054286475
1005006683877386
1005006389792992
1005006820462729
32929696486
1005005971854146
1005006648878413
1005004633424198
1005004504896222