1005003141683313
1005003141409010
1005003141824250
1005003962829297
1005006514305878
1005001592886004
1005006655649109
1005004419072954
1005006989175244
1005006590012159
1005007253528404
1005006691135373
1005005910419693
1005006249796670
1005005404586515
1005001640105344
1005005997640022
1005007234855633
1005006584576535
1005005214745518
1005007412094828
1005001645222676
1005006664330515
1005007044507308
1005001644961599
1005001645044162
1005004788140475
1005006738515456
1005005940319997
1005005886708786
1005005923134537
1005006358691881
1005006452505283
1005005815065190
1005006341041117
1005005854696985
1005001651166859
1005006460889219
1005001996751201
1005005805817602
1005003825746759
1005006615984185
4000544634096
1005001929577639
1005005028213702
1005006500646676
1005006127593748
1005006429773642
1005004011429873
1005006385690505
1005001641599366
1005006902511476
1005003701071904
1005005535093635
1005004841183636
1005005991781377
1005006202144444
1005001640687885
1005006754015843
1005007045900637
1005006494354675
1005005670100477
1005006673933285
1005002750985586
1005004031400304
1005001657900459
1005004252067550
1005006449090238
1005006798026183
1005001351441377
1005005315960941
1005005024791290
1005005976749524
1005003991392081
1005006506940535
1005004387232554
1005005966497768
1005006993333708
1005006532342002
1005006127231040
1005001640795428
1005006648896418
1005004433009701
1005006266546273
1005006399731492
1005007162869627
1005004318883163
1005001642220639
1005007054778168
1005005654451483
1005003654048690
1005003761292408
1005006743214209
4000318914311
1005001639842566
1005006866748237
1005001640845867
1005006746663028
1005005477161201
1005006261074734
1005006076764064
1005005292803725
1005006010148222
1005007159194762
4000071765183
1005007494182556
1005007592549403
1005006756382559
1005001640396486
1005001653695295
1005006127096878
1005001643903188
1005001640431408
1005002467815022
1005005038678336
1005005442059467
1005006282348078
1005006602293673
1005004176325209
1005004171656256
1005006494253983
1005006848460717
1005006646576661
1005006129596171
1005006380918991
1005006821432780
1005006891093390
1005006338786841
1005004836448254
1005005936149728
1005006144071041
1005006399404818
1005006619122899
1005006421610335
1005005580726642
1005005021472380
1005006362214071
1005006467116226
1005005037819600
1005007104006963
1005006359164223
1005007001808557
1005007445225674
1005006010566166
1005002959363920
1005005996780933
1005001941218726
32970160124
1005002927110603
1005007447754482
1005007275130986
1005006769897792
1005006584948333
1005006806410072
1005006858045062
1005006673715881
1005006036400388
1005007295353728
1005007032290983
1005007223570475
1005006864456657
1005006858703980
1005007348141867
1005006680294447
1005006249729818
1005007254028344
1005007485984451
1005007274483337
1005007502494338
1005007484886462
1005006996363332
1005006419873184
1005006677930441
1005007448036828
1005007439165116
1005006609997142
1005007497535870
1005007002179415
1005006885094463
1005006678268223
1005007089473072
1005007499711733
1005006534555535
1005006110075920
1005007254881355
1005007020410898
1005006733385402
1005007329346692
1005003663661068
1005004369396071
1005006759551795
1005006736103606
1005005385070100
1005003392769891
1005007198201045
1005007144027583
1005006507482617
1005005755985032
1005007379306267
1005006506969895
1005006969695372
1005003205271881
1005007169551858
1005006429681456
1005007199112355
1005006771266970
1005007443778266
1005007495959610
1005007014344719
1005006782826937
1005007088698035
1005007504293666
1005007276340044
1005007069155388
1005007066207546
1005007278379491
1005007258806462
1005007604899745
1005007536585268
1005005976272388
1005007085614144
1005006954410397
1005006823220012
1005006760168545
1005006603559958
1005007316159158
1005006144965975
1005007011195203
1005007275206754
1005006827595646
1005006688457622
1005006635816139
1005007432926484
1005007245208916
1005006821033125
1005006952370453
1005006969084332
1005007477083363
1005005574295762
1005006632595460
1005007482071502
1005006289382394
1005006615621235
1005007166893334
1005007196784701
1005006076471882
1005005675192530
1005005807765807
1005007321963352
1005007046196803
1005007308536544
1005007583577249
1005006819201663
1005004457974645
1005006827093021
1005006738993517
1005007456056888
1005006875458352
1005007306330263
1005007424913040
1005007507780457
1005006903937784
1005006440580362
1005007379123517
1005006678110247
1005007301813282
1005007426886345
1005006994145320
1005006201415344
1005006862118333
1005007544621872
1005006139504616
1005006807114290
1005007117932113
1005007524871146
1005007182075148
1005006865392418
1005007037026913
1005007329109612
1005006636572697
1005007429736142
1005006815070799
1005006870752159
1005007530547733
1005007317352170
1005007514328487
1005006443121363
1005007227571352
1005005644817277
1005001351527014
1005007473035355
1005006655488624
1005006005850599
1005006845322232
1005007227058059
1005007338804228
1005006760310160
1005006347564909
1005007439801209
1005007297813245
1005007432391196
1005004108800087
1005006677956724
1005007007270589
1005006112963159
1005007030875205
1005007259981462
1005007487303504
1005004600458055
1005007173926201
1005007470578277
1005007524572296
1005006430942572
1005007101675209
1005007064789514
1005006834060738
1005006257315191
1005007403461143
1005007327948020
1005007245278604
1005007504413461
1005006697284947
1005006389224711
1005007410994385
1005005305480530
1005007424098806
1005007440305666
1005005890032585
1005007059312436
1005007270957956
1005007149998016
1005007145630334
1005006633207575
1005006262084037
1005006756677632
1005007043687715
1005007255212606
1005006140543931
1005007463724559
1005007532450421
1005006678004581
1005007514480058
1005007150262470
1005006636440671
1005006621184435
1005007532291801
1005007440351583
1005006730837539
1005007457440079
1005005666673667
1005006666576140
1005005604724323
1005006991389127
1005006629511388
1005006990180197
1005006145919740
1005007038157494
1005006487930000
1005007499137692
1005004863969016
1005007074237630
1005006678032054
1005007275124926
1005006859731773
1005007500145287
1005007550255623
1005007385168911
1005007346702263
1005006129651448
1005007265525093
1005007536982301
1005004905074177
1005007267390359
1005007507673754
1005007482307011
1005007101231085
1005007474243116
1005006764581737
1005006508010517
1005006649753048
1005005994227185
1005007241116544
1005007431197444
1005007378907516
1005006251699085
1005007275257635
1005006641840660
1005006835395695
1005006839264003
1005006808183355
1005007053810646
1005006846090891
1005005871421874
1005006203541498
1005007134889703
1005005932749768
1005007321846741
1005006415058439
1005005578225338
1005005722378973
1005007485240446
1005006132996850
1005006150022482
1005007137157683
1005007065871120
1005006876884046
1005006876653691
1005007055411081
1005006902486259
1005003990077505
1005007440460320
1005006619965061
1005005810648258
1005006954599036
1005007360893567
1005007379071173
1005006885630541
1005002094793612
1005007074385818
1005003111717042
1005007373951000
1005006624222663
1005007514432192
1005006961440766
1005007263245550
1005006664124218
1005007225719499
1005006779038153
1005007408461751
1005007379666479
1005006736235250
1005005913644289
1005007067357438
1005006091671501
1005007448203014
1005006584400458
1005005913069777
1005007227976629
1005005871615464
1005007480768629
1005005870122633
1005007333465888
1005006833557350
1005007379300286
1005007483096318
1005006590265992
1005006699194649
1005005112062389
1005007407985935
1005006351985031
1005007520441819
1005006534399920
1005007226527395
1005007402563647
1005004608673719
1005007022519405
1005006150314095
1005006523810717
1005003783079601
1005006127336559
1005007399740094
1005005854547081
1005006399911329
1005006176144157
1005007383572305
1005007514352437
1005007169229036
1005007501371951
1005006149110911
1005007184434488
1005007385118460
1005006698087508
1005007278510410
1005006099539764
1005007479102493
1005007402387387
1005002613646474
1005005863494444
1005007390336545
1005007379291243
1005007255239619
1005003096710987
1005007487323538
1005006916377371
1005007256834827
1005007439468920
1005007179415834
1005007422879806
1005006682141232
1005005814923828
1005006602295487
1005006895640873
1005006660909783
1005007263220648
1005006229521973
1005007368520337
1005006960438345
1005005010998752
1005005889592658
1005007569446084