1005007245981987
32793983700
1005006745553137
1005006189689782
1005006854081782
1005005192118454
1005006436581279
1005006778415631
1005006884744763
1005006883025745
1005006933018341
1005006760305377
1005006877062358
1005006669329312
1005005981321978
1005005920297976
1005005389471178
1005005925317387
1005005301311735
1005005876398310
1005005822169765
1005005514801982
1005004739664938
1005007474747699
1005004297251972
1005005515720024
1005007219084853
1005004494033527
1005006859742189
1005004698926159
1005006189670728
1005006884118477
1005006882343255
1005005977564807
1005007247191061
1005006760432123
1005005308220042
1005007342828840
1005001643912651
4000328302122
1005006534469944
1005007040550280
1005007307788358
1005005976449117
1005006802598247
1005007437390018
1005007090868858
1005005541714425
1005006199896636
1005006692186988
1005006840192786
1005005929628603
1005007431959003
1005007216693395
1005007315276182
1005006439653431
1005007117806251
1005007219026668
1005002340135523
1005006499004201
4000900722319
1005005878691617
1005007437251289
1005006381446819
1005007343079009
1005002489902165
1005007137121909
1005006254276848
1005006815511834
1005007309714003
1005006730739197
1005007211708158
1005007219163396
1005007099772206
1005007000559897
1005006478820461
1005006821297244
1005004194233436
1005005178418125
1005006962175960
1005006244203358
1005005308213025
1005005482568192
1005006231818998
1005006878636680
1005006702835686
1005006877580084
1005005737281100
1005005898979287
1005005188840893
1005006734555291
1005007463577084
1005006611334464
1005006213929138
1005007437208560
4000060934505
1005007358534236
1005007358174812
1005007362783549
1005006678191126
1005004265467872
1005005891852698
1005006261830867
1005001658093850
1005007065154945
1005006958698690
1005007283105741
1005006959732861
1005007145757250
1005006966772939
1005006322575956
1005006954010905
1005003174056169
1005007032267980
1005005900214789
1005007261614285
1005005999456333
1005006854860446
1005007203160392
1005005579776860
1005007173945185
1005005357869480
1005006755520160
1005004468985413
1005004888124920
1005007182623183
1005004488043569
1005006854191457
1005005765845972
1005006878181584
1005007251987666
1005007335294720
1005006231946309
1005005128411264
1005006216023706
1005006636604595
1005007080078299
1005007216842383
1005007230103679
1005007082009279
1005007081424350
4001205141531
1005005272120711
1005006809162284
1005006966771953
1005006956013442
1005006972241316
1005006966680239
1005006808807752
1005005214312480
1005006821171477
1005002656330152
1005007423038882
1005003645313505
1005005827155433
1005004808019615
1005007467154423
1005002061458769
1005006712399523
1005006013818535
1005003041584803
1005005968281584
1005006334584154
1005006297612659
1005003434392514
1005005217243856
1005005197821708
1005005887384866
1005004749677943
1005005643134880
1005006810995721
1005006232945063
1005006820449851
1005007484631717
1005005363503978
1005007469764790
1005005588564699
1005007476999217
1005007478619431
1005007476902355
1005005402264810
1005007478579548
1005007477602621
1005007475484338
1005006692127364
1005007475243769
1005007482878863
1005007480929041
1005007468580805
1005007481536017
1005007469796435
1005007443615960
1005007448184619
1005003510831274
1005005218704946
1005007278907767
1005006339793945
1005007218384221
1005006375464063
1005006603487450
1005005736108469
1005006876863313
1005005530629275
1005006988801538
1005007164450999
1005007230101704
1005007222686243
1005006849959054
1005005868585576
1005005013862016
1005006966610480
1005006968149513
1005006968930816
1005006973518702
1005006847530481
1005002236606247
1005006709758289
1005003041697346
1005006297707163
1005006672385121
1005006673155429
1005006667307461
4001204489390
1005007019101124
1005006309229087
1005007478790082
1005007476777216
1005007315829569
1005007478872004
1005007479028696
1005007377256865
1005006362506134
1005007417236294
1005007415443333
1005007187175029
1005006884480907
1005007117298080
1005002612952574
1005006763099841
1005007358270102
1005007358465456
1005007358219079
1005007000370464
1005005109750609
1005006350124076
1005006117581956
1005006966298434
1005006967554051
1005006967504359
1005006640897212
1005005279299470
1005006851016071
1005005420463631
1005007479829209
1005007476637726
1005005212530097
1005007479726395
1005007479785316
1005006972827760
1005006892310458
1005005312103276
1005005722248183
1005005496511950
1005006741518955
1005005312138072
1005005500771685
1005005328383469
1005005328336698
1005005050947204
1005007221460254
1005003261780597
1005005208911450
1005003428661977
1005006236544287
1005002317876930
1005002512185935
1005003638014857
1005004811500176
1005003326854756
1005006609582241
1005001843708319
1005006067533615
1005007198461266
1005006803004399
1005006724438058
1005006865373070
1005005608940882
1005004212098454
1005005298141706
1005001519492680
1005006415911570
1005006045386561
1005005398678104
1005005189095065
1005002821136122
1005005167356281
1005004913797025
1005004884274504
1005007145784651
1005004892789170
1005004721742574
1005007078644090
1005006865715299
1005006089743087
1005006847585437
1005005506444999
1005005792552817
1005005558954301
1005005486536835
1005007089562437
1005001669997017
1005005976980545
1005005654654016
1005006102875214
1005006884086771
1005006755124878
1005006580854564
1005006585598878
1005006058814915
1005005995114149
1005006706655072
1005006592510897
1005006150174870
1005006846309778
1005005529009276
1005007420109510
1005006751262430
1005006702444605
1005006037609684
1005007039774025
1005007295686027
1005006955095723
1005007164651608
1005007202802664
1005006345642743
1005004777556243
1005001762316845
1005006629100024
1005004411031273
1005006958948181
1005006437265605
1005005516251785
1005005362769076
1005006240059134
1005006480989626
1005004509974795
1005003721530035
1005002468056528
1005005280519277
1005003636058521
1005004819503593
1005002646013774
1005003871715761
1005002718584895
1005005571364229
4000907516912
1005006282280113
4001221683273
1005007287187193
1005007478609466
1005007454925892
1005007455141605
1005007415562155
1005006973669214
1005005479356263
1005005284136760
1005005022199244
1005006034364034
1005006688929632
1005005101165742
1005005806969073
1005004940582578
1005005208657160
1005006318272194
1005005521426643
1005003321605610
4000142188449
1005004134386383
1005001319889332
4000823464334
4000466050542
1005005075352229
4000537628630
1005004149610811
1005005402101724
32746536545
1005003990388270
1005003607247362
1005005571908717
1005004958031821
4000510986652
1005004170720329
1005002884415226
1005004741713869
1005005429861779
4000730486332
4001156776028
33026209339
1005004423391958
32959199860
4000269343002
4000120987180
4000904389777
1005004203650927
32922104088
1005003605488585
32732736856
1005006421480467
1005004447727041
1005004471620052
32757184578
1005005551206613
1005004981256965
1005005968404931
32999949045
1005004017409389
1005001896273461
4000565709857
1005002329781428
1005003670950156
1005004100841596
1005003563413639
1005003727257299
33000135177
1005003207749605
1005001967218334
4001224816603
1005005620018947
33040398823
1005005529110796
4001220160855
4000745266807
4000287072794
1005003842359197
1005002767938997
1005001813920296
1005003834089943
1005001724163130
1005003459614559
1005004796880224
1005006712738791
1005004626689877
1005002480258970
1005004825592079
1005004325473112
4000481956897
1005001613204315
1005004760026505
1005003640038081
1005005392311811
1005002534522413
4000968191531
4001243670356
1005005708554347
4001331041521
1005003337713886
1005004910902363
4000047133446
1005002359243026
4000295413953
1005002327687197
1005005328267714
1005005542535824
1005004428565171
1005004976769338
1005005124200047
1005006865346161
1005004833798292
1005005085827580
4001142822085
1005003745823299
1005007159717197
1005004494124925
1005005122795401
1005004928352475
1005004632007648
1005007238722345
1005004823838324
1005004775789737
1005003842407380
1005004296245099
4000040576591
1005006972669906
1005002992740531
1005006666901760
1005003208217255
32818661758
1005007344164296
1005004804223290
1005002508053791
4000033187824
32850027258
1005003304594846
1005004230511809
1005004767536619
1005005111227119
4000109284237
1005005593154950
2026882288
1005003335031347