1005006331119019
1005006401135754
1005007334388318
1005007385552498
1005007561879787
1005005813354332
33000138758
1005007163542929
1005005767538713
1005004124328292
1005007168841323
1005004368944132
1005007307164179
1005004991298489
1005007404900234
1005007275162962
1005006572764938
1005006035947054
1005004979467561
1005006618238168
1005007211680273
1005005081158635
1005006315640758
1005006231196746
1005005179128012
1005007645817272
1005007600455716
1005005313929951
1005006990375929
1005007008982026
1005006385744803
1005007246342059
1005006771232189
1005006999912096
1005007347030539
1005007481591401
1005006143719579
1005007354625577
1005007512938044
1005007410602594
1005006907266164
4000185295047
1005006989415135
1005007354820574
1005003934256180
1005006483911152
1005006393302956
1005006174156596
1005006104510179
1005006810592489
1005003009812272
1005007046733066
1005007075731066
1005006966407316
1005006982717420
1005006695328753
1005007130424055
1005007153600918
1005006696187822
1005003322632036
32313747021
1005005570437799
4000183663986
1005006612793510
1005004873436816
1005005757585732
1005004223614800
1005006119161545
1005006855142552
1005004223712110
1005006926514162
32955441226
1005005051058464
1005007408561429
1005007268400241
1005007067649114
4001123598053
1005007031370129
1005006773405095
1005007057170646
1005007371515185
1005007393794725
1005006256575586
1005006997219528
1005003433736756
1005006200424960
1005007238590369
1005007121625272
1005006186362413
1005006967423857
1005005985263775
1005004619167338
1005006286592167
1005003349962884
1005007570014270
1005006394868224
1005007106396829
1005005548138574
33006132983
1005004611821893
1005006782483236
4000800074456
1005007486394959
1005007347021657
1005005489455701
1005006375542195
1005007501727849
1005007010241673
1005006869124619
1005007045979851
4000913426516
1005003954091382
32964719056
32772901275
1005006865042760
1005006448223551
1005006994924447
1005005413257048
1005007260247396
1005005983512892
1005003288135141
1005006335327802
1005007122625624
1005007156687414
1005006047039804
1005006238373839
1005005816764812
1005006782880832
1005001694839622
10000000832141
1005007005158366
1005007121678656
1005006814986094
1005003009109190
1005007258381627
1005005657407717
1005005996656307
1005006871333598
1005006332916593
1005004404283656
1005004083802987
1005007584276583
1005007264088124
1005006497929271
1005007055641099
1005004123975799
1005006380663777
1005006395083305
1005007541262497
1005007334250521
1005007516010859
1005004639497949
1005005775675750
1005006760427258
1005007483449495
1005002944209729
1005006739328981
1005005754288374
1005005554571538
1005004740516746
1005006813605392
1005006548006497
1005006760231433
1005007311389200
1005006048997152
1005005755540597
1005007523132446
1005005579793964
1005007518783619
1005001697838572
33030136251
1005006320101634
1005006840147526
1005005666653637
1005005350891054
1005007092473365
1005006285400715
1005007034007464
1005004391179824
1005006551192779
1005007279746404
1005005449325591
1005006327007945
1005001681373964
1005007026016977
1005003986265352
1005003502078548
32873971196
1005007480394020
1005006683312542
1005004596020976
1005006910377952
1005006257482214
1005007182122194
1005007146298993
1005007471097053
1005006820448561
4000094270089
1005007645842224
1005007645687573
1005004194325357
1005005745467954
1005006425562664
1005006789249219
1005003813292972
1005004384005203
1005007547467947
1005004255049212
1005007008029938
1005006870162291
1005006117046761
1005006843943384
1005006035967394
1005006825132168
1005006732029886
1005006397935336
1005006080917936
1005004496207517
1005006496536965
1005005278129719
1005006749820051
1005006855176749
1005006240877348
1005005638484742
1005006870584398
1005006504395767
1005005743366655
1005007639895450
1005007348094885
1005006918351185
1005007131389004
1005007511343186
1005005500390119
1005006831812922
1005005616019639
1005006430053522
1005006504404584
1005007492861514
1005007450180633
1005006348408743
1005007310669404
1005006910852803
1005006666487868
1005007040508572
1005004659869942
1005005425513116
1005006841486192
1005007214538682
1005005720809021
1005007477404897
1005006820894391
1005007571253719
1005007639910416
1005006384577090
1005004598210761
1005007639792736
1005007487973530
1005006397689960
1005006620299243
1005006224054905
1005006246599620
1005005924369349
1005006877505845
1005006860291097
1005007034152938
1005006869993973
1005006129206559
1005001457474705
1005003038403135
1005007178749201
1005007249265899
1005006620987112
1005007418756335
1005007151968791
1005006129225650
1005006209892378
1005004377660564
1005006233447896
1005002687700459
1005006876642621
1005007359728557
1005007128049953
1005006077002583
1005006748090591
1005007645806290
1005007412655382
1005007486266321
1005006430987614
1005006361391895
1005006075524895
1005007135597031
1005007041479798
1005007472353831
1005006262964910
1005006248409294
1005005652600653
1005007453258577
1005007492921439
1005007614861177
1005007117721156
1005007164542164
1005007465366841
1005007354942278
1005007563717959
1005006820750122
1005007571476269
1005007040651450
1005006924314824
1005006269660967
1005005387747339
1005007337827956
1005006430159038
1005006109132871
1005007344124139
1005006332678770
1005007091859456
1005006798659512
1005007171910434
1005007645785269
1005006027525361
1005007429207312
1005007492770794
1005006930359499
1005007040720353
1005006835284484
1005006013894103
1005006430062466
1005006169236528
1005006075577858
1005007482078208
1005004542311996
1005006879413203
1005006878348711
1005005985344587
1005006129161735
1005006824686990
1005007639769780
1005007040586537
1005004875663127
1005006258818555
1005003384730613
1005006878046189
1005006500377606
1005006109091993
1005006835283878
1005006838344592
1005007474780223
1005007152359101
1005006872870988
1005006091120956
1005003650832936
1005006896235415
1005005179407116
1005006856457874
1005007477973239
1005006820388836
1005007645755384
1005006430075408
1005006260976959
1005007492899518
1005006332171567
1005006429974848
1005007148470671
1005007437121678
1005006332231367
1005007272807594
1005006256590498
1005007040655382
1005007272996370
1005007035172033
1005006878295784
4000076053381
1005006825113143
1005006727235387
1005006218913917
1005007528969605
1005006027153628
1005001393536465
1005007052493887
1005003372015695
1005006261050664
1005006821662552
1005007113122050
1005007639779767
1005007344131095
1005007010619030
1005006835180759
1005004121361147
1005007321718090
1005006961162797
1005006677427663
1005007494320711
1005006878383623
1005006824330782
1005006091518361
1005003835275177
1005006235207687
1005007494834937
1005005979115961
1005004797861863
1005007026182427
1005001504935989
1005006077699289
1005007614703302
1005007343647764
1005007649753234
1005007470989516
1005006819335671
1005007152201370
1005006062200644
1005006129253283
1005007612399694
1005007483567639
32556682986
1005007303472449
1005007653521127
1005006072924658
1005006923404609
1005005514197099
1005006976243031
1005007653251865
1005007645896024
1005007357263700
1005005436299418
1005007330472279
1005007653243850
1005006129202560
1005007653418355
1005004266041068
1005007150256080
1005006430082434
1005006091533237
1005006824193765
1005007052810540
1005005811806708
1005007639882518
1005002802472891
1005007162735537
1005007349228326
1005006832083045
1005007450393166
1005006847110906
1005007615450879
1005007447810011
1005006931323720
1005002912937161
1005007072629308
1005004847697102
1005007279620643
1005007499232797
1005004980738113
1005007162616936
1005006877918322
1005007021739944
1005006974152925
1005006835280501
1005007499223922
1005004621176924
1005007541183614
1005006820566146
1005007152268278
1005007040364814
1005006062296028
1005007639934231
1005007046569716
1005006976004850
1005007268185139
1005007040485655
1005007421666222
1005007450320285
1005007281556041
1005006572272762
1005006304729491
1005007248138711
4000808425648
1005007639929281
1005007218137016
1005007458577790
1005006491614418
1005007487774326
1005006891362663
1005006824247817
1005007028719351
1005004223666670
1005006824422444
1005006788046173
1005007123208129
1005006675122388
1005007343939409
1005006788338041
1005006824833290
1005006877762608
1005006430105307
1005006440639403
1005006835211689
1005006776167189
1005007407285115
1005006332269129
1005006962087720
1005007626190005