1005007740266457
1005004383783419
1005007185447643
1005007276653303
1005005362017128
1005007524421578
1005004146379509
1005007188361542
1005004106944822
1005007605651942
1005007467322711
1005006767313981
1005007523087501
1005006849554043
1005004922123222
1005007016997712
1005006143901613
1005007218573883
1005006086240905
1005006384435211
1005006912295859
1005006403939848
1005007395318993
1005005440526031
1005006657987225
1005006787894285
1005007259260973
1005007219185552
1005004605400157
1005006231686241
1005006343508753
1005006031457310
1005006060908942
1005006749803867
1005007058329749
1005005897908085
1005007260559292
1005006761847212
1005005625334831
1005003844658100
1005007209485732
1005006848286334
1005007560879468
1005006245228183
1005007097635175
1005006474211956
1005005705567641
1005007089163483
1005006225552805
1005005805590271
1005007444668177
32735908146
1005003952208117
1005005972906737
1005001727945690
4000158362962
1005005461231688
1005006197463315
1005005525675134
1005006737557990
1005006173523933
1005006515568746
1005006439780509
1005007090410290
1005005557137051
1005006934322777
1005007007657028
1005006011611336
1005006733184540
1005006912703493
1005005858159441
1005006263827237
1005006848828292
1005006442224578
1005006414645994
1005006651824005
1005004348257376
1005006281073247
1005007003259139
1005006519031921
1005006035449841
1005003827823623
1005004261729902
1005006043452822
1005005454021531
1005005834964118
1005005761492413
1005007066945262
1005006489271670
1005006297908008
1005006967151478
1005006048744215
1005006946487338
1005006946438739
1005006074297401
1005006129160764
1005006796974042
1005005575569427
1005005879925057
1005005936997578
1005005977557836
4001320385274
1005006170508210
1005005891025353
1005006048964511
1005006599817463
1005006173707853
32782752636
1005007174439748
1005007097239157
33060203661
1005007383127183
1005005815304106
1005005088455431
1005007225498283
1005006360405952
1005005824327152
1005004096897588
1005005131311320
1005006854713989
1005004545938782
1005006678107485
1005007184577957
1005005963372786
1005005797109429
1005006520884644
1005006117071336
1005007575205746
1005006940111794
1005005702425417
1005006435630489
1005006801331571
1005002716632871
1005004307792615
1005002439280468
1005006222502714
1005006071836637
1005004021875056
1005007524815363
1005006618891856
1005006310468745
1005007454983523
1005007031993851
1005007292653348
1005007101795617
1005006247760363
1005007359901164
1005007285555758
1005007046194334
1005006116309181
1005007274439232
1005007289861984
1005007014734330
1005007036271848
1005007600185360
1005006200873489
1005004856373909
1005006755066077
1005007215558417
1005007588605929
1005007566922873
1005007022356954
1005003663195941
1005007501508797
1005005646552115
1005006892517484
1005005754779162
1005007594898232
1005007495006802
1005006294019613
1005004649112524
1005005494941976
4001159953394
1005007516538184
10000055553620
1005007532277205
1005007197071279
1005006043168199
1005007015608359
1005005449272657
1005005301034404
1005004281669090
1005003489565169
1005007032102468
1005004574638484
1005007345734580
1005003007807161
1005006737212793
1005005354613812
1005005676390361
1005007426235904
1005007550206527
1005007431008704
1005005857549530
1005005453431554
1005007389835673
1005007097781384
32957602491
1005002846522265
1005005106482257
1005007050782482
1005006608491141
1005005561412816
1005006420138756
1005006361445594
1005005076842775
1005007216719330
1005003554931754
1005007204287504
1005007466343760
1005005255860015
1005007551755703
1005006828021844
1005006205584210
1005007624567803
1005006216060782
1005006120696774
1005007217136958
1005007116505612
1005006859627328
1005002636045164
1005007308358778
1005005013660274
32963524096
1005006615668330
1005007438028954
1005007340476042
1005002791532839
1005007167537043
1005006608365312
32598878424
1005005915387789
1005007310327251
1005007081156740
1005005722205305
1005005810490186
1005005945950422
1005006891308115
1005007344711762
1005007457841672
1005007630735101
1005007400796538
1005006252474015
1005007500046549
1005006971555995
1005006730505647
1005005734324363
1005007094296155
1005006200737557
1005006008271975
1005006860543822
1005004316231297
1005007358626766
1005006988159813
1005005748410817
1005005748474382
4001113199845
1005006831854649
1005003986692472
1005005390061797
1005006985052896
1005006795391734
1005007534322728
1005005236860879
1005006980061315
1005006504149586
1005007021077218
1005004451251544
1005006327186195
1005004249603018
1005006879514949
32282955097
1005006857598009
1005007058337563
1005005878570210
1005007321149594
1005007279800377
1005005218140175
1005006559170424
1005007277269847
1005006278366279
1005007352352403
1005005965623004
1005007103577241
1005004870408552
1005007519364967
4001248652367
33013882591
1005006233037471
1005006202236185
1005006459943055
1005006083295007
1005007017364812
1005006202027692
1005007418708237
1005006626856094
1005006143646678
1005006848966116
1005006974138872
32948865503
1005006927225854
1005007546288990
1005007204860543
1005007606897721
1005006706071841
1005007266717972
1005001625981448
1005007341810935
1005007540439929
1005005971925032
1005006330553154
1005006672585992
1005006996319737
1005006448322919
1005007648507310
1005006831712242
1005007513011116
32788822702
1005006687852859
1005006748986515
1005007468333182
1005004204337816
1005004934335893
1005007649633600
1005002897759057
1005006366155762
1005007645822192
1005007338218623
1005006848770755
1005006682725950
1005006783032136
1005005496099239
4001163353678
1005006480289886
1005007492953320
32817987819
1005006211662940
1005006309696570
1005006901274591
1005007547524562
1005007075208782
1005006641771082
1005006953885930
1005007344838495
4000242424527
1005006181167304
1005006947321403
1005006866850925
1005006064872622
1005007468975251
1005005140478451
4000260692100
1005005775468394
1005007049441606
1005006135274316
1005007483049042
1005007276255967
1005006909219355
1005003164079630
1005006872980243
1005006997516682
1005006567943631
1005006883651337
1005007519372342
1005007167401491
1005005907711997
1005007061824565
4000390958436
1005006846016090
1005006474244803
1005006214642548
1005006934605500
1005005990128047
1005007115831131
1005006981044412
1005006620328332
1005006730885589
1005006277757547
1005006312358783
1005006118850379
1005007489178488
1005005923226063
1005007302931430
1005006963314002
1005005949239438
1005007184383538
1005006060658852
1005006863572994
1005004124015113
1005006077106913
1005006411872155
1005006173344726
1005006395526937
1005006821745751
1005005949443391
1005006697669433
1005006883783160
1005005777393817
1005006614567169
1005006787502759
1005005038254789
1005005970183616
1005005673689296
1005007368993481
1005007095906527
1005006836130232
1005007476718111
1005007048052083
1005001658130183
1005007231828324
1005007528969878
1005006824396670
1005007209405149
1005007486191421
1005005377955256
1005006818443693
1005004310845241
1005006240571407
1005001450498738
1005006761613711
1005007182110634
1005005771869498
1005007269131169
1005006954972112
1005007161143108
1005005988861919
1005004979393954
1005003642301589
1005005790467126
1005007294416447
1005007477092345
1005006834119360
1005002531154839
1005007411080064
1005004151179578
1005007327246858
1005007166500224
1005003239298025
1005007298945370
1005007233750309
1005006240238962
1005006845837508
1005003736656806
1005007465564715
1005007116057802
1005006142463080
1005006530304662
1005007182288104
1005007075833163
1005007409018065
1005004116335276
1005007637363198
1005001669881881
1005006117125981
1005007535752865
1005006768415238
1005006593757441
1005006879146240
1005007486113561
1005006736776440
1005006060926442
1005007316537129
1005006418173444
1005003444980472
1005007361833236
1005007493047109
1005004083438198
1005006171829698
1005007254358306
1005006833163523
1005005531089118
1005005872908114
1005006604083459
1005007539094585
1005007387383582
1005006873933375
1005002946544852
1005003535103871
1005006171694685
1005006193114453
1005006440915733
1005006043799459
1005007168340236
1005005862428615
1005006195988113
1005006967411647
1005007394072722
1005007313889450
1005007454737934
1005007534454806
1005007486086632
1005006146035067
1005002911170421
1005002101220256
1005005859878342
1005005989733505
1005001450368408
1005007045336849
1005004056788979
1005007586950798