1005006475214177
1005007440438246
1005004020614511
1005006767512719
1005007440254409
1005007608161401
1005007493922266
1005007358479598
1005007449537890
1005007096244925
1005007519509708
1005007551489326
1005007309087503
1005007465320177
1005007541992689
1005007551402496
1005007630747844
1005007637377771
1005007647283194
1005007465014211
1005007551475402
1005007630841605
1005007570473231
1005007607983985
1005007630847301
1005007451269254
1005007279044401
1005007309339047
1005007451054713
1005007600871209
1005007567259645
1005007608102822
1005007433599849
1005007570385667
1005007608071775
1005007570484006
1005007648408917
1005007538389826
1005007570391837
1005007551245809
1005007591925425
1005007440464085
1005007465015197
1005007591955253
1005007581909680
1005006895511849
1005007440338373
1005007144529449
1005007433647827
1005007637388273
1005007440341290
1005006818392303
1005006688677915
1005006972189521
1005007451040715
1005007564269334
1005007083188112
1005007306399649
1005007259781827
1005007440178661
1005007648522667
1005007525369039
1005007648583039
1005007440169630
1005007581119905
1005007594370041
1005007502334440
1005007582098168
1005007649338720
1005006702549550
1005007567223938
1005007530656778
1005007502156850
1005007630798763
1005007551201868
1005007551373474
1005007630826650
1005007526395126
1005007630746859
1005006747975222
1005007551456439
1005007570364990
1005007630968130
1005007556462564
1005007464845514
1005007280745785
1005007440487088
1005007451352019
1005007444274032
1005007570348985
1005007564094620
1005007570511484
1005007608152522
1005007464865481
1005007591714989
1005007566812894
1005007637236603
1005007630796657
1005007301091950
1005007369889912
1005007055607714
1005007440404255
1005007440162653
1005007648033977
1005004676681271
1005006313078041
1005007615565873
1005007440304342
1005007570419530
1005006818247859
1005004706285959
1005007426766148
1005007594141884
1005007631086506
1005007608046842
1005007463605202
1005007393596400
1005007582835692
1005007440113738
1005007393608172
1005007594490356
1005007480958358
1005007581887445
1005007610536950
1005007581776875
1005007040756053
1005006902228607
1005007464990246
1005007566806865
1005007599369981
1005006895323956
1005007568854497
1005007566735710
1005007630756830
1005007630972009
1005007436615382
1005007465077073
1005007630731851
1005007067612401
1005007551556316
1005007551279629
1005007608151348
1005007631034001
1005007608034812
1005007450879966
1005007440315380
1005007459072922
1005007465073057
1005007630820633
1005007608088780
1005007570550563
1005007570635391
1005007525521315
1005006948303135
1005007630860150
1005006954983758
1005007440423148
1005007449072445
1005007594326328
1005007503725957
1005007599551024
1005007648997618
1005006948147060
1005007582005392
1005007411440665
1005006895447882
1005007581837741
1005007403976892
1005007465094403
1005007416320226
1005007570038062
1005007568623687
1005007564394005
1005006634726850
1005007498423337
1005007347390768
1005007025263814
1005007442577903
1005007581980267
1005006992931839
1005007246060567
1005007441647751
1005007259383117
1005007440296360
1005007622970737
1005006757932017
1005007570571120
1005007545965557
1005007608182544
1005007309539635
1005007503830645
1005007371171048
1005007444190212
1005007630881247
1005007433653822
1005007630648990
1005007630758825
1005007630781760
1005007630957130
1005007608145388
1005007286823781
1005007630989001
1005007570785006
1005007430043271
1005007436513497
1005007450957797
1005007485928615
1005007591791745
1005007630942035
1005007608176580
1005007570467558
1005007374206484
1005007589024406
1005007551217809
1005006855857579
1005007648571302
1005007440064854
1005006740295773
1005007393550515
1005007448845872
1005007591916458
1005007440438164
1005007608143504
1005007464657878
1005007402929258
1005007440091892
1005007648843933
1005007448651908
1005007188201580
1005005830476994
1005006742494801
1005007594320760
1005007570387921
1005007582009430
1005006948160127
1005007440025961
1005006460309863
1005007651003609
1005007594412405
1005007440722575
1005007402718517
1005006895592396
1005007440247450
1005007582071189
1005007469404677
1005006269110018
1005007570267876
1005007453210039
1005007637535180
1005007449061140
1005007630822691
1005007567182052
1005007630665970
1005007464615959
1005007630733879
1005007637451603
1005007464975282
1005007556639363
1005007630733881
1005007630787821
1005007570281803
1005007444119362
1005007532152478
1005007465142506
1005007440483079
1005007592003218
1005007566626984
1005007608074963
1005007570529388
1005007526416042
1005007485752938
1005007630629918
1005007615634464
1005007582023294
1005007450972827
1005007636837267
1005007440270482
1005007564376019
1005007495931452
1005007556782029
1005007440059920
1005007648460723
1005007496577665
1005007648108248
1005007570245934
1005007440127717
1005007308125614
1005006895747120
1005006615590182
1005007525003997
1005007308396429
1005007637358848
1005007440142687
1005007579554175
1005007581988155
1005006669892959
1005007258146263
1005007600763456
1005007648128859
1005007610634537
1005006461874297
1005007431628349
1005007570027138
1005007352774053
1005007648274219
1005007608049730
1005007581353185
1005007608190347
1005007353099840
1005007540231598
1005006990512297
1005007630871164
1005007451206408
1005007630869232
1005007525638826
1005007608083862
1005007630730876
1005007631034005
1005007570432317
1005007551313607
1005007551558375
1005007465266292
1005007440264575
1005006645099042
1005007608178408
1005007608091775
1005007630926140
1005007306956016
1005007570360942
1005007630765726
1005007525223384
1005007404218217
1005007309703103
1005007551436565
1005007592044130
1005007440121740
1005007440039984
1005007567566186
1005007599336674
1005007608234077
1005007648066668
1005006895771032
1005007440401214
1005007637484320
1005007589440302
1005006312968546
1005006895661250
1005007594004065
1005006615172494
1005007648703281
1005006460406685
1005007162412363
1005007569097162
1005007608127528
1005005825621777
1005006239443737
1005007649085047
1005007498168990
1005007469250979
1005006155818118
1005006954993747
1005007463442640
1005007525376671
1005006898774631
1005007287684986
1005007556693231
1005007637341878
1005007608162425
1005007494127731
1005007464630889
1005007503856640
1005007630717991
1005007451261304
1005007630824650
1005007608172303
1005007630785718
1005007630951147
1005007551348536
1005007551500387
1005007570317752
1005007451282194
1005007450937878
1005007570525390
1005007307242994
1005007608125614
1005007464759700
1005006948129164
1005007608251237
1005007440213573
1005007630858820
1005007630854179
1005007551418623
1005007566891657
1005007279020321
1005007568797080
1005007637555132
1005007570237000
1005007440202558
1005007622758969
1005007582004363
1005007556544462
1005007128469090
1005007646857604
1005006137383229
1005006640422568
1005006898877334
1005007570512473
1005006898825375
1005007373101360
1005007067289689
1005007440352311
1005007570604103
1005005763961829
1005007440211577
1005007393296669
1005006957049936
1005007440089899
1005007358452073
1005007467001435
1005007313410318
1005006919457797
1005007599185935
1005007637288963
1005007344439297
1005007440227481
1005007630870812
1005007577784437
1005007612618339
1005007630812704
1005007494218537
1005007464724760
1005007433692764
1005007551291615
1005007608111733
1005007464730740
1005007630824731
1005007630921172
1005007637324913
1005007464770624
1005007608119516
1005007630963073
1005007591909507
1005007570505480
1005007608086893
1005007485899560
1005007630851199
1005007426297126
1005007631051478
1005006980896196
1005007630740827
1005007392036953
1005007436680312
1005006855744619
1005007556451614
1005007440224515
1005007608114501
1005007637504229
1005006895767052
1005007469261952
1005006634843388
1005006728833669
1005007307056752
1005006635810564
1005007307156438
1005006654462641
1005005436351905
1005007285834397
1005007451253310
1005007347606505
1005007525126690
1005007650035481
1005007404155377
1005007440099875
1005006180478350
1005007589152194
1005007594010569
1005007569669980
1005007287271035
1005007610759420
1005007128091424
1005006856070077
1005007440503026
1005007308966919
1005007439521381
1005007608085680
1005007374274740
1005006818110223
1005007464829547
1005007630918117
1005007498349508
1005007451291283
1005007630725886
1005007556448659
1005007630984072
1005007630971052
1005007630794688
1005007630823669
1005007436757360
1005007556759037
1005007433936325