1005005313436364
1005007499143620
1005006943638578
1005006481555150
1005007580873069
1005006790429682
1005006552339611
1005006942632877
1005007483810283
1005007536178904
1005007494996600
1005007303548142
1005005604379381
1005006909131311
1005006924228328
1005006942777009
1005006713263967
1005006810380484
1005007324963177
1005007021221091
1005007040714570
1005003392906699
1005007024952067
1005006494405328
1005006315444292
1005006769064211
1005005605769633
1005007125352081
1005007387638151
1005007086188092
1005007322470666
1005007550608412
1005006327635622
1005007280493099
1005005721687767
1005005776904210
1005006496898929
1005004994193008
1005007284702901
1005005738100366
1005007360680132
1005006986035136
1005007599284606
1005004745816105
1005004746679202
1005004750097546
1005004757284147
1005007041659753
1005007500507635
1005006942758319
1005006768686857
1005006983153192
1005006942759158
1005007132299120
1005004994107530
1005007085881375
1005006769118052
1005007021002636
1005007085734837
1005005604432410
1005007351897297
1005006923095811
1005007281881294
1005007488585420
1005004994165183
1005007655706429
1005007492251120
1005007085444908
1005006985785627
1005007012460049
1005007485851408
1005007349420322
1005007006837039
1005007085707358
1005006870477955
1005007024848144
1005007403749652
1005005702346777
1005005604631796
1005007021070611
1005007420331122
1005004321569832
1005005560029743
1005007474415528
1005007434482071
1005007314643084
1005007528006628
1005005724882607
1005006368994745
1005004885335887
1005005604522425
1005007021192352
1005006942720275
1005006768940326
1005007021292026
1005006538025429
1005005366791755
1005005658807679
1005007426723355
1005007686978404
1005007461626252
1005006985795828
1005007462619455
1005004745684496
1005004750104929
1005004749879548
1005006996711007
1005004746604530
1005007474274907
1005007336727398
1005007422022781
1005007585768438
1005007473303446
1005007135543931
1005007682277876
1005007418676854
1005003724381773
1005007376623615
1005007330014930
1005007314649604
1005003091641608
1005006364602512
1005006964910193
1005003828087986
1005007021185246
1005007040332881
1005007598594304
1005007040505625
1005007272985033
1005007021138653
1005006908678790
1005006071907527
1005007508620861
1005007369778422
1005007458646125
1005006510325259
1005006772053091
1005007451054497
1005006071919530
1005006071854880
1005003724247910
1005007455740731
1005007279505327
1005007684651712
1005007521947542
1005007049208778
1005006690980412
1005007385489187
1005007406982582
1005004994103520
1005007492468195
1005007448518884
1005006409823309
1005007006836940
1005006985900429
1005007525438244
1005007157669457
1005007643062833
1005007157659236
1005007383851124
1005006985989260
1005007225411118
1005004746544935
1005004746672498
1005007376314335
1005006158899439
1005007671802439
1005007672596311
1005007685453531
1005007671586028
1005007346102609
1005007658251499
1005007659750261
1005007671418600
1005007673800746
1005007682370438
1005007681610065
1005007668708092
1005007500809115
1005007269502107
1005001681991244
1005007303949175
1005007027738006
1005006594980797
1005004992162465
1005007406947321
1005007581305798
1005007505197590
1005007020782968
1005004086981178
1005007227435033
1005007229542031
1005007430669023
1005006740738903
1005007546635235
1005007684072789
1005001470326915
1005002880262334
1005007488563661
1005004745796897
1005007586529870
1005007338157096
1005007433465199
1005007546527492
1005002880269262
1005006071920423
1005007587944629
1005004310012098
1005007483536925
1005007664093711
1005007664233300
1005006910894699
1005007678378310
1005007686492654
1005007678220072
1005006622056109
1005007413102079
1005007412851769
1005007212136375
1005006985722928
1005006936712456
1005007500565523
1005007480262535
1005007655534300
1005007657542086
1005007657754661
1005007657811438
1005007657822733
1005007294610725
1005007078657224
1005003949849671
1005007394633880
1005007407048257
1005006949815376
1005005453265232
1005007636126548
1005005894524122
1005006566052640
1005007606231932
1005004733816762
1005007320602591
1005007027711128
1005005221197651
1005007374735219
1005005008150801
1005007449663290
1005007405529941
1005007467113294
1005007491232515
1005007086186132
1005001471419269
1005007094505543
1005007647722817
1005006526248128
1005007446911829
1005004994135354
1005007636316188
1005007434116739
1005007320762418
1005007646294294
1005007623150557
1005004994184069
1005005453585164
1005005453356929
1005007647822591
1005007646001775
1005005061164041
1005007646078983
1005007181132261
1005007306331102
1005006954781781
1005007621236963
1005007331964430
1005006759764606
1005007591591036
1005007647673384
1005004309972620
1005007144543969
1005006985783743
1005007240767927
1005007430472489
1005005378767223
1005002880209675
1005007620474349
1005007157436715
1005007622061916
1005007325215641
1005007024703306
1005002880289183
1005007523007797
1005007647524978
1005007024549823
1005007528469748
1005007265065195
1005005453591157
1005007647640558
1005007624483763
1005006909817842
1005007624489253
1005007183601921
1005007624503186
1005007201019014
1005007021003664
1005006071898453
1005007529199450
1005007478794521
1005007574147926
1005006910253509
1005007602101848
1005005453601121
1005006496965541
1005007600979701
1005007647914150
1005005453639181
1005005453088529
1005006650338123
1005007283956782
1005007650660283
1005007568262184
1005006744828887
1005006072153223
1005005792604037
1005006771575984
1005006227094043
1005007433962489
1005007441108098
1005007308764071
1005007232428668
1005007546616284
1005007331848686
1005006071849912
1005007023546852
1005007636725739
1005005387116333
1005007525315204
1005007421346673
1005007361785883
1005007209326043
1005007624695118
1005007624371760
1005007624547064
1005007509584007
1005007568106075
1005005453457516
1005005453416564
1005007316856678
1005005453559157
1005005454167646
1005005408389718
1005007568753244
1005005366866522
1005005819775463
1005006606061365
1005006865802197
1005007603773307
1005007493087412
1005005450200536
1005003960752526
1005006989057731
1005006898931348
1005007405042341
1005007331872428
1005007020970300
1005007126522652
1005006450029260
1005006933561110
1005007466743897
1005006932335988
1005004092605731
1005007331658834
1005007518799114
1005006071978153
1005006162970753
1005004751553806
1005004751611472
1005005558806820
1005007579190650
1005004899971946
1005007461872989
1005005441246602
1005007424692919
1005007021355791
1005006796256421
1005007428962010
1005007538517736
1005004832865656
1005007428798369
1005005456084129
1005007561115146
1005007623253143
1005005408000579
1005007541490975
1005007541725324
1005006071931398
1005006650359105
1005006469704685
1005007182928817
1005006985966064
1005005453522187
1005005454337097
1005005453603152
1005005453659018
1005007568199422
1005005147196136
1005007424786380
1005006650018933
1005005925898506
1005006731850895
1005007793368315
1005007792324498
1005007705888843
1005006868668265
1005007790697084
1005007789694984
1005007789926451
1005007789764304
1005007789857171
1005007687934867
1005007764670460
1005007782126189
1005007782286060
1005007786203364
1005007786362016
1005007785253946
1005007785008858
1005007784729441
1005007779088042
1005007778498224
1005007014550982
1005007783523702
1005007780643103
1005007697724414
1005007776228020
1005007774040174
1005007773941390
1005007773404356
1005007771275891
1005007753226438
1005006093611547
1005007772676171
1005007771554117
1005007768139329
1005007768206153
1005007767545236
1005007766478711
1005007766390900
1005007764797268
1005007428367842
1005007763751639
1005007761584723
1005007689163657
1005007736514573
1005007740475733
1005007740548853
1005007740526990
1005007730169103
1005006946377684
1005006985724923
1005005454156713
1005005453623110
1005005453373753
1005005453260034
1005007785862284
1005007736547299
1005007730394207
1005007094204279
1005007729318095
1005007747787137
1005007747407903
1005007689556886
1005007571756636
1005007014207767
1005007358620949
1005007383272191
1005007688148812
1005007739982822
1005007711415051
1005007697414243
1005007736603911
1005007716593003
1005007714941190
1005007224329532
1005007689460770
1005004994080284
1005007703893089
1005007729041843
1005007725241799
1005007698595225
1005007529185104
1005007720806960
1005007662826300
1005007273194524
1005007713112008
1005007712875404
1005007709101751
1005006909027043
1005007707531973
1005007024021150
1005007024239964
1005007024270574