4001152963469
1005006894264613
4000191516226
1005006253650692
1005006863635551
1005004309882121
1005006845948118
1005006170149077
1005005274739295
1005007513324099
1005007265367177
1005006553406851
1005006654145745
1005005279363074
1005006639536604
1005007029763937
1005006981118782
1005006577471764
1005006757696784
1005007014402752
1005007053721162
1005005880644457
1005007075299570
1005005055047736
1005006001267645
1005006825517045
32982555815
1005006369897702
4000324310193
1005006387030807
1005006271615354
1836309612
1005006884572168
1005005872998856
1005006457621748
1005006718847394
1005007261535066
1005006139776574
1005007343626102
1005006711407494
1005006968517128
1005006427201893
1005004011234951
1005007385502593
1005006314506542
1005004468002049
1005006380819393
1005006045963753
1005006079911634
1005006653444967
1005006696779166
4000136620753
1005006273343591
1005006590686639
1005005140484747
1005007039673177
1005007122872757
1005006533079225
1005005010077579
1005006583748742
1005005554428247
32353142439
1005004856508514
1005004289994888
32889621833
1005005515191226
1005002090978501
1005005320148920
1005005897482782
1005007015560165
1005007340828350
1005006567112634
1005007080842869
1005002723227614
1005007452860152
1005004996148333
1005006809310556
1005002172811247
1005005254478290
1005006269407569
1005007511146872
1005007429246127
1005007418266516
1005007354527436
1005006528371078
1005006710301814
1005004019341892
1005006443419887
1005006573605638
1005005279451495
1005005236302000
1005006113648364
1005003088978803
1005002939601438
1005006119179643
32862500437
1005006099249066
1005001878339385
1005006656496711
1005007308155562
1005005751614033
1005006093167353
1005007124493323
1005005322776384
1005005672006961
1005005776150630
1005006419335603
1005005166012090
1005006749118472
1005006199483985
1005006856208173
1005005908099576
1005006854494987
1005005256280882
1005005533711972
1005006395037903
1005006733158937
1005002657737308
1005006639081788
1005006441104006
1005007261211607
1005006955357339
1005005991084364
1005007013700116
1005006896202737
1005003884192318
1005007129487461
1005006039805202
1005005676534890
1005006212256521
1005006894007695
1005006597819741
1005004410634652
4000302895815
32957412313
1005006690622584
1005006435561871
1005006021420028
1005006344034336
1005007215284838
1005004242225470
1005005760281116
1005006498367699
1005006437834338
1005005526470804
1005005311462316
32982065550
1005002169016760
1005006767523175
1005005085855864
1005005543586958
1005005281473234
1005005937113948
1005006274599526
1005005116504940
1005005619835896
1005006176602819
1005005635717461
1005004114406698
1005006195038326
1005005341972812
1005003524222918
1005003737084867
1005004870819617
1005005069313519
1005004118671017
1005006208274559
1005006995460518
1005006855676642
1005006437072330
4001091394502
1005003696211313
1005006727591690
1005005705670778
1005002545417084
1005004698481593
1005004962618232
1005004780382295
1005006621618213
1005005603451732
1005002771284493
1005004716707605
1005006397645948
1005007278160595
1005006593980392
1005007359937775
1005006467744528
1005007004743753
1005005894276066
1005006264154407
1005006107721310
1005006210055469
1005006130514179
1005006690296055
1005003647449193
1005007295145991
1005004811107456
1005006348490632
1005006883016754
1005005369453557
1005005191380300
32931598954
1005004339247607
1005004800092313
33057699541
1005006176708024
1005002282679278
1005006001264727
4000417059940
1005004862440568
1005005609398513
1005005974769852
1005007095603959
1005004701594542
1005003645478949
1005001941873562
1005007058677199
1005006177349531
1005007264454285
1005006133537490
1005005952446638
1005007101228471
1005003920266235
1005006942847680
1005005818251252
10000190471802
1005006796960398
1005004088922975
1005004620616853
1005005915821655
1005005170588920
1005006212313460
1005003647457631
1005004260956764
1005006419722789
1005005565203301
1005006478377854
1005002649005232
1005005257265291
1005006208056268
1005006017870822
1005006810249668
1005003211911372
1005005604315502
1005005788292006
1005006661540780
1005003647334755
1005005666764932
1005005307636810
1005006756202969
1005005770167617
1005005187126104
1005005253078412
1005006313682785
1005006167418635
4000575207366
1005002659312749
1005006843195517
1005005725129175
1005007385627005
1005006967678800
1005007431332601
1005003647132852
1005006597122277
1005006688858910
1005003684325087
1005006826388169
1005006032234951
1005007454617925
1005006258393300
1005007482736178
1005007498622795
1005007185394415
1005004978888479
1005006484178635
1005003647237158
1005005534941359
1005006596756921
1005007408756046
1005007263877628
1005006273342643
1005006686280012
1005005936666208
1005007328576359
1005005692507739
1005006024284793
4001071799622
1005005679288174
1005003089674380
1005006790080992
1005006691162043
1005001298181365
1005006259659769
1005007000274254
1005007344339369
1005007287754265
1005006597155216
1005007040870725
1005006887683414
1005004850810064
32969065832
1005002697140724
1005007474014045
1005006472119801
1005006836636883
1005004916106065
1005005231571178
1005005698585476
1005005225315554
1005007009830928
1005001561157745
1005006030405281
4001199616845
1005006679961025
1005007458726017
1005003647174473
1005005030267549
1005005816747835
1005006216026653
1005006849085288
1005006199227813
1005004786754691
1005006875312325
1005005924672999
1005005465894855
1005005698007075
1005006473564883
1005005327666902
1005007494853758
4000318161983
1005006989697881
1005006193229032
1005003345621259
1005006259770191
1005007118892699
1005006047317435
4001294931633
1005007057905123
1005007218550542
1005004268137147
1005002120795289
1005007174106859
1005005855244806
1005006216295959
1005007513511621
1005007210152963
1005005263082628
1005005862095285
1005006350187181
1005005938447331
1005006793894894
1005005044243462
1005004663409034
32860953237
1005005147495304
1005006563135270
1005006691575764
1005005544436068
1005006104040266
1005007499549706
1005007208217299
1005005611056674
1005007482495835
1005006057953893
1005003188524436
1005006105315749
1005005444776133
1005006479687224
1005007504988496
1005005844032030
1005005295289536
1005006849224141
1005007271841747
1005006475116916
1005002833869597
1005007517474424
1005006490035098
1005007476345155
1005006215938190
1005001399907721
1005006784121805
1005004859746618
1005007094689040
1005005256146351
1005002711552189
1005003703730153
1005005289158783
1005007431264825
1005003197440305
1005006994219125
1005007439110341
1005006572750193
1005004711710434
1005006399433121
1005006690912978
1005005822250028
1005007364180364
1005007440693245
1005007052340720
1005005889243055
1005006380600348
1005006177533796
1005004614738568
1005005854289355
1005006985103169
1005005143677122
1005007612515844
1005006982121790
1005005145956865
1005006106455513
1005007060277322
1005006322447552
1005006899910921
4000931715745
1005006636785245
1005006351468171
1005006640529864
1005003815168973
1005006743404771
1005003435508216
1005006691586189
1005006957391057
1005006156850612
1005005819949057
1005007046632733
1005006282125994
1005006177949351
1005006987674513
1005005320162142
1005006756246457
1005007333813860
1005007272882274
1005005909626877
1005004363050295
1005005763059605
1005006243428359
33041171378
1005004669426180
1005007481930594
33061727365
1005007387400544
1005006802572694
1005004424668122
1005006875582034
1005005430676288
1005004683686078
1005007301375739
1005007095791577
1005006481346870
1005006198591977
1005003647184192
1005007518638560
1005005690839232
1005005974512406
1005005451207284
1005005781356546
32960043193
1005006934493434
1005006451369679
1005003486971612
1005006057623469
1005007605837727
1005004225256553
1005006012048486
1005006756259375
1005007052555487
1005006919920689
1005006212330328
1005006649680862
1005007324437111
1005005465910428
1005006994138933
1005003218850239
1005007118297154
1005005692659087
1005004433827773
1005004870655787
1005007061164485
1005006000194827
1005006242698795
1005006396738271
1005005617031917
1005007427455508
1005001628117310
1005006792752143
1005007421297144
1005007497969580
1005007576912617
1005005940717039
1005003625953550
1005006840853534
1005007519377356
1005004334374487
1005007330624086
32973195550
1005006891465529
1005007440784282
1005007443593873
1005006116426543
1005003645231894