1005007169212390
1005006181871259
1005007075537843
1005005133264620
1005007482198438
1005006340625984
1005005969671969
1005007018353325
1005007316715992
1005007253018470
1005006612524663
1005007334178089
1005006711902537
1005006824850900
1005005532279801
1005007294633076
1005007376275764
1005005680480629
1005004043806732
1005007091221774
1005005862665294
1005007448361101
1005007354785206
1005007506456413
1005003907419854
1005007360060503
1005007562415047
1005007486971149
1005007461487137
1005007179904883
1005006160474287
1005007124464989
1005005614399410
1005006995831003
1005005801211336
1005007591314515
1005005388760979
1005007469677026
1005007635085941
1005007614873253
1005006788259973
1005002391671944
1005007176685034
1005007512454714
1005006363052493
1005007316965000
1005007223493407
1005007425919262
1005006942731084
1005007610322000
1005006060948637
1005007116504078
1005007482064028
1005007407550021
1005005643069133
1005003652663740
1005007116072525
1005007061537425
1005007169874590
1005006653292311
1005007562197603
1005007370242359
1005006832262856
1005005845168746
1005006483942648
1005005721273722
1005007514382943
1005007095440573
1005007370738277
1005005976036713
1005005572000192
1005006620766955
1005005477565931
1005007203954918
1005007478305561
1005006618359082
1005005830130566
1005007608446870
1005006711545563
1005003794798834
1005007180099299
1005007291358208
32992405974
1005007367554896
1005005608692869
1005005872516318
1005006647050341
1005005590392979
1005007292409154
1005005766543327
1005005160085858
1005007168803293
1005006560051039
1005006952264248
1005005400070625
1005007386357339
1005007037181836
1005005731774691
1005004896650911
1005006391422026
1005007347121616
1005007474103389
1005007476187250
1005007401137502
1005007344460771
1005005974712703
1005005686967870
1005007300790393
1005007583404120
1005007399388833
1005006965971414
1005007344191377
1005006579610059
1005007575540178
1005007372176583
1005006576160566
1005006697267452
1005007451558333
1005007417586392
1005007349337510
1005006721671631
1005007501539625
1005005686768968
1005007090620961
1005005966421730
1005007122096421
1005007310315898
1005005782614003
1005006388774807
1005006383262649
1005007561679941
1005003337877293
1005006989474107
1005005356062308
1005006044204603
1005004706425946
1005006375211514
1005006321998945
1005007248865278
1005005936554951
1005004988364305
1005006852597575
1005006588230428
1005006402885292
1005005804244052
1005007486765590
1005007552973913
1005007501637360
1005007395134908
1005006663853197
1005006440323576
1005007605454105
1005007169168460
1005006574242839
1005006124213460
1005007306714143
1005006505138210
1005002804096114
1005006967356701
1005004662941202
1005005802615788
1005005845755340
1005006546557020
1005004300064777
1005006773205478
1005007082188135
1005007055054539
1005006293083664
1005006353650447
1005007257592844
1005006014858562
1005006390298427
1005007713510503
1005007678197399
1005007287153410
1005007503972482
1005006360759504
1005005414006220
1005006989155559
1005006007074025
1005005835528786
1005006198623344
1005007652899215
1005005179722045
1005006576837417
1005005738303943
1005007437140861
1005006861940082
1005007038286803
1005007253257057
1005005195826535
1005007391420210
1005007480410180
1005006416990366
1005005930067748
1005007170594271
1005007210183600
1005007449926122
1005006820863156
1005007011444529
1005007061602343
1005006872557129
32649862650
1005004218889748
1005006924056928
1005007264074060
1005005286325178
1005005058457347
1005006391692556
1005007354360239
1005007131784666
1005007253527390
1005006398491016
1005006413185700
1005005490062614
1005007220320570
1005004493686680
1005007196487643
1005005899334277
1005007138517788
1005006215367710
1005006626842333
1005006039243725
1005004852032769
1005005901195052
1005006789076657
1005004788707482
1005004227126622
1005005446133148
1005005233952915
1005006882984163
1005005149593084
1005006254774765
1005006166023549
1005003327319902
1005006582970014
1005005268286610
1005006473260569
1005005969120474
1005007342943791
1005006619536171
1005005933415102
1005005362273538
1005004498620590
1005005899261770
1005006092354663
1005007314382703
1005006594188164
1005007277212229
1005003041755198
1005005164622034
1005005644858355
1005006106602000
1005006641213368
1005005309534332
1005006277925414
1005007238205461
1005007205876313
1005003814506850
1005005625208826
1005006819146706
1005005529057638
1005007391230890
1005007231258485
1005002687428192
1005007426659115
1005005508738269
1005004187861400
1005002332489834
1005006160754236
1005005717008882
1005006700254916
1005006542966141
1005005058346462
1005007185182502
1005003843606107
1005006171716791
1005007007760655
1005005523150593
1005006861018111
1005004009678895
1005006496009431
1005004352183155
1005006889715529
1005006841405959
1005007506851009
1005006987601804
1005005482899234
1005005997018539
1005004704107974
1005006755585203
1005005631217297
1005006095157277
1005006374256682
1005005897327682
1005005402210606
1005006715361816
1005001709924320
1005005058095878
1005006117679978
1005005529053662
32961831697
1005004895419174
1005006214965909
1005005829366843
1005005958928047
32987846865
1005005254700028
1005006113238221
1005007295562324
1005006145778451
1005007176296316
1005005199479630
1005007106664308
1005006418166003
1005006161569016
1005006775497841
1005006475864156
1005007165452395
1005004979614911
1005002673473942
1005007066572528
1005005970235500
1005005529665463
1005004524344054
1005006771155781
1005007108521727
1005006068076792
1005006119406536
1005006031473855
1005004894141673
1005007184218009
1005006186671522
1005007130885621
1005006969927618
1005006020889322
1005006697209750
1005003572661382
1005006317936132
1005005852311850
1005007274727340
1005006884173321
1005005876231099
1005006402328954
1005004352210124
1005007096379471
1005005287051219
1005006038437276
1005006415197651
1005002933482834
1005005489828730
1005004512991164
1005006506583870
1005006277635909
1005004633937784
1005006016145768
1005005726089752
1005005144197491
1005005631159780
1005006572539971
1005006020915282
1005005805979906
1005007274083515
1005005116381517
1005004563717239
1005006975601398
1005007374537686
1005006352772238
1005007252341980
1005006440247263
1005006174842440
1005005534449627
1005006047670747
1005007225907429
1005006863931341
1005005591333372
1005006995080898
1005006008336378
1005006020006627
1005005992396765
1005007100094548
1005006928161589
1005006833544110
1005005664414834
1005006366652978
1005007209282738
1005006120286762
1005007244825315
1005005730319877
1005006494872537
1005007485006994
1005007196676958
1005006159702873
1005005586962645
32950727192
1005006001039510
1005005702941314
1005006065405224
1005004385328607
1005005887510005
1005005762096872
1005004771521345
1005006026286740
1005006417002405
1005004009189189
1005003129410945
1005006486111994
1005005891246943
1005006876090628
1005005612400347
1005004359128765
1005006031653485
1005006773325697
1005002752255014
1005006439387345
1005005200684362
1005001914349467
1005006149655978
1005006645001150
1005007090745259
1005005427138883
4000481053725
4000836523760
1005006305826624
1005006080515158
1005007479961726
1005007286126718
1005007002755144
1005005657844894
32949708239
1005004246531056
1005006712233595
1005004378101124
1005006686639280
1005006183992805
1005006991638767
1005005113934430
1005004405982914
1005005935425310
1005005005398170
1005005833636328
1005006935390397
1005007252719170
1005005433585310
1005006132850299
1005006392107029
1005007322068450
1005006901045768
1005006631057781
1005007192089222
1005005842010186
1005006082625796
1005005412649238
1005006257734225
1005006277347314
1005006962036376
1005006076438042
1005005457640872
1005005899374161
1005006369443741
32848112963
1005006402405600
1005005096758711
1005007457752600
1005005969008825
1005005778205994
1005007108025614
1005006117808030
1005005856492543
1005004466445090
1005006215487979
1005005210767847
1005006324285281
1005006737465046
1005003042704514
1005006199763381
1005005362793830
1005006458809607
1005006959496279
1005006947373851
1005002756341031
1005007084522616
1005006155855430
1005004083280764
1005003463214044
1005006807810234
1005003222109302
1005006863583032
1005005777177124
1005002612886866
1005006345111661
1005005750540264
1005006429830976
1005006481965903
1005006014553583
1005005642463573
1005003448081014
1005007196243975
1005005222084832
1005005715292820