1005006697855439
1005007351762938
1005007351961502
1005007298889772
1005003410431398
1005004133391597
1005007313536566
1005007535789759
1005007057923364
1005006988083029
1005006220032821
1005006285079934
1005006883365189
1005006583934766
1005006900647020
1005006407750802
1005003000779821
1005003223360813
32719692844
1005006975575295
1005007176300895
1005005686769312
1005003347392060
1005002240673128
1005002345963612
1005006225611655
1005006591909323
1005002390328565
1005005138866302
1005006854553690
1005005124709013
4001289752429
1005001279988754
1005001935836661
1005007175784682
1005007431386858
1005005318999836
1005006220179435
1005006734824011
1005003594819761
1005007338852913
1005004504153576
1005003989924656
1005006222482398
1005006380325132
1005006368192398
1005006023331288
1005004577913330
1005006529117907
1005006183214276
1005003051716232
1005001607643794
1005005611211559
1005002559380728
1005006974514089
1005007314249366
1005005561953131
1005006603392139
1005006108079220
1005005011106508
1005005731584959
1005006055735902
1005006690960967
1005006762164156
1005005261772853
1005007195739142
1005007335993163
1005007174616563
1005005896771720
1005002704563977
1005007292251625
1005003949586380
1005004021018601
1005003071123911
1005001894651557
1005007431649349
1005007429075984
1005006845060980
1005003031227305
1005007210580421
4001290314594
1005006710244309
1005002007377504
1005002120443853
1005004290621516
4001162876439
1005006946792238
1005004895282610
1005003950549760
1005006219883762
1005002810051638
1005007076312683
1005005362239492
1005001279586323
1005004559675457
1005007654136970
1005005558137332
1005007161019579
1005005714731722
1005005862451524
1005005857434084
1005007567959369
1005006851468030
1005003984107568
1005002085410884
1005004833052098
1005007394632274
1005006836550190
980305073
1005004008201165
1005002090403298
1005005977892956
1005005492009425
1005006875270338
1005006536609608
1005005015832027
1005005742751474
1005004353753144
1005004967303815
1005005853271714
1005007195393113
1005007256463203
1005007418019837
1005007249485508
1005006311781915
1005006883836388
1005005510567037
1005006845262370
1005001968317496
1005006307871986
1005001894869106
1005003027760564
1005004912002859
4001308748472
1005001272694247
1005002408236076
1005005714639780
1005005797060385
1005002474156185
1005002938631110
1005001626977040
1005002007230949
1005006064351859
1005006968485755
1005005856450727
1005005485971877
1005006836479041
1005006761944223
1005007002818253
1005002111160215
1005007503808458
32826686610
1005006138767260
1005007467066561
1005002085416393
1005002957501092
1005002783335859
1005007210601291
1005002405197767
1005002181280737
1005002085908627
1005005732012607
4000450667461
1005002137086212
1005004458869907
1005004577348457
4000251293957
1005003652423616
1005004133562106
1005006541867130
1005006843322953
1005005072200662
1005006429864739
1005004967350649
1005004742738517
1005005253041275
1005004744229213
1005007472452088
1005005794617419
1005007225119391
1005006923786443
1005006254303121
1005003626852981
1005006429711451
1005006411820554
1005007299301214
1005007201529278
1005007394507722
1005007406937457
1005003943005445
1005007394716787
1005004723770584
1005002124695760
1005005642728380
1005007201761239
1005002129654153
1005005038138829
1005003604474219
1005007076299673
32728050759
1005006865895031
1005003163147780
1005002704782936
1005006219627008
1005004458978086
1005003309247244
1005006219128334
1005007418675457
1005006313931701
1005007419544011
1005003298515214
1005003445619435
1005003426188417
1005005223452905
1005001869568420
1005005708640165
1005007431610353
4000943633201
4000939065706
1005003188602341
1005001869671200
1005005282477146
32908473909
1005002101267142
1005007671261274
1005007671162555
1005002559220891
1005004886945906
1005005871134373
1005007015426934
1005007430673395
1005006523827041
1005005033310915
1005004304833064
1005004961778502
1005005252990551
1005007116557969
1005007503416976
1005006232737063
1005006971797580
1005002075148402
1005007586330114
1005007306818718
1005002978466083
1005007301429439
1005006220204219
1005007431417438
1005003626723670
1005004464057646
32933790380
1005007670414867
1005007394309757
1005007653285563
1005007791387130
1005007789656703
1005007789786132
1005007783388899
1005007764007306
1005007763957336
1005007763850530
1005007755678178
1005007741624100
1005007701829931
1005007716888942
1005007716874139
1005007706004684
1005007694931570
1005004267328139
1005005008690121
1005005326539087
1005004749362995
1005005114768550
1005005034118901
1005004551093454
1005002245928948
1005002871100005
1005005397792278
1005002316655223
1005004958299337
1005005961971988
1005003097747424
1005002090222678
1005002240717779
1005001869776868
1005002345800205
1005003818274603
1005002353110815
1005005920920427
1005001666814791
1005007539381085
1005002316599304
1005002085511855
1005003950128051
1005005149156035
1005005117495347
1005005288003672
1005003037642340
1005004270640029
1005002476456940
1005003037467496
1005006893895428
1005004199266382
1005002090301946
1005002101197241
1005002196631324
1005003796516049
1005003973950028
1005003533573154
1005003980400029
1005003037796029
1005004013624506
1005004573713937
1005002476678166
1005006057509659
1005002085794092
1005005034247608
1005004033126781
1005005815614112
1005004739173583
1005006683750853
1005002111429860
32779817287
1005006321093075
1005002115498309
1005007539165709
1005007381984659
1005004433477059
1005001469302927
1005006572804842
1005006994187351
1005007183859800
1005007256706959
1005007217413568
1005005348097927
1005002196489329
1005007285267372
1005005398251985
1005002111754083
1005002120195023
1005004626638269
1005005118273062
1005006843350773
1005006848708594
1005001666819013
1005006842812881
1005004779487936
1005001993480763
1005003943895691
1005007351926733
1005007123333590
1005006853514689
1005006672640838
1005005935762876
1005006000031617
1005003065962559
1005006297152168
1005002191724647
1005007087786739
1005003630041541
1005004104587752
1005003037523287
1005007266394646
1005007340570676
1005007175880177
1005007518177873
1005004896002249
1005005138912471
1005007532047105
1005006887522976
1005001640576327
1005007544915909
1005007367581290
1005007094173593
1005002905924364
1005007087895607
1005002246111160
1005007258791814
1005003097807112
1005006716054146
1005002086379204
1005007306802987
1005002090917645
1005006993999931
1005003037450342
1005006911441723
1005003887513894
1005006436779578
1005002095898737
1005002100297574
1005007258896548
1005007207382901
1005007207650385
1005004013671411
1005003066114050
1005006881455651
1005003980593683
1005005292353621
1005006994135551
1005002196894762
1005006545305910
1005004556359348
1005003990282626
1005007052424589
1005002129792533
1005006539672799
4001360539004
1005002484053366
1005006973829941
1005004091032042
1005002115980046
1005005120349509
1005006541691699
1005007327508762
1005007096750913
1005006848626954
1005004506077195
1005003445230514
1005005118278660
1005002905443964
1005006848527115
1005006876113049
1005007284513933
1005004227245681
1005006868263974
1005007285357079
1005006676767753
1005004551828664
1005007550803450
1005007460319336
1005006860586136
1005002111794100
1005007010068095
1005007001351137
1005006500420480
1005007545082515
1005002119912455
1005006962033090
1005006628863515
1005007340756420
1005006774064921
1005006860524215
1005006875277626
1005003479861867
1005003533655016
1005006881113033
1005007225989823
1005003534692271
1005006868279495
1005006489401604
1005007603811038
1005006965728762
1005006960559751
1005007266079586
1005006844856346
1005007052761107
1005002637300714
1005006766116777
1005007327130150
1005006256883050
1005002086105194
1005006749276869
1005006875407049
1005006633750920
1005005428257900
1005006875041563
1005007566451427
1005007516475323
1005003943108642
1005003227860205
1005006888033137
1005006989213552
1005003907540338
1005007202823900
1005002207484743
1005007437115961
1005007497542207
1005007625388312
1005004832441077
1005006749595730
1005007574613230
1005006609005253
1005006918067836
1005006917134787
1005006733485174
1005006447545961
1005006281207420
1005003495274261
1005005947088496
1005005367775929
1005007555881677
1005007603379268
1005006783138040
1005007000716243
1005006911688098
1005006135629027
1005006734449828
1005007498555122
1005005004730330
1005005164134678
1005006832993613