1005005026614718
1005007264350609
1005004504123356
1005005915215888
1005006960856311
1005005026664062
1005007254000155
4000297581278
1005005655631474
1005006450669624
1005007206584694
1005007001221441
4001241857946
1005006357697487
1005004040948651
1005006869394061
1005003051051668
1005006743664289
1005006995919335
1005006691205552
1005005920801001
1005005493363256
1005005363988792
1005006680474239
1005006414111616
1005005440495614
1005005539049980
1005006878086809
1005006738009874
1005006789325867
1005005867400694
1005007085021654
1005004614495481
1005002095602197
1005005761193001
1005004696815924
1005006123808923
1005006890262829
1005006910308287
1005004500575227
1005001779260398
1005007352547820
1005004046674600
1005006010962281
1005002124822230
1005006200335345
1005004298064808
1005003506341991
32637697269
1005006933631610
1005006603512625
1005007250566310
1005006151089823
1005005026662167
1005006740948753
1005005478189965
1005003792802688
1005006414036925
1005006860681761
1005006739957039
1005002810267367
1005003913304532
1005005687148107
1005006862537464
1005006212055682
1005005632936880
1005003644888732
1005006119726842
1005006061071312
1005005581186949
1005007347386677
1005005829364470
1005006831698461
1005002632891030
1005006344885090
1005006758544939
1005006922525232
1005007196243133
1005006406395184
1005007067490221
1005006253980965
1005001457532942
1005006259239640
1005005367290975
1005001808579540
1005006701612344
1005006487204098
1005006422336552
1005007074632005
1005004049893706
1005006175101971
1005006697374744
1005007433273665
1005005928942966
1005006060456247
1005007268110204
1005005758784065
1005007309634858
1005007317150661
1005007347338894
1005006968968784
1005006468080162
1005006552543003
1005006546166944
1005004940434476
1005007000470856
1005005955128843
1005006031063288
1005006154253745
1005005530270802
1005007466722640
1005006654739420
1005005875134513
1005007175864176
1005007256019263
4001233644823
1005007453157112
1005007453141129
1005007452835725
1005007441780665
1005007423064756
1005007250851901
1005006025870118
1005005975638281
1005007122035551
1005006646664931
1005007445995209
1005006723722347
1005005333630853
1005007056432653
1005003162240535
1005005928831069
1005007355097386
1005007477550236
1005006890819127
1005005687103341
1005007267091938
1005007153135798
1005005868512768
1005007357970729
1005006860694708
1005007084136359
1005007267018446
1005005653784543
1005007226669457
1005005902964988
1005006250244180
1005006710854756
1005007059845470
1005007122232572
1005003707372290
1005007168552457
1005005672646416
1005007217116436
1005006347646946
1005006537834300
1005007191008742
1005006843704673
1005005776753999
1005006912469875
1005004380298419
1005005868975352
32887548955
1005007204422101
1005006915560143
1005007268253228
1005007349959956
1005005852162621
1005007269365574
1005007032755095
1005007219129795
1005003493082790
1005006819726173
1005006630113531
1005006783273074
1005006768071979
1005007103167580
4000002494120
1005006762778441
1005006897700042
1005007102917209
1005006861255585
1005006778544830
1005005032978190
1005006898090359
1005006709671500
1005006789911426
1005007473304833
1005007470100809
1005007470105746
1005007481344046
1005007488192448
1005007484307110
1005007482812003
1005007484043203
1005007485649715
1005007486558741
1005007060060113
1005007456373191
1005006019509947
1005007453291957
1005007459291592
1005007435191799
1005006306650156
1005007183804085
1005007103308773
1005006846975396
1005006998454172
1005006888982960
1005007411054932
1005007449128401
1005007258458032
1005006967076154
1005007441018827
1005006865599168
1005006850498976
1005007156591199
1005006916768511
1005006802680371
1005005226788572
1005007268007791
1005007205024715
1005007212698065
1005003651390751
1005007122494062
1005007418201681
1005006386584792
1005006919015158
1005007408160913
1005006866490848
1005007317259930
1005007354670599
1005004799557285
1005007294581392
1005007309809810
1005007288698831
1005007044950165
1005006674034012
1005006768792161
1005007183734020
1005006789445817
1005007204907511
1005007294846758
1005007227745579
1005007301305941
1005007464204433
1005007261175765
1005004508869414
1005006729445796
1005002425809457
1005007264117056
1005006546052540
1005007002079780
1005007292490016
1005007039640482
1005007457419106
1005007301467612
1005007012090229
1005007443589399
1005005669552778
1005006593207401
1005007288892163
1005006991198405
1005006358019806
1005006748528991
1005005511572410
1005006719671510
1005007353655736
1005007353705458
1005007355816269
1005006731010468
1005006716105502
1005005898735202
1005007462721094
1005006979249865
1005007064967261
1005006723480502
1005006270735065
1005007450872644
1005007440729947
1005006940652219
1005003514728157
1005004757796739
1005005558117814
1005002430974214
1005007484275102
1005007453677934
1005004189763825
32669044455
1005004724789262
1005002917766400
1005004290218037
1005005810190233
1005007228610454
1005007465925114
1005006015896580
1005006928229465
1005007170847811
1005006132737125
1005005244155165
1005007407572137
1005006474407207
1005007478082135
1005005647906987
1005005647887268
1005006888047442
1005007370491175
1005007461365175
1005007187538608
1005006677400658
1005006119823195
1005007431827365
4000966928357
1005005665864742
1005006983677916
1005007021214217
1005006757508975
1005006809275947
1005007253187675
1005007386544733
1005006546254598
1005007046133814
1005004883243154
1005007130917280
1005006808310663
1005006808768499
1005006070619106
1005006741507694
1005007369691219
1005007210303497
1005006809097577
1005007200889850
1005005001211800
1005006976135653
1005007165658837
1005002641080479
1005006963323554
1005006178485726
1005006255642959
1005006764893636
1005006221122819
1005005253726563
1005005089064715
1005003167331804
1005007364289803
1005007007788868
1005005216491869
1005007273853119
1005007420922078
1005006011177023
1005007406558843
1005006691313927
1005007023021498
1005006026346917
1005007412880745
1005005573937606
1005006862231518
1005007400458323
1005003720182593
1005007064772635
1005006957248970
1005006757365310
1005002960525976
1005006696620913
1005006307237412
1005006684910900
1005007242919941
1005001921033894
1005007139649181
1005003251080854
1005007025851262
1005006291216171
1005006851612823
1005006872212013
1005006544494232
1005007347738401
1005005961509826
1005007350896586
1005006490095990
1005007316968173
1005007170107028
1005002336878160
1005007194198071
4000430339989
1005007238483957
1005006309160111
1005005621193714
1005005301133512
1005006263172327
1005007122097476
1005006974772955
1005005969351986
1005006755108855
1005007240761616
1005003526733040
1005006771556863
1005006360818452
1005005790386047
1005006787420504
1005004717897618
1005005708080939
1005006861513345
1005005111778391
1005007429372531
1005006718689504
1005007043647763
1005004477305857
1005005861612062
1005007124113821
1005005833053673
1005004735561232
1005006851696619
1005006855108470
1005007117536500
1005007296027392
1005006079576713
1005006776264208
1005003586076753
1005006462458303
1005006859082260
1005004217029701
1005006974817626
1005006661243238
1005006117926770
1005005717199629
1005002680164160
1005006451777658
1005006813037126
1005007088044446
1005006642002870
33018854455
1005006912476576
1005006037012551
1005007415639146
4001321820430
1005005220715170
1005004354492055
1005003693840683
1005005929303159
1005007013189087
1005003985000914
1005006323159312
1005005239723959
1005007274054888
1005006057466754
1005006986620970
1005002795573681
4000804318038
1005004421410854
1005006625897780
1005007052390275
1005006987033849
1005006060194321
1005005727287748
1005005363925162
1005006788335217
1005007001266464
1005004310025062
1005007188881222
1005006218947974
4000969312796
33018026626
1005006252214788
1005004699856521
1005006918893776
1005006873664857
1005007308497999
1005006924438675
32896354707
1005002865949574
1005007214259796
1005005790177790
1005007164116103
1005006325252068
1005006002891695
1005007027456838
1005006849786393
1005006977180787
1005006848593984
1005006266306771
4000219240575
1005006602704989
1005006318044452
1005005017475179
1005005859189984
1005003551473544
1005003583084479
1005006848725853
1005003956745805
1005005351442022
1005006958610560
1005005397935145
1005005412522418
1005007307685241
1005006870593980
1005006723806431
1005006365643402
1005007090536380
1005007477752283
1005007481085469