1005003485092846
4001003384219
32800541157
1005007084092645
1005006780387477
1005006416688832
1005007122924335
1005006711217114
1005006749093930
1005006949993880
4000991170805
4001015483488
1005007418084502
1005007223776692
1005007223845756
1005004880656576
1005007471105154
1005007193178553
1005002994662630
1005006333403207
1005007058467924
1005003441362101
1005003354057149
1005004051002647
1005006911497096
1005007558076390
1005007558106032
1005006914222551
1005007616069789
1005007388755820
1005007440955015
1005007223865045
1005002713013744
1005004826286328
1005004825654108
1005007558226129
1005007558050394
1005007557767987
1005007557870963
1005006606968324
1005007503896625
1005007161241225
1005006966159647
1005007235502135
1005007240750431
1005006954563244
1005006943552397
1005006236294571
1005007044905549
1005006539082777
1005006993857780
1005006539620073
1005007292722307
1005007010160238
1005007286606630
1005007014227480
1005005074761651
1005007000025679
1005007045274967
1005006990184905
1005007045382822
1005004971536352
1005006989670611
1005006989252953
1005007109285207
1005006236297360
1005007044043841
1005007013849754
1005006989588833
1005007013941751
1005007291776454
1005004967532519
1005006999835497
1005006202768973
1005006948023952
1005006990177708
1005006545505289
1005007292009757
1005007293639501
1005007189154337
1005007194964596
1005007288339022
1005006994342506
1005006366151895
1005006990630597
1005006545495410
1005004913911110
1005006366232626
1005006543250209
1005007008877320
1005007293822053
1005007293629522
1005006308855435
1005007072592334
1005006999866743
1005005128099448
1005006362559261
1005007109080606
1005007072067570
1005006990695446
1005004901567296
1005004895761570
1005004973566271
1005006954754660
1005006948309161
1005007045024673
1005006236200997
1005007014052534
1005007045765632
1005006990458171
1005006545340952
1005004971358508
1005006202862904
1005007287410949
1005006947986831
1005007286396334
1005004971453549
1005006955832151
1005007293687298
1005006989601794
1005006543275081
1005006954501988
1005006990004772
1005007292929109
1005005083384767
1005006545402324
1005006358475852
1005006993457455
1005007195381164
1005006543237286
1005006990433551
1005006955895637
1005007013843923
1005007196370839
1005006247025978
1005007070911007
1005007109027678
1005006943651182
1005006947903763
1005006997136832
1005004913739731
1005006539095695
1005006990104472
1005006990342931
1005006989322810
1005007167912087
1005004971687101
1005006955798547
1005006954754908
1005006990010634
1005007013869814
1005006943583774
1005006543056735
1005006955856999
1005006943543938
1005004973440774
1005006989841088
1005007000149122
1005007196691524
1005004973495931
1005006990534210
1005006039751257
1005002175715620
1005006663636219
1005006838242337
1005005362418795
1005005617645468
1005006141569664
1005005293615396
1005006613751587
1005004651297208
1005006219586056
1005006914610772
1005005337126214
1005007385058668
1005006838228417
1005006421307634
1005006324410830
1005006814896262
1005007026628538
1005003100692353
1005005843714749
1005005200021469
1005005467385297
1005007606866205
1005006223750535
1005007640124357
1005007499118484
1005006612759401
1005007607681398
1005007464794304
1005007361396055
1005007166588598
1005007438522531
1005007470990305
1005007482629691
1005007288910143
1005006662220105
1005007148516057
1005006155319987
1005005724816187
1005006953190392
1005007274380811
1005007364381920
1005002810143408
1005006674581684
1005007551190732
1005006719623203
1005006776447806
1005007593430912
1005007544617856
1005007551211035
1005006473049167
1005007542041381
1005006155269388
1005006887506796
1005004880809664
1005006797611842
1005007172967550
1005003658396635
1005006315083720
1005006655270151
1005001456888616
1005007374498224
1005007245724575
1005005455743186
1005006674190850
1005007370081805
1005007464047154
1005007527922326
1005005893034341
1005006927562674
1005006422771435
1005007365374940
1005007580575622
1005006307919419
1005006238509159
1005007577177336
1005007506106926
1005007531393138
1005007490717382
1005006886088282
1005007111827940
1005006830348857
1005006511654452
1005007311215968
1005007303359983
1005007354983215
1005007178040038
1005006729432471
1005005226249767
1005007058984029
1005007129749825
1005006739281844
1005006826523019
1005007117502248
1005007355565318
1005007129334906
1005006843436367
1005007197141644
1005007044918994
1005007048128921
1005007531408131
1005006536182243
1005005114156176
1005006565277884
32894449266
1005006745295389
1005007532746736
1005007286074989
1005007125432932
1005007588186712
1005005722447423
1005006946736559
1005007136475911
1005007273648734
1005007219564608
1005006285404881
1005006989299465
1005007384375412
1005007124342892
1005007439553441
1005007245606606
1005007560498460
1005006366922769
1005006418269737
1005006924813470
1005007109377385
1005007213086994
1005006582649263
1005006294672856
1005006727204746
1005006031629501
1005006421834208
1005006013803665
1005007313939062
1005007277944695
1005007321084961
1005007565957641
1005006789810718
1005005478280360
1005003703564057
1005007038359672
1005006693077445
1005007525019990
1005007209919920
1005006166045018
1005006263843051
1005007003493449
1005007531517209
1005004763002828
1005007528934459
1005007366750127
1005005932295848
1005006718789897
1005005552238661
1005004571164368
1005007196743335
1005007081413647
1005006385795799
1005007582676282
1005005769130649
1005006405085993
1005007059699091
1005007069439955
1005006148364136
1005007075916671
1005007391365008
1005007166659268
1005006561813111
1005007475317127
1005007560528490
1005006950068928
1005006543733153
1005007083873470
1005006626221566
1005005320833136
1005007287597806
1005007145830067
1005005937548382
1005006365606798
1005005932024924
1005006310012280
1005007482375306
1005006767993641
1005007568135133
1005005488315956
1005005096524839
1005007444844277
1005006612451550
1005007431842861
1005006963238550
1005007001740168
1005005898885606
1005006511554827
1005007033972391
1005006175761866
1005007537204075
1005006825979959
1005006185089348
1005006385405824
1005006109383268
1005005450857163
1005007007263977
1005006148720207
1005007436415079
1005006566188054
1005005778802281
1005007469742244
1005007592263519
1005006122911697
1005007068874762
1005005653164978
1005004569620459
1005007118339010
1005005928865028
1005005209362996
1005006364150636
1005007495124299
1005007458866630
1005007339148289
1005007240542162
1005006592849683
1005007527599369
1005004348066395
1005001679327243
1005007157707690
1005007374685305
1005005709644282
1005006623884402
1005007499360770
1005006570383514
1005006152317159
1005007186924026
1005006309237903
1005005513552536
1005007376739651
1005005878049729
1005006767378419
1005004997353860
1005006302545551
1005006750659973
1005006911747685
1005007175626327
1005006670091874
1005007365590419
1005006355218991
1005002794522698
1005006427734677
1005006473117971
1005007116212871
1005007104973445
1005005161798304
1005006409747675
1005003892196886
1005005953110066
1005006825666121
1005005329287906
1005006648753598
1005005486832267
1005007046994932
1005006914266462
1005003510941305
1005007280932229
1005007219782436
1005007447219727
1005006152119991
1005006560276874
1005006053107661
1005006005625302
1005006766066353
1005006176337729
1005006859904796
1005007131613409
1005006366283550
1005003657040895
1005006457787177
1005007504666345
4001227847772
1005005792954031
1005007121823709
1005007169464552
32995608090
1005006888158761
1005006806245898
1005006818738875
1005006362443591
1005007608147268
1005007585089789
1005005910080394
1005002883523671
1005006923638347
1005006722325355
1005006364399478
1005006540033564
1005007280338949
1005007142311626
1005007439545438
1005007138316606
1005007497524803
1005007583085922
1005007469050460
1005007482175110
1005007250945477
1005006080168244
1005007469053481
1005007243416289
1005006265931977
1005007555564530
33024401780
1005006793995284
1005007092295472
1005005079665274
1005004844546248
1005006272693881
1005006976279988
1005005751225716
1005006976383672
1005007302771613
1005007361146641
1005005560058651
1005006976430463
1005005410207515
1005006912115306
1005007518683916
1005006359056240
1005006975218273
1005005178792507
1005003617737474
1005006238110509
1005007251224059
1005006039894085
1005006612579507
1005006696006420
1005007401608563
1005007208562149
1005007137241690
1005007622328578
1005006332758923
1005007457759484