1005006400412851
1005006402186090
1005006387672003
1005006355154844
1005006391961485
1005006375888525
1005006444601753
1005006405852171
1005006444774960
1005006445132224
1005006448215144
1005006373121580
1005006322159093
1005007708698686
1005007701604136
1005007701442983
1005007701479469
1005007700664728
1005007700707537
1005007700754367
1005007699781431
1005007699768614
1005007088686733
1005002317493766
1005006733893923
1005007006790644
1005006664102771
1005006879703615
1005006148820880
1005007107910701
4000910342304
1005006458269822
1005006855115175
1005004727316635
1005005789326241
32801764498
1005006258865690
1005001939908102
4001249402048
1005005446757247
1005007264512440
1005005678266469
1005005650242485
1005002922699523
1005006294425726
1005007586077445
1005002289924379
1005005897517086
1005001895263275
1005007523965391
1005007549311380
1005004080727177
4000496812406
1005005897353949
1005007163085957
1005007587781712
1005004986962944
1005006341311047
1005005796590847
1005002985710313
1005007123532207
1005004033711786
1005004840580256
4000552958306
1005007231988922
1005003376598352
1005006994300981
1005002986526564
1005005268477850
1005005413821078
1005005681092706
1005007124937557
1005006237199070
1005002044559721
1005006027217002
4001221277570
1005007464040277
1005005245730957
1005006592800558
1005005388629653
1005006015846552
1005006367009481
1005007335106715
1005007335346904
1005005441017335
1005001721672671
1005006355328456
1005006052482964
1005005816427540
1005007460884029
4000765731116
1005006344930514
32946953784
1005007341887281
1005007538080652
1005001341579332
1005003275107380
1005006262389532
1005005632943657
1005007085329154
4000130141692
1005006030851613
1005005989142362
1005005464952279
33046252754
1005007353936338
1005004740946849
1005007657135780
32873183128
1005005615882479
1005005998448402
1005002266422065
1005004659007154
1005004438403675
1005004067734303
32727711519
1005001848917704
1005007457382672
1005001960451315
1005004800714343
1005005884910398
32869952402
1005007054173827
1005007339692541
1005006633461129
1005001960491548
1005007439092196
1005006400859191
1005005564319429
1005004412523560
1005006117667795
1005006363940549
1005007050149439
1005006111168385
32864714317
1005005868743893
1005006979102168
1005005276839424
1005006538125011
1005005225576036
1005006880361057
1005005980301371
1005004651812087
1005006345001242
1005007210762162
1005003682216903
1005003109922152
1005005572286346
4001220769338
1005003923414196
1005006247592361
1005006020887122
1005006631303926
1005004753536852
1005005565222974
1005005552982785
1005007687945327
1005007242841222
1005005931570078
1005007452685672
1005004656955638
1005006845662399
1005005126279902
1005004887374433
1005005362277536
1005006423027443
1005006174882673
1005007437836513
1005005300925554
1005006477836054
1005005508846360
1005005191707306
1005004574705933
1005005725399319
4000055697993
1005005970414204
1005006696168412
1005002239466786
1005001445135136
1005004473661404
1005002483361355
4001063374438
1005006335638123
1005003279347555
1005006642438046
1005001460544343
1005007118576228
1005006725489686
1005007551798870
1005007429001473
1005006422870461
1005002323408699
1005003783453225
1005006751943388
1005006769019119
1005006422866809
1005005565411036
1005006322896497
4001038040747
4001090404740
1005005264355763
1005005401171330
1005004904060450
1005005212978928
4001052862545
1005007698218190
1005007727347989
1005007763257844
1005007701171571
1005007694273368
1005006897254742
897581103
1005007259676922
1005007497551218
1005006693435597
1005005438762778
1005006751747867
1005007134856927
1005006744697914
1005005567574305
1005005539282937
1005005553275204
1005007759680687
1005007181659710
1005004515307849
1005006286751888
1005007003589328
1005006603553645
1005006546744361
1005006297494357
4000495410708
4001190232804
1005005079157744
1005006430635468
1005005066347925
1005007679950241
1005007680051071
1005007583181432
1005006021674683
1005006838763485
1005006107493632
1005005715035418
1005005927023370
1005004647773883
1005006700349468
1005005368349193
1005007130314657
1005006724838230
1005006289900554
1005005418124796
4001244455622
1005002719480930
32961701000
1005005441253825
1005006619142240
1005002413201218
1005007477191089
1005007348460781
1005004022570818
1005004953995887
1005002276281286
1005005956660514
1005006838805126
1005006359581707
1005002224921100
1005006385705962
1005006467838456
1005001290493298
1005004897791305
33004354051
1005006059439500
1005007320887774
33030925676
1005006129187223
1005007009353458
1005006072624541
1005003323743310
1005005269950067
1005005976370250
1005006686418984
1005004309341826
1005006084935211
1005005316958175
4000736189180
1005007389245571
1005007328627807
1005006460140429
1005006987060723
1005006413471545
1005006412314563
1005006503130535
1005004370126002
1005006127255007
1005004378977395
1005005656207172
1005005656059587
1005005075223041
1005005499594012
4000113879678
1005006540067170
1005005203815090
1005005656148257
1005007324723056
4000498640315
33000045250
4000424374809
1005006196453782
1005005905287019
1005006665900794
1005002293904226
1005007577392970
1005006967701964
1005006151224269
32852676246
4000119943807
1005006734677043
1005007638164487
1005005420807525
1005001907192105
1005004009576261
1005007625004519
1005007546074107
1005006989037385
4000117851490
1005005186278833
1005007527949391
1005005065148357
1005006144768186
1005004770851487
33040997877
1005006101394723
1005006924799373
1005007532012139
1005002740214247
1005005911987630
1005004552364672
1005003200287377
1005005585032012
1005006960745887
32762505578
1005005657554077
1005007532638577
1005007347897157
1005007165875897
33037478990
1005006022921290
1005007577548842
1005006925002094
1005005560129387
1005005621442728
1005006692975919
1005007136975304
1005003633392381
1005007431970084
1005007593751424
1005004753230400
1005006922891888
32837595394
1005007625663260
1005006578184957
1005007329810292
1005006085829194
1005006107461657
1005007051695277
1005006124214753
1005003474338831
1005005647634282
1005006002510225
1005005366167214
1005005909442393
1005001693538274
1005005339097015
1005007066059854
4000244916998
1005005834910993
1005007463554971
1005007147963859
1005007616417697
1005005425257859
1005005599119934
32852849202
1005004973543041
1005007592948734
1005007321337036
1005003712094724
1005005913504608
1005007621107611
1005005495801003
1005002002580872
1005006771908436
4000498548591
1005001562784421
1005006290528827
1005007124068510
1005006924715037
1005007599592510
1005007445283368
1005005287383101
1005003264503744
1005006082524541
1005004711221719
1005006791645728
1005001858304065
32774390724
1005007545188040
1005005985613834
4000970657298
1005007554288954
1005007410300893
1005005386549549
1005007508655288
1005007204166726
1005007606364310
1005007517981321
1005006725282864
1005006732297896
1005006980130407
1005006869593385
1005006048564999
32963059508
1005004803763359
4000211129809
1005003037469745
1005007228094531
1005002661714527
1005006193979224
1005007226763786
1005007052794121
1005004864640595
1005007275423031
1005007598068066
1005006832723008
1005007485720655
1005007555970539
32912716282
1005007201463285
1005005504390287
1005002661162817
1005005588748365
32246176467
1005005349703536
1005007051606309
1005007075538810
1005006006571259
1005001987505255
1005001960416644
1005005171331010
1005003136683806
1005006978867834
1005005292783465
1005007167681102
1005007586195416
1005002451057032
1005006732334436
1005007632867112
1005006144300016
1005004698320487
1005004551107495
1005007319483396
1005006062936203
1005005391100909
32245855679
1005004508871862
1005003035789642
1005005471857017
1005007300878809
1005004771039032
1005005969674658
1005005248783734
1005005277408469
1005006730154302
1005007203171450
32785211566
1005007503980935
1005006777819789
32897567658
1005005319007613
1005005216661903
1005007428945506
1005004780348600
1005006942324121
32914360725
1005007501138035
4000498583400
1005006151268335
1005006801743548
1005002293937570
1005006703682440
4000068156944
1005007226972307
1005007613757424
1005007577568445
32896689925
1005007128214169
32556440328
1005006703810342
1005007486025050
1005004673394802
1005007355650462
1005004918162694