1005007435933680
1005007010131395
1005006849515338
1005006590381207
1005006967441861
1005007432750391
1005007441039899
1005007032848909
1005006803706102
1005006834879619
1005006492546944
1005007438424108
1005007440959350
1005007458275414
1005007440760307
1005006964102201
1005005737964757
1005005814581237
1005005738848185
1005006651267625
1005006682335643
1005006849968874
1005007185938993
1005007291658363
1005007287648769
1005007245428620
1005007457966061
1005007245628502
1005007226603862
1005006729439179
1005003184262208
1005006807907290
1005004848272186
4000960682326
1005006972074594
1005006567517745
1005007346273274
32819572068
1005007441754836
1005007445381576
1005007423818466
1005005835444379
1005005739190129
1005005738271376
1005007220310869
1005006988723757
1005007125665111
1005007336960083
1005006831060359
1005007299886037
1005007253958147
1005004719477242
1005007058083746
1005007218995844
1005007208531077
1005006706200675
1005007089060102
1005006023340383
1005007441523378
1005007236004972
1005007250052589
1005007091130288
1005001567960425
1005005850712869
1005005654070858
1005006851399597
1005007486031919
1005007485262425
1005006912213275
1005007486136860
1005007477687630
1005007477638561
1005006846118814
1005007488527419
1005007451047845
1005007488335840
1005007444083665
1005006679053727
1005006086843070
1005007285498009
1005006891057864
1005007391739085
1005005913072407
1005006729968405
1005006979065343
1005007022104575
1005006749178536
1005006901377546
1005007136818275
1005005797154841
1005006938965123
1005006814240371
1005002573619941
1005005430269463
1005007329806636
1005007434879124
1005007484010630
1005007465753885
1005007488381676
1005007488488433
1005007485237332
1005007362733425
1005007484148690
1005007487627638
1005007471273796
1005007477930356
1005007486045726
1005007477764386
1005007477938613
1005007477622749
1005007471857498
1005007471927431
1005007454869185
1005007454386899
1005007488399334
1005007488297562
1005007484987688
1005007488221558
1005007488225529
1005007485040515
1005007484239301
1005007482721944
1005007454489761
1005007402565160
1005007450530145
1005007138809058
1005007308052018
1005007023537351
1005006502398505
1005006981351886
1005006938879549
1005007300653369
1005006897502844
1005006924804739
1005001580740693
1000007799383
1005007064182898
4000238144034
1005005648790484
33013846308
1005007101227698
1005007466138109
1005007454622446
1005007447280081
1005007451191717
1005007441018927
1005007447320537
1005007450921974
1005007387969764
1005006927093938
1005007457401140
1005007338410327
1005007459849026
1005007457661191
1005007459355713
1005007447280247
1005007456650589
1005006952078948
1005007444245322
1005007457274387
1005007447360176
1005007414338322
1005007447595114
1005007411366137
1005006917760166
1005007465865057
1005007441016714
1005007466293175
1005005770561786
1005006804748093
1005006797101137
1005007021755670
1005006730061095
1005007473640416
1005004590144921
4001259063597
1005006766672012
1005007467062802
1005006891267218
1005007197246090
1005007443097622
1005007467594879
1005006851504460
1005006945484382
1005007465429210
1005007443337069
1005007371610516
1005007470322652
1005007392641389
1005006720758016
1005006977742743
1005005639602393
1005007438245139
1005007467685285
1005007266913475
1005007097649196
1005006666027037
1005007411413989
1005006865585766
1005007266104609
1005007305941563
1005006887693288
1005006855321410
1005006463835980
1005007382737713
1005007267092202
1005005104315856
1005006945715849
1005006851917402
1005006826626130
1005006835539461
1005006980773552
1005006934895284
1005007008330944
1005007176513636
1005006981654987
1005007261147193
1005007352582106
1005007382830485
1005006878197665
1005007036544453
1005006981754630
1005007123579111
1005006981933075
1005006942914877
1005007440800907
1005006855134976
1005006850736948
1005007186881336
1005006832448231
1005006959400810
1005006903838210
1005006960325238
1005005490032754
1005007137757784
1005006826445973
1005007327286511
1005005709865616
1005006100851669
1005006907803129
1005006884264171
1005007393325427
1005006560434945
1005007023231222
1005007390988026
1005007295178724
1005006442593237
1005006791392494
1005005858744196
1005007023388096
1005006335530821
1005006905781593
1005006836662030
1005007209167090
1005006885927853
1005007315875515
1005006981855747
1005007382769655
1005006797855079
1005006827367152
1005007352873020
1005007082574062
1005007310507966
1005007167345926
1005006845552290
1005006915614789
1005006995916546
1005002726823030
1005005898874136
1005006902494126
1005007137091754
1005007044683602
1005001952730417
1005007071013743
1005007341647629
1005007203722649
1005007440495730
1005007071612785
1005007011815110
1005006537434545
1005006832622576
1005005815378171
1005006832567753
1005005965189604
1005006591603621
1005005563451179
1005006729911580
1005006905830168
1005006796814250
1005007273376248
1005005647302329
1005007369384093
1005006837517114
1005004437750474
1005005554364120
1005006883554064
1005006837502375
1005006981513748
1005004779537125
1005006826130994
1005005682428406
1005004530908739
1005007015239132
1005006884736238
1005006391255141
1005006703236079
1005007175458320
1005006198910882
33033019962
1005005099575872
1005007279316531
1005002014166993
1005007270164949
1005007382819787
1005007038733250
1005007082360867
1005006635256582
32864376528
1005002594528690
1005006609313288
1005006885779956
1005007276181411
1005006439400367
1005006124231160
1005006422785375
1005006066675974
1005007451114466
1005005890127297
1005007016104957
1005006980981831
1005007327739348
1005006950195033
1005001667759737
1005007020568924
1005006837468861
1005007382429387
1005006003748154
1005007031946955
1005007188049197
1005006348141800
1005004646907732
1005006848007896
1005005602684716
1005007335717720
1005007058269283
1005007091815674
32968343856
1005007054142486
1005006528718170
1005006932014267
1005007235150762
1005007061491551
1005006774545171
1005006907668812
4000874662454
1005006518853874
1005005716576346
1005007341089226
1005007108537095
1005004278070548
1005006186061064
1005005972489057
1005005912617760
4000339941592
1005006995493097
1005006475611521
1005005433379547
1005006919007753
1005007051182398
1005006806882283
1005007143966392
1005006413184375
1005007266544759
1005007420715151
1005007403907393
1005007403112756
1005007119818301
1005007286368277
1005007256618301
1005006988511290
1005006925522042
1005006448062197
1005006213383806
32968248256
1005007379229272
1005006384047232
1005006294388106
1005007387369651
1005007346985972
1005006955955355
4001217726212
1005006947093698
1005002557634621
1005007002984989
1005006781452293
1005006989189704
1005007035828872
1005006547433286
1005005293316822
1005006613669572
1005001475288178
1005007416453582
1005003718580028
1005007136923406
1005006494530787
1005006434399464
1005006080048894
1005005650467405
1005007001217419
1005007106759406
1005006981576488
1005004552692735
1005006824726613
1005005576249131
1005004000214618
1005006655133791
1005004357734966
1005007089548460
1005003138338280
1005006964093332
1005006342556720
1005006682550999
1005006787007417
1005003140753049
1005006027510424
1005006363251415
1005007336589613
1005006788100403
1005006151914905
1005006023419741
1005007059276677
1005006316284822
1005006875370955
1005006967747173
1005004880323426
1005005646308810
1005007003221813
1005005554538189
1005007192912045
1005006101752575
1005007167832670
1005007267807311
1005006973902826
1005005547837666
1005005966641820
1005006863054748
1005005730671081
1005005752975793
1005006067789713
1005007221069654
1005006897127228
1005005505886297
1005007058147941
1005002510089767
1005007396422568
1005005513752913
1005007003640704
1005007320541752
1005006884140195
1005004826037775
4000854897733
1005005605396008
1005007117940062
1005006105251691
1005001557230891
1005005517897739
1005003360834945
1005007301177602
1005006541738024
1005004124274350
1005006906385132
1005007168460713
1005006902824880
1005007084786036
1005007251656733
1005003784390213
4000111654372
1005006788652323
1005005912339576
1005001797488338
1005007058942679
1005007197996821
1005006300545843
1005007203519505
1005006318953168
1005006477470018
1005006205419887
1005005967660186
1005007258654348
1005007246186771
1005006867431104
1005006846938857
1005007378314107
1005006028400960
1005006962990234
1005006361747898
1005006303381070
1005006377373201
1005007286313716
1005005225213637