1005006851154071
1005005501281923
1005007181977459
1005006851808100
1005007387662774
1005003303509052
1005002511400082
1005001427463459
1005007296137319
1005007355252544
1005007498434179
1005006879553374
1005006173192589
1005006494409919
1005003795529557
1005007321670528
1005007448431358
1005006471981630
1005004685395759
1005006242996849
1005007507628171
1005007185510385
1005007046017670
32996704752
1005002890576736
1005006323818348
1005001802658867
1005006327965362
1005007363700392
1005006903621930
1005005725123763
1005006996424961
1005006939368310
1005007346230909
1005007448965058
1005006273233581
1005007241007644
1005007415526949
1005006940448116
1005007171215417
32820632314
1005006239778118
1005007167731950
1005006049596811
1005003615883668
1005002777772249
1005007577667573
1005005986489113
1005007518508016
1005001844519410
1005007557564987
1005007565370046
1005006882667821
1005006847093598
33046967500
1005004611195642
1005004266657336
1005002500443407
1005007309898323
1005007536200887
1005004973854354
1005006763513088
1005006867767398
1005006738815247
1005003562194980
1005007053743703
1005007216323090
1005005364461350
1005007465494336
1005004892696096
1005007321999027
1005007029562772
1005005485152765
1005007330023407
1005007116795974
1005007291359066
1005007438988039
1005007275956784
1005007058434416
1005005666513101
1005005285931632
1005007007938741
1005007448282460
1005005046226026
1005007434755294
1005007514248838
1005006185776239
1005007226718107
1005006482546667
1005006848107337
1005007477029511
1005007330315023
1005006131715100
1005007419597515
1005007277380016
1005002780475209
32844360041
1005007048289667
4000785167798
1005007065197130
1005007253156985
1005006468087555
1005004077195393
33001895660
1005007383906312
1005007321734707
1005007279143388
1005003721589643
1005003906765189
1005007468637204
1005006343480668
1005007643323199
1005007175546489
32816607590
1005007482688386
1005004565519565
1005004625847541
1005005930776046
1005004064666140
1005006961521399
1005006147871671
1005003325156526
4000261364264
1005005036278154
1005006042888967
1005006102569081
1005004852697934
1005005497598975
1005006786636547
1005006966791105
1005005938819826
1005007312839108
1005007521518608
1005005505365538
1005006750278944
1005007315305620
1005006641174729
1005006691156506
1005007417463539
1005006701836809
1005005934251660
1005005923065435
1005004685432260
32744213086
1005006278542677
1005002754704934
1005007509951430
1005007597345587
1005005572218014
1005005866176043
1005006458233255
1005006337203523
4000503554552
1005007613910275
1005006239977247
1005006477874023
1005006340011676
1005004336882222
1005007509777701
1005006750592876
1005007423951368
4000206713436
1005004252488735
1005004074390493
1005006906874306
1005007169145980
1005002281570653
1005007560353773
1005004995810334
1005002395296523
1005005506091947
1005007346277766
1005006212616457
4001188900746
1005005929299727
1005003813904126
1005005989050218
1005007201247852
1005007440034444
32911668100
1005006450868490
1005006674428929
1005007216625718
1005007404666644
1005007075007395
1005006924863341
1005006665364072
1005004480811678
1005003749713949
1005002926676785
1005006049295198
1005006601974765
1005006636714734
1005002344094884
1005006873154717
1005007472947865
1005007069481867
1005005528166976
1005007477743120
1005003445925049
32900074488
1005006729922322
1005004474277233
1005004482029736
1005007124217016
1005006699570677
1005007058978503
1005001571594225
1005007402636114
1005007218336239
1005006149393756
1005007551946625
1005003200386402
1005003809848478
1005006819226102
1005003952466705
1005006738584299
1005003662463425
1005006859551763
1005006756528752
1005007333946271
1005006581732814
1005006151506157
1005007559713418
1005006751267180
1005007452393248
1005005855996804
1005007218882938
1005003927034381
1005007439960579
4000534334794
4000469310794
1005004707701335
1005007531008294
1005003246507822
1005005169036549
1005007037246549
1005001736850822
1005006827507535
1005006463126963
1005007461670966
1005007604230362
1005006245944716
1005002998183757
4000497015100
1005007226722945
1005004758027798
1005007499838007
1005006848415415
1005007187447890
1005006783250680
1005007359948033
1005007066043372
1005006466839612
1005007082209253
1005007401317478
1005003347408120
1005002039516262
1005007488569369
1005001285884583
1005006515083385
1005006368504322
1005007044569224
1005007382938492
1005005587474777
1005007469923303
32832761104
4000610720733
1005007460897335
1005007380204077
1005001823288462
32968664928
1005002523966456
1005006081167410
1005006173714943
1005007610889490
1005007108869579
1005004133044564
1005007448360829
1005007469037996
1005006494945366
1005006582392819
1005004508530135
1005007185372511
1005007310434009
1005007450548613
1005006924163884
1005006468548864
1005007059012459
1005006537824097
1005006476071174
1005007261485214
1005007125444435
1005007585518032
1005003967569190
1005007343684947
1005003322652948
1005007002057087
1005004866275057
1005007411699428
1005005043738235
1005006603297552
1005004993088487
1005006608642306
1005006300280700
1005006912248037
1005007107680306
1005003885113700
1005006999880132
1005006567116986
4000219454697
1005001940598890
1005005716686636
1005005979879858
1005005762130777
1005004012547201
1005006947245186
1005006531220575
1005006564292674
32908977086
1005007536879652
1005006861388270
1005003665878821
1005006845807120
1005007532644973
1005006978913565
32960711508
1005006916854449
1005006696580868
1005007226880619
1005005554529277
1005003601052133
1005007513367001
1005007506780546
1005007105853482
1005006636771515
1005007030252348
1005007525226682
1005002053669735
1005007251715573
1005006869167052
1005006835860441
1005006766076892
1005006221091481
1005007403821341
1005006769332243
1005006680891224
1005006874451710
1005006262427938
1005001756391157
1005007470652215
1005004063595536
1005006036589428
1005007022652959
1005006966265360
1005004971472681
1005004116333319
1005006940745701
1005002882464260
1005007276489526
1005007569771321
1005007193656754
1005007403786209
1005007369235736
1005001843776033
32584318072
1005006911973621
1005006722070669
1005006826316822
1005007275049031
1005007158706959
1005006621866224
1005006128141015
1005007536806906
32866068124
1005007360674477
1005007273295102
1005007053329688
1005005302184787
1005006281469525
1005006628303391
1005007380106384
1005007414005821
1005006802841485
1005006207970206
32833416413
1005007052893211
1005002921895047
1005006161381495
1005005886260903
1005005527542777
1005007271118012
1005007315673709
1005007572434164
1005007267742962
1005001600879077
1005007359939273
1005006078949068
1005007604186553
1005004771255612
1005006754309411
1005007152147375
1005007459437320
1005007337171540
1005002687923989
1005006734137234
1005002798129712
1005003600072219
1005007313936259
1005006265845156
4001211930798
1005005445778104
1005007061394084
1005006836889747
1005007315936708
1005005902417239
1005006445546879
1005007534955512
32613031268
1005004073918900
1005005241620007
1005006851266927
1005004042763285
1005006965547702
1005007444927277
32546816457
1005007236123141
1005006136105609
1005007182373114
1005005445608409
1005007517416765
1005006109302273
1005006961559587
1005006472430839
1005007117081991
4001149708671
1005007525978076
1005006247794764
1005007029739645
1005005446412493
1005007379101506
1005007284153978
1005006878381862
1005007496788634
1005007371454258
1005003162130487
1005007331702228
1005006803334806
1005005975047749
1005006751075110
1005007123292877
1005005934533468
1005006642688351
1005002797388463
1005007644516088
1005005593885942
1005007018043655
1005006565857190
1005006772475779
1005006568110629
1005004465418947
1005007346505377
1005006445686179
1005007456404362
1005002890668924
1005007052274793
1005006633426471
1005007001608710
1005006158011770
1005007172916452
1005007301108409
1005007429745802
1005006148195972
1005006764307924
1005007551714854
1005007401265040
1005002831099741
1005006445969351
1005007450570544
1005002173566071
1005007346381481
1005006008333865
1005006020286320
1005004611183283
32616224345
32822303560
1005006861188079
1005005912489867
1005005677352306
1005007630916416
1005007007657835
1005006898902808
1005002562504925
4000302899329
1005005568324614
1005005757637743
4000924592118
1005006095190012
1005007420706659
1005007480999523