1005005643757775
1005007215169907
1005005751069791
1005007001273568
32926022103
1005003443591576
1005005748772484
1005007555740203
1005007125045731
1005006117842022
1005005980068528
1005007370984379
1005005892325742
1005005415680461
4000463857143
1005006912860669
1005004304803063
1005006637579571
1005005221740295
1005005913050180
1005006076024600
1005006112340886
32664143277
1005003733917456
1005007075524308
1005006281237353
1005006009888382
1005005008071175
1005004911600872
1005006985044332
1005002435433077
1005007045927070
1005005497397094
1005006787665582
1005007166047457
1005006249899665
1005005806218961
1005001620761724
4001088942502
1005003002345651
1005006857136683
1005005825527845
33060831601
4001163170467
1005004383953948
33025078697
1005004894320264
4000394595873
1005007112366284
1005005461080836
1005005949148426
1005007454767516
1005003037448690
4000574599323
1005007492800328
1005006953371784
1005005777704237
1005006144709912
4000556672022
1005006473230464
1005004803094502
1005007312025042
1005004683692577
1005007074088545
1005005584260542
1005003750311330
1005007480811285
4000890208237
1005004151605479
1005006955659368
1005007142691352
1005007545496593
1005006910147964
1005007518962805
1005004524417550
1005006269954194
1005005413016477
1005007530010180
1005007354134326
1005002143569553
1005005421901605
1005007014103640
1005005195353423
1005005185957302
1005006128358135
1005006359047602
1005007347550980
1005005835582040
1005005712274673
1005005876642506
32661985864
1005007085832682
1005007160314788
1005003395646324
1005004414018509
1005006054632713
1005007169435582
4000317095617
1005001671661137
1005007362391369
1005007500080709
1005006963765694
1005005912658367
1005005484161819
4001241845041
1005007482414319
1005002603952404
1005005486681796
1005007082871943
1005005820575206
32906762991
1005006858883666
1005003532994542
1005007135724082
1005004984437267
1005006959203503
1005004341776153
1005006684127513
1005003884998487
1005002683962732
1005007581087716
1005005981987546
1005003345259081
1005007204612666
32966552837
1005004447722943
1005007128316838
1005003161438142
1005006966613590
1005007360538596
1005004147752361
1005007115630290
1005005859472881
32878417629
1005006720076881
4000691414800
1005007225852417
1005005824527494
1005007225977684
1005007215825963
1005005946719099
1005006446583967
1005005789467147
32752687444
1005006874799756
1005007260407010
1005007466803973
1005006011507103
32983659283
1005007148665354
1005006972689100
1005002478200342
1005007023616711
32781381241
1005006143931374
1005006327352998
1005006995492642
1005007462333077
1005002693101911
1005007343955807
1005003019693912
1005004367912775
1005006039101704
1005005892464835
1005007404778751
1005006988617234
1005007176606086
1005007461022227
1005007490742096
1005007483382624
1005001504070409
1005007181243897
1005007536866229
1005005627537322
1005007119586238
1005007461831925
1005005834703230
1005005391481648
1005005538125348
1005007129182522
1005004649382986
1005007250016065
1005007389409159
1005006814531902
1005005134356526
1005007406388551
1005007562784261
1005005463719727
1005006257236412
1005007340673402
1005007157715544
1005007363093905
1005007612132744
1005007219002717
1005006961114945
1005004642500083
1005005123730477
1005006374729317
1005006518999976
1005006696148027
1005005441818367
1005005393236729
1005004657156803
1005007203726881
1005005344578033
1005007117504590
1005005625950921
1005007341994535
1005007428586338
1005005528173328
1005003967799248
1005007420412026
1005007219318097
1005007569372747
1005006096790820
32977859090
1005006055473300
1005007133414490
1005003791756901
1005007264195821
1005006887543360
1005004922870264
33017941699
1005006174842060
1005005593639586
1005005573538574
1005006488293519
1005007085405930
1005006421967141
1005006893181597
1005005185902777
1005005036432280
1005004290473203
1005007013625318
1005007360147831
1005007059514266
1005004971566635
1005006881574566
1005006716250472
1005005398920077
1005007643880827
1005007643573794
1005007415334711
1005007647567181
1005007647499080
1005007646473150
1005003863518967
33049153415
1005006309612322
1005007113376576
1005007643894728
1005006993334991
1005005133232445
33014404869
1005007360379095
1005007386558538
1005007415240594
1005005889791856
1005006313583750
1005007564215478
1005006611249674
1005004631106260
1005001786393797
4000181632403
1005005513775574
1005002398052197
1005006939660083
1005007317929126
1005007161993231
1005005679557928
1005002308768944
1005002306024556
1005005452209960
4001168439792
1005006768629198
1005006738437841
1005006790846376
1005006955374294
1005005269600632
4000104239160
1005005529672047
32860715517
32921676347
4000051377329
1005006895985349
1005006896685032
1005006780430399
32873093228
1005007027236208
1005006650278999
1005007539082782
1005006997043914
1005007168003364
1005005347121284
1005006963958324
4001212043521
1005006938308318
1005006195609127
1005005426873151
1005006364638478
32953792003
1005005682638916
1005007039404742
1005007563037174
1005004496676862
1005007081963901
1005007555894577
1005006490971910
1005007424762267
1005001639479736
1005007564373171
1005007199843131
1005004149750095
1005007016270217
1005005114152604
1005004279126414
1005007354910699
32990131071
1005006662677080
1005007142200261
1005005262294151
1005002919644742
1005006722016358
1005006860826299
1005006838193783
1005004020244337
1005007261511045
1005002245578948
1005004920986037
1005007456075026
1005006224798879
4000989671571
1005004150421031
1005004479281862
1005006287681903
1005006759454006
1005007656996687
1005007793810056
1005001859683991
1005007424793552
1005007564197544
1005007630507301
1005007748019284
1005007747186460
1005007729158370
1005007710259592
1005007570327488
1005007570455321
1005007564345249
1005007564303369
1005007562736929
1005007564127703
1005007562970159
1005007112951013
1005007133783021
1005006358068179
1005006314819966
1005007466644279
1005006235738317
1005006433962437
1005006246104589
1005006314848766
1005006892929631
1005006235716490
1005007402338977
1005006235709480
1005006593339451
1005007256808742
1005006489856202
1005007498398348
1005006428875537
1005007013941804
1005006457945260
1005006235663740
1005007250124060
1005006594361877
1005007076340263
1005006990492767
1005006439859587
1005006446644431
1005006313733071
1005003853152767
1005006121028396
1005006533427897
1005006138697632
1005007557304358
1005006421858146
1005006339624957
1005006947841871
1005007017252708
1005007425807913
1005006859932834
1005006394880223
1005006164044710
1005006885027012
1005006859574717
1005004701687291
1005007097566049
1005003853332021
1005005889377697
1005006504823490
1005006712238514
1005006865963807
1005007689348049
1005006362449500
1005007117098713
1005006314954194
1005006358087259
1005006350850674
1005006314936313
1005006314968104
1005006235696533
1005006243151352
1005006531731392
1005006235680607
1005006235738309
1005007581486436
1005006782942631
1005005703601253
1005006317698343
1005007500319778
1005007003675825
1005006859644508
1005006672293579
1005007669798474
1005007763650843
1005007688786996
1005006252735618
1005006865083937
1005006350823823
1005006314966127
1005006314977048
1005006243168252
1005006358069415
1005006902766959
1005007675455281
1005005826176206
1005003913388139
1005006326746124
1005007351420786
1005006345629440
1005006293948155
1005005399638124
1005006254785087
1005006821246860
1005001624784922
1005006189990230
1005007173249994
1005007002171178
1005005033112711
1005005924002368
1005007047178254
1005006845694342
1005004095501437
1005007379390826
1005007345802091
1005007453911490
1005006254912598
1005006661201118
1005005787565355
1005005589780439
1005007766986038
1005007727862853
1005007314597883
1005007592217550
1005006966117216
1005006904803939
1005005636786064
1005005943207813
4001341439146
1005007425786595
1005007210315012
1005003886659562
1005006006645614
1005001604317498
1005007340208783
1005002056372712
1005006042237654
1005007180872662
33061170471
1005004689642268
1005005246078003
32961674635
1005006042928528
1005007293953664
1005003671257564
1005006143021180
33046412652
1005004738696761
1005005417047787
1005004383451613
1005001469588922
1005006360496627
32403088296
1005005414225790
1005004822665093
1005006098201573
1005006721336844
1005007270401313
1005005335177111