1005006807947628
1005003883961791
1005006968320333
1005006577249164
1005006282116714
1005006716399302
1005006046828199
1005002687115006
1005005628740885
1005002952815685
4000335804660
1005006124895557
4000194909309
1005006727754381
1005005288345032
1005005352773626
1005002594330660
1005007407000865
1005006903449448
1005007131582092
1005007017234689
1005005628657709
1005006949786080
4000542091877
32949658132
1005007045304250
1005006612916819
1005005005926574
1005004926993351
1005005938142532
1005007235470678
1005006745699250
1005006375597048
32952960969
1005005770486841
32973489596
1005005388741047
1005006985150749
1005007084270198
1005006174588218
1005005621749413
1005007163678620
1005006302081489
1005005256226023
33060755507
1005005887437913
1005003532100708
1005002358805320
1005005001614742
1005005274743323
1005006281340121
1005002281099237
1005006417209085
1005006030488728
1005005895240158
1005005544067672
1005007173119128
1005005988666640
32814782523
4000258851805
1005007331197128
1005007343155404
1005006338698828
1005005882852600
1005007091417731
1005005167030553
1005006428553447
1005007232253678
1005006672585981
1005006431615805
1005006052181167
1005007218397225
1005001966854387
32851574868
1005007178058144
1005007204728751
4000506339277
4000344022373
1005006889707911
1005006967265038
1005007160862668
1005004944316546
1005005713116733
1005005876132193
1005006035732445
1005005054290852
1005007263166763
32919054634
1005005913004506
1005004411718833
1005005166771733
1005006749492711
1005004775202108
1005006338778929
1005007076683297
1005007018617654
1005006061945633
1005005135372055
1005006180859488
1005007118016343
33022660580
1005006096630757
1005006574219920
1005006909822182
1005007124243111
1005006285984226
1005006860644307
4000215621192
32969346080
1005005179116233
1005006908155346
1005006302488891
1005006203616254
1005006975527338
1005005808734565
1005005959846091
1005007130909019
1005003993280785
1005005636118554
1005006379667533
1005005763019735
1005007218226277
1005007261343486
1005005934585489
1005001484025964
1005005744267438
1005007253884930
1005005396979447
1005004154936081
1005006881790920
1005007252720273
1005007286879176
1005004037212067
1005006042796066
1005005237145110
1005005033891796
1005003292453771
1005006303282164
1005006066802921
1005006000535123
1005002291814334
1005006131586181
1005004311758517
1005001947811344
1005004717552576
1005002636549311
1005001870242069
32888143091
1005006856606718
1005007216303077
1005006225635341
32954456840
1005005213087727
1005006086784070
1005004569070163
1005006448039675
1005001390492075
32387324841
1005006860897703
1005005844064064
1005007002759156
1005006935181783
33059259892
1005001742204797
4001224873126
32957507292
1005006236179101
1005003320904459
32859577079
1005006811806176
1005006338793468
1005007335431579
32821090027
1005006314102425
1005007028514836
1005007051939819
1005005892941098
1005006329887199
1005006626557010
1005007235983668
1005005340948414
1005006022714304
1005005916665997
32962988382
1005006844417252
1005004745863544
1005007387332117
1005005856820326
1005006394866859
1005006018240566
1005006477095503
1005005908789741
1005005171251357
1005005492292364
1005003722491917
1005007338166701
1005005002033539
1005004837323394
4000811585654
1005006806445555
1005004961059417
1005001884162874
1005007207615345
1005007168424566
1005006104912717
1005006008385412
1005004090048714
4000296579185
1005004928693881
1005004129283817
1005002900922855
1005005546047120
1005005302536852
1005005925602687
1005006285943419
1005005725808770
1005007091045399
1005005237612474
1005002694824016
1005005576848280
1005007352405322
32500351473
1005003891160672
4000138679757
1005005488139286
1005004779902922
1005007227302135
1005006021159287
1005006075199397
1005006158003065
1005006789421000
1005004406807818
1005006336818084
1005005029494677
1005004498022929
1005003679007073
1005006270842253
1005005457654411
1005007014392287
4001247035571
1005003686036346
1005006637412457
1005001325085604
1005005275185153
1005005687921617
32903226076
1005005210451963
1005002579256965
1005006256914296
1005006867189726
1005003593032472
1005001809854480
1005006647776183
1005006515151006
1005005966728549
1005004704606657
1005006605140488
1005003151249963
1005006421762995
1005006659350452
1005006199994166
1005005992763742
1005005746997155
1005002204570472
1005007008831935
1005006808211324
1005005849163899
1005007067311299
4001116466776
1005004414059626
1005004993478639
1005005548024205
1005001664335818
1005007205053230
1005002630366389
1005005334875271
1005003990017814
1005007124306804
1005003961360770
1005001375399119
1005007132933281
1005002604112576
1005006884370743
32806625148
4000142184694
1005007125431711
1005006994144777
1005005570160965
1005006582335116
32897269646
1005006648125984
1005006857096419
1005006096901073
1005005687806436
1005007226574416
1005005266275577
1005005997527673
32834127593
1005005622140148
1005006397917656
1005005701475192
1005004504722358
1005006112520263
1005006908217096
1005004736616654
1005003594531802
1005006481688763
1005003692267609
1005006480279789
1005003589481698
1005004411948410
1005005776487936
1005004744560243
1005007002847043
1005007270722887
1005005874054302
1005006906748198
1005006112318735
1005005779871541
1005004779635035
1005003697622416
32703417637
1005003284581306
1005006515256311
1005002096175902
1005006534242491
1005002342106131
1005006856830576
1005006368110828
1005006502655745
1005005321324896
1005003952484524
1005007420532590
1005001812561446
1005007315368115
1005007184336221
1005002525614138
1005005515336848
1005004106929824
1005007029602986
1005007196625357
1005006822394801
1005006114280164
33002475029
1005007207645985
1005006843399573
1005005801599414
1005006931721762
1005004970399789
1005002920046321
1005003068326153
1005004160411556
1005005949369321
1005003141440849
1005004565747773
1005006393153794
1005004165661321
4000958174991
33007586488
1005005759088230
32805973796
1005005342611505
1005005720053318
1005003545615739
1005006717696812
1005003311274611
1005005005623413
1005005708742969
1005006818402660
1005007057814083
1005007108193159
32959926550
1005006068363979
1005006712454058
1005006246786909
1005005837935043
1005006997189501
1005006757104578
4000020670273
1005006787424771
1005003309275697
1005002876048466
32853739631
1005001497133955
32835427711
1005002821779661
1005005033063998
1005004217730841
1005001823033834
1005003759473377
1005004718827918
1005005877820754
1005002784642063
4000094011228
1005002226223552
1005005417618893
1005007243424400
1005006188993504
1005006340671439
1005003247272772
1005004217627936
1005006381817676
1005006672186921
4001075959057
1005005134624586
1005005333520058
1005007257732218
4000758810604
1005006319289869
1005005876615805
1005002860856868
1005006330759876
33006768422
1005006678879052
32893258095
32996637027
1005007231339788
1005005364020510
1005006812470421
1005006309245431
33012738253
1005007029684492
1005005123760493
1005002570259019
1005007254670735
1005005818981031
1005007107879981
1005006197897858
1005006317992042
1005006766944756
1005006055898980
1005006239082256
1005007035986793
1005005879119539
1005007070984693
1005006734252132
4000126965422
1005003459548018
1005004229159419
1005006327410365
1005007295464752
1005004413993902
1005002775189365
1005006316991466
1005005476824291
1005006860595906
1005006114881542
1005007192267619
1005006368445500
1005005717681281
1005007098195591
4000026390453
1005006054199424
1005005773003147
4000337224173
1005005628836925
4001062256311
1005005015377276
1005006171662701
1005006200110046
1005005921604721
1005005047454760
1005005395594963
1005006966445064
1005004064006228
1005002355979885
1005007023392679
1005007037569740
1005005271440841
1005005972722625
1005007123439654
1005006860517053
1005007159872106
1005004488494492
1005005917247389
1005006273148628
1005002777656074
1005006194993008
32815300644
1005002979727544
1005002526157055
1005006988196643
4000205364720
1005006821257861
1005002603560364
1005003935946512
1005005485810417
1005006462100118
1005006638354384
1005006886770830
1005004205132424
1005007053693814
1005007348829754
1005005822440944
1005004447336126
1005006296381058
1005005129211626
1005005373821681
1005005972411290
1005007032901258