1005003172352262
1005001837582592
1005003381525897
1005004469544885
10000001222932
1005005258512964
1005007004149333
1005001589184111
1005003383490526
1005006691146776
1005005817311583
1005003140484906
1005005355882256
1005005343475029
32948417810
1005006623615143
1005005362027492
1005006468790920
1005006910970824
1005005272586049
1005006071312993
1005006137209960
1005007053567730
1005005256795997
1005006284764182
1005005648637399
1005006336154931
1005006145039345
1005006160183677
1005004852669436
1005007303203364
1005006316388265
1005005548476584
1005006620010669
1005006321498749
1005005625997327
1005005682068349
1005005989446565
1005006105863380
1005007145103285
1005004450832506
1005004858794451
1005004280889108
1005006493938789
1005005321575660
1005004694348363
4001035733954
1005004456144965
1005002207201672
32840324731
1005003399265859
1005006469249088
1005006777189751
1005004460990261
1005006004033145
1005004797045017
1005004377417878
1005006660429472
1005005988543325
1005002950968760
1005006898148312
1005004739357390
1005007182538894
1005004685959022
1005004679564086
1005001561036252
1005006161708195
1005006145234940
1005006365818828
1005007033246205
1005007032395594
1005005812140065
1005005455875930
1005007128920439
1005006276784844
1005006323019085
1005004826246082
1005006443833954
1005007183727118
32685179404
1005006777215973
1005006209157029
1005005516553739
1005004381821944
1005004815044003
1005004058897708
1005005776924235
32721507753
1005001901617409
1005006362014916
1005003986293149
1005006135220718
1005005561521306
1005003559303750
1005005921671653
1005006349740988
1005005787993771
1005006897759234
1005005918562025
1005002796395790
1005004649123076
1005004990194520
1005004182930663
1005005544744298
1005005299721677
1005006001306479
1005006879638532
1005003832653232
4000483734875
1005006016677610
33002422384
1005004971367899
1005005066246972
1005006466708195
1005006818850136
1005005351742809
1005007339987413
1005004380828756
1005005558751012
1005007124951752
1005006354884529
1005001875079379
1005006386639374
1005005996170388
4000122314020
1005006843406438
1005001338218596
1005006621296743
1005005819986708
1005003072609942
1005005675068101
1005005454091682
1005004709896972
1005003238207916
1005005396165491
1005006979156621
32996060420
1005004994011853
1005004635428468
1005003458498256
1005001627542779
1005005670554547
1005006897944758
1005005510432100
1005004353001587
1005006177429668
1005003737533736
1005006005097277
1005006217976032
1005004936716776
1005005450563148
1005005767994167
1005005854951304
1005005376339872
1005007000413593
1005005921655394
1005005829436565
1005006712047275
1005007420167079
1005004010552395
1005006542882950
1005006070642768
4000063865722
1005005970790405
1005005870301891
1005005861754089
1005006216997143
1005005682528183
1005006427684981
1005004023487745
1005003520423258
1005005118226163
1005005341195140
4000310443375
4000373097172
1005006809798365
4000760853389
32892978438
1005002679310377
32811349583
32892154634
4000751456728
1005006041285302
1005006787903733
1005007219736350
1005004646049233
1005005561035765
1005005885276677
1005002674703793
1005004768552385
1005004564979658
1005006365697021
1005001264648368
1005001827748181
1005004338155973
1005006615562249
1005006127179718
1005006348789444
1005006112733846
33044528291
1005005090517592
1005006149361365
4000194281850
1005006398927174
1005005087788640
1005004814011529
4001081527153
1005006068871017
1005003086944960
1005004430775582
1005005252285176
1005005257616953
1005006082938609
1005005646405257
1005006543012344
1005005921249378
4001019674461
1005004942010950
1005002299526278
1005006334854752
1005006238243333
1005005179522009
1005005111119299
1005006770732434
1005006797230237
1005004426679949
1005006036418274
1005006140954054
1005002971789938
1005002822900597
1005007146981463
1005006231231847
1005006153553822
1005005515506889
1005007046549801
1005004547851530
1005006407376399
1005006674051931
1005006780830491
1005007121659263
32844369670
32649843103
1005006508976035
1005006139693012
1005006366245330
1005007320173365
1005002664964134
1005004061291225
1005006212756756
1005005998071720
32737768319
1005007046182622
1005004782957766
1005006439100008
1005003444747246
1005006091236238
1005007342634171
1005006026497521
1005006202896949
1005006190937137
1005006844795905
1005004709803974
1005006625721495
1005006947971307
1005005934603522
1005004612695009
1005006444357974
1005006990096618
1005005894536998
1005004809770137
1005005035687861
32801667080
1005005273057178
1005006288765931
1005003298815374
1005004365005791
1005006177038454
1005003744821945
4000864440659
1005006103326126
1005002686613363
1005004285958078
1005006630110778
1005006094706777
1005006874539478
4000930430619
1005005044153503
1005005178236307
33046940675
1005006392329374
1005006015591760
1005005290823726
1005005424651860
1005006579136183
1005001407450295
32852632594
1005007015609613
1005001484348407
1005003749087684
1005005778058061
1005005889810067
1005006583813737
33008113832
4001200327278
1005006278904117
1005006670945973
1005001524743962
1005006801837219
1005006061507668
32822523661
1005006059929889
1005003325745976
1005006094166081
1005005993966324
1005005278474742
1005005674946878
1005004782977056
1005005382976127
1005004914020111
1005006449448181
4000276608011
1005006422959499
1005006683090751
1005005185040494
1005002409883236
1005005633448022
1005006451921630
1005005480168459
1005006219527211
1005006052646583
1005006160543759
1005007148603795
1005006601576083
32827164377
1005006155992073
4000152172030
1005002299272847
1005005913254606
1005006429751424
4001313603033
1005007000311677
1005006996246343
1005001567879021
1005005909813290
1005006457801832
1005006357668829
1005005195333636
1005006157671862
1005001690183196
32864994959
1005007005041204
1005004551054348
1005005821853898
1005005256407676
33020656245
1005005970242061
1005005042133491
1005006352303989
1005004564156573
1005002533866593
1005004092557785
1005006854533480
1005006656989031
1005006634836061
33004859682
1005005797286090
1005005453335659
1005006619476289
1005004237948942
1005003435906273
1005006149476497
1005006341190751
1005004306146285
1005006070745149
1005006181533423
1005006290356474
1005004180850978
1005007002034713
1005003206886178
1005007303092260
1005004022655532
1005006629284450
1005005367482350
1005003479612189
1005004836513625
1005005765769539
1005006474691663
4001222052159
1005006165886635
1005003473713110
1005005137427175
1005005619541811
1005006564928402
1005005433809277
1005003298386703
1005006803121174
1005004553666926
1005005529874101
1005003562173643
32955282000
1005006710827311
4000122090707
1005007116907037
1005006817080539
1005005446243924
1005002554895443
1005006326049394
1005006461454327
1005006649622158
1005004043019564
1005005959658153
1005005397751811
1005002899439727
1005006111197416
1005005665994484
1005006523799601
33037299647
1005006884381872
1005005777479113
1005004369090947
526811393
4000238689496
1005007544364672
1005007488403191
1005006384025732
1005005754320597
1005005832806070
1005007017825053
1005001382189652
1005005058400774
1005004431116947
1005005979581881
1005002401528574
1005006675267001
1005005921076532
1005006384020772
1005004925937040
1005006164594827
1005005948392782
1005005809928426
1005006120052110
1005007561643628
32824546388
1005007351471693
32826583135
1005007310637307
1005006855846356
1005006034631302
1005006627327104
1005005943494012
4000029799471
1005003482837836
32876157053
1005007727038395
1005007760586373
1005007218163731
4000960167080
1005002388492217
1005002342312472
1000005822449
1005007150262649
1005006020338279
1005007243943995
1005007471300235
1005006923353502
1005007132048896
32904590731
1000005848888
1005002341432292
1005007010187296
1005006925907806
32865180260
1005005326653456
1005006714507092
1005003403692269
1005006678834168
1005005936403761
4000025616728
1005006367527022
1005005924578627
1005007059301812
1005007032829676
1005006915188889
1005005072187204
1005007106669595
1005005485662633
1005007036477576
1005007117260879
1005006740973446
1005006053511079
1005006397995936
1005007228000442
1005007494224059
1005006143626247
1005006852268390
1005005691787544
1005007043960294
1005004682790545
1005007018453042
1005003392651228