1005006861984031
1005007275080790
1005007274828559
1005007275712523
1005006481050836
32323235900
32323319472
32817165991
1005003809825705
32911921429
1005005292438081
1005005564795050
1005005549842644
1005005527033754
1005006312565614
10000205451942
1005003732021137
1005007390428591
1005007341263932
1005006302115585
33015291588
1005002123360444
1005007153654242
1005006841737122
1005007307599665
1005007266741847
1005007271619910
1005007251688698
1005007100993381
33015303572
981874853
498961257
1005007604979429
1005001867325047
1005001865362250
1005001677449601
1005001791694409
1005001678770436
32323390972
1005003147757866
1005003551970932
1005001501048194
1005007268378550
1005005588073950
1005005564511704
1005005560751260
1005003146583622
1005007089920357
1005007082162781
4000765436327
1668220898
32796243853
1005006733504141
32236162128
1005006253999913
1338799299
1005005029482492
1005006283000616
1005006811999790
4000111899370
1005002354179215
1005006754532983
1005006754857267
1005005310827530
1005007548531570
1005006189284017
1005004825244023
1005006794929128
1005001613825933
1005001379463131
32359441522
32324218737
32319501580
1005006425818325
4000416705088
1005005560575625
1005005569705176
1005005562344038
1005005562122911
1005002366977262
1005002365272565
1005007346621665
1668212929
32765976877
4000478482862
32766467000
1005006902071267
1005006848950209
1005006035357580
1005006812120160
1005006503421722
4001351348525
32672188524
1005004754138910
1005003679086209
1005005844519503
32853406824
32690326900
1005002362648031
1005006693410396
1005006671119210
1085949561
1005003597101573
4001234314281
1005002877052580
1005003393811436
1005005756538745
1005004790338966
4001208703910
32364688928
976486938
1005001865388618
1005002666127076
32359067757
32322887657
1120613711
1005005561925421
1005005561898780
1005005593977220
32961794945
1005003769322812
32232459521
1005006722363349
32618018572
32622882212
32824336559
1005006716957450
1005006670389270
1005006476279105
1005002364531889
1005003252203391
1005002359969276
1005003956804603
1005006175095326
1005006035113820
4000897003003
1005005605192851
32708895178
1005006039662638
1005005575560719
1005006442961871
4001228513694
4001269692289
1005006119669814
1005003951652039
4000762476494
32235306469
1005004793729254
32392093173
4000600073768
1005006009176248
1005006103245593
4000269868166
32779457288
1005005575309329
1005005574400559
1005004387480737
32620319944
1005006123365170
32766502259
4001169199319
1005003109914234
1005002459604834
1005001711651014
4001184243539
32766494609
998856274
4001193925388
1005004913194828
1005001626476793
1005005486964998
1005004694777523
1259853607
1005002244531512
32259016452
1005006219806577
1005005806783762
2052863817
1005006024463356
1005005806646355
1005005712248380
1005005804505035
1005004613924829
1005005955219981
1005005960256944
1005007662069216
1005007662403133
1005007568152591
1005003147849085
1005003810078143
10000308626998
1005005109449439
32360304983
1005006814017186
1005005805413589
1005007613344451
1005005814679763
851978616
511852257
1005007474389210
1005005569767225
1005005569751363
1005005569972535
33052115106
1005004541619244
32617958736
32967596858
4001221846999
1005002348761068
33054338868
1005002444076608
1005002505187982
32768611062
1005005346091847
1005002055632942
32258783112
1005004336990286
1005004417370326
32766506226
4000585267546
32229525821
1005006036947360
1005006121940170
1005004613736951
1005005159707128
1005007247465886
1005007247646335
1005007614813506
32855268412
1005007129222523
32854965562
1005005479701887
1005007252158535
1005001676875757
1005007315507981
1005002244529126
32746009943
1005007516800899
1005006043125283
1005003133117769
32358494423
1005006481105304
1005007223198978
1005001960152009
1005001774892401
502906885
10000033169008
1005005603988040
1005005603960059
1005005603916348
32649839819
4001218139513
4001184090083
1005003951241838
1005002506401342
1005003510713632
1005005594955232
4001104371312
32768591531
1005002398530021
4000400026220
32720167008
1005006872763951
1005007339163294
1005007053312416
1005006541600531
999826639
1005002654274698
1005005867140957
1005007308974620
1005006532738446
1005007247315885
1005007175814017
1005006524038322
32358558681
1005005931740530
1005005994141821
1005007089962299
32608750127
1005007640934677
1005007143883395
1005003863310667
1005007550764754
1005007640116976
1005001437684661
1005005134689172
32319521454
1005006301610522
1005003566885804
32323588680
32238190686
1005003732047091
1005005912574514
1259878011
32857301849
1005001561151401
1005005603453275
1005005603291783
1005005561574551
1005001421591818
1005001947245288
1005002435705797
1005002541051862
1005002414255267
1005002710844076
1005001443235120
1005007441809426
1005007138559604
1427644670
2048270814
1005005131048064
1005007444476044
1005006014944071
4000729512764
1005006988992424
1005007353289646
32321633998
1005003484866305
32393173611
1005005792891935
1005007252074471
1005007606473424
1005006954026293
1005006254607483
1005006519275811
1005006743126319
1005007682500914
1005003731978263
32241230567
32721487396
4000264990673
1005005814641936
32601083901
32258521203
1005005495083677
32681212894
1005005610215557
32598238774
1005007257498729
1005003527856355
1005007618933200
4001170716506
1005007541902843
1005007418478419
1005007273723796
1005007672896651
1005005817109668
33048794242
1005006999268067
1005006024048442
1005007422944668
1005003970136557
1005001683537871
1005002180658456
1005001649262531
4001272199851
1005007646204532
1005007653895277
1005002965428885
1005002904661845
1005006310135101
1005006302050390
1208117669
1005007673201529
1005007668685042
1005006764598023
1005002780224402
1005001679502894
1005007647629422
32258771809
1005007668666327
1005007328085771
1005005471784523
1005006312712580
32323588682
1005006582838826
1005006722488018
1005006301439784
32488647518
32619863920
1005006224273935
1005006717240494
32360547260
1005005086540786
1005007376699636
32302981332
1005005956151909
1005002002977171
1005002657526994
4000547836891
1005007271455549
1005007346831931
32358674335
1005006727034736
1005007257628095
1005007268155328
32590803932
1005005948391202
1005005099067932
1005005867305018
1005002362438511
1005007258597199
1005007619871743
1005005569705062
1005002953590051
1005005193005990
1005001465856805
1005007652716941
1005007642703703
1005005561978618
1005002373411284
1005003688547370
1005005403488411
1005007247585635
1055151201
1085985406
1005006015064021
1005002687380571
1823234444
1005006915821574
1005006717534820
1005007648398636
32360348225
1005007275700512
1005007277802554
1005007243786610
1005006101240597
1005006301225069
1005004436655102
32637852898
1005007625088580
1005004587727280
1005006777304854
4000756472408
1005007668760270
32360575259
1134791529
1005007258277678
1005007674908978
1005006175094299
32360547802
1005006658858611
1005005799796071
32858360114
32361696785
1005004789116476
1005006883062858
1005001953861580
1005007049948944
1183363391
1005007445324919
1005006462358214
1005006849813672
10000033821225
4000258371984
1005005888564549
1005005314650141
1005003109794359
1005002904776590
1005005560653655
1005005593934530
1005007653946859
1005007653817112
1005001389481860
4001276969502
1005005193073804
1005002953223679
1005007339065339
1005002244158478
1005004520249794
1005005537904472
1005005492522806
1005006682916067
32753986399
1005002366930886
1005007258394472
1005001865442102
32344646440
1005007270585993
1316991380
1005007506685302
1005006301294635
1005007609884541
501483377
1005007271402288
1005007459822824
1005005968019800
32625011400
1005001948681687
1005006728200048
1005004541760757
32780764531
1005002636670545
1005006624401047
1005001865564285
1005007640938773
1005002667103004
1005006006874889
1005007536793978
10000207456485