1005003738468245
1005005853683290
1005005726332737
1005006513269665
1005007126175352
1005004695493043
1005007359964961
1005005547266866
1005007316098490
1005007270539964
1005005073055472
1005004247273915
32958381586
1005005397257188
1005007519316961
1005004980818822
1005004639453829
1005007362715011
4001296092509
1005007538370133
32960156957
1005003012046021
1005003032271014
1005004326224950
1005006263359161
1005006932123111
1005006739092576
1005005382882734
1005007509503034
1005002272091279
33039515435
1005003610168048
1005006043019454
1005005767623690
1005007153757026
1005007500086939
1005004839402100
1005007282589953
1005007468981159
1005007369032805
1005006233437916
1005006918295428
1005006932558459
1005005916253921
1005006395636360
1005007531144366
1005003211908160
1005004695115057
1005005734324786
1005007171320699
1005007511182837
1005007408904528
1005007270492471
1005003267444608
1005006945482613
32934395033
4000644351872
1005004199463569
1005004896610409
1005007337307634
1005007314006035
1005005590078072
1005004046300651
1005007395288424
1005006242002719
1005007183321663
1005007371312298
1005005920694013
33064499480
32973123383
1005005008327908
1005006614733668
1005006281197925
1005006677874340
1005004414159403
4000377519033
1005006604754415
1005004527989767
1005007457026889
1005002930247159
1005007143990527
1005007084960077
33054310799
1005007513664293
1005007418546973
1005006056153558
1005004375427782
1005007137130752
1005006173272447
1005002991067308
1005006583119380
1005003329107931
1005007161286480
1005006449799492
1005006739426091
1005006264973474
1005005876344423
32890342159
1005006101420153
1005007065710654
1005007182567830
1005006029867698
1005007574872401
1005006514567174
1005005623921725
1005007121036967
33032524925
1005007384937120
1005002542643286
4001039378410
32722811028
1005007066367107
1005006879951593
1005001627241952
1005005444495196
1005005763768603
1005006186279668
1005006994071494
1005006974300540
1005006923113450
1005007315171646
4000849065241
1005006329828320
1005006799142610
1005007391777451
1005007303987894
1005006041613186
1005007394707448
1005006007550394
1005007184457606
1005001379731955
1005005398431988
1005007060082170
1005001798265905
1005006051037291
1005004009745396
1005006908366262
1005006513843831
1005007473501699
1005007457762975
1005002635013743
1005005820821688
1005007123850581
1005003108941478
1005007560371288
1005005952915973
1005004094379932
1005006398789766
1005005071969980
1005004404680126
1005005796674924
1005007005908209
1005006306866308
1005004426854918
1005007337433676
1005004170010254
1005005944074466
1005005179753434
1005004551197308
1005005863637269
1005007153683156
1005006709669265
1005006050668995
1005006083141097
1005007281912758
1005006079724528
1005003609731809
33012474387
1005007387270452
1005007469027021
1005002921011002
1005006389517342
1005004670490820
1005007271819456
1005007152785574
1005006636491135
1005003391173171
1005006028451058
1005004358228705
1005007454786546
1005006181491635
1005005999748595
1005004750214228
1005007102225428
1005004945572152
1005007148153159
1005005854110875
1005005772890883
1005004558295888
1005005556518564
1005004051683936
1005006852489526
1005006914933801
1005005343875779
1005006932679267
1005007340491143
1005007457529169
1005004644641057
1005007424147183
1005006411880143
1005005887579752
1005005691080627
1005007337292835
1005007176055655
1005006719301267
1005006615535660
1005006281353554
1005006873272777
1005005124389235
1005006462682035
1005006470473457
1005005874422373
1005006355565583
4000251396189
1005004132622044
1005004429409236
1005003792997931
1005007270852758
1005007345395742
1005007507573560
4000722945917
1005003685805968
1005006270716517
4001065642348
1005005585677274
1005007557468502
1005004623212693
1005007130108783
1005006344095173
1005005469157202
32955309732
1005005610293191
32956372069
1005006398000160
1005005438081422
1005006257970593
1005003886850364
1005005551634414
1005006152227042
1005006656927221
1005002878012968
1005005109202739
1005004598292838
1005005671454863
1005004564541007
1005006583187035
1005005457642312
1005004065857473
1005006985693384
1005006049704848
1005006192336214
1005005996213351
1005004477383621
1005005299872542
1005007219327560
1005002663511314
1005007610937150
1005003768230478
1005002571054551
1005006734126648
1005007618212842
1005007376262264
1005007276283144
1005002822055763
1005007239451799
1005006950061627
1005007404139261
1005007215982711
1005007045475985
1005005162448030
1005006147944200
1005006956790608
1005006850507606
1005007520277705
1005006947891382
1005006449790251
4001053533443
1005006257800107
1005005622308647
1005001562219880
1005005218124997
1005001965337335
1005007204189444
1005003559499888
1005006443428257
1005006762898586
4000498977737
1005004958939922
1005005175879203
32859453835
1005002616063482
1005006849273913
1005007332754428
1005007477600557
1005005786839298
1005005861548954
1005006063158659
1005007324143615
1005003990503488
1005006260734901
1005007408963905
32750557223
1005005276542443
1005003624946106
1005007418075658
1005005555428474
1005001714148152
1005007487775455
1005006358939117
1005006464995405
1005005633093002
1005006966436200
1005003383127808
1005005883627968
1005007533190322
1005004836963246
1005003691545039
1005007605733503
1005007295393394
1005004613591744
1005007118332568
1005001379958564
1005004717443856
1005006061851844
1005005767579479
1005006035685683
4000028838983
1005006938010122
1005002926713534
1005005681380545
1005002978879275
518982673
1005007492641440
1005006564310182
1005007097311563
1005005302261130
1005006040889287
1005005313189541
1005005854867726
1005005203472610
1005001353663002
1005007469375850
10000389030373
1005006882378773
1005005571307883
1005006210361805
1005006254702646
1005004468466075
1005004896941000
1005005040792588
1005007208358764
1005001657919148
1005004309969122
1005005871204687
1005006278729040
1005006278726600
1005007551746253
1005007599579348
4001281901829
1005005418067107
1005005891342847
1005006538153078
1005007114808851
32852560976
4000464772850
1005006774308783
1005006220625926
4000215946501
1005004001378079
1005006485328171
1005005681895161
1005006938109608
4000193450830
1005003106231620
1005007054755037
1005005008234970
1005006603727480
33050332104
33040293474
1005005585312452
1005006475908144
1005006449654627
1005005681889859
1005005657872482
1005005802237137
1005006254712737
1005007292079572
1005007525211463
4000528779782
1005002634633974
1005006503967207
1005007182907686
1005005995803612
1005003620749567
1005007280424286
1005007563817563
1005005959273720
1005003099026816
1005006169561282
33022276611
1005006271632505
1005004681846457
1005006162121857
32917385321
1005005195252178
1005005066040353
1005006759326421
1005006646334580
1005005996426139
1005003256657053
1005005952789433
1005006328584928
1005006052484988
1005007556049142
1005006019798514
1005006852595108
1005004792140314
1005003629008391
1005007325193493
1005004300285045
1005006309507908
1005007480015887
1005006110501473
1005006672191152
1005005547510889
1005003955729560
1005003213570753
1005007537042958
1005007496321335
1005005475962946
1005006027113934
1005005741455751
32890928871
1005006062826442
1005006856318875
1005007355490062
1005005214371565
1005005906812737
1005006855055878
1005004770906125
1005003776191560
1005003239695063
1005005907003084
1005001297691862
1005006947306573
1005007349945403
1005005557314363
4000356928893
1005004276444408
1005004784539798
1005007177344788
1005006975480669
1005001272639003
1005003064136939
1005006464190620
1005007389989371
1005005257763102
1005005266160799
1005004498527377
1005005126273663
1005006266009275
1005006844703948
1005005916574380
1005005923642075
1005005216030120
1005005795361147
1005006388296955
1005005145346737
32842191897
1005006899868428
1005005435133219
1005006886700694
1005006027172613
1005005433174288
1005003427541747
1005002864268317
1005003399457413
4001256229654
1005003321649184
1005007557289121
1005005671381425
4000012265035
1005006957017172
4000268692248
1005004296593497
33049999554
4000327212945
1005007210300227
1005004628123170
4000389391380
1005006739274592
1005002641864484
1005001635723246
1005007523847425
1005006288905977
1005007633532921
1005003188514282
1005006256901982
1005003020380939
1005006209895202