1005007077055034
1005007556902236
1005007577551148
1005007615330700
1005007615591040
1005007616629232
1005007520606479
1005007365393238
1005007123260307
1005006806957054
1005006806912291
1005007245739062
1005007239927275
1005007589644914
1005007502847867
1005007308795074
1005007446970026
1005007163944863
1005007433524419
1005007550779485
1005007502846861
1005007489173295
1005006944803167
1005003178773340
1005006863246866
1005007301710677
1005007553302345
1005007508522901
1005006992291096
1005007512338156
1005007496090861
1005007493936165
1005007481528200
1005007481453109
1005007462205537
1005007444815249
1005007470553135
1005007388823994
1005007283532109
4000606608557
1005007164205535
1005007546328347
1005007155035748
1005007301663022
1005007025525408
1005007309089699
1005007108732472
1005007301100115
1005007404241060
1005007505435630
1005007497667496
1005007492110190
1005007282939379
1005006910131265
1005007337200567
4000456897397
1005007174047429
1005007535393872
1005007376284814
1005007242335845
1005007611879962
1005006956317767
1005007618796367
1005007017424398
1005007337182239
1005007337193268
1005007337301123
1005007598328484
1005006972779586
1005007336786152
1005003724419182
1005005565664806
1005007481108965
1005007486149479
1005007486350019
1005007486397025
1005005970058996
1005005302262037
1005007433488608
1005007349725872
1005007387335744
1005007372006178
1005007369670927
1005007337294341
1005007232234384
1005007274123576
1005007233064152
1005007202447155
1005007153165116
1005007027133898
1005006320621727
1005007299523639
1005007177222775
1005006709664920
1005006534334949
1005006044427264
1005005975102859
1005006941508320
1005007487054351
1005006941722177
1005007308670565
1005007538166737
1005007438980716
1005006927352512
1005007497879126
1005007424114142
1005005242788560
1005006806154793
1005003039957543
1005007467283287
1005007578767271
1005007486123808
1005007486328256
1005006164708809
1005007429223382
1005007065576455
1005006488194563
1005006285071975
1005005975334105
1005004592997574
1005005571029752
1005007451218806
1005007134653139
1005007363024858
1005006944750274
1005006991997753
1005005570897547
1005006806282344
1005007240973289
1005007296411911
1005006473889542
1005007177606057
1005007330425210
1005006941721283
1005006944769194
1005003697115891
1005005571090364
1005007653934125
1005006941756028
1005002023192295
1005007457657745
1005007238142653
1005005176676004
1005006790694152
1005007632294129
1005007594732974
1005006474053751
1005007607842765
1005005242839141
1005007607821732
1005007134765090
1005007320199681
1005006008582108
1005007483403068
1005006514797744
1005007519181647
1005005024177127
1005007143839103
1005007525392082
1005007512799432
1005007516279859
1005007251933149
1005007574415498
1005006621613856
1005006621471945
1005005481230192
1005007153218039
1005006941610737
1005006941625601
1005006944794086
1005006944717535
1005007246448824
1005006956175342
1005006474060692
1005007684894350
1005006547665243
1005005242549077
1005007024638709
1005006972760786
1005007564229887
1005007178298272
1005007491130235
1005006972668868
1005007607961326
1005007483484395
1005006597220559
1005003724219920
1005007487875149
1005007463238764
1005006870836158
1005007177758807
1005007306200724
1005005541646888
1005007053559340
1005007170213410
1005007610657917
1005007602347783
1005006530927168
1005007024748931
1005007610863554
1005007610802617
1005007519018203
1005006977567071
1005007320092786
1005007642989231
1005007469921066
1005006531036003
1005006865978390
1005007585047903
1005007585040775
1005007494739860
1005007609351264
1005007418605354
1005007507326980
1005006741161303
1005005176629548
1005007519214335
1005005176577846
1005007325117720
1005007518883886
1005007244808908
1005006621788189
1005007266349707
1005006404335726
1005005570833839
1005006944748402
1005006944779150
1005006941676332
1005006944791013
1005007373786838
1005006839436447
1005007490791190
1005007144395606
1005006473954337
1005006994104722
1005007656400146
1005007656276380
1005007656370030
1005007656305311
1005005978479433
1005007279674326
1005006921669238
1005007580329401
1005005518863509
1005007434011978
1005007024928266
1005006839358482
1005007616347112
1005007446402871
1005007607783884
1005007409155318
1005007033771988
1005007433868031
1005007392711686
1005005141100054
1005007402518200
1005007279312087
1005006898931172
1005007685100825
1005007320645555
1005007361494006
1005005175517566
1005006986176445
1005007607986238
1005007163763937
1005005970888470
1005007011686520
1005007487590876
1005005176669087
1005005464599288
1005007636933879
1005005934226608
1005007451079416
1005007164344047
1005007483914737
1005005175009724
1005007314435117
1005007641450453
1005007672005407
1005007684777778
1005007238057998
1005006878191016
1005007040469842
1005006941529248
1005006941455487
1005006941462539
1005006944800060
1005006739253854
1005007143613212
1005007607847450
1005007178248412
1005007237874999
1005005464586275
1005007605987795
1005007519179605
1005007519387285
1005007436677426
1005006875611768
1005004222944412
1005007163980913
1005007588143442
1005007611790534
1005007221227896
1005007616657165
1005006799042691
1005007601980915
1005007487833268
1005006621826212
1005006092917928
1005007157736479
1005007171897583
1005007671215416
1005007671433945
1005007685451330
1005007686658394
1005007192557283
1005006610536024
1005007602306090
1005007164026772
1005007612021026
1005007024588670
1005006850904188
1005006600735206
1005007430802123
1005007430754032
1005006870746716
1005007489589986
1005006911095098
1005007293179448
1005007077198821
1005007671677076
1005007685116452
1005007685194210
1005007686897736
1005007483214558
1005007167607994
1005007616469940
1005007487720552
1005007109450391
1005006482346177
1005007065550438
1005007306204320
1005006944790008
1005006944752327
1005006944774258
1005006774799911
1005007434312481
1005007266670790
1005007664216112
1005007676801179
1005007607786626
1005007117156000
1005007490716367
1005007345643267
1005007661963654
1005007611961011
1005007065917307
1005007602651022
1005007622586221
1005007611927620
1005007612217014
1005007525208194
1005007601617972
1005006595796075
1005006177989676
1005007433459803
1005007436466458
1005007164456129
1005002954017058
1005006406092353
1005007119110990
1005007077023047
1005007595535335
1005007125980072
1005006052114710
1005006087794670
1005007412546794
1005007486887827
1005007601956191
1005007417525752
1005007096422105
1005003943333006
1005006444366342
1005007164216464
1005007434169682
1005007616306104
1005007229024946
1005007051741105
1005005760251968
1005007685576191
1005007085674742
1005007608537232
1005007615102952
1005005915023845
1005007385476301
1005007331928439
1005002676558911
1005006910357884
1005007504784858
1005007279934067
1005007433874118
1005005963887215
1005007434433328
1005007169400091
1005007108447835
1005007265292454
1005007422198406
1005007505214471
1005007282984244
1005007622248168
1005007685274813
1005007648807303
1005007612319950
1005007539724367
1005007609291284
1005007523808831
1005007351170765
1005007622818903
1005007021773463
1005007623099440
1005007376643876
1005006299544483
1005003943234453
1005007561191805
1005007022044775
1005007574381950
1005006344474728
1005007519645624
1005007693884119
1005007787896873
1005007787885746
1005007787905341
1005007787937222
1005007766381857
1005007781986632
1005007780290126
1005007773390271
1005007690057274
1005007305381877
1005006318309616
1005007768014815
1005007768222176
1005007450488542
1005007428438452
1005007763570072
1005007761259424
1005007756472509
1005007729500085
1005007753114680
1005007753164212
1005007753026711
1005007753080553
1005007309245565
1005006885918247
1005007359667628
1005007689270245
1005007689538977
1005007689685691
1005007688097931
1005007011756842
1005007015868329
1005007065486821
1005007433357937
1005006792600611
1005007092955572
1005007787898191
1005007787898098
1005007688340397
1005007740130963
1005007688468215
1005007740288188
1005007697528725
1005007697493538
1005007342109995
1005007330933300
1005007330783541
1005007732485397
1005007412833248
1005007693493138
1005007729550167
1005007723437613
1005007720532011
1005007714166911
1005005859801864
1005007693526113
1005007688864676
1005007688899649
1005007707902073
1005007697782443
1005007697573914
1005007694873153
1005007701599679
1005007701543516
1005007341927548
1005007700109327
1005007474293855
1005007697342734
1005007688814799
1005007689261056
1005007689162090