1005006746924499
1005006090041622
32922828340
4001214186585
1005005355990500
1005003520281381
1005007529527454
1005004144626961
1005006803672575
1005007511960184
1005005884438061
1005006835876060
1005005857103895
1005006778350822
1005006722862623
1005006446108962
1005006176640086
1005007287489930
1005006930866683
1005005642756285
1005005053953374
1005006608799504
1005003951719931
1005006047230642
1005006183020466
1005006862290388
1005006829225448
1005005757803318
1005007400489186
1005006584888511
1005006294336688
1005007081216852
1005006568430180
4000265176006
1005001587423098
1005006096541793
1005006812173767
1005004642951365
1005006712141353
1005005418532773
1005006025974007
1005004780549875
4000201110573
1005007189003277
1005006306513433
1005006189256075
1005004200567550
1005005682987823
33041979502
1005007261135122
1005005828786314
1005006706355828
1005005058417559
1005007106491416
1005007074551152
1005006943529267
1005006124050208
1005006136813968
1005006737260477
1005006152322321
1005005989619430
4000874078807
4000469921196
1005005430072061
1005006590397935
1005006266432929
1005005135923852
1005005779202914
1005005518147158
1005006778372633
1005005844017087
1005006031638382
1005001900836904
10000414448228
1005006037565634
1005006062690948
1005006231554738
1005004835463946
1005006024000702
1005006724800060
1005001841044149
1005005976984027
1005006212249587
1005006064904663
1005005471451829
1005006158677026
1005006417324195
1005004909218685
1005001274511873
1005005418651094
1005006498523089
1005007223535662
32827191816
1005006025922787
1005006390734067
33026948826
1005005388691270
1005006440842694
1005006214812233
1005006094610152
1005007176450981
1005006120692528
1005007425518736
1005005363744964
1005006565776190
1005001915186725
1005006378804965
1005005938513618
1005005622373991
1005007445685143
1005001583461433
4000270767914
1005001352115800
1005005585165339
1005006765135946
1005006357521984
1005006955244859
1005002821651771
1005006520716433
1005007324595935
1005007385355030
1005005974834839
1005006647399728
1005006434013569
1005007408394368
1005006207952197
1005007370337641
1005007087135444
1005005272768642
1005007162168630
1005005222320877
1005006600817144
1005004449453654
1005006939031843
1005001810787817
1005005770818643
1005002649949089
1005007541950825
1005005708940546
1005006378999901
1005006506301828
1005006472849157
1005005196721267
1005005648323015
1005002384915142
1005006198494145
1005007038126594
1005005297383391
1005006766643413
1005006305150751
1005005555678935
1005003119245360
1005006321168731
1005006962086848
1005006788671761
1005004873129956
1005005797780322
1005006076917083
1005006808091843
1005006714398649
1005006866998215
1005004037266164
1005005880686798
1005003534209884
1005007208309267
1005006763163862
1005006718217897
1005007425465871
1005006623435386
1005007196441607
1005006296129338
1005007106550185
1005006150171609
1005006262666169
1005006149096930
32808409152
1005005557218786
1005006014590309
1005006407795884
1005005986430626
4001143298738
1005005936604750
1005002701832187
1005006398442282
1005006174684729
1005007161280923
1005005464524611
1005006866135365
1005004572175510
1005005767668113
1005003018608736
1005007254149483
1005007161668623
1005006612349180
1005006302994577
1005005170433280
1005006266688068
1005005622934212
1005007144168567
4000995510994
1005005445605347
1005007315563315
1005006938640217
1005005377873389
1005006227410072
1005007463279859
1005005172891711
1005005050163018
1005003710706750
1005006956023351
1005005931181742
1005006132254073
1005007383313845
1005005859380247
1005006322176366
1005006543395996
1005006148142753
33039532175
1005006894321791
1005002541607952
1005006861173301
1005005819437197
1005006770042472
1005006011803448
1005002388213594
1005006885455355
4001127473651
1005006216271881
1005007253801062
1005006809399712
1005007297556917
1005007217459193
1005006365278091
1005006709812342
4000590786645
1005004405943344
1005003302895692
1005005646342638
1005005772444860
1005003081927510
1005005744614708
1005006016930349
1005006224893608
1005006160879938
1005006035560815
1005006976758431
1005006578421094
1005005616927263
1005006180969675
1005004659651695
1005006411441550
1005007146417493
1005003175133643
1005005937749574
1005003319353081
1005006072832673
1005006018450401
1005006624651869
1005006881893166
1005005624950529
1005005761583772
1005005071993313
1005005276751174
4000742190927
1005005675457700
1005006032845733
1005005629813269
1005007211893383
1005006253606291
1005004458366572
1005007298546712
1005006485998089
1005005999699730
1005005716128471
1005006046120463
1005004772282531
1005003058218916
1005006472089317
1005005631053345
1005006277163409
1005007095788668
1005007163024534
1005006636217049
1005006280975690
1005005501828881
1005001825055392
1005006036880937
1005005619596844
1005007386475242
1005006980707393
1005006938184489
1005004295255626
1005005730714043
1000006331120
32822268112
1005003043922461
1005004417059158
1005007223503503
1005006919339047
1005007295438644
1005006973943863
1005004106030635
1005006394299295
1005007336116591
1005006633587609
1005006425719796
1005006340200432
1005007392499533
1005003659385038
1005005936395533
1005002303934789
1005006742814117
1005003156707010
1005006221614256
1005005960545429
1005006033814781
1005006198701299
1005006191051384
1005007176857321
1005005244265185
1005005482161373
1005004293882729
1005007184376125
1005006167627577
1005005563273472
1005006483680857
1005007059440197
1005006810696212
1005006612550011
1005004295847233
1005001381899590
1005006733436954
1005005859697928
1005006209854698
1005006635685728
1005006503682618
1005006470474937
1005005872856493
1005006059077951
1005007546596547
1005007224578397
1005007525061575
1005007644532450
1005003781305913
1005003741251090
32808230871
1005006725640805
1005001425614951
1005005772171437
1005006603660259
1005006849060015
1005005213507338
1005004377622470
1005007128010673
1005007634345644
1005007597010231
1005007461592946
32659928568
1005006302378142
32945580643
1005007476086085
1005007625108646
1005005784735646
1005007585235957
32795362411
1005007324528656
32888691245
1005007041397295
1005006870604035
1005007518702047
1005007246154540
1005006269742308
1005003950955730
4001110769030
1005007395481115
1005007570269231
1005003657155038
1005006852781162
1005006852728224
1005007580177182
1005006489010468
1005007327578154
1005006763239357
1005007580403735
1005006523236248
4000390420840
1005007555356251
4001150802890
1005004965423271
1005007511083911
1005002814006865
1005005864161621
32870338016
1005006645703015
1005007275581309
1005006069474193
1005007486420642
1005004745374240
32865149304
1005006829065365
1005006056288823
1005007538280050
1005007051114595
4001041879561
1005006842330173
1005006961683632
1005007341498719
1005003346634069
1005006185044972
1005002593530066
1005006131632143
1005004706240335
1005007287496867
1005005424698385
1005006853220039
1005006412298430
1005007526549667
1005004171999895
1005007295005593
1005007161487468
1005007487626666
1005005690611390
1005006197996380
33049161662
1005007587573128
1005007148295821
1005007476994130
32807551206
1005005191697307
1005007476903971
1005007457286933
1005005195100006
1005007543911202
1005007065312322
1005005496238602
1005007095155214
1005006735585772
1005004989089167
1005006188157279
1005005987191972
1005004634990492
32546907046
1005005699029481
1005006382360683
1005007316677229
32794605316
32974320510
1005007506345668
1005006693449783
1005007315851796
1005007414091697
1005003937868143
1005007027327921
1005005499545774
1005007423887477
1005004009610378
32453909109
1005006129219344
1005004366222190
32904806428
1005006988206816
1005004284332664
1005006801540461
1005007351281045
1005007511105178
1005007581743680
1005003967233087
1005004727717903
1005007344873952
1005001274236964
1005006147518534
1005005607376316
1005006389707901
1005006976511919
1005005864254437
1005003595749597
1005006386715309
4000809318059
1005005715497783
1005003474370690
32888934231
32828365285
32843624409
32848409923
4000560925883
32856429881
1005006956549998
1005007045986605
1005006228372314
32840139019
1005007052806328
1005006996445901
1005006062251732
1005006364037502
1005007577163101
1005007177967906
1005007582930656
1005004871606840
1005002919717999
1005006057076598