1005006807222711
1005002520573447
1005007250506371
1005007508638151
1005007507161472
4000384572223
1005006519731042
1005007105651594
1005003922189823
1005006114522412
1005007445160843
1005006529205482
1005002554146264
1005007472130838
1005006063180875
1005006597826898
1005007061414875
1005006965103766
1005006981046247
1005006203334636
1005006558951864
1005006245700734
1005005797797775
1005005966938976
1005005731827344
1005004861964752
1005003810675222
1005007035808896
1005006219319203
1005007455134363
1005006333559163
1005007295251979
1005006303626658
1005007144945931
1005005549704589
1005007508599090
1005007250321752
1005007489542726
1005007220113026
1005006895492731
1005007316920489
1005005913630752
1005005414473122
1005001538675170
1005006335509108
1005007346156459
1005007331391605
1005006435806870
1005004039406120
1005005598618506
1005006994742244
1005006885516091
1005006277797253
1005006593702483
1005006219152909
1005007268600407
1005006165516843
1005007265077078
1005007244924362
1005006827286688
1005007224006050
1005006890027085
1005006889823719
1005003933828007
1005006967255018
1005006238930073
1005003933950152
1005006306901502
1005007103727662
1005007295650415
1005006287069157
1005006139068623
1005007168826303
1005007250486381
1005007331516517
1005003933951075
1005007096548166
1005005452363770
1005007014146623
1005001587685426
1005005478854351
1005005563894555
1005001782383586
1005006399751217
1005001671015133
1005006846493193
1005006808377175
1005003497061375
1005005651432173
1005006040432968
1005006425467786
4000994250944
1005006689659171
1005006107428873
1005006692613563
1005004895532937
32259251491
1005003831910920
1005003510023735
1005006001723080
1005004587865286
1005006394652435
32858675037
1005003512077020
1005004488674106
1005006235969607
1005006238730727
1005004817641046
1005003146909106
1005006250451707
1005006139166065
1005007177046624
1005007321177768
1005007424409703
1005006122898321
1005004962460468
10000116078899
1005001556148833
32918703898
1005006125288491
1005006071684189
1005005179188571
1005005048139000
4001194586786
1005004024861527
32916650458
1005006389293335
1005003933872471
4000200385234
1005004433570887
1005004462361800
1005005327733330
1005002945807168
32825555216
32993192032
1005003190330830
1005002906120926
4001140687221
1005002083756973
1005003933636805
33043022586
4000103402818
4001102580394
1005006083586595
1005005269862619
1005005616377420
1005001722709923
1005003206476977
4000230794860
1005005116736127
1005003651412228
1005005111513195
1005005969048807
1005006332434533
1005004629895963
1005006139110389
1005005864270653
1005007168454528
1005002662464270
1005001374455512
1005003379216945
1005007446038080
1005007053824497
1005004417837245
1005005305561348
1005006181893940
1005007119640320
1005007371191122
1005007611414729
1005005970232246
1005006932102224
1005002347832531
1005006785223856
1005006881712835
1005007586179473
1005006274545315
1005006089507883
1005007290317170
1005007181081878
32860717626
1005003933745382
1005007421627130
1005006698845907
1005007360098256
1005001370860435
1005006556954898
1005007054446486
1005007571577765
1005006307423751
1005006172627538
1005007178096383
1005007054557026
1005007102254983
1005005329190362
1005007054280477
1005005834817222
1005006886859397
1005007444927583
1005001266067509
1005007217047498
1005007571291684
1005006166428955
1005007381010946
1005003227696751
1005007182121831
1005006189927647
32220303858
1005006219124985
1005007393880921
1005006186208322
1005006642682518
1005006457914993
32861064638
1005005984103388
1005006290672143
1005007382062616
1005006182245996
1005007183081527
1005006699127076
1005007445075935
1005003126260145
1005002204385656
1005005939202615
1005005666114589
32406029836
10000374506254
1005007408527786
1005005935115716
1005001370793947
1005006747481582
1005005467241942
1005002837282323
1005003064022909
1005006423570461
1005007664932923
1005006376467557
1005004505579936
1005002140083610
4000618688443
1005006403662830
1005006189955494
1005006274565369
1005006176447277
32842626062
1005007488351031
1005007054241753
1005004992494576
1005004436807583
1005006186259126
1005007183326507
1005003082099018
1005006905883492
1005006450143550
1005005117011222
1005004555397005
1005007386775741
1005006236233506
1005007054049386
1005007473736207
1005003060393759
1005006315710095
1005007454999894
1005007494047080
1005005328461320
1005005495852720
1005006890167098
1005007220506805
1005007321449430
32863195054
1005005859265012
1005007170412335
1005007150417901
1005005920870003
1005006139104471
1005006176489475
1005005835505865
1005006279853052
1005004800595001
1005005685180399
1005006481660828
1005006260858380
1005003512007638
1005004305606775
1005003112130615
1005004710091972
1005005098873749
1005006142318455
1005001670603902
1005005252293414
1005007180936420
1005006910811570
32956022662
1005007676388916
1005005746440763
32913362762
1005006294899394
1005006146242839
1005007558947502
1005006401217181
1005006013358339
1005003958076548
1005005672533852
1005005098921067
4000198059915
1005007619937020
1005007577472326
1005007621177759
1005007179239777
1005007140946483
1005005412995438
1005007088980746
32649338927
1005007238800221
1005006419087183
1005005969313619
1005007264946667
32536078741
1005006340273559
1005006868669510
1005005857522783
1005005648249732
1005006239607077
1005004937278841
1005007488002807
1005007571582590
1005007681493786
1005007259799782
1005005861797047
32860713862
1005006176473145
1005006176351840
1005006895837128
1005007427920008
1005006335251293
1005006910947056
1005006810847577
1005006401207094
1005006146189658
1005003126214452
1005005098862856
1005006396903669
1005006138724154
1005001652463044
1005006799765021
1005006182410110
1005006942767061
1005007253033654
1005006851329307
1005007611766833
1005007643844309
1005002632143742
1005001547915879
4000629866804
1005004572133954
1005007674408634
1005007477652718
1005007462133616
1005007179597300
1005006396881726
1005005918854986
1005004301433795
1005006167280789
1005007230376903
1005006439721446
1005007230813147
1005005102926976
1005005389891886
1005007000048005
1005004433471780
1005002296062200
1005006250517085
1005007446116001
1005006948128336
1005004727991336
1005004433400342
1005006204558697
1005004933833941
1005007194254429
1005006422091347
1005006204612473
1005006796123654
1005006079783139
1005006910827564
1005004602941538
1005007431070327
1005007267076566
1005007251161392
32862098625
1005006239577280
1005006333459791
1005007013646920
1005006899130869
1005006171316606
1005006790646254
1005006315604664
1005006585800306
1005006905843584
1005007158467450
1005007012917594
32966014142
1005007089024752
1005006493829859
1005004458139131
1005006050551017
1005007256528530
1005003139709967
1005002798070372
1005007431979807
1005007302975176
1005005111412280
1005007317832387
661876390
1005005094604172
1005007503533235
1005006900765141
1005006801283325
1005006439534602
1005003026850627
1005007322066535
1005006182038130
1005005744027752
4000247066355
1005003511517285
32950587057
1005002526876161
1005006050469764
1005007004384042
1005007158545292
1005005782737034
1005001362514918
1005007328798624
1005006182816819
1005006402461813
1005006395408311
1005006186173250
1005007155465170
1005005107138551
1005006043092675
1005004458873887
1005007287451599
1005005416338640
1005006849785853
32860709839
1005005860390671
1005006110437088
1005006110427082
1005007037078499
1005006432915504
1005007287755431
1005005807442574
1005006892670732
1005006978106203
1005007254504492
1005007193923942
1005007304639942
1005007013076421
1005005730775079
1005006895226369
1005005971716404
1005006015778045
1005003511900700
1005007665617156
1005006414575637
1005006396847836
1005005404467943
767252470
1005007287522335
1005002672209655
32846819817
1005006141978356
1005006809842653
1005006165448903
1005006065922406
1005007558467310
1005002303886462
1005006656244539
1005005094337437
1005005417961534
1005002022262313
1005007176023292
1005007256627512
704439513
1005004984684687
1005003400379840
1005004587193381
1005001622283475
1005003251946900
1005007583727936
1005005414136855
1005006275192081
1005007193454971
1005005278607843
1005004399700989
1005007126677771
1005005909178800
1005006845948551
1005005409685430
1005001502106499
1005005580536418
1005007477526154