1005007121440417
1005006978082459
1005007004140351
1005007188996018
1005007056018712
1005007019107694
1005006857453611
1005006117468755
1005006689989663
1005005978435566
1005005316964999
1005007515791954
1005007279033899
1005002915297677
1005007486237972
1005006405646299
1005007128108462
1005007120675532
1005006691628356
1005006421163332
1005006794559311
1005006994532798
1005006673337033
1005006981339449
1005006032691795
1005007018480670
1005005654287576
1005006696416538
1005007213740919
1005007168487076
1005006082272159
1005007385509168
1005007227460054
1005007224096390
1005007374951937
1005007617265560
1005007086118820
1005007298361757
1005007095622754
1005006896525647
1005007173724487
1005004220402866
1005006468772593
1005006734580618
1005007292663975
1005007420253951
1005007242785756
1005007161946829
1005006855479043
1005007116400698
1005007301449624
1005005759662039
1005002947901725
1005006906944232
1005007307511126
1005006545466613
1005006813066766
1005007016966787
1005005064108893
1005007387078453
1005007481249431
1005007495771692
1005007109138961
1005003969575020
1005007032662071
1005007274539051
1005007315572639
1005006804348302
1005005951850968
1005006911097198
1005006775835142
1005006787619125
1005006734782112
1005006995746653
1005006892231033
1005007234888416
1005006706754470
1005007513023402
1005007167611372
1005007159376762
1005007071304285
1005007029510356
1005007355346515
1005006746108966
1005007198162964
4001259450756
1005005948361090
1005006944775403
1005006713288819
33063458309
1005006735012442
1005007487659878
1005007297477713
1005006341041691
1005007189382664
1005007461026217
1005006914321105
1005006812729699
1005005479836581
1005006885398252
1005007305699822
1005007322907732
1005007533468273
1005006828561579
1005007156252104
1005004641169641
1005007506870323
1005006999094173
1005006827993741
1005006871647493
1005006779572847
1005005593686477
1005007314978043
1005007315729092
1005006616852971
1005006841716076
1005007345283769
1005006895618573
1005006981474066
1005007129354172
1005006113303106
1005005764841959
1005003465921002
1005006939707477
1005007275764635
1005005492487669
1005001264854460
1005007252809447
1005007382836083
1005005316974972
1005001430868891
1005007462382315
1005007145498012
1005004368546027
1005004547650256
1005006038402526
1005007167430771
1005006965282159
1005007495660216
1005006229801489
1005006889371906
1005007540357134
1005007479476743
1005005352378459
1005007338974247
1005007017846747
1005007111606956
1005007212064632
1005007132992319
1005007320264505
1005004559444590
1005002379322005
1005006771955970
1005004591056806
1005006599260458
1005005595712308
1005007210329848
1005007418713825
1005007052949470
1005007367998555
1005003212470324
1005005487281456
1005006979691260
1005002518686020
1005007355411213
1005007540324270
1005007387777077
1005007023043041
1005007477093001
1005005048098910
1005002947955368
1005006742230478
1005007321747324
1005006789058858
1005007203830941
1005007194686467
1005007479508450
1005006618400183
1005006033157029
1005006984567694
1005007320225148
1005006514933980
1005007171384559
1005007293995552
1005007027340575
1005007412845267
1005007199537223
1005002854733085
1005007195065057
1005007275468948
1005006866689558
1005005414362251
1005006073317758
1005007088609536
1005007149951941
1005007417442000
1005005992526465
1005006958852257
1005003586896131
1005007236285821
1005006484770471
1005006358333403
1005005697908193
1005007602121444
1005007162538392
1005007106082372
1005007186978665
1005007393052400
1005004610300172
1005005564071172
1005006855342591
1005004613359842
1005006753661284
1005007202368052
1005007137158953
1005007456339001
1005006935080215
1005007487484644
1005007178154598
1005007208182766
1005007562070920
1005007599442595
1005007047894032
1005005069525232
1005006832744641
1005003932414182
1005007244650008
1005004895331714
1005007600936977
1005007335774056
1005005291118402
1005007160426590
1005003464223187
1005007187030019
1005007168835848
1005006987126374
1005007350235219
1005005337030265
1005007404945495
1005006778838702
1005007338464594
1005007622977322
1005007071541818
1005007413346937
1005005461780126
1005007457182022
1005006692300479
1005006733005890
1005007103517668
1005006385138908
1005006962386255
1005007179860973
1005007125953735
1005007363750278
1005003734685725
1005006909674085
1005007066824736
1005006774748183
1005007119726163
1005007293150400
1005007425269426
1005007151321849
1005007019120632
1005004887395678
1005006618974041
1005005927798375
1005006065848747
1005006929362400
1005006946431809
1005007228669010
1005007297570808
1005005222485447
1005006769888781
1005007405596366
1005006873837128
1005005434346404
1005006909646693
1005006944777192
1005007054549260
1005007438773458
1005005546148428
1005007107229556
1005006619873383
1005007292982573
1005001995413831
1005007639492441
1005006956919737
1005006741405083
1005007600858781
1005005830681134
1005007376954309
1005006041939107
1005006216038491
1005007032456812
1005007440176558
1005007308225813
1005005978017855
1005007041935219
1005007265990074
1005007276028857
1005007483427535
1005007130044271
1005007539591836
1005007491935623
1005004559114756
1005004700671694
1005004156608971
1005006538177170
1005006935446252
1005004707806975
1005007094526390
1005006814350779
1005006625070707
1005004888560958
1005004627874510
1005007161830304
1005007408869250
1005007486520127
1005007135992452
1005007004138701
1005007443920969
1005007458455509
1005006679261378
1005007289126434
1005007485511395
1005007330448856
1005006629117590
1005007224321385
1005006998991562
1005006183336741
1005006914041770
1005004755784054
1005007308672973
1005007414326914
1005006958447135
1005007520822573
1005007375982066
1005006881701997
1005007357136340
1005006423080535
1005005993910170
1005002287142572
1005005960307706
1005006919509980
1005007004131352
1005006363011058
1005004768548760
1005006621753953
1005007277917497
1005002438307141
1005006679320154
1005007334657190
1005006990066050
1005002509462103
1005007477509201
1005006883598836
1005006856643578
1005007493895621
1005007225440613
1005007220919032
1005003445690863
1005006996146216
1005005691485527
1005006044832003
1005006176322508
1005004339329076
1005007542642898
1005006990916592
1005006981223895
1005006845215486
1005007272554795
1005007152869354
1005007224902711
1005007402711768
1005005982556571
1005007298993408
1005007335522643
1005006940602527
1005006788795634
1005007553128949
1005005914310841
1005007183599521
1005007618200970
1005006963455113
1005006097814861
1005006688888932
1005007446339128
1005006505118574
1005006588148644
1005007413753881
1005007408208978
1005007316874747
1005007046221041
1005007457351590
1005007504489574
1005007295056152
1005006944822202
1005005835708971
1005007514878617
1005007187224555
1005005966070312
1005002992929106
1005006362972942
1005006832456535
1005005748712411
1005006807230407
1005006741567031
1005007504230341
1005007404776163
1005006601215295
1005004906322569
1005007425389532
1005007516848818
1005006348994399
1005007017954981
1005006677174753
1005007152704391
1005007174756360
1005006904243808
1005006074356419
1005006441586995
1005007017165535
1005004608743002
1005006866158073
1005007310218040
1005005706778602
1005007152977016
1005006741073212
1005006725341546
1005007436193521
1005004590768236
1005006871184451
1005005773775347
1005004909948632
1005006866117557
1005006628502387
1005007371321246
1005006325398969
1005005517428255
1005005898358595
1005004993900591
1005006808184719
1005007198412196
1005006069919722
1005007288160510
1005007087740813
1005005947885074
1005007202383693
1005006718617386
1005007172472679
1005003093118458
1005006481430481
1005006692051141
1005005705693311
1005007014773406
1005006719829869
1005007439774530
1005006177774133
1005007189106000
1005006164883965
1005007183078086
1005007476140173
1005003498164284
1005007424035265
1005007321408945
1005006973679152
1005006319147263
1005005892247725
1005007215646648
1005006230335506
1005007206101485
1005007419184532
1005005659001321
1005006786713764
1005007505731890
1005006381091790
1005005981438839
1005006939758522
1005007161849423
1005007017240296
1005007068345051
1005006898218502
1005007378194630
1005006435619597
1005006151119315
1005002350391599
1005006449582675
1005006820958468
1005007101901994
1005005955463125
1005006292737615
1005006845281029
1005007027273768
1005006114421080
1005006848260913
1005005661585136
1005006229447700
1005006095757131
1005007485447669
1005005675725177