1005007482142473
1005007295176928
1005006657148239
1005007540019266
1005006421110216
1005005246645360
1005006859226219
1005006626755699
1005006721890915
1005007533879734
1005007240246743
1005007615763395
1005007601419091
1005007568649165
1005006859049176
1005005392442758
1005006507787121
1005007633399816
1005007290530151
1005006682274772
1005007600853870
1005005013053298
1005007336547323
1005006858477969
1005006858971088
1005007275066918
1005007275454897
1005005494913436
1005007283874051
1005007663166923
1005004715126074
1005007210614640
1005007187782948
1005007240175873
1005006669409155
1005007465416278
1005005279874920
1005007076401027
1005002006736145
1005006649138545
1005007633531590
1005005179124752
1005007290075047
1005007587853867
1005006738550032
1005006795410167
1005007366009683
1005007587308789
1005006389811645
1005007101534666
1005007337029214
1005007616232772
1005006746461265
1005007455839733
1005007616167465
1005007312399486
1005006739096396
1005007239696284
1005007528181547
1005007616202341
1005006708495051
1005007339663068
1005007616315461
1005006223465600
1005006733857698
1005007110233729
1005005132628891
1005007295718982
1005003812414910
1005007662549554
1005007252232568
1005002996141001
1005007384517967
1005007107963568
1005006164506035
1005006779048421
1005005154458179
1005004795616964
1005006161230051
1005006889435030
1005005988897587
1005006768344638
1005007433426570
1005007519064535
1005007347075110
1005007517231977
1005006900150493
1005006525813406
1005005953310526
1005007361012182
1005006956331315
1005007566724706
1005005935153400
1005007274361456
1005006775707511
1005007429105867
1005006761703843
1005007561304931
1005006407420320
1005007557765576
33054809376
1005005656469354
1005006534949295
1005007179947874
1005003446740655
1005005094549606
1005007643418312
1005006495113001
1005006892236476
1005006646880351
1005005180798156
1005002519993849
1005005970280818
1005007382712972
1005007450019045
1005006143311253
1005005972181326
1005006925275166
1005006918236415
1005005505651177
1005006262029136
1005007095969587
1005005536063500
1005006915384147
1005007350053888
1005006931718092
1005006990718449
1005007425812086
1005006908226187
1005007244370511
1005007515220165
1005005940105111
1005003741996618
1005007209269373
1005006448204548
1005007537781609
1005007097301657
1005005823540428
1005006697408870
1005007227355831
1005005680665384
1005002565966231
1005005023546378
1005006465831754
1005007597933293
1005007391753199
1005006064549888
1005004837330400
1005006858924516
1005006165894317
1005007361171138
1005007349925505
1005006896532668
1005007119728379
1005005801284175
1005007561350015
1005006947351465
1005006435138457
1005005956297800
1005007521561594
1005005881593120
1005007286585134
1005002913277987
1005006809033554
1005007062188738
1005007342218940
1005006404722616
1005007338457408
1005004702926767
1005006446676532
4001227584732
1005007538351111
1005006227814947
1005006678589304
1005003827621908
1005004725169123
1005007226759941
1005007017357682
1005006957359424
1005007538404463
1005005627206519
1005007218011158
1005006934902187
1005006672878129
1005007219176470
1005005680488392
1005006086699590
1005007010083327
1005004139054995
1005007335347102
1005007382403212
1005005714565790
1005006013487726
1005005910855572
1005006413661482
1005007596197850
1005005151284223
1005006672753974
1005005024355017
1005007558650578
1005007514895929
1005004262059633
1005003723057396
1005001659781347
1005007528021702
1005005938032434
1005006930564123
1005007568972102
1005006806021253
1005006200379979
1005005458004894
1005006281914304
1005002530427957
4000012798958
4001066054125
1005005393572033
1005007519240761
1005006144157877
1005004395071907
4000225258270
1005004022322443
1005005434213032
1005006450408610
1005006062019596
1005004719780847
1005007453200826
1005007007084501
1005007010431521
1005006762799938
1005006335273911
1005001578820424
1005006154703964
1005004729008635
32945873461
1005005247132011
1005006313995807
1005006837779036
1005004083583543
1005007619147688
1005006559759236
1005003670908760
1005004128306000
1005006876124996
1005004318658024
1005006100812123
1005004813351795
1005005587417463
1005005955930732
1005003726322892
1005005955558363
1005006751944739
1005007040352604
1005004796765640
1005007646218800
1005006398976304
1005003711628767
1005005341735606
1005004305639308
1005006796514201
1005005909267596
1005007506725746
1005006942923087
1005005248968367
1005002852039028
4001108499754
1005007493052281
1005001901904750
1005005538570015
1005007569344473
1005007471802996
1005003633079349
1005005121901931
1005006422843809
1005006398529991
1005005482658168
1005006034541632
1005004842418559
1005006278471742
32954236478
1005006812608509
1005007329205310
1005003984463097
4000641645662
1005007521163184
1005005762632731
1005005631077853
1005006801771363
1005006909214047
1005005409617535
1005006559574290
1005007016946514
1005006216690096
1005001993305816
1005007148668629
1005007224405766
1005006006009239
1005005505195919
1005007414632865
1005005906001488
1005006734066001
1005005546026993
1005005850602021
1005005930664323
1005005976077300
1005007637226402
1005005504469474
1005006687481249
1005006888014057
1005007193559445
1005005128922060
1005007336216457
1005006456929335
1005006141941649
1005005551802159
1005006786648439
1005006278544492
1005005189653607
1005005565675058
1005004104066634
1005003016803362
1005006883964402
1005007131413197
1005002597024266
1005007612912822
1005004522188266
1005006904758213
1005005192784030
1005006345760902
1005007104353892
1005006995633178
1005006731080902
1005005754008003
1005007433360956
1005005476518774
1005006861731507
1005004996001873
1005007644851361
4000751926740
1005007134385588
1005007496783146
1005006305682617
1005007380897311
1005007570130422
1005006777163521
1005004725146477
1005003946788259
1005006996392719
1005006620683071
1005003813418777
1005006862871076
1005003420066281
1005003834885298
1005005889551170
1005006200354816
4000169310723
1005006314103157
1005005012973198
1005007132025279
1005006584649906
1005007465395470
1005004974121377
1005005796235712
1005006415872899
1005004517067185
1005007051239448
1005007563082737
1005006629837970
1005004457958487
1005006667023637
1005003197392505
1005007154258735
32818891308
1005003176157476
1005007097192580
1005007009477008
1005004213320991
1005007214984769
1005005035265497
1005007679016458
1005007676281484
1005006944093508
1005007778704110
1005007734296276
1005007715926077
1005007702645795
1005007776896760
1005004962047470
1005005621765685
1005007134216804
1005006997154520
1005007744278589
1005007744241960
1005007751571661
1005007723027353
1005007738943892
1005007571373719
1005004013769800
1005007007830671
1005007009976909
1005006438727028
1005007326411425
4000545579402
1005001627172676
1005003352278012
1005006943756680
1005006943913117
1005006943725911
4000325023199
4000187252450
32815105434
32980071376
1005001627256465
32983213045
32976461760
32817665217
4001176919530
1005004840572705
1005007161423330
1005007208626476
32950676495
1005005476940650
1005006906537510
1005006794993569
1005005964756746
1005006018523866
1005006348983005
1005005219742470
1005006101315497
4000955595390
1005004226714447
1005006180386454
1005003307223430
1005002180794371
1005006782306804
1005006457052713
1005004974006451
1005003349958384
1005005215578300
1005006844230177
1005006679625989
1005006157115279
1005006814010780
1005001972994333
4000235258379
1005005942073924
1005006432966300
1005004452546754
32818652937
1005006298336880
1005005434685503
1005001316107160
4001270722623
1005006046892434
1005005122332221
1005005522925563
1005006109648556
1005005629846051
1005006587393590
1005001618010728
1005004804739778
1005005632563104
1005006948680312
1005005638603867
1005005570269694
1005005366967456
4000829435030
1005005170167506
1005002582407543
1005003716634643
1005006718418507
1005005882669150
1005006003082656
1005006008575552
1005005561161436
4000812990304
1005004933668237
1005004004118899
4000354056381
1005006316570841
1005005319628269
4000269655277
1005004878606426
1005005681670667
1005002292958648
1005002730051552
1005004851025403
1005005867578874
1005005667820172
1005003334336033
4000025607423
1005005976695513
1005004072306928
1005003275416881
1005005565588386
1005006061042404
1005007455918204
1005006235161994
1005005318421575
1005003587728813
1005006148612405