1005005653336994
1005007052527588
1005005621092205
1005006151868120
1005007429939514
1005007021850237
1005007419197045
1005007009451934
1005007421416286
1005006709557902
4000604142921
1005007642689300
1005007176159140
1005006312780810
1005007472189306
1005007355654930
1005006450773495
1005003968472050
1005007433130739
1005007176626040
1005006839250750
1005006166983161
1005007515965996
1005005139097148
1005005576994320
1005007036476994
1005006548298772
1005007557403758
1005005805546641
1005007440348719
1005001368273802
1005006175029481
1005007258254967
1005005902816873
1005006377702505
1005006438516475
1005006137606509
1005006924985651
1005007480049518
1005006934644374
1005007352003431
1005003462613025
1005006975463347
1005007234682791
1005007059562379
1005005251523727
1005007262766362
1005006114868600
1005006224928932
1005006395503253
1005007153691692
1005007162774130
1005007264896290
1005007094164477
1005007135590990
32731720060
1005006233373983
1005007444638358
1005006370895475
1005006448477946
1005007155617352
1005007348688992
1005005903371254
1005006825291497
1005007268238270
1005007089177264
1005006059742135
1005006019380725
1005003091904817
1005007060755701
1005006014436176
1005007395223292
1005006186392926
1005007348413503
1005005708352484
1005006365486707
1005006778166417
1005007462505772
1005007251994492
1005006847997792
1005007442514946
1005004772488261
1005006257811311
1005007342641460
1005007251798382
1005006883197895
1005007413414552
1005006957504890
1005007010267267
1005007151932294
1005006609823809
1005006923330650
32933786257
4000177171412
1005007579940831
1005007242617954
1005007322028065
1005005776418079
32846936089
1005002960379301
1005007378819761
1005007045409493
1005006964986283
1005007359796019
1005006903602340
1005007370858171
1005007073955363
1005004587879331
1005007253580535
1005003887816954
1005007487465682
1005005458127695
1005006865064129
1005006424968530
1005005863090293
1005005941486684
1005006908407545
1005005962833006
1005007300798407
1005006945993312
1005006803787422
1005007516450086
1005007588222910
1005006578520840
1005006270831387
1005006922407392
1005006186723147
1005007089458998
1005006121608953
1005005912784136
1005005820532298
1005005745251194
1005007463895792
33009944402
1005007445043830
1005005162660918
1005006726769692
1005007246522362
1005006107392291
1005007111444514
1005007138027042
1005007107945492
1005006391074744
1005007424926700
1005007335454779
1005007032129608
1005007479957506
1005006357061285
1005006363069151
1005006918997242
1005005817663696
1005006788511583
1005007499121922
1005006489158453
1005006826756813
1005005520352534
1005007260406314
1005007162441044
1005006750790979
1005007303052550
1005006569387157
1005006315280174
1005004639128420
1005007279827316
1005005625946350
1005007418092663
1005006407045955
1005005496972278
1005006034382696
1005006547080816
1005007010714817
1005006353054674
1005006744631857
1005005554352384
1005007426108338
1005006678319236
1005007137706198
1005007450301418
1005006376232188
1005006925113183
1005006549962933
1005007524046187
1005006902138625
1005006126645124
1005005505131127
1005006391108288
1005006923735150
1005007439182577
1005004229730644
1005007246527667
1005005187927179
1005007557706109
1005005656501235
1005007591440115
1005007481710392
1005006092682141
1005006402482534
1005002635182398
1005007064867036
1005006262567963
1005007039176437
1005006590492827
1005005233818955
1005007475364072
1005006922573014
1005005193618587
1005006761000448
1005006749280091
1005007449981659
1005004178973397
1005005745978515
1005006384772096
1005007318718700
1005007532331188
1005003404738933
1005007066346070
1005006889866096
1005002897575341
1005007501742362
32900895856
1005007131731937
1005007184968772
1005007499920829
1005004917601966
1005006884877104
1005006208298572
1005005335363482
1005007587718125
1005006294145379
1005006670873376
1005007234377274
1005007121106824
1005006582835364
1005002651202155
1005007302520592
1005006635015193
1005005703929525
1005005137041149
1005003168016720
1005002666153260
1005003059870632
1005007595640930
1005006852199498
1005007196633175
1005007145259910
1005007162985258
1005007473780314
1005006811492599
1005006589403675
1005007017235577
1005007234465361
1005006156577171
1005006838186165
1005006893854714
1005006064008799
1005007641028162
1005006316994573
1005006918601206
1005007004412872
1005006744019101
1005006094370525
1005007099369894
1005007329084886
1005004796696703
1005007413698961
1005007610709005
1005006870406919
1005005232463156
1005006084523393
1005005173201512
1005005901815130
1005007286905946
1005007380276322
1005005191186043
1005007347605623
1005007011801165
1005006900622159
1005007039802493
1005006249838992
1005007427403063
1005007020677431
1005006138722944
1005006402662420
1005006698629510
1005006185802857
1005007162675300
1005007450674348
1005006394305255
1005005962658283
1005006773109394
1005004658838275
1005005700105949
1005005459237327
4001241442528
1005005572689810
1005006394282190
1005004967681057
1005006472603630
1005007661055438
1005006616707258
1005004302755408
1005006150957547
1005004070826436
1005005092697366
1005002547473820
1005002593675638
1005003976442720
1005003966021947
1005002583982095
1005005509981922
1005003979628487
1005006391661208
1005007604493919
1005005568469969
1005002681004001
1005006715653808
1005006856202106
1005002079445649
1005003783759265
1005004931391252
1005006394197236
1005004114772612
1005004039030150
1005006391877789
1005004738174489
1005003016110414
1005003535099488
1005003553343836
1005006939726249
1005003534950900
1005003538786381
1005003538427326
1005002571927123
1005005075440469
1005005607228448
1005004964217230
1005001544051872
1005006700213873
1005001823380163
1005004587188512
1005004047795185
1005006784672970
1005005585075924
1005006859258554
1005007480599015
1005007309723114
1005002708765200
1005006140913159
1005005091411761
1005007581173902
1005005568628202
1005005446408585
1005006738157058
1005004160967832
1005006556927315
1005004985365771
1005004719870020
1005004935298263
1005006391391117
1005006190925864
1005006472453799
1005006190991770
1005002602079978
1005003657505722
1005006453849500
1005007219050002
1005004651701655
1005006784877768
1005007235671859
1005005585202446
1005005207032775
1005001706833618
1005005576599908
1005005948006794
1005007438480307
4001131730482
1005004633707218
1005006815024427
1005006427785343
1005005572871344
1005005607104122
1005005350520458
1005003043602900
4001135909442
1005007583182173
1005002356331225
1005005440682173
1005006390705349
1005004853529465
1005004633788965
1005006391323376
1005004719324532
1005005518417044
1005004967581705
1005005030101756
1005005017385378
1005005883815420
1005006468438370
1005003180654423
1005005030194560
1005003721671923
1005005518212830
1005003161880419
1005002899785171
1005007405196306
1005007583317290
1005007055019495
1005007026611018
1005007196272066
1005007054850866
1005006514531290
1005007196125299
1005005386919321
1005007076300213
1005007471539308
1005007609187451
1005007671706859
1005006898223273
1005007697876006
1005007381173359
1005007269335308
1005007031082198
1005007609099131
1005007183582301
1005007483603710
1005006483084741
1005006512121949
1005006056092806
4001010729393
1005007188237106
1005005993956380
1005006644936389
1005007591859886
1005007629171207
1005007658918071
1005007520132400
1005007340578822
1005007659371109
1005006124791754
1005007606199176
1005007658701598
1005007658663386
1005007385361223
1005007127289026
1005007134110652
1005006836687793
1005006246208420
1005006831999460
1005007615365323
1005006964114555
1005007410345048
1005004295251365
1005006494420043
1005006293944237
1005007181818850
1005007086211294
1005005506264639
1005007349390066
1005007485944139
1005005878626382
1005007000804804
1005007475179323
1005007038950058
1005007658594667
1005007658557974
1005007476169868
1005007126865700
1005007516180180
1005007591628184
1005007536769249
1005007573246193
1005007582299265
1005007409780137
1005006887900792
1005006820958607
1005007345444391
1005007187863766
1005007328613989
1005007327215342
1005007144210049
1005007584497629
1005007334208931
1005003657614130
1005007391763809
1005007597460130
1005007618297980
1005007618770040
1005006940099361
1005007135751212
1005005256112832
32996632528
1005007445392038
1005007488989410
1005007334762773
1005006199708135
1005005929175745
1005005923718166
1005004993489267
1005007658802166
1005007560860882