1005006043250846
1005006995090966
32954783870
1005001907230397
1005007342289366
1005003505384683
1005007167523443
1005006854421380
1005003091030735
1005003505519498
1005002260510935
1005005315755998
32978959989
1005004011454961
4001089860670
1005006925281618
1005006043746601
1005002007562707
1005005547686597
1005002504009370
1005006917375613
1005003590372868
1005006859340908
32953386179
1005003091368140
1005001494400387
32950844810
1005001704661052
1005001763260203
1005002094655923
32977706086
32979047680
1005005316060601
1005002502898271
1005007046721060
1005001339489323
1005006904277733
1005002905085544
1005005945154466
1005006233635853
1005004368966192
4000801210039
1005006719125995
4001159215511
1005001670433061
32673731161
1005007017515279
1005002007782915
1005004504665695
1005004868890690
1005002110843244
1005001446242898
1005003813578352
1005006878827456
1005001670196836
4001050794471
1005007444436707
32993272552
33014920107
32450399411
1005003600267092
32741979698
1005005844938891
32956938137
1005002553370697
1005006224283046
4000561236548
32836411970
1005006648236953
1005007017364896
1005004329629040
1005003410862606
1005002095056110
1005001966979854
1005001504831835
1005007082923001
1005007039262225
4001095167940
32951229594
1005005413860229
1005006865595843
1005007439258513
4001340088320
4001054329540
1005006925283482
32949778641
1005001763062635
1005005743675745
1005002094894164
1005001290655610
1005002755073037
1005002362715739
33022872363
1005007053359932
1005006865935343
1005002246174045
1005002094772889
1005002663433885
4001111324106
1005007444285877
1005004461970977
1005005196421039
4000251951205
32900216191
1005006640627092
1005005402997169
1005001905814988
1005003954881687
1005005096942966
1005007017661502
1005001519386672
1005002100392128
4000585527749
1005002060373495
1005002695336502
1005005237202356
4000594219129
4001334438612
1005007089887343
1005002282560071
1005006500282978
1005002124458293
1005001670780650
32977642099
1005001854901087
1005003025324898
1005002260566203
1005001290598270
1005006866160022
1005001926646749
4000221642443
32393979657
1005001523905773
4000739289086
1005002261250230
1005007017077757
32953406055
4000944787767
1005005743559190
1005005845086200
4001064841386
1005006648625247
1005006995356551
1005004110703203
1005007046789302
4001094677302
4001248063516
1005003814269372
1005006865616885
1005007039125078
1005003198509368
1005007038545113
1005006865321683
4000613337071
1005005547644601
1005007017565507
32954250605
1005006043346167
1005001315272383
1005003569373014
1005006994916900
1005002524286109
1005004963430548
1005002069418938
4001042300974
1005001290670282
1005003817743794
1005001339318499
1005002124468048
1005007082826052
1005002997766034
1005002804627787
1005007506377496
1005003817948476
1005006109098796
1005007039198827
1005005743603783
1005002282797699
1005001763146672
4001127898761
1005002260517098
4001138687188
1005004443646979
4000038822954
1005005913659325
4000051499584
1005002008194328
1005003356650914
1005005935192675
4000018097457
4001239945314
32978222997
32953378240
1005002094760534
1005002400580613
4000310161524
1005003944213139
1005006917554048
1005004105165615
1005002096100849
1005007017696375
1005002094859136
32902915843
1005001907132778
32954101245
1005003600932077
1005001339356050
1005006648295633
1005001825762298
1005001458317449
1005002069107107
1005005413927431
1005006917402585
1005002918800920
1005002703499012
1005002094845826
1005006043292620
1005004159901663
1005004366067016
1005007046414595
4001175617363
1005002288710736
1005002864595543
1005006109122800
1005001658719364
32955015398
4001219580638
4001175477606
1005003480222584
1005007031262252
4000983051383
4000273322369
1005006372380188
1005003307487077
1005006187156788
1005003817947274
32954787773
4001180204238
1005007052478196
1005003944296592
32996656276
1005003025247488
32973292742
1005006109391239
1005003479882214
1005001315671646
1005003954920805
1005002510147120
1005004443712143
1005003025210338
1005006359055443
1005002688076628
1005004963222958
1005007038908934
1005006309974589
1005006718913933
4000409854820
1005002008160392
1005004963509188
32952866885
4000776692361
1005003480392406
1005005316094147
1005006031486831
4000147433647
1005003250550642
1005002395460360
1005006866622699
1000001130326
1005006924910338
32834641761
4000800622811
1005006719432305
1005006031556657
1005002069100068
1005005386933491
1005003222981327
1005002864770299
1005003251112411
32923064041
1005007046870243
1005007750312166
1005007785900077
1005007784921334
1005007766859703
1005007766746591
1005007767226430
1005007767548201
1005007767182792
1005007767204654
1005007767157090
1005007766804704
1005007766848563
1005007766671934
1005007764318462
1005007759488051
1005007750201818
1005007750078795
1005007750084752
1005007750294232
1005007731951387
1005007731629798
1005002477215217
1005006727809043
1005006117105030
1005006590096142
1005006729719469
1005007372633350
1005006757233897
4000822340335
1005006612591877
32999164210
1005005675667191
1005003348209010
1005004158798584
1005007225854107
1005006918442692
1005007278551163
1005004813369326
1005005777694437
1005002047657907
1005006313182318
33052998616
1005007278152938
1005005944346041
1005006636296219
1005002399851270
1005006061147166
1005006133505848
1005005556930783
1005006141070950
1005004959959472
1005005502828940
1005006168598745
1005002394563301
1005007139340998
1005006182856742
1005006332119345
1005006168011381
1005006713792904
1005005397646753
1005005200712814
1005006148416498
1005006152274501
1005006810012083
1005004096027173
1005002970849055
1005006699054079
1005006192561013
4001227639043
1005007495285332
1005004506521644
1005003588110805
1005006984712989
1005003348050762
4000774271259
1005002408391594
1005005675642250
1005002499361915
1005005673464788
1005004968058021
1005006144695692
1005005488546844
1005004432653940
1005005988890826
1005004528630158
1005006192445408
32983037232
1005005497738564
1005005691916127
1005003891100925
4000253030756
1005006552967572
1005002297880326
4000022481424
1005004388960798
33049456328
1005007161621460
1005006626329414
32832646891
1005006739063304
1005003304248081
1005003266370725
1005006026603702
1005007286869547
1005006003768860
1005006122054636
1005005434109730
1005006346571439
1005006621138349
1005002542855250
1005005610857610
1005005921246773
33025607728
1005006968850397
1005002499397539
1005002400040068
1005002408639248
1005004058236418
1005005678103471
1005002331181434
1005005715079726
1005005915827615
1005003363944274
1005005915833566
1005003623318496
1005005698363806
1005005673564267
1005004928892803
1005004472153625
1005007340589233
1005003348114732
1005006574620717
1005004116443468
1005002400777387
1005006103573862
1005002659282099
1005004388981366
1005004813278878
1005004571910007
1005003663338815
1005006375849466
1005006809907296
1005006576767193
1005003677743151
1005006142751761
1005007262428906
1005004604909968
32907413485
1005002702773291
1005006090943838
1005005501388542
1005004110527834
1005004116646157
1005002260136846
1005002425531768
1005002543039062
1005004528478565
1005006968935164
1005005675549523
1005006056843706
1005005715267007
1005005963545987
1005003454006195
1005004128536087
1005005915843458
4000397997443
1005006516993419
1005004534719453
1005006445909271
1005004757060763
1005004056317722
1005005248329912
1005005565910855
1005006704533243
1005005380342459
1005001615988598
1005004989581403
1005006730229148
1005004656210245
1005006461788541
1005003348212998
1005005947412360
1005004175965190
1005005915579978
1005005765048008
1005001570826179
1005005678252245
1005006771727051
1005003890575771
1005004170813596
1005006190110895
1005006335504477
4000859346513
32469086670
1005001627492009
1005006210552926
1005006183164049
1005007481902218
1005006957566318
1005005440501359
1005005433740657
1005005917141610
1005006449769091
1005005765014231
1005004909972931
1005006520271389
1005002489884406
1005005206305750
1005006804113874
1005006735667791
1005004012725760
1005004384167215
1005005011858899
1005005284497956
32886288292
1005005232537739
1005006804254406
1005005910671210
1005005482803715