1005006053724482
1005007322167899
1005005021508561
1005006766806847
1005005373355940
1005005364455148
1005006623787165
1005007445634860
1005006943003376
1005005863368165
1005006858141208
1005004535930749
1005005694634899
1005006518748174
1005002768605934
1005006836199833
1005005815916090
1005003511254435
1005007220732711
1005007038455296
1005006021557735
1005006816499256
1005002396328129
1005005458626526
1005007088749151
32430409947
1005005458613257
1581690413
1005007629019628
1005007031939701
1005007470054372
1005006460291526
1005007481504649
1005007653861922
1005007138672964
1005007445303775
1005006508217455
1005006514997479
1005007476915330
1005006635524065
1005006574071478
1005002080093285
1005006356053273
1005007129221714
1005003848653832
1005006115320955
1005006364425234
1005006090060721
1005004054588381
1005004587068176
1005001609081450
1005007084276487
1005006061019018
1005003969684086
1005007013519867
1005006987211552
1005006052224619
1005005983719772
1005007201617470
1005003352453010
1005007574842864
32780612590
1005006254392389
4000115745900
1005006465876665
1005007238186023
1005005454224584
1005006315356412
1005005949827811
1005006249491123
1005006335876509
1005003936465101
1005007343595115
1005005434585606
1005005417408571
1005007415337294
33023728850
1005005816553874
1005005835379231
1005007058588450
32949929349
1005003849916230
32834117505
1005004838210801
32959922705
1005006465597295
1005006768467391
1005002435982715
1005003101925281
1005006803640820
1005007010714128
1005006717734247
1005007332445995
32914634362
1005003382218401
1005004031383409
1005006173196402
32980273283
1005006683424568
1005006334118835
1005006719957772
32921527524
32965770520
1005006093156608
32954338860
1005006544494232
1005006330897718
1005002392368661
1005007116291736
1005007570326736
1005007027250100
1005002081331632
1005006132690678
32873027336
1005007398529206
1005006460954623
1005006486031241
1005002322317129
1005007627861797
1005005972864812
1005005227240592
1005006804866234
1005005525770807
1005005506854878
1005002873218133
32993729328
32779626254
1005006788579230
1005005562305513
1005006161981592
1005006841769503
1005006410471898
1005007077129103
32923950381
1005006522291752
1005006462432250
1005007135090919
1005006924338671
1005006831360592
1005004929693679
1005007185299669
1005006834272379
1005006923683528
1005007748823013
1005007076069887
1005004616838861
1005006576936649
32918224773
1005006247956582
1005005370849464
1005005252905092
1005005853990002
1005006228791192
1005006278453790
1005007584462585
1005006098087227
1005005274893428
1005006892221783
1005002933454586
1005006132330756
1005002915174264
1005004834511274
1005006118392619
1005005593160967
1005005910385794
1005007454602378
4001056126479
1005007413196840
1005006467830148
1005006081320255
1005006160480220
1005005050100415
1005006160680425
1005006097341330
1005006116644350
4001238639798
4001328932030
1005005541575663
1005007499755974
1005001531559637
1005005777100159
1005005593151992
1005006925585033
1005007647553388
1005006157363959
1005006004964468
1005006270182212
1005006215926732
4000334762358
1005006485807350
1005007438135852
1005006072736911
1005005802981462
1005003660441615
1005007569193636
1005004922703958
1005005895741699
4000171787837
1005006020188222
1005003958688936
1005003640240980
1005007451793721
1005007389953777
1005006371797097
1005004434907720
1005003214574857
1005005704570194
1005007321631352
1005006696936914
1005007192482609
1005006748766217
4000504320016
1005006009399537
1005004770352453
1005007452500082
1005004874896320
1005005091757432
1005005012197792
1005006839463770
1005007524180999
1005006019259928
1005006482314422
1005005956899749
1005006345035403
1005006302032079
1005006452865026
1005003927897918
1005006485911737
1005007569340943
1005007471079784
1005004634893723
1005005977485094
1005004196161910
1005006755237761
1005005980661086
1005006472868310
4000208458790
1005005980556629
1005007451803654
1005006187738970
1005006427666865
1005001419265000
1005007614396074
1005007643023840
1005006116931018
1005003110114054
1005006385950129
1005006801648454
1005004865572868
1005004985410051
1005007566837868
1005003016330350
1005006037202398
1005007571170417
4001216709859
1005007278467314
1005006919139290
1005005688789031
1005007125335946
1005004706561931
1005007641248320
1005007564598874
1005006224946858
1005006254183646
4001200306151
4001259547216
1005007317235017
1005007506853368
1005004820125559
1005001311630306
1005003176227341
4000433057581
1005006476952644
1005006213390346
1005006178969976
1005003958658646
1005003958856361
1005003928120480
1005004877754320
1005007592495631
1005007294169314
1005007452143348
1005005966912358
1005007586162152
1005007097263271
1005006209882583
1005006940793408
1005005922810280
1005001852989574
1005005283900377
1005001777673796
1005006175516130
1005006099819976
1005006054796747
1005006173439895
1005004768528442
1005006043706364
1005007641099576
32853078470
1005005773329103
1005004955752566
1005005941032421
4000078691628
1005004866905201
1005004962546908
32993010694
1005006494659579
1005004833453605
1005006830396591
1005006473802032
1005006050154526
1005006660522445
1005006390582619
1005004811261637
1005005593251562
1005007641285185
4000299841716
1005002892449904
1005004780991631
4001239176882
1005006731061046
1005006083817485
1005005980601399
1005007637351955
1005002556242444
1005006471177007
1005007641296066
1005003184599911
1005007515146730
1005003184660492
4000334725543
1005007314639815
1005006494758852
1005006755946969
1005006385647328
1005006362787962
1005006584746169
1005003044963160
1005007343740743
1005002082918368
1005006276943118
4001082619774
1005006755377330
4000555917418
1005004832998179
1005006734261910
1005005980540721
1005005027052705
1005007468371234
1005005980656058
1005006155966946
1005007557426613
1005003036785819
1005005952943029
1005005202314146
1005007385444059
4000478352067
1005006341100057
1005004690387166
1005003112593389
1005007506531475
1005006169143029
1005007454487939
1005007324835442
1005007266451479
1005005970618884
1005005200809090
1005006209920490
1005006467823647
1005001537381929
1005003381023492
1005007343899497
1005007343910508
1005007627585889
1005005468433047
1005003928040886
1005003408843393
4000335935614
1005002999404956
1005005995483087
1005006145649580
1005004968566643
1005007376508143
1005005292573123
4000540637435
32834153759
1005007336783913
1005006755279630
1005007083889484
1005006255440710
1005007452166825
1005004992218876
1005006187816458
1005007309998717
1005007344069380
1005006341017985
1005006655105638
1005006109783563
1005006006862579
1005007641154548
1005005942815747
1005007071047011
4000036775920
1005007208068315
1005002040855541
1005002313316164
1005007273628677
1005006198518732
1005003024835707
1005004854318315
1005003511951619
4001082749193
1005005593309294
1005005980534829
1005006198277457
1005005535428134
33000170121
1005002212592943
1005006255522002
33002819003
4000318345634
1005007641169452
1005003366307682
1005003034497777
1005003425067640
1005001861659937
1005006183166325
1005005020710765
1005006422010216
1005007640711235
1005007617880968
1005004721045268
1005007076864167
1005003608269269
1005006145668401
1005002277374208
1005004939651920
1005007253568958
1005003437649030
1005002348327478
1005004865119755
1005005958262105
4000874970441
1005006341161441
1005006123797266
1005006711550302
1005004939711740
1005001350073171
1005006270259543
1005006169023705
1005005371412412
1005006952476533
4000456351735
1005005933118394
752847774
1005006728746216
32916535194
1005003454579848
32814365352
1005006383984422
4001115654256
1005003210306717
32899427565
1005004276342277
1005006371151842
1005006054344538
1005006661274406
1005004490936963
1005006377461733
1005005298552107
4000117747967
1005002829009498
4000073658164
1005004777785239
1005003025235764
4000659226509
1005004779438062
1005003654453702
1005004415348292
4000267863160
1005004415339765
1005006396247314
1005007070035115
32704093177
32332235820
32332263346
1005006191503584
4000730565304
1005004380031213
1005002973583617
32920666602
1005006922374902
1005002570575126
1005004719135635
32497172796
4000112656091
4000123985562
33003084712
1005006728706454
32973784195