1005007243792175
1005005625693835
1005006478474254
1005006751905534
1005005820489021
1005006776304630
1005006621188134
1005006994627766
1005006565052533
1005006038496692
1005006473689659
1005005717366333
1005005934051717
1005006641604911
1005007309791606
1005005513017633
1005005536332434
1005006488112950
1005005899475312
1005007322099789
1005007197285237
1005006960925110
1005007225389742
1005002316801940
1005006134707329
1005007270541310
1005007261211439
1005007083430611
1005007390990588
1005006990974731
1005006406368011
1005006141381061
1005006976288678
1005006762821296
1005006772379118
1005006728084455
32817480468
1005006431194122
1005006273372440
1005006336793094
1005006645511463
1005006998436370
1005003397200325
1005006820368451
1005006727866649
1005006814421488
1005005979514786
1005006647759357
1005006223484979
1005005688350367
1005006761270273
1005007031343951
1005006306654737
1005003970146807
1005002871392593
1005001315276573
1005005594970692
1005003403183381
1005002927794140
1005006962638531
1005007029042847
1005007137639775
1005006613787674
1005007082298868
1005005991453886
1005006037049653
1005007091000469
1005003375900184
32821995355
1005002382530517
1005006624631624
1005006282459577
1005007023580185
1005007092064982
1005007335725463
1005006231790137
1005004191071395
1005004677600027
1005003625224473
1005006616974339
1005006307329409
4000042953777
1005006306484724
1005005411631577
4000435594406
32808974910
1005006310194888
1005005074705753
1005003342279580
1005006761180136
1005005221495944
1005003044471582
1005004308945515
1005004469440268
1005007254335435
1005005474977989
1005005913982764
1005006364157906
4000317278971
1005006041893322
1005006067823244
1005006379885642
1005006810932376
1005001687379974
1005007050670080
1005006976142930
1005003779030191
1005006282474759
1005006900242878
1005006762164026
1005006014931066
1005006177475730
1005005292712570
1005005041163113
1005007222248426
1005006584466781
1005004946523477
1005006327594814
1005002990695079
1005002316508191
1005006199071834
1005007251295141
1005003394342550
1005004367257820
1005005673069634
1005006300074056
1005001703033150
1005006857692559
1005005097324309
1005006824577456
1005004007371026
1005007092401556
1005006223990639
1005005201657702
1005006043167017
1005006602810589
1005006022215116
1005007463566958
1005002716797541
1005007342686560
1005006696814022
1005007385634641
1005005962962129
1005007097642213
1005006042998448
1005006875413940
1005006408546287
1005006860466564
1005005665702607
1005007139653026
1005007241099812
1005006844522945
1005007189048188
1005006472181478
1005004411846480
1005006115879801
1005007188662962
1005007394660449
1005007394564681
1005007188727751
1005007370372870
1005006955053333
1005006825824748
1005007455570708
1005006747609622
1005007371329451
1005006956582322
1005005511185092
1005006124341072
1005003462727085
1005004506333948
1005007122694545
1005006144388152
1005004771269710
1005005141904307
1005006362781681
1005006820190049
1005006457927807
1005005790705687
1005006236908616
1005007229128717
1005006477888826
1005007288582418
1005005226004637
1005004205221279
1005005996837894
1005007184499406
1005006116684473
1005006624091555
1005007393868220
1005006745759196
1005006452292908
1005006270743143
1005006148166810
1005007199455231
1005005820965760
1005006003692467
1005006362452543
1005006819762197
1005005940248789
1005005415779973
1005006363244302
1005006051792607
1005005452899678
1005007313882578
1005005100235163
1005004717943230
1005006119860721
1005005454555377
1005006744295880
1005004631367555
1005005362216387
1005006850800045
1005004770454968
1005006808588146
1005006080323171
1005004725211917
1005006812689978
1005007203496342
1005006019690362
1005004037044437
1005004816632642
1005005406708521
1005003989064956
1005003791362542
1005006079632045
1005007379429173
1005007172981105
1005005954742257
1005007345018452
1005006808139573
1005006819551706
1005006149551163
1005006788354738
1005005293294866
1005006102905759
1005005109094672
1005005023891961
1005006765381736
1005007379273418
1005006432466578
1005006807788396
1005007342972369
1005005808946944
1005006137151943
1005006023086966
1005007444419130
1005005513693476
1005007316734121
1005005068205357
1005006832592304
1005004533918149
1005006041834150
1005007317913696
1005006586637854
1005005395695148
1005003804294115
1005003814210856
1005004769817753
1005005773242060
1005005066864123
1005007032066130
1005005562788582
1005005204593583
1005006036419547
1005004977204927
1005006059812724
1005006934795349
1005004776127341
4000431588664
1005005892531989
1005005191842229
1005005475242509
1005004610234510
1005006182219785
1005006603852917
1005007089841173
1005007320955738
1005006648063533
1005006885082835
1005004609122508
1005005597146749
1005006395691428
1005006157642397
1005006641119247
1005006183483096
1005005325964505
1005005758373360
1005006356675919
1005006723560352
1005005454176259
1005006041568313
1005006178724304
1005005106674203
1005005856893053
1005007038546061
1005006796522553
1005004762390982
1005006980263314
1005005092478712
1005005297638033
1005006064628719
1005003629308627
1005005398808067
1005004829961932
1005006761339016
1005005955809226
1005006291643555
1005006096846304
1005006615377203
1005007417768803
1005004675690384
1005005515898278
1005006278544457
1005004547434776
1005004867626207
1005004849551170
1005004033698708
1005005107124660
1005005994398666
1005004689883361
1005007409831789
1005004942686772
1005006005298976
1005007302418355
1005004830105326
1005005721957987
1005005432413260
1005005445903595
1005005403259636
1005006178274452
1005005887752443
1005005783886369
1005006710452949
1005006159814614
1005006647950126
1005005604913444
1005007298107667
1005006190264603
1005004998448461
1005005372622352
1005006202993324
1005006713195012
1005005490182555
1005005268403762
1005005026702264
1005007324363953
1005006169323022
1005007076166391
1005006494286046
1005005979926219
1005006989967382
1005003119539110
1005005697928055
1005006505305314
1005004740699352
1005006948837376
1005007246774821
1005005823506784
1005006706709637
1005003099020381
1005005006856515
1005005670134496
1005004962872693
1005003505842775
1005004291680375
1005005445961975
1005006028634128
1005006435802866
1005006183571003
1005006019568631
1005004569001396
1005004728062628
1005005975998159
1005007273360894
1005007315185914
1005006386113413
1005001809539929
1005006005328454
1005005892849295
1005006766984540
1005005975167838
1005002602321296
1005003612353376
1005006813511268
1005006518785043
1005006808644632
1005002940283072
1005007353883817
1005005979528978
1005006331360060
1005006345946822
1005006238882367
1005005780640174
4000928377911
1005006045979796
1005006340534061
1005005919808830
1005006902032114
1005003701495413
1005006589994248
1005006916174952
1005007363327253
1005006825441296
1005006363947716
1005006935792311
1005002554145327
1005006233761179
1005005928392093
1005006945776075
1005006181494631
1005004770348454
1005006679052369
1005004118925995
1005006885005503
1005002559676585
1005007300035722
1005005452081577
1005006772889512
1005004347381218
1005007212066912
1005005548100609
1005006743967377
1005006297570520
1005006712641721
1005004325220609
4000333599900
1005006162082071
1005005204021928
1005005928573022
1005006613906769
1005005491226499
1005006089068390
1005006094737631
1005007320736277
1005004256998068
1005003948378751
1005005179469610
1005004673993275
1005005773344133
1005006184257452
1005005562264064
1005006678296441
1005004290819849
1005006888113429
1005005412370998
1005007298345640
1005006853152916
1005005132284805
1005004880329857
1005005654238941
1005006845550045
1005007339582882
1005007176984522
1005007194415476
1005004839141723
1005006719889204
1005006773210489
1005005124344291
1005005482576003
1005005450458083
1005006510460851
1005004570894220
1005006831188932
1005007058091793
1005004113854308
1005006690940932
1005004966166681
1005006182305271
1005006079161849
1005006028343589
1005006125125686
1005005853606232
1005007343614696
1005003842482941
1005005600661589
1005005990051265
1005007260483111
1005004799777005
1005006902055032
1005006103366139
1005005944223949
1005004963583510
1005005783464449
1005007363285739
1005006084680408
1005006067234070
1005005881235993
1005005873779484
1005007416984340
1005005467654314
1005006174220206
1005004650382487
1005005422076678
1005007444494018
1005004431660274
1005006257245393
1005005754070015
1005005196988770
1005006273744983