1005001587048428
1005007379961021
1005006618126502
1005007381613119
1005005223293018
1005005862404815
1005007291185628
1005007036789646
1005007082238293
1005007224895469
1005005673310193
1005007308170923
1005006058428421
1005004211856224
1005004989124120
1005005533260250
1005007137279781
1005004336155828
1005002834161502
1005006828234788
1005007391030949
1005007081591348
1005002348945242
1005001526947164
1005006972969527
1005006804165962
1005007008942100
1005006507633776
1005006962917864
1005006952336560
1005006820431339
1005005927822294
1005006642974847
1005003787490088
1005007030594252
1005005312074137
1005002776463758
1005006866682090
1005006211582832
1005006756347732
1005006772280162
1005005792791997
1005006506315453
1005004179202294
1005005118109625
32983005438
1005007413344623
1005005543762526
1005006984455416
1005005125565767
1005007386987247
1005006534468316
1005007345311225
1005007174445461
1005006844707574
1005007195550120
4000861680905
1005005622287893
1005005848239821
1005005977097725
1005005966580402
1005005557916446
1005006366499341
1005007004318051
1005006827778085
1005002762701478
1005005606789765
1005006866564532
1005006456881779
1005002913873514
1005005472861744
1005006158614341
1005007082913828
1005006022834609
1005005800475417
1005006396674026
32988939635
1005006745077144
1005007319866570
1005007109644971
1005006123230952
1005005923303619
1005004069706497
1005005197523180
1005005808084273
1005005200615733
1005005180982527
1005005311325818
1005006386219986
1005006453719393
1005006818946417
1005006832885170
1005006787090485
1005007037423568
1005006813105259
1005002383279831
1005007177596261
1005006770840606
1005005979116279
33056972213
1005006732275842
1005007194710982
1005007176117341
1005006873794282
1005005463232984
1005006746394423
1005007170519862
1005004360078315
1005005011642501
1005007169435869
1005006603876056
1005007051031725
1005002737368339
1005007203712680
1005004473593707
4000640655846
1005005297147844
1005007020605559
1005006331800601
1005007223738384
33016586078
1005006478307898
1005005353936268
1005004920363928
1005007386705128
1005007349067266
1005006972112063
1005006469290385
1005005551380080
1005005204059323
1005005612435717
1005005499634054
1005007018202135
1005006770765549
1005004967048471
1005006706794271
1005006014907924
1005007060442724
1005005211813988
1005006121474639
1005002379194693
1005005387760309
1005006999149455
1005005823218659
1005006092865311
1005007104929910
1005005506778024
1005005737334555
1005006932666491
1005006770019664
1005005316492635
32849462128
1005004891174942
1005006454224158
1005002328848255
1005005197394923
1005006748787040
1005006724429903
1005006730490508
1005006386378363
1005006702823221
1005006855137073
1005006570133920
1005006880126122
1005006682674065
1005004433594065
1005007016849740
1005004055920271
1005007103615610
1005006861429256
1005003927653935
1005005213099714
33045284794
1005005522888779
1005006771359210
1005005600458156
1005006936636894
1005005406681690
1005002490934137
1005005214326182
1005007225406961
1005007255696635
1005006708116188
1005007317267483
1005006887567339
1005005271571472
1005004402253351
1005002955696646
1005006725307337
1005004869417502
1005005471333755
1005005802866594
1005007391523710
1005006162252361
32995732221
1005005804238956
1005005362910135
1005005207597455
1005006794470008
1005005666407846
1005005643278086
1005007247722442
1005006653836493
1005006625116754
1005006850974959
1005006966798406
1005005598957265
1005005196869736
1005006518726869
1005007258204870
1005007414246551
1005003143467596
1005004671850253
1005007027613073
1005006759349191
1005004756544474
1005005861813757
4001259045758
1005006105830944
1005005996354916
1005007281594566
1005006384558532
1005003348732044
1005006725346897
1005007120058655
4000850775723
1005005586070237
1005007343074025
1005006206282031
1005002531693164
1005005768537730
1005007047183044
1005006788482504
1005007140683993
1005005650314335
1005006735449196
1005006967229996
1005002835311966
1005007296398157
1005007190053010
1005002489927335
1005006064123012
1005004701382453
1005006619824361
1005005121590460
1005007106995891
1005005955668330
1005006733160742
1005006599616883
1005006066317242
1005006330365903
1005006856856072
1005005163637584
1005006851089746
1005006375068056
1005006249561841
1005002078122987
1005007282500138
1005006260414464
1005006970487074
1005006709724346
1005005520033313
1005006988132148
1005007212232963
1005006731216013
1005007046708374
1005007179321932
1005004193500813
1005005829572291
1005006288811117
32821592615
1005006527776634
1005006758088525
1005002925873326
1005005448070012
1005004263607665
1005006453773127
1005007442950635
1005007117743894
1005006573692356
1005005881223974
32956100506
4000325113620
1005005557145527
1005004700560648
1005007217734777
1005007299131838
1005005594325746
1005005504810833
1005004438018902
1005006228282581
1005006610244077
1005004825433643
1005006723145754
1005007038580009
1005002779793503
1005006984534244
1005007162093842
1005007258322581
1005006278454769
1005006404673207
1005005665741687
1005005555955266
1005004042340000
1005006892423407
1005005786532020
1005006407968977
1005004221211070
1005007296405692
1005006920872844
1005006864839666
1005005927533118
1005007388051020
1005007008983448
1005006887656719
1005007258978608
1005006420792104
1005006542471222
1005006719198030
1005005575451194
1005005197930285
1005004785289273
4000694502493
33042555895
1005006693528606
1005006612956677
1005005620300618
1005005937847541
32821432710
1005005262880475
1005007159866823
1005005787716168
1005006480185229
1005007340126537
1005003993494919
1005007233092521
1005005820164670
1005007169177305
1005006584646122
1005007200148835
1005005924937204
1005006623271827
1005006724853656
1005004981194684
1005003968819660
1005007324758826
1005001350702240
1005006035376761
1005005932164674
1005003802352651
1005007146019464
1005006870526055
1005005416326354
1005005557607538
1005005266757516
1005006383528407
1005006757353064
1005006727750449
1005002135514309
1005007084519420
1005004844083141
10000270984357
1005006612991447
1005006360569212
1005007011939597
1005005473742898
1005006851370231
1005006942075043
1005005544767273
1005002937789945
1005005464683263
1005003916603697
1005006654629500
1005007342784827
1005007201842520
1005006320355744
1005007176991702
1005006413760995
1005004237242857
1005004403871526
1005006954881089
1005007032184816
1005006854239815
1005005526552006
1005006719130275
1005007324752383
1005006488491817
1005003060783922
1005007329888431
1005004905288170
1005004835183718
1005007212501551
1005003676773330
1005006606650820
1005003796820936
1005005310902484
1005006450430339
1005006000410133
1005006600622965
1005007258272757
1005006865879599
1005006677320415
1005006443138549
1005004855622641
1005004376744367
4001011799409
1005005953037300
1005007274298244
1005006015757634
1005007003546983
1005005975649785
1005007032057063
1005005501428634
1005005496168087
1005003264478599
1005007124528793
1005007259153213
1005006078494720
1005004010305111
1005006595500967
1005006868236626
1005006439473794
1005007196733088
1005007217076538
1005006851873836
1005006889142461
1005006081163985
1005004446567466
1005006743367397
1005006716194570
1005004397049689
1005006659430280
1005005293898708
1005004855623014
1005006914182301
1005005671885792
1005006379777812
1005006793669403
1005007258491055
1005002904755429
1005007043079154
1005005848475794
1005003203282039
1005007094360723
1005007050732488
1005006361472225
1005006995008429
1005005821767479
1005007144249144
1005007416193440
1005005761468240
1005007077828607
1005007342446370
1005005837008669
1005006821750932
1005005310932527
1005007258552781
1005005489148795
4000764364023
1005007168675081
1005005248351139
1005007210302485
1005007317679131
32981098867
1005007073861051
1005007170204090
1005006878687681
1005006826291445
1005005994919655
1005006266964437
1005007037474804
1005007082539695
1005003996411581
1005006754952238
1005007196396120
1005003498684575
1005005823227705
1005005744034523
1005006086340623
33045077598
1005006358655116
1005006478681100
1005005391862823
1005007010087482
1005005473287168
1005006860623729
1005005936294633
1005005614476253
1005003489082407
4000616455380
1005006821842532
1005006924767773
1005007045155336
1005005697858225
1005006708208267
1005007097298992
1005006399243816
1005006637942726
1005005923289694
1005002049565994