1005005204128585
1005005948907727
1005006944828150
1005005548294965
1005004518617393
4001204871058
1005003423940030
1005004775218820
32841301763
4000837657978
1005006923738571
1005001392085521
1005005059791911
1005007225727200
4001265468691
1005007053999000
1005005287918146
1005003776270401
1005004844961866
1005007107127919
1005004355519035
1005006031049293
1005007501267186
1005007562150937
4000656394188
1005007033331205
1005005598718726
1005005094406286
1005007429800267
1005007216767895
1005007038734418
1005001576706350
1005006017546140
1005002260617920
1005007609711430
1005005566672067
1005003135660178
1005004901144781
1005006939543262
1005006703398951
1005006789200254
1005007294499716
1005007187194543
4001298966313
1005005917260035
1005007029085248
1005006578136999
1005007234856154
1005006489752748
1005006445357326
1005007625526880
1005005453363450
1005001489790698
1005005084825293
1005005275328028
1005007263273485
32869278254
1005005617833405
1005005200793098
1005006117907071
1005006226618694
1005007623089143
1005001597038842
1005005795700109
1005006883824898
1005007103762298
1005004966661527
1005002401747807
1005007130115932
1005002707465323
1005001517902951
1005005979798387
1005007160716663
1005007381969493
1005005960354476
1005007228682863
1005004354885540
1005005977462281
1005005754118660
4000549002755
4001013879437
4000302728800
32794552107
1005004473632568
1005005058530113
1005006435655303
1005004758518968
1005005338958640
1005007595410976
1005007010370118
1005006359032209
1005004586227402
1005007139726078
1005004194378843
1005004775217773
1005007362325443
1005006279222655
1005002781983101
32852600198
1005003319446289
1005004583746291
1005007279187983
1005007102168755
1005007408439211
1005007009832188
1005007168331151
1005005979796629
1005002595315612
32798827533
1005006741325518
1005004988260112
1005006881961177
1005001376104734
1005001793513746
1005003574852755
1005005982499462
1005007208184168
1005006025460064
1005007060503494
1005007585264318
1005007412317617
4000332002712
1005004232967777
1005004962898174
1005007482977700
1005007262181333
1005007440787049
4000031026620
1005005854337983
1005006000145218
1005006853517685
1005004758553186
1005001933457670
1005007302756255
1005006543714227
1005007342171618
1005006685793846
1005007119817532
1005006159456460
1005006880845758
1005004758495901
1005007456490709
1005006746646687
1005006195558207
1005007452604781
1005007261895119
1005005335820882
1005005820431298
1005003781396133
1005006930896409
1005005226337699
1005006494402972
4000181446137
1005005800123124
1005004358779893
1005006855994932
1005005663812814
1005006250110152
1005002293659610
1005006582596565
1005004336975607
1005005720124567
1005003995674821
1005007328551311
1005006147101073
4001268234715
1005007082298608
32818391847
1005002265261433
1005004355948727
1005006209774054
1005006218023027
1005003883999743
32761037334
1005005984702112
1005001685397014
1005004682673655
1005007425601807
1005006701677114
1005004022419087
4001083565705
1005007491497920
1005007182047487
1005004297012898
1005007173965571
4000221132096
32967498760
1005007173873663
4000037356069
1005007167655939
33037446234
1005007492354338
1005006955370932
1005005296942944
32919166144
1005006967046899
32654120989
32652877767
1005007511121784
1005007466210701
32943728887
1005003994029568
32860757121
1005007004099739
1005007434395135
1005002448291145
1005006618370458
32799225509
1005004578546673
1005007233852915
1005007066314802
4001018502184
1005007435812484
1005007294221340
1005005800947203
1005007108601816
1005006894320226
1005001640369032
1005007425312982
1005007576201247
1005007426659428
1005006858856792
1005001339261896
1005007437105126
1005006604009907
1005007130686282
1005007393698053
1005007139344130
1005006703844329
1005006701676071
1005006865492799
1005004239642381
1005006677597049
1005006864062856
1005004917729028
1005003994248920
1005006728763980
1005007424931533
1005001457630867
1005006727623288
1005007243231619
1005006696677901
1005007383112473
1005005988736693
1005006422133068
1005006927722072
1005005970961402
1005006122173776
1005006692642534
1005007155389626
1005005927080016
1005006703687840
1005003935527533
1005007099914214
1005005488051461
1005004499663779
1005007047018021
1005007454633353
1005007407532139
1005004339522900
1005006859073154
1005004043132473
1005006856361495
1005007186782326
1005007649092046
1005005990802058
1005007568973609
1005007548545375
1005007261436206
1005007226720146
1005006968557271
1005006904191475
1005006729097015
1005007359077059
1005003889695471
1005006703647735
1005006692663431
1005007101172069
1005006703919105
1005007407535161
1005007300164287
1005006859118136
1005006960158727
1005007184348199
1005006856333465
33042520449
32974698149
1005007478734734
1005001615315088
1005004899624159
33001485848
4000970983632
32695807266
32817059091
1005007506065771
1005005725830240
1005004782386753
1005001817348560
1005006472859134
32892643734
1005006692493952
1005006728994354
1005007002953410
1005004924700620
32329580159
1005007555244645
32835491252
4000092479124
1005006559133950
1005003829327762
1005004549905099
1005002919293612
1005007173886464
1005005178663093
4001294668755
1005007137011077
32816169168
1005006894298970
1005006093041985
33025226126
1005006718141049
32217180351
33042548137
437886214
1005005057318473
32905198489
32250130014
1005005574333152
1005006684151798
32905628264
32831729838
1005007209625640
32652213947
32730949029
32275823253
32889227717
1005004234563496
32800644838
32757828496
1005002617087154
1005004156392825
1005005416495260
1005006703918137
1005005650961238
1005007224704212
1005006965621667
1005004790279772
32893204779
32895083390
1005007524384161
1005007509278532
32880446798
1005004782192025
1005006860214225
1005005590253307
1005007424554129
1005006703806313
1005006728807830
1005004770702251
1005007509169882
1005007066159690
32893574240
1005006689405608
1005007209522317
1005005265924901
32812512523
32819466397
1005005302004999
32844362629
1005006303040054
1005007431073105
1005007222526561
1005006703799494
32900134772
1005006728981442
1005004709515780
1005006703889045
1005002760341884
4001092254529
32721739956
1005003586466243
33057139035
32894414304
32892380445
1005001970550063
1005007509204676
1005004963885654
1005007426216738
1005007277107768
1005007582234068
1005007259248788
1005007138850643
1005005922886969
1005005444674216
32948651670
1005005590308117
1005007509192713
1005007436029762
4000207673791
1005007130802371
1005002695356458
1005007317808499
1005007233995860
32966544765
32841300776
1005006703866306
1005007437826697
1005006703852178
1005006729084051
1005007140715182
1005007304847728
4000544713386
1005007293363656
1005007134474473
1005007307530298
1005007276913704
1005007155450903
1005007224278683
1005006106424919
1005003582357352
1780607891
1005007472306702
32748435764
1005005783990660
1005001639411475
1005007184636344
1005005542485889
4000451165875
1005006352615385
1005007083446000
32800009741
1005007101080207
1005007219819042
1005007469337362
32963487680
32829897758
1005007276016305
1005002633224055
1005007118336657
32911888938
1005003787057748
1005007437287697
1005006703724749
1005006703778396
1005006729003299
1005007438777814
1005007126935891
1005007138466812
1005007155429590
1005006692500974
1005007117206526
1005005914926857
32967570526
1005003852648376
33025804496
1005007262989844
1005007270326308
1005003989495484
1005001836224771
4001179906395
32800021943
1005004976787927
32757978019
1005003709962675
1005003779705493
1005003883338184
33027041846
1005007424066766
1005005905670670
1005006703882247
1005006703728611
1005007448284264
1005007155001891
1005006728932537
1005007140023196
1005007126965579
1005006692652513
1005007276104245
1005007100242064
1005007119333173
32719631740
1005005456082504
32889490778
1005006860472468
1005007317816693
1005003645203356
33052764337
1005007307874378
1005005483693770
1005002986070165
1039099206
875121254
1005006916671911
1005006352562324
976852489
1811257846
4000842559518
1005003922457304
1005007184734157
1503939068