1005005921612718
1005006833315115
1005005844753495
1005005319266049
1005006439104848
1005005149545364
1005007058045813
1005007472735077
1005006853438386
1005006877141871
1005007255335894
1005002520154971
1005007092291077
1005007069252326
1005007556522144
1005006059100549
1005005457883230
1005006972061989
1005004346178503
1005007494754303
1005006173075196
1005006707419535
1005005061701242
1005005898937177
1005005795043103
1005005130041340
1005006050708914
1005005473218404
1005007292405332
1005007624858442
1005005997497100
1005006008638606
1005006488216660
1005006948247955
1005003466095770
1005005612010457
1005006235627429
4001273190152
1005007648982487
1005005303267650
1005006685138676
1005006460766851
1005004073176965
1005005213090013
1005005509378366
1005006938975238
1005007136769932
1005007069232361
1005005892306622
1005006897342587
1005007173935518
1005007479625375
1005006731745956
1005004836490101
1005004603757361
1005006360730766
1005006757574925
1005004896863759
1005005509316533
1005007332193040
1005006988898696
4000312053433
1005007437475754
1005006238849586
32837189120
1005007614734468
1005005509540838
1005005544983029
1005007187296838
1005006081358270
1005005542343474
1005006382318167
1005005611977318
1005005823010830
1005005335067980
1005005827834917
1005007255322968
1005004363906108
1005006096029552
1005004710945478
4001333795631
1005007060383128
1005005643249783
1005005440949700
1005005518456397
1005007245848779
1005007321387455
1005007103629300
1005006877807111
1005003741929165
1005007244076886
1005002395829995
1005004528155912
1005007655371964
4000696008404
1005005780117518
1005006978392347
1005007266183794
1005005609387029
1005002447323060
1005005335956580
1005006076648280
1005007020503922
1005007626747901
1005004329204900
1005003562904678
1005007664997897
1005007618568349
1005006371054332
1005003462933000
1005007058462111
1005006273602799
1005007076205490
1005006837351930
1005005434327197
1005006954063548
1005007479700063
1005001627921638
1005006639230286
1005007029937485
1005006266832117
1005005783929295
1005006949167876
1005006847832866
1005005875808658
1005007455993013
1005004557747178
1005007319789140
1005006903027950
1005004756728373
1005005753953866
1005007358847739
33028283060
1005006732123666
1005007622554929
1005001804451710
4001264252995
1005007619455624
1005007378086303
1005007053750112
1005006714413662
1005006564152566
1005006892535815
1005006850091035
1005007585979655
1005007621388261
1005006936107155
1005006793976953
1005005263576242
1005006838418078
1005006695105469
1005007500375269
1005004528278004
1005006875406139
1005003169959444
1005005726131611
1005007029106900
32869943639
1005003726418233
1005007021781399
1005006196158357
1005006311624799
32905158975
1005004265673559
1005007545501611
1005007676059450
1005003779677968
1005004151299491
1005006439486018
1005007500450486
4000992730760
1005003682395486
1005007606157933
1005006395360808
1005007053506002
1005005509391009
1005005734673182
1005006619081034
1005005609224208
1005002753513048
1005006695270009
1005004907633843
1005005509524926
1005005838182351
1005006583824818
1005004652551711
1005004402853619
1005006117696790
4001076948564
1005006080003696
1005007627253036
1005004132743770
1005006316812352
1005007089940415
1005005892716564
1005004658791188
1005006999548860
1005006979101257
1005005862439390
1005005979964525
1005006953432995
1005006939685672
1005006254159076
1005007047998761
1005005847812942
1005007645568573
1005005468870533
1005004677027848
1005004509574107
1005006490636795
1005006855247472
1005007337432792
1005004662406345
1005003835626691
1005003835932336
4000723855541
1005006003114864
1005007264896627
1005006051333992
1005007457507377
1005004501610981
1005007027564726
1005007578942986
1005002761562646
1005005940899560
1005001472427665
1005007030063501
1005006975826365
1005004396477982
1005006744498509
1005007294973257
1005007189072064
1005003168070926
1005004704144976
1005006380652508
1005006997926152
1005006997654622
1005005897693455
1005006738592309
4000021873184
1005006513828148
1005006132901300
1005005875490135
1005006690853729
1005006528887228
1005006949515066
1005004660607104
1005006389313462
1005006853558029
1005004343907261
1005006674027039
1005005880086102
1005006382172712
1005003430017838
1005007678564869
1005006000797626
1005007016699157
1005007215207724
1005006949041899
1005005454138530
1005002248698835
1005004867334632
1005006128532075
1005005472128604
1005006845893391
1005006170058715
1005007258752983
1005006113018361
1005005805815213
1005005529187789
1005005653491607
1005006766737799
1005007245523799
1005006980115796
1005007245291686
1005001652200831
1005006629747487
1005003423533133
1005004705902902
1005006478750518
1005007479892563
1005004720759275
1005005849891055
1005006728328700
1005006045646198
1005006629729209
1005005436791461
1005006606990290
1005007316366628
1005007475245191
1005007266755193
1005006963943767
1005006692969693
1005004007628089
1005003903907148
1005006947600538
1005007295038393
1005006080450752
1005005513323420
1005007482999326
1005007196188549
1005005176295709
1005005160003985
1005007054903141
1005006543633042
1005005997544022
1005005911982946
1005007546519159
1005004309474502
1005005104567206
1005007075137526
1005003721240356
1005006630159408
1005006140384580
1005003430486057
1005004800085566
1005005391794686
1005007501967730
1005006804797565
1005006504679991
1005005480654026
1005006858917375
1005003197886595
1005006999753936
1005007002595650
1005006925135355
1005006999913833
1005006185406331
1005007262028834
1005006605495345
1005006140653050
1005005106280415
1005007299785517
1005007531349952
1005006770265818
1005005819919401
1005005279072213
1005007545896467
1005006790529355
1005006926561134
1005007348437241
1005006546385089
1005006818438662
1005004447960910
1005006870016705
1005005713635423
1005007352243397
1005002104163619
1005006549303676
1005006869227192
1005005837057503
1005006412668835
1005006061962601
1005006334355774
1005006472632384
1005006885204358
1005005505433700
1005006117680746
1005006408137997
1005006109462017
1005007523846574
1005006973536545
1005006128418279
1005007216265406
1005006361431577
1005006142289371
1005006228380062
1005005420940466
1005005772311702
1005006032605543
1005006041713566
1005002688311396
1005006704439255
1005005719566457
1005005647792178
1005005589603293
1005007032042459
1005007039282682
1005005357267262
1005005850306075
1005006105296296
1005004286950748
1005004787274892
1005007321369877
1005007391122732
1005004374548753
4000630655688
1005007215275763
1005004055505429
4000989264132
1005007021903117
1005005929790598
1005003348382764
1005001516129538
1005006253118401
1005007529427863
1005005267982925
1005007059625912
1005007036320341
1005007352883406
1005004850381910
1005003761077985
1005006077530022
1005006123859522
1005003788390034
1005006019633743
1005006791938298
1005006116556068
1005007030063922
1005005178248152
1005006903100658
1005005795081041
1005007117242409
1005007123412985
1005007203231391
1005006995320417
1005006843110685
1005007129073796
1005006869519351
1005005610751711
1005006099735029
1005007478771279
1005007094207371
1005006865754673
1005006255660890
1005007052637156
1005005796804891
1005003535231426
1005005240311953
1005005222885458
1005007639903653
1005005818869002
1005006594670787
1005007352169487
1005006989639431
1005007131943830
1005006941601990
1005007215214940
1005007167490519
1005006722502487
1005007493317940
1005004651141366
1005003050948648
1005005833699301
1005006117810675
1005007627048563
1005007532039308
4001322106031
1005003152837152
1005003224072150
1005002212767426
1005006470812863
1005006791903464
32802226408
1005006791812826
1005006792039034
1005007597919061
1005003103850228
1005003429636540
32753397712
1005006165220564
4000863586471
4001235435913
1005007030273066
32905228095
1005007209354646
1005004089775432
1005005233951545
1005003185787602
1005004350034928
1005002893291995
1005007640006052
33002220530
1005006980402815
1005006997817528
1005002341961150
1005005833662451
1005005278986293
1005003119200477
1005006097210437
1005006293554923
4000166720292
1005006900188189
1005006868563281
1005005609109961
1005005806624012
1005006582336815
1005005764722491
1005006942519058
1005005057558367
1005007061558209
1005002927345919
1005006707477929
1005007017957702
1005001514027803
1005005675497162
1005006574900228
1005007138183886
1005006955382282
1005006955568660