1005007421634315
32804443601
4000344519397
1005007160717262
1005006374672808
1005006711874363
1005001455942447
1005007588314147
1005006387270500
1005001456143183
1005007413825208
1005001382328833
1005003498142512
1005006170150433
1005006670501588
1005005777764857
1005001802265441
1005007426020484
1005001458501353
1005006374801399
1005001462661754
1005003296018422
1005007588354015
1005006967357031
1005006646366474
1005001456206335
1005007426289175
1005001456182051
1005006389098878
1005002252029430
32880613897
1005005934209299
1005005091765908
1005006142515979
1005004635969394
1005007576137276
1005006381175463
1005001457545632
32885430255
1005006363681773
1005006216421603
1005006646326516
1005001455967145
1005001857961779
33055089384
1005006213227149
1005003285185100
1005003596569938
1005007612928325
1005001455794682
1005002297750017
1005006170101734
1005006165042820
1005005704839654
1005007309594081
1005001385628682
1005005416654670
1005006244061476
1005006138486985
1005005264226082
1005001467474801
1005003226410522
1005006364241953
1005006354697997
1005006737629601
1005001461990111
32701612086
1005006244011638
1005006244065443
1005002885402186
1005001467419720
32884012912
1005006316965338
1005007065379480
1005006138579184
1005001467441928
1005002437797459
1005006418197263
1005006359112387
1005006478019556
4000462149167
1005002297667518
1005006170121726
1005005318931417
1005001430150556
1005002812306220
1005005927464629
1005006231721511
32840046884
1005005416768689
1005006465527086
1005006444964265
1005001858251012
1005004570818273
1005006462592415
1005006692127159
32809214893
1005002934212935
1005006244450270
1005006330558162
1005001430081634
1005004633965739
1005006363757426
1005006912451802
1005001461933306
1005004570700833
1005006078233843
1005001382403082
32886667551
1005006374732204
1005001455848373
1005004462217881
1005006213149531
1005001430102708
1005004633933944
1005006239811343
1005001461856397
32750328235
1005006374726329
1005001386014144
32824479834
1005006995010962
1005001857928676
1005004570808088
1005006392241480
32804475408
1005003226872063
1005007309578213
1005001857983838
32885318834
1005005932395999
1005001385832163
1005001615058378
1005006364543350
1005001391575636
1005006646575195
32963558995
1005006170149361
1005001392421298
1005006364426909
1005001392429145
1005001426336575
1005001391414516
1005001854322051
1005001854361064
1005001462006083
1005001430095875
32837050122
1005001858045350
1005001462755481
1005001462293068
1005001423105681
1005001455797498
32802246970
1005001457792583
1005001392411751
1005001457506330
1005001457814596
1005006282364684
1005006399801154
4000126525838
1005007465246599
1005006630711720
1005007055662538
1005007127134597
1005006683013107
1005006802366519
1005004786223999
1005007419275940
1005007595835604
1005007134468390
1005006575976176
1005006565517728
1005006807355350
1005007122954289
32316406353
1005006807406302
1005006807205775
1005006807158954
1005004490503028
1005002794662092
1005007272188472
4000301729973
4000348071962
1005007127217432
32548550360
32840048365
1005004830952987
4000850267016
2053804440
32756744770
1005006269379578
1005005750550238
32762051276
2053793862
1005006228157221
4000272962358
1005005570632717
1005005571495170
1005001396246559
1005005869347650
32289260553
1005006227809168
1005006227695658
1005006904053980
1005006221596692
1005006801934776
1005005869508061
1005005682752896
1005002431018516
1005002430904419
1005002430985251
1005006734477833
1005006241410485
1005003653536026
1005006802642119
1005007422042286
1005007051111983
1005007399894002
1005006346707800
1005007421256111
2053803415
32317456211
1005006802469033
1005006802121865
1005006228042870
1005007465182725
1005006418773039
1005006662547093
1005007605002667
1005006898087233
1005006228139257
1005006879920302
1005005580004206
1005001872378605
1005006437196646
1005002440654097
1005005828371982
1005004990426344
1005006089839877
1005006564806217
1005004000342558
1005004764636787
1005004188026992
1005004581246850
1005006477363828
1005004860533497
1005006432058693
1005004925407685
1005005685102640
1005007502453144
1005006894142210
1005004797619909
1005006610198926
1005005333410783
1005007573885633
1005004991071545
1005005934470069
1005004250841584
1005004549161258
1005004833307281
1005007174182661
1005003572996595
1005005333387778
1005005934948384
1005005653401209
1005004796828898
4001267947497
1005005987367190
1005004991078543
1005005934387660
1005005651709598
1005004771284216
1005004765059870
1005004858581042
1005003237430682
1005005887035315
1005004797674077
1005004992421247
1005004992518162
1005006908787504
1005005887053248
1005006473856944
1005003163218314
1005005887058187
1005005709964412
1005005392868412
1005006956993609
1005004546196455
1005004860509585
1005005534073896
1005004858342962
1005005523706319
1005006439660355
1005005523743054
1005005521566511
1005004861040030
1005004861029054
1005004858438584
1005006439548951
1005007382528962
1005003668474904
1005002966963838
1005006564379525
1005001594304786
1005003989405371
1005007662028407
1005005796105582
1005003252981904
1005001330056958
1005002904937735
1005007792277438
1005007792373340
1005007724135451
1005007684672292
1005007763821578
1005007763739837
1005007720711234
1005002967031290
1005007365488931
1005006560252517
1005006565588223
1005006964118001
1005007621824788
1005007568141185
1005007604373226
1005003979602146
1005006560407712
1005006562553246
1005006562656331
1005006564824367
1005002734093742
1005005987371168
1005006477647196
1005005523593834
1005004858393800
1005006565697116
1005007568315713
1005007365601204
1005004860905529
1005005523727245
1005006477576505
1005005651764714
1005004991149195
1005004991024860
1005007625350890
1005007507625480
1005007507123268
1005007581163341
1005007517529433
1005004992385433
1005004992292896
1005007535803313
1005007611367326
1005007607983594
1005004581543637
1005005487801844
1005006140855045
1005007342971970
1005007455915600
1005007455845769
1005007539388084
1005007488620238
1005004412261610
1005007511612772
1005007539245495
1005007456447351
1005007358726474
1005007558727374
1005006440789520
1005007427001898
1005007216292923
1005005371312164
1005007761417041
1005007059536737
1005007059578899
1005007059946230
1005006140703861
1005007539409032
1005007539092927
1005007464857642
1005007518174358
1005007515392257
1005007521294232
1005007361118906
1005007509345203
1005007508306955
1005007508290984
1005007509555363
1005007375098584
1005007059799450
1005007059731687
1005007508486448
1005007508935565
1005007508515228
1005007539057981
1005007537498687
1005007358794034
1005007539084891
1005007162798695
1005007540304657
1005006440827432
1005007465073168
1005007539406065
1005007539297323
1005006440894049
1005007537623303
1005007358721579
1005007537371941
1005007358765326
1005004965763038
1005002890959033
1005005821132727
1005006296756235
1005004679232887
33033082640
32909166060
32831726502
1005007451984992
4000265136603
1005006461283063
1005002179462320
4001238006629
1005005038039219
1005007659013436
1005005316315189
1005007084084791
1005006748316820
1005006254271056
1005003458200186
1005005969347047
1005004781490683
33008865959
1005005911706874
1005005819434692
4001126827711
4000338592359
4000346623865
1005004768288284
32376006230
32838088177
33006282124
1005004054742060
32815504840
32967888353
32825255955
32908170310
1005007625413926
32831903878
1005004032662501
1005005203176524
1005005397839365
1005005339015949
1005005533490926
4001225500539
1005003836214176
1005005820794606
32965867935
1005004351887332
1005006909651710
1005005622744769
1005006876598174
1005007280631001
1005006023534962
1005007216487793
1005007086051990
1005003264246984
1005006472760187
1005006776707083
1005007510122648
1005005533148865
1005004574667849
1005007452314887
1005007470012784
1005007442331720
1005005571428751
1005006094632678
1005001698969563
4000370893255
1005006735550925
1005005532844455
1005006143575723
1005005697770390
1005005514460451
1005007421306512
1005003666234558
1005005854001278
1005007185284490
1005004690856854
1005007511095380
1005002370124207
1005003415299003
1005006485865231
1005007002338655
1005007536751710
1005005794416272
1005006814616695
1005006741783220
1005007120561595
1005007247195983