1005006340280928
1005007605395665
1005007005316502
1005003693925215
32966074018
1005002068781151
1005006079555574
1005006679833963
1005007466246725
1005006919786361
1005001339577998
1005003697324662
1005006030501062
1005007418418240
1005007505732391
1005006835186786
1005007533013068
1005007564287840
4000377716022
1005007181840940
1005006780583738
1005007285585788
1005005611678350
1005007475975128
1005007007554089
1005007016337044
1005006889084791
1005006847446576
1005007589408023
1005007543515538
1005004028667015
4000471929308
1005007560833484
1005004284433189
1005006233467366
1005006976356709
1005007561369056
1005006330751068
1005004701107641
1005006094116162
1005007383194611
1005006801162107
1005007272736178
1005007475040566
1005002058506640
1005007558078329
1005007489887430
1005006343512340
1005007316529229
1005007003526274
1005006883335910
1005007570713850
1005006055591666
1005006954247247
1005007080624685
1005006680140003
1005007574431806
1005004028665096
1005007090478664
1005004471504945
1005005829475216
1005006697125084
1005006964226483
1005002240603502
1005007001121741
1005007389705198
1005005982214836
1005004865774321
1005005452065630
32951410827
1005004336551672
1005007576899019
1005006599997241
1005004586289143
1005006649371578
1005002245161163
1005007543130418
1005007452506038
1005006903566490
1005007377861553
1005005898265327
1005007107352617
1005007464513504
1005007097568068
1005007503152792
1005006664759596
1005006878704094
1005003835624873
1005004555254089
1005004497021200
1005005585675386
1005003434926314
1005007494514707
1005006679068949
1005007475363313
1005003019876999
1005007475729448
1005004903393442
1005007218038061
1005006870915090
1005006320807939
1005004063897997
1005002739261907
1005007478597848
32949109598
1005007135485733
1005007649312486
1005005935135442
32869893417
1005005265564719
1005006326903702
1005004835210753
1005006258611413
1005007516711078
1005006242049158
1005005842347057
1005006838384908
1005007578564743
1005006636396143
1005007505712282
1005007473929638
1005006523851510
1005006266631549
1005005104632108
1005007320273402
1005007531191872
1005005032702544
1005006318063712
1005007341072686
1005003505178388
1005007593932465
1005005974108446
1005006118905964
1005006557554452
1005001525606847
1005006340953480
1005003004281505
1005004524306677
1005007467509688
1005005316050369
1005006402009246
1005007506854706
1005006915014333
1005006793585259
1005005762596879
1005004616539291
4000505910884
1005007525243287
4001125734211
1005007549767055
1005005705652180
1005004127174372
1005007507271186
4000413681637
1005007504634204
1005005218754550
1005007433565588
1005002565346301
1005006564327718
1005004862356129
1005006856144329
1005007205001989
1005007478911874
1005006964300562
1005007309864399
1005004321348820
1005006484772236
1005007364697374
1005006905204009
1005007478448854
1005005265639239
1005006855057616
1005007109368498
1005007462969816
1005006684165381
32817086267
4000847860111
1005006750341016
1005006362371286
32853037374
1005005866530304
1005006619080712
1005006755772430
1005007022116717
1005003886755682
1005006792003239
1005007647475220
1005001762426707
1005006582190767
1005002830171287
1005006915053208
1005005161806210
1005007501716093
1005002068661161
1005005878556112
1005007367857716
1005006247639559
10000374528821
1005007266992210
1005007205580011
1005006290816320
1005007153315483
4000141670700
1005007071208883
1005006384442237
1005007220526010
1005007514258307
1005007149781998
1005005609838397
1005006260968198
1005006347450748
1005006349002648
1005002747776820
1005005771198601
1005003314180064
1005006011099525
1005007331578601
32328833355
1005006524690779
1005003509241428
1005007010385538
1005007494620301
1005006914151733
1005001551873110
1005005933441832
1005004742734576
1005005994885073
1005002420610630
1005007471354322
4001282775020
1005006408356894
1005003823306113
1005002318033604
1005006903231540
1005003243536543
1005006193853462
4001223854546
1005007196800187
1005005101312372
1005006042163985
1005004724193151
1005004934535114
1005006256896953
1005006989491341
1005001868831313
1005007023758080
1005006779262738
1005003677835721
1005005388145054
1005005050277548
1005006409188925
1005006996543953
1005005070771175
1005006375935617
1005004777201653
1005002852243793
1005004774297685
1005004774352243
1005005042389336
1005006466844338
1005007325301853
1005007000384033
1005006456186775
10000136705499
32811396239
1005007050396908
1005006907833801
1005006851402225
32803490087
1005006733760063
1005007078002371
1005005444998818
1005006180341667
1005005323958881
1005006281129113
1005003569927424
4001225088154
1005007393038013
1005005752687989
1005006199896370
1005007249803649
1005007058765972
1005004901483867
1005003998212618
1005005719591178
1005006473865271
1005006119221619
1005005620117178
1005006201039145
32909770703
1005005444905625
1005005490633944
32830087107
1005006900935292
1005003409793963
1005006275124602
1005003506609137
1005006447552067
1005006805695373
1005005534908976
32824662317
32861708692
1005007085818631
1005005653518176
1005004230598536
1005007054173364
1005005056136618
1005006417320473
1005006946891609
1005007118737411
1005006430411497
1005005022053352
1005005905220517
1005005586339684
1005002632420756
1005005976915107
4000622475439
1005005227848632
1005005291702041
1005006366187552
1005007313132016
1005006169299292
1005005429929237
1005005109903676
1005007320851922
1005004845398366
1005007249903203
1005005989848973
1005007226714429
1005007167216823
32960045624
1005006342007434
1005006676514491
1005005083955456
1005006919037017
1005005141577914
1005005195813348
1005006908733965
1005007161805257
1005006648806623
1005004016142146
1005006344550387
1005003457791941
1005006728680348
1005006419991346
1005005890118805
1005007131771674
1005006855851188
1005007104405916
1005006344283743
1005006923123807
1005006344293864
1005006344835250
1005007334541288
1005007338878602
1005006756115456
1005006579995662
1005007377899235
1005004000598645
1005006314425692
1005003714918720
1005003968721728
1005007102484910
1005007449403828
1005005861883673
1005006794012675
1005003807160229
1005006977379388
1005005206034968
1005006757153451
1005006660998383
1005006210652627
1005006757210223
1005005865409796
1005003778052332
1005006344264585
1005007084931423
1005006808217156
1005003797496638
1005006344373598
4000197956353
4000337745228
32959100156
1005006670803575
4000046163335
1005007272867696
1005007449635785
1005006344566523
1005006587466885
1005007310782679
1005006592449073
1005005476490617
1005007032273503
32740074054
1005005979571526
1005006712980009
33056522751
1005005061896145
1005005705045497
1005003949414647
1005007021016387
1005006348837965
1005003801834723
1005006342029905
1005006676271467
1005007197883804
1005002926070752
1005006235792834
1005005482479056
1005005657572744
1005006227207251
1005002524426895
1005006701682139
1005006344487743
1005006341861928
32861758977
1005006851621043
1005006767395107
1005005959372818
1005004786395286
1005005820116786
1005006591518895
1005006330368921
1005006349248116
1005003793845894
1005005993480470
1005005806074512
1005007234020056
1005006758731485
1005007053843657
1005005842775200
4000204685392
1005007094765469
1005006409005650
1005004424604268
1005006731727957
1005003764955550
1005006731853363
1005004199349468
1005006982411822
1005007684485534
1005007684338651
1005007660137177
1005007748015749
1005007706874560
1005005538131314
1005007285428750
1005007656771185
1005007598715978
1005007649250726
1005007443091446
32836859069
32954130181
1005006574440610
1005006997180725
4000677437762
1005005877845862
1005006125369106
1005007040866665
1005006142971218
1005005424703717
1005006389966784
1005005448733366
1005006937926492
1005007061570219
32993655974
1005004810797357
1005006032579771
1005006235782160
1005007476305735
1005007216042870
1005003795891489
1005006049065071
1005006205880342
1005004292414413
1005005776068748
1005005175706141
1005006139267499
1005007449990243
1005007092233799
1005007289521237
1005006309236181
1005007059359735
1005004085512025
1005006343142828
1005006844573045
4000224176118
1005006389398886
1005007115203456
32627976724
1005006386281268
1005006110146418
1005007029876128
1005006766172355
1005002476868994
1005006703699673
1005005572022976
1005006508181562
1005003167033290
1005005072859711