1005007448721346
1005007386936826
1005005721490183
1005007284751031
1005005538429134
1005005702676761
1005006845908228
1005006703131128
1005005628467058
1005007527031617
1005007655688053
1005007629797508
1005007647225983
1005006857647594
1005006917648436
1005007133742619
1005007120890991
1005007285581450
1005007456282293
1005006913278672
1005006818878954
1005007573832167
1005007036450833
1005007323784914
1005007499340859
1005003412959384
1005004310173628
1005004659080815
1005007522896386
1005007374696110
1005005333528512
1005006962502038
1005007557678414
33026984232
1005006782966037
1005006690343846
1005007654613170
1005004741197216
1005007259313440
1005006857614694
1005007188823431
1005007610865194
1005007563542727
1005005570302333
1005007047357439
1005005766468037
1005006335253500
1005007134573850
1005005292798859
1005005222024897
1005004516443586
1005005393176267
1005007606554731
32872588719
1005007267110618
1005005849483861
1005007632249481
1005007481487689
1005005600501402
1005004528458618
1005006053351804
1005007381710641
1005007634682596
1005006788846977
1005007638762567
1005006883698667
1005007666525664
1005007541426124
1005006048772632
1005006882854132
1005007586473609
1005007448439962
1005006102755934
1005005531998571
1005007122326005
1005007598756786
32862159309
1005006640371941
1005006464174540
1005006247338154
1005007668730086
1005006537405426
1005007636015733
1005007499385902
1005007587105048
1005005448311320
1005006005027355
1005007253368686
1005007355354218
1005007095174816
1005006503393696
1005006370954823
1005006744219210
1005006973568964
1005004998762087
1005006578405501
1005006958576846
1005007161394183
1005006523735384
1005005604517218
1005003584838371
1005006695610592
1005007568194750
1005007385828837
1005007632008141
1005007509921818
1005007510113810
1005005929670174
1005007269518521
1005007054396289
1005006640874696
1005006165400508
1005006584388472
4000107723908
1005006826980509
1005006853626467
1005007648458602
1005005026272016
1005007319851637
1005006877920492
1005005466439475
4000094282139
1005006754928572
32952255401
1005007117005710
1005006760762005
1005005700073500
32858074683
1005006797008759
32998622846
1005007300508975
1005004542340499
1005007638859579
1005007638921168
1005006967423322
1005006211078912
1005006639413879
1005007153202947
1005004387136611
1005007529416654
1005004250095164
1005005914377721
1005006773913201
32403779217
1005007198535638
1005005164254597
1005006113395563
1033842635
1005007310372664
1005006479091858
1005004173961825
1005004986979303
32782794754
1005006429692563
1005005951922182
1005007635719983
1005006417980966
1005001360845522
1005006284534167
1005003216310420
1005007252617918
32847731380
1005007532208905
1005005894690104
1005007026504250
1005007592129584
1005007247003644
1005006244031248
1005007513835803
1005007476366846
1005007458320191
1005007548033281
1005007339147683
1005007634280014
1005002570456818
1005007253617117
1005007393379697
1005006530713986
1005007439883818
1005007550710827
1005007501364030
1005002679809061
1005005371868720
1005004903938043
32956239841
32521161125
32954790215
32502537980
32897384100
4000621019169
32232668950
32590662027
1005007767324921
1005007722852067
1005007757482410
1005007023123679
1005007020667995
1005007023376071
1005007026071950
1005005438952424
1005006285685516
1005006243732120
1005006439079348
1005007125654498
32583445904
32953288396
1005007026303455
32847775628
1005006207189062
1005006206840277
1005003598405768
33014151237
1005006333953510
1005005714325701
1005003805269983
4001193105747
4001283517801
1005003568190837
1005002957431284
1005005008428696
1005006402563449
1005003309870491
1005007182986037
1005004003268690
1005006345010417
32899445020
1005005943735348
10000294966273
32656901758
1005007136115953
1005003718674005
1005003801106385
1005003902076682
1005004594053579
1005007084632684
1005006893777249
1005006872667557
1005004181450202
1005004597727101
32802174128
1005006306037326
1005007331653102
1005005993452679
4000118079780
1005005748484110
4000770911878
1005004972077733
1005007330121424
1005003803900320
1005007605691131
1005006889213614
1005006711020045
1005002247573253
1005006664110135
1005007588297569
1005006129523282
1005006853109788
1005006151501771
1005007374463765
4000124143967
1005004421984186
1005007436574165
1005004047848168
1005005578397252
1005006123667298
1005007538754059
1005007216699966
1005006463160812
1005007081610627
1005006082990309
1005006378320491
1005006866576953
32888800898
1005007216877659
1005006186106366
1005007258214507
1005007198268761
1005005957558642
1005007198378632
1005007391924676
1005007123936098
4001302531783
1005007573167020
1005007641705794
1005006019116155
1005004529211879
1005007641713580
1005007641985148
1005005994863828
1005006463124944
1005007208689574
1005007208685595
1005003434632176
1005007641744668
1005002375679042
1005007641907095
1005002348352092
1005007261326199
1005005775766537
1005007536735657
1005007641742636
1005007135083956
1005002910284911
1005007204975083
1005007553031753
1005007300683571
1005006888161641
1005007422668416
1005006021642395
1005007408847184
1005007574127602
1005005655054621
4000944990011
1005007572849741
1005001645887357
1005005923980294
1005006152731874
1005006877502811
1005006577956304
1005004180398842
1005005450809352
1005006619455883
1005006640998738
1005005708118517
1005007653679685
1005007405734192
1005003786652798
1005007352143140
1005006455615264
1005003850656309
4001000487773
1005006193657307
1005006664017176
1005007476677287
1005007299127384
1005006540255685
1005007191968258
1005001591076003
32787590128
1005004862065652
1005006757048656
1005006463177717
1005007643182291
1005007641940192
1005007643115450
1005007641779316
1005007429745243
1005007532397288
1005007525054454
1005006664567681
1005006583261824
1005005663456631
1005007408302941
1005002763291794
1005002763388097
1005005663397877
1005002663992670
1005004503833658
32894256587
1005006108959860
1005001863149646
1005001749086665
4000100645174
1005004869238015
1005007539247342
1000006024724
32594420144
4001133056776
1005007572940498
1005007569668339
1005003629088071
1005006627544918
1005005049625323
1005007044904788
1005001319392626
1005003332390318
1005007573012364
1005007537664662
1005006663539951
4001262512276
1005006019444888
1005004565249632
1005003780831118
1005007573103177
1005002390615879
1005005273469241
1005004752800956
1005002745760783
1005007573132106
1005003213546003
1005007622733636
1005003706344611
1005006929341779
1005004371581117
1005007398012780
1005004052347666
1005007626776653
1005006463159780
1005007641840495
1005007641961033
1005007561491159
1005007393876302
1005007641848401
1005007419477712
32907333088
32629009127
1005006583349570
1005007572827743
1005007573170013
1005007572842739
1005002165202555
1005007573141097
1005004222079039
1005004503965194
1005006651020414
1005007289528758
1005006663856511
1005005498770967
32589701137
1005007305423303
1005007116034306
1005005685772317
1005002004314539
1005005898163537
1005005897804783
1005001916248265
1005007343880502
1005006240925004
1005001927132900
1005006569762366
1005002779480363
32959121675
1005004718726020
1005001579688053
1574503509
1574377275
32975077207
1005003723775598
1574389451
1005006693361847
1005001846045339
1005005049721057
1005007005009759
1005005821632981
1005004098912725
1005003654803076
1005006729127383
1005001845977114
1005001351713997
1005007400041055
1005005897843015
1005005050198478
1005006640172417
1005006463262281
1005007641678984
1005007641964034
1005007641697767
1005007428338804
1005007572845745
1005007573014357
1005007572976456
1005007572857674
1005003274573645
1005006641113594
1005006663526683
1000005995405
1005006993276536
1005002166035680
1005006651125470
32893759622
1005003749025994
1005005911905687
1005006100501818
1005003633104004
1005006710649321
1005002636269809
1005007285372792
1005005590468183
1005007028974292
32912365790
1005004052453418
1005001861179866
1005007305378097
1005004814782665
1005004030108510
1005003755465673
32835976066
1005005048308304
1005002877669481
1005006645423768
1005006589020770
1005006640877913
1005003710457830
1005007305280711
1005001402547533
1005003710540504
1005003004136315
1005006350030652
1005002524134480
1005007180302356