1005006849663173
1005006340196641
1005003930759068
1005006801051781
1005005805515260
1005004022210303
1005004032366736
1005006395216965
1005006058493365
1005007105152536
1005007243994667
1005004918875744
1005001923812840
1005003659307730
1005006186729297
1005001851228413
1005003992538972
1005007223949229
1005007302354113
1005001695653888
1005007224338968
1005002756761472
1005004070585034
1005002334980906
1005005701581724
32610162927
1005006770839128
1005006744373199
1005006626757449
4000134085513
1005005819455996
1005005685255029
1005005449233133
1005002747435007
1005007337539185
1005003874907882
1005006406786712
1005005501562051
1005006320356762
1005004005220932
1005007626000669
1005006389055435
1005002478444950
1005007380224483
1005007015853126
1005007358913260
33009589722
1005003582641701
1005005347248081
1005007439142823
1005005780501398
1005006883430467
1005003194303935
1005004774330519
1005006060420799
1005007186240970
1005006788192883
1005005604829942
1005005709430004
32749742676
1005006501177089
1005006125219760
1005006212350219
1005007084111855
1005006282332792
1005006079957566
1005007352283402
1005002748093000
32977286808
1005007481607804
1005007102565758
1005005313519032
4000895659734
1005001525880698
1005006338296904
1005004284753730
1005006607182670
1005006652128230
1005005609334688
1005005081367101
1005003162517837
1005007444880092
1005007019256242
1005007476637724
32900495117
1005006882248866
32901794924
1005007516512421
1005007516088292
1005005559963526
4001105224834
1005007066211239
32438521733
32969619812
1005006951731094
1005007515725879
1005006966346537
1005004629182904
1005005551357531
1005006300485258
1005005674492940
32813172490
1005006903290697
1005006861376238
1005003420163670
32857570140
32856704331
1005007660239035
1005005971873776
1005006267051035
1005007720031519
1005005646241309
1005007346888935
1005005835171269
1005006885148313
1005005878365562
1005007417627869
1005006302371668
1005003277831003
1005005080780851
1005004611971517
1005005590964522
1005006343410926
1005004005205776
1005004137752920
1005007555322183
1005005598023746
1005004934455693
1005007549529474
1005004346068180
1005006574542369
1005004245033409
1005007518776080
1005007088150735
1005006389066263
1005007392997430
1005005526433811
1005006092822185
1005004144679023
1005004007383580
1005006904617290
1005004397962666
1005004153320634
1005007467032486
1005007464066596
1005004377903515
1005005050267141
1005004300123905
1005004007414129
1005004647042187
1005004265452985
1005007432070568
1005005611533225
1005004033567941
1005006765062835
1005004911930531
1005007189104793
1005006748573374
1005006916155948
1005005547900950
1005006310097331
1005006338823680
1005003987869536
1005006628261477
1005004111013345
1005004021945544
1005003502235943
1005004729698663
1005003063660986
1005006374198205
1005006226768985
1005004178557985
1005005791241377
1005007257158753
1005005924505453
1005004948669799
1005004560027397
1005006909004214
1005005549646172
1005005317233649
1005004294472392
1005007150641527
1005005552840387
1005005813978492
1005003716037430
1005005544267062
1005006846549465
1005004934287069
1005005536676840
1005005646099193
1005004028845727
1005004014620033
1005002892077172
1005006988369334
1005007516247958
1005007516113457
32968202403
1005006912862076
1005007182923028
1005007071232435
1005005882806277
1005006121711345
32814865690
1005004654377581
1005005331389661
1005007360970241
32854545683
1005006017418103
1005003249608328
33006319544
1005005259098221
1005005613338443
1005005322867419
1005005519024575
1005006291043610
1005007071265565
32771750834
32990091749
1005003811052557
1005006890012381
1005007239758362
4000474283902
1005005973709811
1005006916493180
4000164231849
1005002060204613
1005007407316978
1005003656783239
32967170040
1005007474471964
1005006317380614
32809099996
1005005974108413
32611685601
1005006902451077
1005004316574893
1005002496448145
1005007408876121
1005007454196750
1005006255327062
1005004865222527
1005006702616921
1005004654325972
1005005064524097
1005007317727890
1005006901785185
1005006317365662
1005007454404249
1005006451943120
1005005046683444
1005003265233821
1005006255387204
1005006492824872
1005005406904358
1005007289802140
1005006279487713
1005003422583744
1005006121565299
1005007071124611
1005007071489120
1005005973599345
1005004658033037
1005003811107235
1005005417588843
1005005973384618
1005005479390754
1005004753271540
1005006255190975
4000823088603
1005007627327717
1005004877110480
1005003972591827
1005006255308450
1005007401564164
1005005397128383
1005003542382351
1005007401347330
1005002802544742
1005006422583213
1005002383002009
4000498675104
1005002795829629
1005007354330682
4000458615606
1005007401149729
1005005228584366
1005006389237090
1005006063681992
1005007180792974
1005003183554251
1005007401430286
1005006877630725
32968972325
4000498655701
1005006229061629
1005005312030554
1005006181445481
32979401599
1005007227168154
1005007084881195
1005003542476288
1005006853573333
1005006771334282
1005005905854970
1005003467428115
1005007038284949
1005003542397554
1005006795167601
1005005421112677
4000474247139
1005002682578799
1005005007944166
1005007260643389
1005003221715512
1005003076288874
1005007360050345
4000940615635
1005005192320680
1005004320835991
1005005534567311
1005006794801360
1005005948024708
1005007379040991
1005004372226162
1005006794502154
1005006954959370
1005006744807563
1005005757709653
1005005437564669
1005007387237466
1005003068842210
1005006339796923
1005006822415219
1005007605541973
1005006339931080
1005004195972478
1005003743555767
1005004146342483
4001269775187
1005007467578207
1005006779172299
1005004921170025
1005006802222524
1005006540076561
1005007382094609
1005007556999933
1005005720818077
1005006849996624
1005004553314659
1005007149766303
1005006530980477
1005007073575955
4001148999870
1005005482011151
1005005882370790
1005006956925578
1005004382969799
1005004262531127
1005006038074432
1005005975234354
1005004856738349
1005005585809544
1005007226812008
1005006676333367
4000333382365
1005003462400246
1005005643272528
1005006860288112
1005006963665708
1005005757225408
1005006850340883
1005006813242190
1005005372041781
1005006385889458
32956128069
1005006528682702
1005005252956200
1005006841074724
1005006167019897
1005006812560710
1005005721564258
1005003432606685
1005006843299276
1005007329503962
1005005373505466
1005006540212265
1005005046098113
1005006990098262
1005003474793000
1005004004221872
1005006142813255
1005007015139723
1005007297103495
1005005951874087
1005007531154587
1005005868782771
1005005547634129
1005007097680530
1005004993375936
1005002978371010
1005006613176261
1005004971699726
1005005853022206
1005005886161740
1005007083887747
1005004665039514
1005005858323828
1005006981328453
1005006328258695
1005007639288438
1005007342740905
1005006646348458
1005005253724678
1005005253613998
1005006777624514
1005007379958066
1005007160208818
1005007227382317
1005006804796187
1005006773614478
1005006462519382
1005006076978202
1005007223832286
1005006239671215
1005006423070356
1005005806451032
1005007135850789
1005006063217081
1005006959690380
1005007517653789
1005004314243119
1005001433048172
32995914554
1005002932107688
1005006968271916
1005007589971489
1005004657276341
1005002274133372
1005007011157467
1005007555434020
1005005347854323
1005007574600801
1005006244516687
1005007425141908
1005007022977895
1005005058530816
1005003388190496
1005005983531546
1005007655766840
1005007659762862
1005007211362387
1005006616802614
1005006775666464
1005006310185204
1005006298943948
1005003458497274
1005007679542848
1005007486954457
1005006277789168
1005005877095631
1005006157275846
1005007212754224
1005007549953596
1005007569857430
1005005906565244
1005003363751316
1005005058561178
4000389938616
1005006661813327
1005003755124514
1005006605343340
1005005773211510
1005007591805661
1005004242830082
1005005975619579
1005007212129471
1005007604199774
1005007106386402
1005006518069953
1005002515457002
1005006056257663
1005007486526424
1005007604240652
1005006292565181
1005006045805920
1005005997773496
1005006188115936
1005006594275303
1005006533589065
1005006349257976
1005006489432108
1005005885652767
1005006526263155
1005006501242669
1005005719590795
1005006191418324
1005006976505767
1005006578514549
1005006568928177
1005006161084162