1005005237405440
1005006065023438
1005007352407149
1005005949576695
1005007670988508
1005007657998898
1005007655857009
1005007655248686
1005007674876846
1005007675153419
1005007675133626
1005007670930243
1005007674546671
1005007683447056
1005007683625329
1005007677418427
1005007791752968
1005007788388957
1005006376244159
1005006179464319
1005006376248430
1005006231345387
1005004951299581
1005004935325654
1005004951111968
1005004951337803
1005006574933334
1005005808310637
1005005808152724
1005005798375519
1005005808729692
1005005716712830
1005005717820845
1005002081314274
1005007343678907
1005007655643521
1005007655549794
1005007655738530
1005007750652837
1005007706024489
1005007692242564
1005007702074308
1005007760071246
1005007744911677
1005007733476112
1005007733549405
1005007732875315
1005007777685775
1005007743457336
1005007743309492
1005007769895125
1005007760410531
1005007760349321
1005007759969789
1005007716424150
1005007716195494
1005007715911075
1005007775302829
1005007775284899
1005007744332764
1005007737764795
1005007760779272
1005007767145023
1005004861153567
1005007764382632
1005007764335813
1005007764411056
1005007764412369
1005007764360093
1005007760143057
1005007758721878
1005007758763135
1005007758578876
1005007749847429
1005007750191277
1005007750153262
1005007752562950
1005006609985946
1005006838330340
1005006913746277
1005006179218843
1005004951434133
1005004951274930
1005004951204910
1005004951396194
1005005798055733
1005005808047996
1005007434945417
1005007655819627
1005007743313514
1005007743312511
1005007743335381
1005007743263314
1005007717493984
1005007732151396
1005007732176288
1005007740349622
1005007714234994
1005003815257558
1005003815301300
1005003815239549
1005003815216576
1005007716058324
1005007714793010
1005007714663033
1005007728667237
1005007728711026
1005007728472231
1005007728152963
1005007729388730
1005007731004566
1005007684373258
1005007719968513
1005007719530601
1005007713570024
1005007713072954
1005007692059228
1005007693232086
1005007689158084
1005007679414574
1005007679451372
1005007679380315
1005007701402396
1005007702219454
1005006179421100
1005006217895658
1005006363189711
1005006165104684
1005004951325423
1005004951370344
1005004951390231
1005004951268677
1005007743046132
1005007738148459
1005007737630079
1005007737956461
1005003815285324
1005003815169762
1005003815192689
1005003815282260
1005007693855237
1005007693452861
1005006449593577
1005006610647400
1005006187996455
1005006339956795
1005004951240742
1005004951360060
1005005358049327
1005004951263547
1005007737908606
1005003815215551
1005003815222546
1005003815196684
1005003815337034
1005006179282512
1005006610589110
1005006179434538
1005006537706905
1005004935612081
1005004951324638
1005004951390149
1005004951361337
1005003815155792
1005003815244432
1005003815215548
1005003815305142
1005006610388246
1005006913570962
1005006229108878
1005006218033191
1005004951274542
1005004951331454
1005004951268688
1005004951361297
1005003815145825
1005003815117908
1005003815248377
1005003815327223
1005006610704182
1005006537823643
1005006100884887
1005006201389522
1005004935185996
1005004951349271
1005004951319431
1005004951197823
1005006257574440
1005006100906207
1005006346053639
1005006913812001
1005004951329230
1005004951371362
1005004951290728
1005004951358163
1005006232248186
1005004951217422
1005004935132962
1005004951326227
1005004935283757
1005007760251993
1005005358052895
1005004951229761
1005005358062704
1005004951221858
1005004951396383
1005004951277687
1005005358076742
1005004951115816
1005004951320444
1005004935357230
1005004951320324
1005004951133926
1005004951291150
1005004951411203
1005004951348376
1005004951343105
1005004951177754
1005004935320396
1005004951450001
1005004951137998
1005004951277121
1005004951342404
1005004951282619
1005004951413229
1005004935335562
1005004951310238
1005004951337170
1005004951301270
1005004951344139
1005004951284691
1005004935172830
1005004951395150
1005004951280709
1005004951219845
1005004935196685
1005004951428090
1005004951294019
1005004935249534
1005004951347066
1005004951257786
1005004951149977
1005004951318325
1005004951317402
1005004951054923
1005005358206001
1005004951378252
1005004951386036
1005004951299571
1005004951432065
1005004951094726
1005004951241572
1005004951388148
1005004951281138
1005004951223648
1005004951253256
1005004951248847
1005004935423353
1005004951374231
1005004951410256
1005004951244403
1005005358207499
1005004951214360
1005004951408423
1005004951264458
1005004951377150
1005004951385139
1005004951161840
1005004951374299
1005004951174858
1005004951181937
1005004951242688
1005004951227653
1005004951372172
1005005358046228
1005004951197865
1005004951439040
1005004951455083
1005004951215645
1005004951141808
1005004951350270
1005004951372419
1005004935496116
1005004951276574
1005004951251819
1005004951272712
1005004951502118
1005004935467098
1005004951202933
1005004951413237
1005004951208377
1005004951288627
1005004951344287
1005004951430118
1005004951210937
1005004951344293
1005004951359261
1005004951387445
1005004951205892
1005004951319505
1005004951104934
1005004951310554
1005004951187862
1005004951251818
1005004951310300
1005004951227350
1005004951185767
1005004935390980
1005004951288670
1005004951206693
1005004951479083
1005004935573197
1005004951160980
1005004951340173
1005004951234568
1005004951200624
1005004951386120
1005004951241276
1005004951332421
1005004951165929
1005004951428041
1005004951318737
1005004951194947
1005004951317291
1005004951412106
1005004951251711
1005004951289577
1005004951202868
1005004951282542
1005004951259621
1005004951328223
1005005358042993
1005004951385121
1005004951275298
1005004951079901
1005005358200093
1005004951426119
1005004951284853
1005004951301393
1005004951188451
1005004951268493
1005004951348662
1005004951384061
1005004951329669
1005004951066922
1005004951350252
1005004951187857
1005004951249813
1005004951147672
1005004951042960
1005005357890706
1005004951267739
1005004951172724
1005004951205485
1005004951271232
1005004951290366
1005004951246811
1005005358152096
1005004951299576
1005004951057903
1005004951185902
1005004935302769
1005005357978209
1005007593732477
1005007132910605
1005007076965127
1005004887220511
1005006246581326
1005006325824361
1005004478294736
1005005131303606
1005006865865144
1005005977734794
1005004725409049
1005006897977220
1005006159276152
1005005453991613
1005006654390739
4000220116366
1005004689854836
1005005688823457
1005007125096903
1005006584314089
1005004962895096
1005006271227853
1005004970930429
1005007129604927
1005004887234704
1005004887163390
1005006674062880
1005005516129551
1005007126005036
1005005345912513
1005006280627103
1005006333815273
1005007514633288
1005006366568960
1005005018946879
1005003388268818
1005006861389252
1005005042902298
1005006220522860
1005004043038762
1005005698319948
1005004178553115
1005006134360884
1005005991304521
1005006770459745
32817142738
1005006190144407
1005005916865994
4000607303900
1005006661351378
1005006263588166
1005006599172336
1005006119576165
1005003675065876
1005006743869106
1005006394589388
1005003428436201
1005005950651120
1005004616377681
1005007018179683
1005005877204564
1005006752433643
1005005944526961
1005006743768438
4001287322695
1005006134520651
1005005244886958
1005006973872250
4000544979093
1005003917745035
1005003881855544
1005006208425585
1005005791826869
1005004579296812
1005006996941814
1005006098449836
1005004251992534
1005006490003627
1005003955482510
1005005249841617
1005005870996241
1005004824695197
1005004542366706
1005007262858676
1005007026784400
4000500359041
1005004767421737
1005006855449934
1005005956607778
1005006842935469
4000557669909
1005006427989952
1005006207897547
1005001267146546
1005005521551101
1005005280150066
1005003209446826
1005006692169621
4001013768816
1005005200350985
1005006427824096
1005005012732523
1005006885857542
1005007180156511
1005007507283896
1005007383287768
1005006722392135
1005006504321156
4000557791932
1005002604020548
1005006783086473
1005007244487371
1005005201256733
1005006926043981
1005002664761515
1005006613743496
1005007039936750
1005003096747610
1005007233961668
1005006861320592
1005006722196895
1005005645147065
1005007513285457
1005003030705383
1005005102172064
1005005598982629
1005007399507861
1005006671708772
1005006819156725
1005006113174736
1005006244180252
1005007491886447
1005006306103339
1005007289846928
1005006258185643
32978927362
1005007379044011