1005006432278994
1005006458952787
1005007575015749
1005006529532595
1005006505065851
33000259732
1005006910916447
1005001884093158
1005002085141528
1005006357866194
1005006399159127
1079752169
1005007209252663
32851987419
1005006277424081
32788710209
1005006287009798
32835067160
1005005386231514
1968871657
915695912
1005002545381024
1005007314855465
1005003304289269
1005007543666047
4000502200325
1005007613047175
1005005769223275
1005007537744113
1005007513441096
1005001831109191
4000358154089
1005006520579216
1968844757
742102055
1005007462536433
32888068549
1005006690596326
1005007216880745
1005007501249316
4000358097790
1005005925539546
1005006310532500
1005005786337499
1005007303289650
32848381254
1005007294289927
1005006894952920
1005007445623212
1005007436747058
1005001988141523
1005003637065737
1005007081708496
1005007291961816
1005007050813808
1005005699133200
1005007143995397
1005007092886005
1005007574626559
1005006423068268
1005003898962334
1005003761993197
1005006358103668
1005007059818874
1005006898762173
1005007474062579
1005006267476939
1005007465432048
32965767189
4001038172135
1005006446774489
1005004424921618
1005003992359952
1005007447890449
1005007367004784
1005006331351354
1005007449644956
1005006891272092
1005007179397961
1005005909798081
1005007474826320
1005004747080797
4001211589962
1005007255305398
1005004882462411
1005007447612901
32973239387
1005007592031592
1005007591911990
1005007143293843
1005004487023909
1005006091566589
1005007429691509
1005006877473032
1005007303302849
4001226052338
1005006330979201
1005006179412125
1005006715988763
32724196106
1005007091733546
1005004747067274
1005007432086090
1005007348360723
32966927260
1005005989893008
1005006917233742
1005005847433134
1005006853714189
1005003075090832
1005007415098007
1005005447539959
1005007051190284
1005007553895678
1005007238164352
1005007602456236
1005006536928226
1005007015333196
1005003761966353
1005007478407975
1005007520719968
1005007459085924
1005007462710834
1005007459308434
1005006662085728
1005007080876852
1005005888227710
1005007314892489
1005003990837106
1005007244403109
1005003075142544
1005006713049429
1005006940783929
1005003075144487
1005005447639699
1005007264807774
1005003075163282
1005006179785078
1005006527160508
1005007479327001
1005007658549451
1005007675583243
1005007671502997
1005007656971919
1005007513731017
1005007225661703
1005006766354120
1005007677319446
1005007673298299
1005007186336765
1005007793889868
1005007744330660
1005007753108724
1005007752724546
1005007744510084
1005007744331594
1005007744402648
1005007744500159
1005006911362994
1005007789620885
1005007789640802
1005007789793587
1005007767328693
1005007691984897
1005007782210897
1005007781284318
1005007781329024
32686529558
1005007692955309
1005007772877791
1005006025010276
1005006655174693
1005007255743536
1005007575196442
1005006528763475
1005007051251233
1005006398211645
1005007115966403
1005006212553202
1005007651138022
4001273406582
4001273231710
1005007772242728
1005007692903503
1005007766574602
1005005851656379
1005007690261217
1005007710303333
1005007710208818
1005007690099176
1005007750942305
1005007754269850
1005007753033160
1005007730500233
1005007742516677
1005007742329157
1005007736847013
1005007738264411
1005007729592671
1005007734136954
1005007729857070
1005007706784456
1005007722673311
1005007720927202
1005007718605293
1005007718548605
1005007714916442
1005007708163429
1005007712749840
1005007710962768
1005007649447277
1005007706526759
1005007693069625
1005006022814923
1005007051043417
1005007051259176
1005006024853982
1005006025029095
1005006024938641
1005006024884906
1005007050805847
1005007005729440
1005007184970275
1005007575180779
1005007477307720
1005007597070278
1005007624103621
1005007370842748
1005006025030110
1005007525182196
1005007256171203
1005007575616799
1005007568236268
1005007007949109
1005006024897793
1005007185047196
1005007568016593
1005007570405354
1005007575557735
1005007578241127
1005007563752004
1005006367274584
1005006412533814
1005006348589102
1005006332133751
1005006552784555
1005007575552598
1005007600588307
1005006760753514
1005007389760237
1005007435262553
1005007433693536
1005007263432377
1005007255903885
1005007650378585
1005006421413380
1005006460767220
1005007585817713
1005007184915326
1005007450307456
1005007396660944
1005007534877850
1005004193965343
1005005929037048
1005007344929752
1005006350413490
1005007622914820
1005003884784283
1005005131540379
1005006107559550
1005006425966089
1005007015003714
1005007141053206
1005007050959594
1005007432409790
1005007015059602
1005006501707073
1005007434329581
1005007314830877
1005006820927741
1005005921820262
1005006838140256
1005007314715935
1005007409516341
1005007648303696
1005006859182657
1005007448216514
1005006211635278
1005007144364079
1005007459467147
1005007423973376
1005006843650886
1005007657321936
1005007657381930
1005005953829808
1005007311033097
1005003891133015
1005003416540036
1005003422758485
1005003418612867
1005003682353950
1005004180695618
1005007724032341
1005004013438115
1005006198986519
1005005836937622
1005005477895717
1005005691508602
1005004608290118
1005006613227923
1005006098474452
1005004953255862
1005006612876102
1005005203495851
1005006986403648
1005007100888594
4000186529887
1005003624641132
1005007392262825
4000162289434
1005006347727424
1005004772477312
1005007426931478
1005005590225782
1005007083507939
1005006119374319
1005007324012609
1005007369695949
1005003079771695
1005007019472924
1005007228716039
1005006835164397
32933414055
1005005733805211
1005007055824104
1005006546114486
1005006769645930
1005007307116688
1005007050583318
1005006040357414
1005002645954597
1005005395062074
1005006969852163
1005006481329882
1005007436099548
1005006948736044
1005007112154888
1005006581870215
1005005843885307
1005006143274219
1005007044128258
1005006952822046
1005007083302150
1005004305102532
1005004013671110
1005006370028373
1005002938867200
1005006994889711
1005006293498750
1005007439238295
1005006031679173
1005007280552590
1005007116675357
1005005090725212
1005007519707776
1005005791914946
1005003979372381
1005005053935551
1005005274084294
1005007183930580
1005006312727315
1005003140454422
1005005941054896
1005003245050150
1005007294277900
1005006365104319
1005007442164246
1005006850084485
1005007442170466
1005007296252509
1005007342134555
1005007206232820
1005006953195517
1005006880575711
1005007183910975
1005007322373314
1005006901761480
1005007213064820
1005006851101651
1005007006642037
1005007201307058
1005007557589018
1005007021301810
1005007021644343
1005006953539921
1005006973901997
1005006986172543
1005007280907437
1005006880598615
1005007466654398
1005006797428786
1005003214068017
1005002645949463
1005007035942304
1005006689232725
1005007143209835
1005007336652047
1005007134940133
1005004583265204
1005007346904485
1005006662519192
1005006128937439
1005007017493592
1005006392806363
1005006853479289
1005006866528685
1005003007158144
1005006851086660
1005006880686137
1005007432724594
1005005539141302
1005007195778258
1005004941164165
1005007207793355
1005007545997257
1005006880489976
1005007426876522
1005007563669559
1005007355243345
1005007283464125
1005007203091017
1005007121314770
1005006850113442
1005006832853069
1005006807161380
1005006986071315
1005007041097787
1005004329212750
1005006854694341
1005006639408412
1005007519871556
1005007218911493
1005007173439566
1005006608723919
1005004037570056
1005006797399987
1005007562260631
1005006845097831
1005007530292806
1005007467359618
1005006986223287
1005006908855482
1005006841945303
1005007541989787
1005007176896592
1005007463550876
1005006259296976
1005007466758312
1005007213072715
1005006965502907
1005007239714373
1005006913021278
1005007349640294
1005007090919950
1005007568866302
1005007093114017
1005006849972982
1005007467676374
1005007442036965
1005006789639272
1005003194071335
1005006770552955
1005006895647323
1005007025463372
1005007269380270
1005007019572870
1005005895558388
1005007303983122
1005006741436052
1005007323895266
1005003094169138
1005003039172743
1005007213254719
1005007022215339
1005006850020013
1005007583025562
1005006991905312
1005006046651104
1005004061948184
1005007213491109
1005006952099725
1005006904777954
1005006309004813
1005004302028064
1005003979703111
1005006838533014
1005006991577375
1005007048795241
1005006986554178
1005007206271601