1005003026772813
1005002543447930
1005006124724767
1005003402589366
1005007647753334
1005003427663758
1005003402509769
1005003314430150
1005003402464809
1005003402556505
1005003402529846
1005003319291578
1005003336961393
1005006016372675
1005005995960997
1005005514793328
1005006501276676
1005002532676388
1005007128098414
1005007425888473
1005003148287735
1005006748308900
1005007219027302
1005007301893334
1005007041441787
1005005065577359
1005007040928401
1005006331412312
1005006001599910
1005006848185585
1005006786068939
1005007468352714
1005007025607798
1005007619998784
1005007277172406
1005007493415991
1005007362008466
1005007015875156
1005007355455760
1005007446798169
1005007409382357
1005006706414918
1005006623486031
1005006844040367
32870907800
1005007401859012
1005007456554690
1005006348347025
1005006870183423
1005006844168088
1005007183747786
1005005218094437
1005005218142258
1005006963925072
1005007323833608
1005006265409630
1005006218989994
1005006292195816
1005006731743781
1005006162556436
1005007542623641
1005006843941716
1005006669105089
1005006383313632
1005006884794983
1005006683852837
1005006749134056
1005007356722187
1005006530158713
1005005685389239
1005004343450501
1005007607910266
1005007296584343
1005007190022458
1005007576328892
1005007539925513
1005006692172394
1005007466490408
1005007466272863
32803156418
1005007449463046
1005006105280601
1005007426059365
1005005468603533
1005007349701282
1005007045599314
1005007254679378
1005007254683451
1005007099567355
1005007024894391
1005002853232289
1005007161558713
1005006081881723
1005006086250321
1005007005919068
32707132192
1005004702825147
1005004592716653
1005004862763363
1005005356896031
1005004985218753
1005005128807349
32870955258
1005006202698562
1005006107795051
1005006108684206
1005007607816543
1005007255023865
1005006202810819
1005006202749261
1005006105393065
1005007280576422
1005006239784578
1005005213057620
1005005218190086
1005007311373386
1005007134608193
1005003153096040
1005005424729165
1005006105377131
1005007199535802
1005006852723304
1005006857661167
1005007260128257
1005006973147683
1005006956337066
1005007418798464
1005007039940427
1005006158551413
1005007681762342
1005007681561637
1005007681848166
1005006202750281
1005006105226956
1005006125685523
1005006349247429
1005006105284579
1005007287509828
1005007147095701
1005004065763709
1005007280298559
1005005218091257
1005006158422883
1005007203921918
4000836906871
4000836903840
1005001465942917
1005006158479908
1005006158560355
1005006959165793
1005002454736447
1005006105282407
1005007671977674
1005003608183341
1005006349211593
1005007671484457
1005007189140450
1005003765279662
1005006108796355
1005006105228878
1005007434066862
1005007625405555
1005007624301040
1005006824823441
1005007058371847
1005007624867340
1005003052416713
1005006202687768
1005005076108258
1005006986209367
1005006985996990
1005002238079338
1005007092440425
1005007690121104
1005007324965001
1005007317748170
1005007744298592
1005007744283961
1005007744367327
1005007739573438
1005007697250535
1005006792611997
1005006718545485
1005007085338478
1005007252457645
1005007176073059
1005007349462677
1005001465770974
1005007113023833
1005006158577460
1005001447491431
1005006158403987
4000836930691
1005001465946376
1005006158499904
1005006158558450
1005006105845373
1005006105218779
1005006986216334
1005006105325089
1005006986128327
1005007738727594
1005007738701854
1005007710460408
1005007698135097
1005007705409999
1005007702313617
1005007483225819
1005006875711279
1005007372284929
1005007467381072
1005007141089051
4000836923671
4000836901891
1005006966085308
1005007063610306
4000836954391
4000836977112
4000836905888
4000836918678
4000836904855
1005001465907505
1005001482999161
1005006984545762
1005006158633136
1005001465854368
1005006158488064
1005006158502850
1005006158497557
1005006158388788
1005006158426722
1005006125715289
1005006125717238
1005001466071089
4000834077217
1005004063171095
1005006158523365
1005006125663618
4000836908933
4000836964199
1005006158622161
4000836909956
1005001466019252
1005006158472307
1005001465807586
1005006125746150
1005001466049154
1005006248032730
1005005924240001
1005005850505729
1005006168305534
1005001762618507
1005005797376194
1005005791941354
1005007115651592
1005005768829638
1005005924857993
1005004291804966
1005004035159819
1005005801754568
1005002664924653
1005006968941220
1005006142812596
1005004940686382
1005005600401096
1005004306455943
32252297891
1005006388760360
1005007317126523
1005005266825782
1005006394986133
1005006070432161
1005005906146859
1005005816003642
1005003265529900
1005005944317502
1005005616711109
1005006853938043
1845683175
1005006463290154
1005006490427715
1005002056469447
1005005386417044
1005005776852851
1005005344758426
1005006524213851
1005001436501119
1005005486649772
1005005928348094
1005006699025157
1005006318233923
1005007102099584
1005006810663694
1005007337291079
1005004786874258
1005003343240128
1005007197741390
1005006344016697
1005006119366663
1005006349856257
1005005776216072
1005006165190108
1005004297483234
1005006001997137
1005005443559104
1005007000530879
32460813359
1005004958541808
1005004557150958
1005006156070595
1005005401519278
1005005884286327
1005006706890414
32984051024
1005006529286327
1005006259575424
1005005510068784
32821795946
1005003363757415
1005006331331645
1005005776830269
1005006916598927
1005006908703955
1005004659693866
1005006961493444
1005004833991137
4000996626886
1005006311973504
1005005430051955
1005004161961999
1005006629789154
32713408600
1005005653753534
1005005797395091
1005005884177847
1005005801753589
1005006664491988
1005007118327222
1005005357557763
1005001703821750
1005006983998029
1005004882438802
1005002555747263
1005005276208542
1005004427747719
1005006144600944
1005005952805714
1005006213111445
1005007108368860
1005005817383445
4000130712887
1005006219687597
1005006364157555
1005005026638333
1005006442394130
1005007316044150
1005005997664643
1005004535413155
1005006854876710
1005004263855147
4001057930399
1005006330954041
1005007069665976
1005005688488320
1005006303842964
1005005079110152
1005004207675899
1005003724216566
4000231636223
1005005161630649
1005005254288996
32823394087
1005005046649318
1005006466947388
1005005510083701
1005006625809421
1005006118661912
32845532789
1005005997940436
1005006329185877
1005005658063111
1005006045341447
1005004780335234
1005006678957014
1005005776810894
1005005965573634
1005006266338986
1005006013352282
1005007495504335
1005006381311065
1005007235423608
1005005904089892
1005004965337846
1005006981771724
1005003213394512
1005007382547619
1005006168290788
1005005196128318
1005006045356401
1005006456580324
1005006467861974
1005005907242319
1005004868462781
1005007476504589
1005006810230818
1005003162746975
1005004589401596
1005005959232120
4000293700673
1005006851482156
32822209940
1005006775863464
1005005936918539
1005007199592770
1005006861704075
1005006867942576
33017312218
1005007320559791
1005006935228678
1005006023512500
1005007489085723
1005005776854355
1005005385371951
1005006574208468
1005006272833421
1005001763332141
1005007205574098
1005006548558563
1005007200945993
1005007293427290
1005007533642869
1005006280091594
1005004566954994
1005001863894251
1005007144964504
1005007185205060
32832187940
1005006972889071
1005006690155578
1005004905679578
1005006589691512
1005007117450685
1005007102787542
32861588320
1005005973235631
1005005779216529
1005006449747749
1005006821532776
1005006436991321
1005006490038679
32952502157
1005007083257168
1005005947743299
1005007272026438
1005005961644546
1005006014563736
4000069409595
1005005115950114
1005005768609834
1005007198793969
1005007615162526
1005006318676316
1005006149362184
1005006383174756
1005007197247077
1005007227302085
1005007510402104
1005006247235269
1005007102137017
1005006728842146
1005006924694800
1005007625648995
1005005369630532
1005006210602868
1005006883695024
33029508440
1005006002695964
1005007173971361
1005007077100316
1005007400721412
1005007285912132
1005006328408484
1005006466146597
1005007504918342
1005007545194222
1005004056143539
1005007620808982
4000181214302
1005006919011116
1005006972287257
1005006647554941
1005006679790037
1005007589632153
1005007059272995
1005006246763435
1005006991681936
1005006413075834
1005006801828118
1005006367836420
1005006750259219