1005005925044681
1005004236180516
1005004333042384
1005007299806141
1005004492279294
1005007031405644
1005007470687303
1005005115552732
1005007483050001
1005006793077662
1005004250328252
1005007105672698
1005007001697335
1005006095220266
1005007485159324
1005006942827233
1005007611279854
1005004987415215
1005002900719406
1005007638411218
1005005163628876
1005007328998626
1005002855080748
1005006898319314
1005006011214086
1005004258084166
1005005338049713
1005004258161501
1005006890484098
1005004258192105
1005004258166591
1005006981268802
1005002854692377
1005007573456941
1005005131796042
1005007424316367
1005007442572921
1005005024685306
1005007487875364
1005007651738429
1005007456300389
1005007117104537
1005006537928035
1005007229791268
1005006208599308
1005006909220863
1005004250383391
1005004258152710
1005002856301316
1005002855662064
1005007673199429
1005007656664586
1005007689419481
1005007732130928
1005007710529041
1005007755058490
1005007769767169
1005007769453731
1005007774116433
1005007769096764
1005007706843363
1005007706530910
1005007768713831
1005007758286056
1005007757041333
1005007733310148
1005007706659664
1005007774158368
1005007573595635
1005004119405270
1005007247476341
1005007167447785
1005006511389034
1005007640447873
1005007502601070
1005005925074370
1005004993045583
1005006903817707
1005007233336849
1005007391182265
1005005123270371
1005007482751663
1005007103781613
1005006764802144
1005007420748597
1005003193964664
1005007233435808
1005007464589988
1005006927493432
1005007622706414
1005007650063124
1005007617409637
1005007233483749
1005007514795243
1005007313854575
1005006537517329
1005007659093803
1005007514783415
1005007233681416
1005006400950776
1005007233296919
1005007233624549
1005007662021651
1005007233438849
1005007233662312
1005007392868525
1005007233866101
1005007495675708
1005001998183752
1005007301376429
1005004763643119
1005004159715427
1005006589320169
1005007332493536
1005007253478527
1005005849971324
1005007385935734
1005006031491632
4000197375364
1005006641055491
1005005492282734
1005006963161344
1005005284482324
1005007331135097
1005007442388940
1005006993074973
1005007240254782
1005006753916117
1005007295876061
1005001991964756
1005005455173773
1005006372393108
1005005801353846
1005005223577764
1005003965205156
1005005653835216
4000897882091
1005007334759728
1005002638961391
1005001288522661
1005007286528407
1005004465690954
1005005920489980
1005006774066722
33004036300
1005005661101509
1005006614572776
1005006774092853
1005006233286983
1005006333887529
1005005936475432
1005002443031803
1005006910241776
1005007018778804
1005006607894614
1005007360692009
1005003111145086
32850479082
1005005861844558
1005003752258224
1005006807780517
1005007298431744
1005003391655105
1005005095996663
1005006158152662
1005002902450103
1005005616067914
1005006030160319
1005004321172466
1005002608240889
1005006383699525
1005003534926346
1005006367004323
1005007135139831
1005004314125878
1005001992568706
1005006708058150
1005007188113967
1005006867132077
1005002204421894
1005004410600032
1005005898727388
1005007570632493
1005007546766791
1005001994979437
1005007168517409
1005007074558370
1005005673177180
1005003239588887
1005005079152267
1005001615240354
1005005997979017
1005007289105399
1005007469078610
1005005803765796
1005003347028596
1005001996755695
1005006864679441
1005005771512477
32878562825
1005007543816916
1005006397831804
1005007060963287
1005003192139453
1005006434904858
1005007043472988
1005007614100941
1005002505631747
1005007576531338
1005007182050889
1005007385194602
1005007209349451
1005002879176005
1005003342020098
32920672351
1005007505809108
1005006135548406
1005004999871740
1005006413315493
1005003181633977
1005007468545409
1005007450052972
1005002982453509
1005006991759388
1005007545672715
1005006486986121
1005006503807368
1005004766098954
1005004921439251
1005007433653657
1005007164849163
1005004762093420
1005005544846072
1005006871111002
1005007247363900
1005005042182749
1005006820017977
1005006240108828
1005007589107578
4000345308831
1005003128667408
1005007468761676
1005001998513136
1005006707946473
1005007537165843
1005007377094512
1005005996736934
1005006207568198
1005007385093884
1005006982196983
1005007054835394
1005007510759506
1005007209265105
1005005991246180
1005006001675728
1005006558151055
1005006716288298
1005007481488067
1005005378350606
1005003264976112
32849208250
1005002008506747
1005007513598868
1005006691049928
1005003693000344
1005007506232544
1005007468782004
1005006740774872
1005005314147457
1005001998438876
1005007278416366
1005006046625112
1005005572693660
1005004836923154
1005007532182139
1005007449848764
1005007516529833
1005007309603841
1005007341635616
1005007646942380
1005005314122766
1005007061299470
1005004558213887
1005003021241904
4001340568494
1005003502411189
1005006846150649
1005006082358989
1005007560188150
1005007624156146
1005002530476704
1005007352379144
1005007532783945
1005007571346246
1005006374562216
1005004836244734
1005007568969884
1005007164983261
1005007168621196
1005007504922834
1005007463181924
1005007492964087
32808678794
1005007442218095
32902877306
1005006982454217
1005007327982220
1005002340135045
1005006990962310
1005007388932711
1005007559508285
1005006153770058
1005007131098617
1005005500750126
1005006439854567
1005006845291989
1005006544032615
1005007312736978
1005004392733403
1005006365883563
1005007544971412
1005007288876120
1005002100247600
32954682335
1005007269894028
1005005382072834
32834288545
4000369857411
1005006135265450
1005007247586313
1005007437985489
1005007446142434
1005006135342804
1005005261166856
1005004221310158
1005006257734676
1005007438350747
1005006331328815
1005007399584084
1005006358765264
1005007091227532
4000751090234
1005007556140141
1005006813917749
1005006977068023
1005006182595146
1005005960382403
1005005214319251
1005002591484190
1005006990995257
1005007060722533
1005006386493838
1005007240004538
1005003128693089
4000409495015
1005005924853394
1005004821022490
1005007210702685
1005006494026246
1005006220408191
1005006051116022
1005006340620976
1005006308904226
1005006691755969
1005007244452509
1005006484993314
32848739700
1005007024275307
1005006669078827
1005001656811920
1005005432145938
1005002530770607
1005007353853641
1005006932031020
1005005455315253
1005004242991776
1005006749351975
33008584244
1005007388989726
1005003462615633
1005007482574724
1005007143501657
1005007051219869
1005006150208705
1005007156881447
1005004573184472
1005006507809084
1005007372449918
1005007216316908
1005007392011348
1005007485260229
1005007517477970
1005007184366945
1005006773822649
1005003648807667
1005005764471973
1005005788637833
1005007015358415
1005005161761600
1005005073803756
1005007589069036
4000923168300
1005006083565275
1005007237343692
1005007524403296
32764884137
1005006246412827
1005006006855488
1005007481641266
1005007491999485
1005003228002957
1005006884533446
1005004849206646
1005005754616215
1005006032482803
1005005572619733
4001195259511
1005006558268496
1005007571757999
1005004813137745
1005006724280505
1005007054194488
1005006766770660
1005004749271359
1005006064028810
1005004041871130
1005007465774833
1005006368027794
1005007517712368
1005005100459753
1005006876165580
1005007217599626
1005005930643101
1005005416516350
1005004574607093
1005004094800018
1005006606812737
1005004178668052
1005007284306237
1005004070543761
1005006000797055
1005006998096883
1005007502682385
1005007586976640
1005006272774592
1005007198835274
1005006045612009
1005006744866751
1005006695513910
1005003883361663
1005007577745894
4001141750633
1005004982638486
1005006898785768
1005004225378728
1005007580978501
1005007199387021
1005003342372026
1005007220670132
1005003171088752
1005007131123371
32976261760
1005007503489081
1005007425783388
1005007111812640
1005007355963919
1005007503757050
1005006825914898
1005007061265201
1005006857530088
1005006199108422
1005006432571685
1005007233930705
1005003006594535
1005007566474147
4000345473460
1005007313728317
1005007051159698
1005007513158248
1005004481962554
1005007552264449
1005007505768135
1005006135810945
1005006567804413
32854704739
1005006494322925
1005004689432011
1005001848783501
1005006153533338
1005007574702502
1005007122883447
32877153238
1005007461794047
1005006078857860
1005007406176662
1005007451719509
1005006281414799
1005006896432540
1005005119078198
1005007222560588