1005004339194571
1005007161869712
1005007244130077
1005006171636750
1005006434352917
1005006434527362
1005005197329418
1005006500326402
1005006743712952
1005007202880265
32494178061
32801763898
1005006104895443
1005006186213533
1005006237715357
1005006965399085
1005006681075343
1005006186167857
1005004374645912
1005006200449171
1005005392664192
32901883693
32509693150
32509681693
32685163144
32493186289
32839272484
4000245202760
32668743193
1005003328329279
1005004921291975
1005006105185639
1005005966649215
32839518709
1005006094805801
1005006200920568
32680690966
1005006218812590
1005003632797779
1005006192124779
1005003340686885
1005003297446461
32496148457
1005007438233002
1005007168730579
1005005708596648
1005007437787001
1005006953702356
1005006744826480
1005005671206637
1005007464887538
1005007464916503
1005003342031321
1005004911359888
1005007437441809
1005006871208723
1005007273621448
1005007273402845
1005006771026456
1005003130209807
1005007410110135
1005007488637991
1005007437457819
1005005152185646
1005005461242939
1005005445501538
1005005449634007
1005007447274833
1005007096916478
1005003894458712
1005007096745888
1005006373295727
1005005512723266
1005006684458084
1005005812481305
1005001787326197
32833763637
1005004202702517
1005005952421623
1005006850666858
1005007399050715
1005003435380857
1005006832127276
1005007091102041
1005006440721890
1005007219170139
32765650239
1005006639175555
1005006108890404
1005005626967962
1005004645430472
1005007328926779
1005006193801246
32873688294
1005007371514441
1005002605351987
1005007176467661
1005006273166112
4000470898360
1005006007090855
1005006963044077
1005003830525971
945187005
1005007094427772
1005006525363867
1005005146749304
1005007202313161
4000802766731
1005007347754352
1005007176352523
1005007378620353
1005001351112758
1005007035487734
1005007371143938
1005007296934055
1005006973947320
1005006698291380
1005001526317462
1005007370410479
725299824
1005005932631133
1005005290453419
1005007253583750
32881798201
1005006140079121
1005006170057582
1005006181968613
1005007380996370
1005006597664123
4001271291670
1005004497370750
1005007089537739
1005007454164989
1005007271404283
32750446844
1005006393333752
1005007253542925
1005007379120717
4000136787476
1005007374959375
1005003142187775
32997100301
1005007381241013
1005007055828300
1005007371293593
1005007341299701
1005006621823222
1005007015797211
1005006934017541
1005007380728587
1005003718475979
1005007287575256
4000583470425
1005007371266274
1005003393009683
1005005576715141
1005007371305146
1005004929885559
1005001799180851
1005007378977081
1005006691539192
1005007288553738
1005007335474802
1005006202266911
1005006743957899
1005005351963032
1005002049599826
1005007089844278
1005005174293674
1005004159927428
1005004180457090
1005005956100018
1005006885078867
1005007175279314
1005007112561399
1005007316944352
1005005910762284
1005005952329097
1005007102241407
10000348326324
1005005629606607
1005007184746255
1005007103085387
1005006284298263
1005001799234913
1005007117118835
1005004407314588
32892802583
1005007330875193
1005004055166928
1005007343024529
1005005398385492
1005006367905474
1005005777879749
1005006520321886
1005007033024825
4000365268331
1005007128893263
1005006573853045
4000559955179
1005006215348524
1005004820530369
1005003377488239
1005007302457507
1005006134872333
1005006676315580
1005007055891194
1005004155604489
32957631021
1005006694978144
1005007208519439
1005007161720215
1005002803297122
1005004829343165
1005006766166310
1005007342993380
1005004355223154
1005006407640234
1005006645449997
1005006974104327
1005006996025481
1005007128039428
1005005281968473
1005003188939297
1005006745910161
1005007461441603
1005006401621093
1005007445476777
1005006845654385
1005005990437894
1005004353097363
4000615595449
1005003629097228
1005007311252403
32804998979
4001190732245
1005006579530804
1005003682325989
1005006631228853
1005003964509977
1005006828141524
1005007123262933
1005006157541674
1005007107257987
1005002326344949
1005005996885940
1005006225130834
1005006500560400
32967622307
1005007427704337
1005006758782871
1005006049996243
1005006800306665
1005005961225642
1005007121457526
1005006787955335
32804493900
1005007092490007
32973392347
1005005096905724
4000076330959
1005007118444391
33002771232
33029941322
1005005830442230
1005006754984074
1005005520796151
1005007059998828
32891927165
1005007417101670
1005007443616498
1005007138951202
1005007192868507
1005003784404046
1005006939394941
1005007181739203
1005006869512312
1005007181272749
1005006216636026
1005006765620280
1005006112464031
1005007344521097
1005007348114160
1005007386631127
1005006678811549
1005007406151651
1005007186097232
1005002783065155
1005007005622101
1005006770047717
1005007357281962
1005003597165066
1005007413958147
1005007193822865
1005006255337810
1005006619483955
1005006856696222
1005002245772118
1005007404178805
1005006690242614
1005007364424151
1005007450127381
1005007134796074
1005004071824669
1005002246659387
1005007459731985
1005007441007711
1005007373997742
1005006435307486
1005007202618382
1005004232854651
1005007004957285
1005007181127912
1005007184635205
1005007411345111
1005006328124921
1005007313836314
1005007071904482
1005007004872340
1005007005146045
1005007005025196
1005007326006422
1005007315164459
1005007315345202
1005007411808821
1005007406479930
1005007141938559
1005005586912215
1005006270196817
1005005024432054
1005005354260016
1005007173465588
1005004927612355
1005006744620882
1005005843738716
1005003106862091
1005006682429216
1005007353307754
1005006806396543
1005006900250924
1005006205952595
1005006902682416
1005006448861571
1005007183878038
1005005894728055
1005004856869636
1005007184156840
1005007173019833
1005007011382132
1005006441010371
1005005670840074
1005007002335500
1005006825910934
1005006740845725
1005006223019081
1005006329614825
1005004812854214
1005004272831806
1005007134907350
1005006658800206
1005006318771648
1005005632210900
1005007145394797
1005007211530468
1005006863783820
1005006341832533
1005006762537406
1005007008336128
1005006875793290
1005007252657493
1005006569500782
1005006741090515
1005007051613012
1005006443704955
1005007232867250
1005007137699137
1005006435619642
1005005442220372
1005006454504728
1005006885243987
1005006877751665
1005007080985767
1005006786897505
1005006973849094
1005007294396332
1005007220113203
1005002347528095
1005007455910199
1005007459094666
1005007400001592
1005002950978930
1005004025091029
1005005981461057
1005004511754987
1005006288996001
1005007309943446
1005004866413719
1005007269888275
1005003523190393
1005007447078426
1005006931777422
1005007411220303
1005002748361050
1005006846240788
1005007055774805
1005007484091516
1005007448949398
1005007453905064
1005007447152493
1005007407522632
1005007353127468
1005007220173687
1005005927742997
1005006450813131
1005007055534864
1005007475254599
1005007475371047
1005007476740685
1005006362319566
1005007476762741
1005003161808176
1005007481314612
1005007483964588
1005007487795844
1005007459505667
1005006408827286
1005004257349828
1005002495574385
1005007478707109
1005006802467811
1005006919109968
1005007297009178
1005006649976860
1005005326774873
1005005942551556
1005004083609580
1005006817614919
1005006817630884
1005006158620269
1005006891290686
1005006175317931
1005007090193195
1005005016602625
1005004903534090
1005006783530254
1005005867671566
1005006749592182
1005006158570571
1005007147577297
1005007392482421
1005007121326064
1005007390315427
1005006808658530
1005006996447639
1005006931893956
1005006808541928
1005006912465057
1005007097307459
1005007270437731
1005007384651412
1005007368622973
1005006135702222
1005006997226655
1005006866780563
1005007447247078
1005007386748268
4001294030413
1005004492456709
1005005871616472
1005007164284053
1005007447281015
1005007427992464
1005006976390115
1005007390451100
1005005140211094
1005002828588345
1005007408105388
1005007247523347
1005007054740457
1005007029766223
1005007034458457
1005006371227121
1005006371175331
1005007219350375
1005006135274731
1005007189372844
1005007080192171
1005007056566200
1005006867195490
1005007055558112
1005007214119894
1005007055781431
1005007012185833
1005007033633652
1005006424145509
1005006424115642
1005007456900050
1005007147147227
1005007095669968
1005005995022194