1005007625049337
1005006993873317
32950348062
32831471489
1005002913350344
1005005891347338
1005006944615992
32902199547
1005005590298390
32999390481
4000497788744
1005002382405283
1005002776558486
1005003060823899
1005002913498517
1005007190879977
1005004428739221
1005006478075908
32900869217
32964412679
32225792550
1005002634986093
1005006258424456
1005004521091093
1005006891314209
32536581240
4000388910806
1005006127045226
1887170209
32692708176
1005006944712499
1005004179086725
32987921081
1005002049110179
1005003058073061
32993533734
33050837882
1005006944678729
1005007108134850
4001123037912
32901025353
1005004785969106
1005007612139866
32542650750
1005004553139888
1005003648041286
32868592359
1005007652518792
1005006944746360
32225800282
1005002928812081
4001238328555
4001163701763
32738291068
1005007566147544
32913858154
1005004418073610
1005004027289637
1005006993754487
1005003705851670
32844849172
1005004878873742
1005005483266995
1005007652936083
1005002275754090
33014114830
1005003031782002
1005006779975991
32973312614
1005006780110193
32721660203
1005002813812283
32696209759
32949281036
1005005697337763
1005005873207079
1005007564370766
1005007551998828
1005005312681871
1005006944708528
32974734549
1005003072879554
1005004921645547
1005004970612171
4000183564089
1005002913375047
32946158403
1005003975216097
1005003281147224
32825988050
1887477174
1005005454918676
1005003328767453
1005007427262136
1005003299525232
1005003733201479
32989031322
1005006244688504
32967980279
4000877066066
1005003717795159
1005002091473052
32681212032
32956457043
1005007198154029
1005006944761277
32346985886
32782073240
1005003050499317
32478621053
1005002782412548
32747787445
32706066154
1005004580047381
32913060412
1005003733277152
32944692412
1005007464587562
4001097520090
1005006247623298
1005006944758323
32965378458
1005001968645207
1005004755333385
1005006418190825
32934291674
1000006507517
1005003657914586
1005006873903679
32966339266
1005006944641964
1005004254508831
1005005562027982
32345093190
32819072638
1005006944741441
1005007106847985
1005007177061657
1005002796920081
1005004173972770
1005001973578742
32749378040
1005007438529977
32789530142
1005004623382377
1005001649233591
1005002541875740
1005003072901354
1005001792966647
4000176971778
1005001852300547
1005006780094210
1005006780082326
1005006573974435
1005003669480531
4000382048853
1005006944656791
32947147587
1005007406270942
32943873328
1005007128980864
1005007031301804
4000371900170
1005005847325637
32721552971
1005005473682765
1005003716466990
1005006780171084
4000966726287
1005006780198251
32818049688
32827515870
4001163733606
32756562584
1005004627108871
1005006944641935
1005003952607379
32965776152
1005007421452468
1005006945332448
1005006944673782
32749450960
1005003705356687
1005002046479517
32770865187
1005007108849216
1005006944768178
32984550113
1005007385512502
1005006834253055
32852368055
1005002913355512
1005007188365774
32953976583
1005006780098593
1005004641818773
1005003787520957
32720165757
1005004340150313
1005004698708096
32947175307
605657678
1005003669391960
32348063166
32959085769
32984874657
32580867749
1005007620681449
32643152465
1005006780007650
1005004110278859
1005006759036042
4000966341752
1005006780110328
4000209991182
1005006736414198
1005006780006465
1005003699793869
1005003065025200
1005006918856443
4000481757094
1005006186713399
1005004232970862
1005007484875869
1005005667516174
32789346581
32771792595
1005005903247728
33004320726
32857945241
32859166793
32706764385
32814452828
1005006944714476
1005004621542108
1005004610184304
1005006944636943
1005002319078985
1005006944624968
1005006944760244
1005004627025357
32985855207
1005007421672107
1005006780040453
32970103542
32749486769
1005003313506342
1005007414061198
32763684994
4000176930933
1005004705032420
32479675289
1005003041678686
32292186247
32788514181
32965615804
1005006739471329
1005004583300814
32912984314
32824828847
32841193016
32789575000
1005007543207858
4001090447399
1005007429468953
32963669458
1005003577764707
1005006780028582
1005003045076607
1005006780172246
1005007563861708
1005006780107209
32258681896
4000738002890
32259556160
1005006739527394
32692289563
1005007233356983
1005005583050650
1005007498681595
1005002046389488
32993759303
33022370374
1005002482433800
1005004071331122
32749374589
1005003434824191
1005004917003921
1005006142353010
1005006960285495
1005007137223178
1005002780199130
1005007180941929
1005007474529585
33032105553
33032922091
33041557728
1005001807510994
33035795575
1005004569574850
33034662704
33020066524
1005007556378535
1005001265370117
1005006648678346
1005006586473687
1005007520003360
1005004408094677
1005007272753351
1005007273137254
4000011809118
33029686690
33041004853
1005006861068160
1005006776674783
1005007427554207
1005006777428698
33032703794
4000812368545
1005006619276031
33032604371
4001291113096
4001244235654
1005007268291904
1005004904624691
1005007267657180
33041753232
1005007348861519
1005004728146630
1005007212286220
1005001265325313
1005007385384336
1005007166680306
4000804846759
4001287240148
4001200924119
1005004800868742
33041468549
4000812697980
1005006619427583
4001038737912
1005006684578700
1005005879873541
1005007360703741
32978322435
1005004974849419
1005007353914442
1005007089044929
4001038902672
1005006384690943
1005001304976270
4000012785235
4000011796600
1005006621712757
33031593037
1005005166980021
1005007174509633
4000627305324
4000282608000
33055720578
1005001506561964
1005006574227038
1005007104101104
1005006173490131
33056552052
1005004655655758
1005007268291032
33000359040
1005004658189705
1005006435255526
1005006584856172
1005007278394553
1005006273388769
1005001343460967
1005001627057476
32697873576
1005005925566547
1005006651286557
33059595450
32979943436
32974894761
4000286039545
32615399680
1005003298508896
1005006646031622
32798930375
1005006731746912
1005002822501878
32998974100
1005007348846168
1005006721868499
1005007347657270
1005005962244908
1005007167538411
1005007330691375
32978286427
1005006435322603
1005001824118282
1005007340275804
32998534509
32422807673
32422851150
32987952060
1005006100088615
32996186304
1005001499881299
1005007418775583
4000570387458
4001296763372
1005007340357914
1005006036388322
1005003165311085
1005006435528761
1005003968177721
32536298879
32894483340
1005002457834394
1005005193708705
32959992844
1005003396249164
1005003826519985
1005006161549685
32890559119
1005004471084888
32994929616
32663337010
1005006751631113
32976247500
1005007437245050
1005007435876121
1005007519755584
1005007473359284
1005007568880564
1005006809098177
1005002621079813
1005007266900356
1005004571092336
1005003337110606
1005005083353489
1005005565443066
1005006454472100
1005006150103800
1005003884603760
1005004794662359
1005005603295997
32835726479
1005007497794996
1005007246583244
1005007320113306
1005007151228371
1005006000420774
1005007013339851
32835730631
1005005821074955
1005007439419628
1005007575501038
1005005893416519
1005005397000547
1005007557499047
1005007564007892
1005007508747504
1005006109361077
1005007527436963
1005006881417020
1005006584734003
1005005038585480
1005005615326212
1005005262726080
1005006485079842
1005004718429623
1005007299974092
1005005050940761
1005006115858050
1005002352371670
1005002112269973
1005007538947877
1005004383983331
1005007124965021
1005007419209469
1005003204083116
1005005400453092
1005006860191255
1005001895246722
1005007273397456
1005006577698953
1005007088499244
1005006668685077
1005007465390512
4000257331514
1005007032334339
1005007570675351
1005006159965222
1005007547707967
33004084922
32831575906
1005006621608202
32990931563
32977479980
1005007132085152
4001027482222