1005007355117897
1005005621813320
1005006884398102
1005005597592842
1005007167322580
1005004351866568
1005004084200967
1005006895508685
1005007116115694
1005007032416315
1005005480486467
1005003708628903
1005006968090963
1005006088769453
1005005975607098
1005003737282563
1005005356793912
1005006449355978
1005006901021126
1005003349380145
1005006265746910
1005004641951870
1005004673580120
1005006593666168
1005007278440404
1005007431635758
1005005772160894
32963661100
1005002032853991
1005004557857794
1005007549603524
1005006962390397
1005003209984850
1005007246034930
1005003526697892
1005007232318476
1005005866759155
1005004369803888
1005006380909024
1005006027492117
33027254031
1005006064967225
1005007341250001
1005005859183338
1005007102572226
1005007216001612
1005007433762030
1005005259384066
1005006881628773
1005006159384885
1005007184202665
1005003148486317
1005007529432565
1005005831416179
1005005983479991
1005007589097681
1005005204908387
4000992128152
1005007182561253
1005005175509280
1005004778750617
1005006917012374
1005006979783372
1005006849457799
1005006540094813
1005005707830601
1005003741865788
1005007089835477
32861163027
1005007225764080
32946185123
1005007456160642
1005006692571632
1005004670115379
1005005533403693
1005006927335196
1005006872207969
1005002898118466
1005004966344136
1005007065178133
33050406109
4001345733284
1005005900870858
1005006689944157
32955553928
1005006055077442
1005004322879387
1005005271446505
1005006400217124
1005007056575729
1005007227835436
1005007424344823
1005006508168324
32855256882
1005007329086996
1005007196929693
1005007090629577
1005007528434447
1005007533847321
1005003322891168
32905413196
1005007355503228
1005005482516518
1005004050453262
1005007426451154
1005007144971618
1005006162559165
1005007338467638
1005001511042659
1005007285048820
1005007017886644
1005007244129240
1005005184500751
1005006979826139
1005002751052675
1005002541954513
1005007117024172
1005007472417697
1005007274050483
1005006213188585
1005006361391581
1005006164984107
1005005333447403
4000511241943
1005007120162089
1005007319955928
1005007039251927
1005007438373946
1005006259503034
1005003363376765
1005007298221612
32970906242
1005006078600518
1005006348465338
1005006801837764
1005006884308573
1005006240043935
1005005961254606
1005006508155778
1005007223316610
1005004294345892
1005006156936675
1005007131722862
1005004966324100
1005003125336670
1005003569240090
1005006429777555
4000029790882
1005007430950930
1005007005008164
1005003122999365
1005007538807192
1005006090311959
1005002526537552
32974939317
1005007415521534
1005007516012587
1005005785908659
1005006734093987
1005007083479494
1005005959242670
1005003942081129
1005007096508771
1005006078820229
1005004894009289
1005007338862977
1005002707398212
1005003736260223
1005006905148344
1005007538459866
32963042387
1005002783041690
1005005928798535
1005005789922790
1005004421723699
1005007187435225
1005003215091289
1005006860320645
1005003715390770
1005005976071152
1005004429416530
1005006012416465
1005001866600058
1005007518434135
1005007030337975
1005005269201573
33025732038
1005003379779634
1005006903914717
1005007061350697
1005006918749311
1005004207576961
1005006286000346
1005007369483563
32920453532
32996493539
1005007463594421
1005007129797196
1005006403016948
1005007236112771
1005004634489492
1005006979848073
1005006399367607
1005005245182042
1005004946354596
1005007439544792
1005005541354457
1005006885949259
32996298905
1005006000526766
1005007474479560
1005007010903460
1005007339778291
1005006795465340
1005007378700483
1005006016595664
1005006357563440
1005007367531362
1005006289805868
1005006865628823
1005007430826033
1005007253028055
32930923558
1005007012155434
1005007634545124
1005007103472320
1005007460516318
1005007576709154
1005004046962071
1005006038171423
1005007369360954
1005006750400140
1005005309504050
1005006870596107
1005006477135879
1005005721323262
1005007254109839
1005005030851920
1005007107917922
1005001725819796
1005005888366945
1005004334650831
1005007384795901
1005006493834733
32827675358
1005004261419455
1005007369568408
1005007058191780
1005001774051247
1005006472574096
1005007117145015
1005007069046169
1005007169181763
1005007430260120
1005006258860682
1005007266486515
1005006747593712
1005007451952404
1005006903976852
1005005584420152
1005007447357207
1005006948664648
1005006471734088
1005007219362440
1005007526041820
1005007216713149
1005006958303737
1005007018283080
1005006642240451
1005006838533783
1005007383834920
1005007278940291
1005007184094000
1005005949066112
1005006119272726
1005006557786330
1005005963731628
1005002940664860
1005005947925331
1005006064633768
1005006961695541
1005007096629269
1005007239426437
1005005448401905
1005006712303859
1005007118187865
1005006022497714
1005005772284070
1005007284949876
1005007452678441
1005006200659721
1005006866487039
1005006106238932
1005003339577174
1005007266994296
1005007366685101
1005007509107633
1005007036249743
1005006898013297
1005005033688838
1005006607333768
1005007216496348
1005006412693086
1005007155404693
1005006504112636
1005006995709938
1005007159001439
1005007143778166
1005007487176237
1005005944898267
1005004780088668
1005005565700727
1005002723874095
1005006211569901
1005006723866245
1005004060284239
1005006060696206
1005002605438506
1005007257877136
32923519952
1005002442854293
1005004453399072
1005002723801576
1005005875168054
1005006398184584
1005004442397444
1005002012601058
1005004502464418
1005004542621134
1005006269997453
1005007178534087
1005004484743129
1005003349367298
1005005408579105
1005001713300915
1005006462028147
1005006903838398
1005005667861108
1005002891182142
1005005859192094
1005007231897799
4000864648651
1005003428542822
1005005969362004
1005005140006029
1005003139117672
1005003757782316
1005003737015592
32842810031
1005003832856452
1005002441442267
1005005888384972
4000193279636
1005005398308697
1005003235716381
1005003400749935
1005007211743511
1005005472435286
1005006850148599
1005003366728486
1005006889419872
33032413262
1005006797913553
1005007059215398
1005005936648264
1005006878584773
33034214953
1005007308238428
1005007407303218
1005001482127513
32995391906
32979702643
1005006439675190
1005007095298803
1005006863200799
1005003709627968
1005004127987252
1005004574261629
1005005699799209
1005005177488583
1005006065283704
33014842073
4000397165042
1005005249114874
1005007243511362
1005007024574386
1005005452484738
1005005336305530
1005007374310145
1005007242556741
1005004895629882
1005007044187178
1005004865183359
1005005857327598
32956084773
4001050392233
1005006462399615
1005006026777670
1005005872048792
1005004966337217
1005002042857039
1005006321935005
1005004008893503
1005005504019575
1005003226947298
1005005061317654
1005007219425666
1005004310152561
1005004290318162
1005002191060873
1005006779388345
32850354273
1005006676155510
32828261565
1005006092609522
1005007175977680
1005003338918840
32957702176
1005006905528171
1005005997495318
1005007096680920
4000129363506
1005005703135282
1005006903759461
1005002914801713
1005006738443720
32876326058
1005005925115254
1005006392596143
1005006889169108
1005004243167940
1005006683251517
1005006904672250
1005007265797241
1005005257647133
1005005104860184
1005001493594920
1005007308364145
1005004542820848
1005002710731381
1005005491940248
1005007068723912
1005006170429024
1005007248865691
1005003708759078
1005006143238021
1005007053587467
1005005948858764
1005004888503550
1005005582113431
1005007466102877
32830291474
1005006052465592
1005007298962199
1005007038023736
1005005868245760
1005007480411926
1005006791050683
1005006085190909
1005007044574571
1005006976367011
1005007432386343
1005007057990408
4000807857698
1005005398047634
1005003853528429
1005007196886913
1005004959117791
1005006177959336
1005007010433904
1005007141158255
1005006870357439
1005006923196003
1005006797731997
1005007203446649
1005006922028364
1005006784232993
1005007169678852
1005007540053113
1005007137872076
1005006728552845
1005007123388550
1005007273539261
1005002473778696
1005007124802440
1005007203516915
1005007061201086
1005007208034644
1005007281581858
1005007130924180
1005007124725098
32928291086
1005006132614017
1005005980078124
1005007009745737
1005004237559608
32950802864
1005007104174462
1005004280896763
1005003748925080