1005006023671548
1005006047076757
1005006682466001
1005005562683763
1005007464368510
1005003192716353
1005005616817620
1005006857346025
1005007606014632
1005007156360081
2000658929
1005006063535305
1005007503450965
1005001339779198
1005004055266554
1005007003814628
1005004715327629
1005005104532149
1005007550379386
1005005723784594
1005006996160458
1005004282175620
1005007031972859
1005002392820847
1005004894572979
1005004211245830
1005005702195164
1005002861139002
1005006413886124
1005005394439593
1005007081352926
1005002862775052
1005005362924089
1005006709596397
1005006440080648
1005007314574232
1005007188207350
1005004402123728
1005006788570109
1005005226548856
1005006896727204
32945249809
1005007030536897
1005007082750440
1005003025352939
1005007498883234
1005004708521251
1005004882434808
1005006740708672
1005007030532803
1005004398698941
1005007481375866
1005007408948852
1005007343104052
1005006428490391
1005006313957531
1005006915255574
1005007044326755
1005006926393243
1005006661042668
1005007117391560
1005006197887612
1005002392859441
1005006885156470
32825817128
1005007266414045
1005002392880673
32959683435
1005007003964194
1005007044342517
1005007549769832
32810175141
1005006455713159
1005006759335411
1005006270196745
1005007557132297
1005007369259318
1005006620889652
1005007392710922
1005003177699711
1005007474949568
32775801338
32799037318
1005006340715003
1005006288951995
1005006833683941
1005006780554878
1005006735037877
1005004644489983
1005003096198362
1005006362650938
4001108144182
32306814561
1005005901050244
1005003740569082
1005006368409988
1005006459462794
1005006123911387
1005007607216504
1005007181243492
1005007444842419
32848005019
1005006996936980
32674240628
1005006903164122
32723449412
1005007327583315
1005002392813938
1005005544215309
1005006948637493
1005004803763228
1005006187247041
1005006772329679
1005006863840356
1005006145343635
1005003138011660
1005002477982592
1005002656620950
1005006971817135
1005004181809177
1005006274999370
1005005428723875
32800124789
1005005217660454
1005007409029974
32706255203
1005006703094983
1005006855101877
1005007036897938
1005007517490168
1005006236300112
1005007036149465
1005006990146269
1005005989097055
1005006425361318
1005005773318367
1005001451915590
1005005982257674
1005006285089285
1005005709353912
1005005714909379
4000058074630
1005007126330290
1005006451446491
1005005994121306
1005005982117811
1005007607102778
1005005273942838
1005006722354289
1005007244084830
1005007170239739
32987486968
1005006628293209
1005007462094978
32859612258
1005006133324515
1005006834437441
1005005606829463
1005002939561788
1005006335142739
4000761682224
1005007215324679
1005007432470266
1005006724425138
1005005838088498
1005005664121316
1005006071366481
1005006846374808
1005006409817904
1005004514505710
1005006273169786
1005006567764246
32703219033
1005007261335559
1005007513743759
1005005043399496
1005006169370350
1005006092868017
1005006369729439
1005004084794188
1005005992785947
1005004251992764
1005005632554198
1005003634368641
1005001928319743
1005006054218962
1005003723536913
32885154592
1005007104276214
1005006854704165
1005005905082407
1005007517403068
4000742462721
32890260497
1005001516000759
1005006969810077
1005005055009798
1005005896766013
1005006039167886
1005004421324857
1005006140129635
1005006082248627
1005005598664144
1005007457855179
4000984179142
1005006304402967
1005002858244835
1005002591670040
1005002809201131
1005006859826292
1005007394066536
1005006422579430
1005006639298621
33061283663
1005006902676302
1005002865197713
1005006715775754
1005005952550731
1005006249991963
32890966429
4000014924631
1005005836066291
1005001658862222
1005006769774994
1005005845444729
1005003501620410
1005004823270887
1005006018963775
1005003375482712
4000550467137
1005006729591702
1005006980462826
4001039107865
1005006504123558
1005006729486872
1005004660992195
32702118605
1005007253261528
1005006059796129
1005004324385791
1005006235316364
1005007032631370
1005007031860245
1005006891530592
1005006622996714
1005006849641742
1005006446489746
1005006148739631
1005007097233125
1005006366023998
1005005329639581
1005006388122813
1005007102706339
1005006267187523
1005007122614809
1005006860260686
1005007089053521
1005006624113015
1005006851708880
1005006009230018
1005007062081067
1005002850710071
1005002850292392
4000774844049
1005007517428272
1005006865723109
1005007037094523
32999454371
1005006185724576
1005003766738404
1005006191313517
4001263298208
1005005396168486
1005005982270898
1005004641162234
1005006178071367
1005004298963112
1005005987044679
1005007506872584
32806938829
1005006809087044
1005004305043812
1005005544905654
1005003912189781
1005006334345261
1005006266389146
32799319994
1005006079332644
1005006411539016
1005005731143810
4000009627457
1005006108934105
1005007478605483
1005002981675501
4000240427759
1005006860387700
1005006401857073
1005006405309553
1005006109663031
1005006212184249
1005006011996951
32451031239
1005005444422372
1005006773975633
1005004756738784
1005005841989159
1005004645413567
1005006767370133
1005006274834578
1005005261516637
1005001624956304
1005005827979949
32887530101
1005005545137024
1005007033310002
1005006413627235
1005005951372367
1005006435135895
1005007173528858
1005006231815451
4001231676430
4000778905263
1005006723524480
1005004449616127
1005003558074816
1005005897918544
1005005634262994
1005006146870349
1005004698600120
33049466021
1005007507635811
1005005754089525
1005006980781901
4000812572077
1005006794178070
1005006343656711
1005006212993251
33004874212
1005005366201201
1005007104487241
1005005941349236
1005006132890422
1005006460671760
1005007474122309
1005006163219181
1005002298812650
1005006890367235
1005006651504948
1005003661761959
1005007273730108
1005004860512181
1005006101918026
1005001873294485
1005006787185459
1005007292436519
1005005637677328
1005006262202897
1005007351893097
1005006706743994
1005006071790342
1005001933091831
1005005981822551
32819864507
1005004596035345
1005006128985370
1005003056156296
1005007346721580
1005007496386568
1005001270855358
1005006216506959
1005007125182181
1005005513666020
1005006433487304
1005001689700486
1005006860259076
1005004641744217
1005002100246973
1005005586152383
1005007234582543
4001234514266
1005005945746396
1005005863205713
4001015657715
1005006744075669
1005002629367335
1005002761495890
1005006887667845
1005005686164961
1005005473766150
1005004340304790
1005006864390164
1005007603185139
1005007375101581
1005006972327064
1005005079198066
32804285109
1005003688686473
1005005501134956
1005001937772856
1005007029787348
1005007208181817
1005006420242260
1005002292814842
32914628359
32890947416
1005005649732951
1005006845704737
1005006808950677
1005004992865350
1005005844273590
1005006133410257
1005003795286565
1005005882945930
1005004381307778
1005005505898880
1005006144892761
1005005718657350
4000289394588
1005003226251881
4000526315121
1005005606329983
1005004717717341
1005003862300228
1005005883278479
1005007530975508
1005007426432896
1005003222893561
1005006043872979
4000699017803
32820385119
1005007180760182
32806944172
1005006142492275
1005007383747189
1005002971032212
1005004792178274
1005005894601848
1005003923297558
1005006777410006
1005004027603669
1005004192950137
1005002509470466
32969264175
1005006795134196
4000469753248
1005003762239347
1005004550403910
1005004844894117
1005006367427084
1005004791640980
1005003781073641
1005005298282992
1005006660182202
1005005828956429
1000000962032
1005005156960721
1005007018234572
1005005629706210
1005006433615560
1005006770075193
1005005925942896
1005003034946370
1005007161849922
1005004891523242
1005007410420384
1005006573991209
1005002953053793
1005006285753332
1005006095308439
32498920241
1005006919700986
1005006458336002
1005006628757339
1005006016014193
1005007003024280
1005006039870500
32559215622
1005006668188074
32914249651
1005006640409875
1005006725506406
1005005115628098
1005003779446150
1005007309058426
1005006202822774
1005001706018655
4001152464590
1005004851081840
1005001462453211
1005007031458066
1005002295206527
1005005489761878
1005006612322379
1005006477264445
1005007076029267
1005007224040989
1005007434100545
1005004314726449
1005006858233535
1005005599234908