1005005765797154
1005005137192192
1005007090968096
1005007010147782
1005006250205960
1005003900353360
1005007196313844
1005005789701587
1005006832183230
1005006124576440
1005007257782497
1005006126531415
1005004942335231
1005007292315699
1005007386332001
1005006482395445
1005005551639128
1005007446676575
1005005576498353
1005006218100478
1005006231677588
1005002426394774
1005006761991654
1005006415204538
1005007076629833
32240258253
1005006910085885
1005007261116081
1005003428094990
1005007279971730
1005006815969125
1005006778652663
1005006899088477
1005006880055441
33035267193
1005007378258414
1005006868997125
1005004509871442
1005006623112366
1005004857294765
1005006145192766
1005002341088469
1005005619904183
1005003986384343
1005006233072757
32958761530
1005007050299898
1005007068836496
1005007192740107
1005007045000627
1005003368158042
1005003784619522
1005007340867678
1005004830014958
1005001584497539
1005003630396330
1005002272581391
1005003853399229
1005006890001770
1005004352493499
1005006575992816
1005007077004108
1005007379391520
1005001688476807
1005005997161786
1005007178064006
1005007360876076
1005002482135459
1005006451158148
1005006081023324
1005006907771435
1005005891854753
1005007210342461
1005007437525774
1005006226617426
1005006990058820
4001105170754
1005006980040906
1005006078016941
1005007309797847
1005006815208601
1005006294997313
10000399832481
1005005242194682
4000640527822
1005006860822207
1005002960854443
1005007132940355
1005005558244755
4000289487110
1005006771190417
32898608629
1005006815404274
1005004985397880
1005006286541300
1005007160947797
1005007418131974
1005004662164788
1005003939367018
1005006170610325
1005005788476064
1005006624544596
1005004662094807
1005007272703812
1005004860082667
1005006330281009
1005002363046941
1005006706442215
1005005425380976
1005004996999916
1005006371248243
1005007175726068
1005005921404350
1005006412263754
1005003339109941
1005006955199770
1005002886857117
1005006002459319
1005007280635766
1005006672443707
1005005970057390
1005006969238940
1005004709653012
1005007169806917
1005002399729644
1005006311147545
1005004019903214
1005006502083267
1005006189466803
1005005965671864
1005006327140694
1005007083126754
1005007030572350
1005006926284419
1005006076283237
1005007194170935
1005007199407009
1005005685487055
1005007337889512
1005005098800762
1005007257710004
1005005582925841
1005006949355402
1005005571308358
4000624083646
1005007228162557
1005006715832805
1005002001479738
1005006774240984
1005003011948263
1005007159658227
1005007234508284
1005006552539466
1005007243954252
1005007046395105
32979380832
1005006072632577
1005001779638629
1005005961755944
1005004558569940
1005006878430990
1005003141168281
1005003088729588
1005004224699456
1005007137191955
1005006881021496
1005002190332343
1005006328132085
1005004348515558
1005006370832684
1005005653321301
4000631951186
1005004829648135
1005006609332010
1005006776865732
1005006472848277
32716909493
1005006924678861
1005006768372505
1005001469941247
1005005853533400
1005007169351300
1005007191634135
1005004270632371
1005006146637703
1005005089077211
1005006954459298
1005005480849383
1005006913475369
1005006696708152
32704995126
1005007251942816
32516927612
1005006398981270
1005007212924209
1005006227457445
1005004439962533
1005006725487704
1005002661904092
1005006428403377
1005005570987034
1005004412558388
1005007336692533
1005006725489610
1005003256437740
1005006927345065
1005005089523476
1005006842717751
1005007053746710
4000177757348
1005005840950204
1005006115384988
1005006695891594
32753723674
1005006809013632
1005007386181636
1005003196644485
1005005906832879
1005005304832586
1005005081155216
1005007076538453
1005006173853108
1005007280345570
1005006287458062
1005006861720656
4001212383298
1005007253390914
1005006695907278
1005007036146763
1005006928664489
1005006168165821
32849215180
33005158483
1005007123930475
1005002679055551
1005006212362819
1005006634940276
1005005823799320
32235055178
1005005528286151
1005006239238762
1005002645197299
1005005710211020
1005005730651120
1005007040419212
1005005312146967
32835661123
1005002953959412
1005005731033423
1005006451778710
1005004966667801
1005006949369601
1005004013661989
1005006440109201
1005007144128526
1005007198602884
32697323080
1005005893014855
32781217092
1005006835129028
1005007293966746
1005006802456573
1005003157280061
1005005087176759
1005004850367436
1005003683677395
4000791850221
1005006066561568
4000615667985
1005005786860603
1005004686049733
1005006285150928
1005007253431348
1005007196454653
1005006855373099
1005004654755834
1005006375559692
1005005916031291
1005004745031828
1005007403263336
4001015669381
1005002280502794
1005006931804506
32888686569
1005005956240670
1005006867761693
1005006055436786
1005006925509585
33000550761
1005006917568477
32637991458
1005007162265726
1005006148864783
1005001406484630
1005006372312821
1005002495039571
1005006580581732
1005005643067093
1005002687208235
1005003764567071
1005006955297574
1005006955163133
1005006285969057
1005007191537594
1005006086501703
1005006354099300
1005001996422993
1005006974198009
1005003990382236
1005007230837995
1005007223208269
1005007370136181
1005006035420286
1005006803126337
1005006745216974
1005006924686250
1005006860596979
1005006038297781
1005001813772123
1005002932503036
1005006425639927
1005005874227919
1005005748112871
1005007226881978
1005004505697907
1005007144375898
1005005310584954
1005007029219796
1005004334426920
1005006955321094
1005006635259033
1005005990818232
1005006375953033
1005006748149701
1005004559692496
1005006956297712
1005007175845559
1005006903785757
1005007149103741
2044345956
1005001386946332
1005002805078206
1005006971849506
1005002424581673
1005006706488473
1005006645797953
4000723276137
1005007240481989
1005006452544110
1005005958142895
1005007107403267
1005006710005591
1005003691701050
1005006744052756
1005003143085302
1005005221754455
1005006247616722
1005001621196513
1005006884190464
1005005263152265
1005005682135315
1005005477972620
1005005906951067
1005005853591912
1005005475782815
1005006895199625
1005003933591448
1005005372421230
1005005571132757
1005006978414866
1005006365912676
32830876285
1005006219375548
1005006591660550
1005003423352850
1005006798247037
1005006993101615
1005006121518543
1005005897648701
1005002076137867
1005007209371618
32995068399
1005005316951721
1005006962215733
1005005978022220
1005004867719078
1005007197814949
1005006219306976
1005005497658936
1005002733039004
1005005995006806
1005005289513444
1005007067367302
1005006472653174
1005006485241233
1005006086157197
1005003308644154
1005007005380028
1005004438182969
1005006518735532
1005006876049083
1005004320886247
1005006833311322
1005007020345651
1005006782723687
1005005477464651
33030969140
1005006529015893
32973326415
1005006782289737
1005006199087446
1005003518217911
1005006827705686
2044353781
1005003161927159
4000539145560
1005006808370697
1005006783851306
1005007199305631
1005007165854086
1005006620879089
1005006883414326
1005005572690438
1005006877162671
33018963593
1005002565478904
1005006158287253
1005006165780059
1005007210209899
1005006066443307
1005007074482310
1005007318858299
32234902598
1005006738328548
1005006949290704
1005004610336137
1005006918038253
1005007002030307
1005006519010140
1005006882920786
33028188893
1005006878731982
1005006225515110
1005006812249198
1005005340819112
1005006948048658
1005006592283205
1005006316795463
1005007051670133
1005006086573032
1005004489121095
4000910325810
1005005026084874
1005007037324293
1005003143130650
33035707563
1005006219420321
1005005490579753
1005006285071302
4000033348327
1005005708883079
1005006421979028
1005006620844671
1005006016449176
1005004155422349
1005007309517710
1005006044306065
1005007311906631
1005005735902321
1005003619821532
1005003130400208
1005007205285376
1005007153879385
1005005697442928
1005006896998501
1005005773709879
1005002930838737
33018887326
1005006035786390
1005001594531026
1005004200800565
1005006319919000
1005006115782536
1005007345320075
1005006678598168
1005004818474090
1005006390257979
1005006325712266
1005006135364887
1005005477134243
1005006286757262
1005006132355111
1005006536804843
1005005394484754
1005002260261398
1005003977342645
1005002947678107
1005006364765191
33006308411
1005006175790537