1005007162088431
1005003270180099
1005007314270583
1005005605411973
1005006364100870
1005006793643120
1005002711704549
1005005615191871
1005002842887238
1005001501162654
1005006364293234
1005007107015953
1005001551769957
1005007223696336
1005006320830644
1005007131030986
1005002767287998
1005006465010798
1005005834316305
1005006078563645
1005001464719602
1005002829467309
1005007016868988
1005002728416053
1005002822504886
1005003642679964
1005007252676510
1005006009523171
1005004710076123
1005006270210372
1005007198271220
1005006312413134
1005007376358885
1005001412787358
1005002509226946
1005004496638001
1005006131004115
1005001543676547
1005006643480425
1005002836453909
1005006837964734
1005006643477966
1005007343758471
1005006068904342
1005006145004339
1005007425551915
1005003218621674
1005006299550120
1005007278751522
1005006643784112
1005006049774086
1005005881989179
1005006116796956
1005006564703028
1005007090125114
1005006460870220
1005006282179413
1005005945767032
1005007354768148
1005006144831991
4000863846080
4000019715105
1005004915861614
1005006049737643
1005007376701383
1005005772602365
1005006379844018
1005006202406766
1005004881425953
1005007336647133
1005004111435119
1005006854335237
1005006372528646
1005006542248063
1005006130088834
1005006529815596
1005007159825147
1005006566052076
1005005131439809
1005007267233955
1005007227595731
1005006542197142
1005006492194206
1005006720633403
1005006565825312
1005007349467112
1005005299680215
1005006743810653
1005006541980963
1005007186791354
1005007100339539
1005006565700349
1005007097201054
1005006858301288
1005006665731437
1005007053173861
1005006858228409
1005006665893177
1005006542552112
1005006934336740
1005007393344005
1005006926148195
1005007485623649
1005007475247630
1005006946945860
1005007480495642
1005006267233764
1005007466350445
1005007181217864
1005007458691617
1005005684133454
1005007068823925
1005007419180275
1005005415569504
1005006878807561
1005007485847831
1005006739016709
1005006885098681
1005006837840429
1005006461322521
1005006461374291
1005007482476099
1005007482278677
1005007477637176
1005007477493829
1005002368942291
1005007467748094
1005007465032270
1005002272541985
1005007377716019
1005006416734161
1005006862297340
1005007457370520
1005007460378781
1005007460599179
1005007460553252
1005006991299712
1005007470116007
1005007371063853
1005006115451370
1005007456381683
1005006820650227
1005007461916125
33040457167
33040453154
1005007461363975
1005007085330265
1005007457613450
1005006857286105
1005006856401394
1005006865313868
1005002305099749
1005006563671175
1005006374065239
1005007428103141
1005006891086381
32956571719
1005007293739319
1005005064099426
1005007220755742
1005006820569530
4000934645182
1005007323183898
1005003374949447
4000926653328
1005007430945323
1005006390176044
1005006864302654
1005005230256902
1005006577729528
1005004403091898
1005007382504875
1005006461266620
1005007325771975
1005006052641688
1005005909011617
1005004410464612
1005003324992827
1005006866797235
1005007428617897
1005007373126263
1005007320914885
1005006532916437
1005006322983798
1005006467875180
1005007272638116
1005003932843353
1005007109796579
1005006820765017
1005005870555692
1005006464768993
1005007320014674
1005006763253815
1005007307221620
1005007198423458
1005007049163297
1005006891169126
1005007386097370
1005006865568325
1005007382639988
1005005227035268
1005007181592455
1005006476854277
1005006518638608
1005007374134822
1005007162417155
1005007064193550
1005007161811652
1005007176307168
1005006524703921
1005007343868615
1005006567965512
1005006859274091
1005006996618958
1005006488903359
1005006820476806
1005006820698145
1005006820391924
1005006947170021
1005007001560417
1005007322919297
1005007029111646
1005007024265048
1005006902040623
1005007267401344
1005007067293427
1005007067187720
1005005828091600
1005005363938510
1005007129406501
1005007159633516
1005006983426159
1005006732650262
1005006744014091
1005006724262497
1005006577489178
1005006484211453
1005006976982429
1005007294453833
1005006862064744
1005006838942707
1005006657199820
1005007275908905
1005006665436617
1005006734920583
1005006823379239
1005007097807026
1005007146235844
1005007212369001
1005006587408976
1005007137995238
1005007149303833
1005003769707912
1005005933226325
1005007176009220
1005006955739691
1005006692763229
1005006665571980
1005006935296284
1005007405564411
1005007198098970
1005007418746979
1005005230273958
1005006461368316
1005007412125934
1005006508606969
1005005477662950
1005007181380715
1005006262292764
1005007348353781
1005007342242992
1005007357842318
1005004657195078
1005006374023315
1005007163721408
1005007323352235
1005007029398333
1005006584054653
1005005945395109
1005007211315397
1005007168552199
1005007083222758
1005005107857780
1005006891107287
1005006890984737
1005005307042304
1005005306964246
1005007065985715
1005007026236070
1005004865442340
1005006827241338
1005006982778173
1005006982317988
1005006908725591
1005006774142145
1005006765441575
1005004667088842
1005004195022202
1005004702211358
1005006709318959
1005003704003637
1005006645027622
32865721101
1005002782786845
1005006231814730
1005006068410454
1005006101972615
1005005306715908
1005003783405344
1005003712047212
1005004009205127
1005003107856221
1005002711021794
1005006112364838
1005005992099363
1005005832513985
1005005041162407
1005005933597958
32822484283
1005005074466329
1005005575243182
1005005806094317
1005004099983036
1005005055952184
1005006334883534
1005005307151015
1005005306944651
1005005060317579
1005004346887750
1005005578035117
1005004184503084
1005006015891664
1005006323078390
1005004090846566
1005004468348228
32997382386
1005007288829493
1005007198801440
1005006997520715
1005006703837072
1005003724152208
1005007179235886
1005007075566389
1005005230274768
1005005962308893
1005007387041287
1005006461260523
1005006683053314
1005005225943254
1005006008678966
1005006262265884
1005004459668037
1005006766816926
1005007259358924
1005006374043352
1005007015643883
1005007013900920
1005006957089566
1005005829419448
1005006068244624
1005006101864598
1005005574644612
1005006544705131
1005004446325396
1005006444906294
1005006335534450
1005001976079768
1005005749660764
4001171387178
1005006432491754
32864616965
1005005042579886
1005003216998181
1005002419518444
1005006566946691
1005007061880835
1005007021804971
1005006861991338
1005007310437266
1005007105853625
1005007045344012
1005006957160216
1005007198290669
1005007419158537
1005007075530429
1005007075187924
1005006658008011
1005006683065855
1005006703739317
1005006663312969
1005006838108152
1005006471164164
1005006498842228
1005007211220252
1005006499070840
1005007293672181
1005007391235164
1005003891211510
1005006432541622
1005006432442402
1005005167770053
1005007302409151
1005007388059313
1005007394549788
1005007170704140
1005007426782693
1005007136911528
1005007411964490
1005007353608833
1005007190863868
1005006838026535
1005007257401995
1005007369740205
1005007228071501
1005007342038570
1005007412613268
1005007258746005
1005007406338653
1005007265820265
1005007295739098
1005007413028448
1005007188564354
1005006837944942
1005007174307346
1005006862369909
1005006823161609
1005007021361432
1005006484215151
1005007238490573
1005007198271416
1005007252238329
1005006766447066
1005007175060362
1005006573134050
1005006579082366
1005006828894967
1005007307226568
1005006287845486
1005007406447441
1005006763626085
1005007235266068
1005006613072077
1005006750021374
1005007193691358
1005006920452982
1005007190009108
1005007023106719
1005006428175685
1005006468072578
1005007077942705
1005006936169478
1005007177353357
1005007021169295
1005006588567335
1005006901376718
1005007209982903
1005006735674131
1005006658061040
1005007349277737
1005007265276740
1005007110530120
1005007177119697
1005007343722820
1005006956785858
1005005429037516
1005007211083737
1005006540551352
1005007293841299
1005007171640939
1005007412697522
1005005226444941
1005006952571573
1005007192127078
1005005224938837
1005004444669363
1005006463418412
1005007124938745
1005007078195333
1005007420240975
1005006997294119
1005004584901223
1005007395925168
1005006109743714
1005003263196456
1005007459368120
1005006372922961
1005007458922961
1005006316929569
1005006908584464
1005006063208466
1005006181747296
1005006057569297
1005005898181345
1005007032339856
1005002023380609
1005006109785514
1005001993855926
1005001994317515
1005002658271279
1005006103837338