1005006870226333
1005007029442725
1005006118936884
1005006949462687
1005005744154373
1005006309551972
1005004546275106
1005005741630936
1005005497328931
1005006776468508
1005007023640661
1005007174556455
1005005543610986
1005007355286972
1005007113288820
1005007364536718
1005007196811413
1005006309005145
1005006019691508
1005005336971224
1005005281739922
1005006930199748
1005006266075410
1005007061628698
1005001583164207
1005005241391166
1005006628421149
1005007232750800
1005005983654027
1005006679351429
1005006239217506
1005006113183683
1005003159044036
1005005981218147
1005007376082203
1005006345870532
1005005950516786
1005005875730312
1005005232603848
1005006442873019
1005005316482964
1005006845260106
1005007212935943
1005006302792974
1005006258415292
1005006865590630
1005005701822921
1005006228862703
1005006313224434
1005004000090158
1005006048491626
1005006341470224
1005005884418502
1005006689208328
1005006597567009
1005006846349368
1005006495558593
1005006409291334
1005006476887198
1005005296666355
1005006035167374
1005006445702657
1005005299616049
1005006913438879
1005005825599358
1005006421432090
1005006071361238
1005006082822637
1005006960863159
1005006259656916
1005005121586279
1005007085447838
1005006339723348
1005004677146764
1005005762296945
1005007390216463
1005006246770576
1005006417120668
1005003419512291
1005007055626678
1005005988243654
1005006614499101
1005006903900858
1005006082359801
1005006312983839
1005006420899884
1005005808214179
1005006806957200
1005005091257333
1005005447839411
1005005829418153
1005007004355493
1005006822224905
1005006855151973
1005006994791804
1005005550157970
1005005771259173
1005006176893269
1005006116266919
1005005588057982
1005006761576070
1005006485873962
1005006356506066
1005007437794207
1005007255348626
1005005924578593
1005007363562622
1005007316400875
1005006399265799
1005007189758859
1005006436916138
1005007053162932
1005007010857986
1005006588090490
1005007079485369
1005005429943955
1005006060672124
1005005491462206
1005006782879582
1005005044246863
1005004386520222
1005007167064004
1005004530523254
1005007255297393
1005006105486473
1005006181257393
1005004639306358
1005006380340981
1005006930806531
1005006753345980
4000550589478
1005006418065477
1005003749470066
1005005219683372
1005006345818353
1005005830604046
1005006209088514
1005006422122287
1005005536464487
1005006222786847
1005006625715638
1005007348254258
1005003641255918
1005005966253838
1005006943997863
4000550407011
1005006845616678
1005006898611670
1005007181791741
1005007315653301
1005004447072067
1005004891039019
1005005835202960
1005006417582168
1005006182878536
1005006356302016
1005006084878716
1005007137332007
1005006730913851
1005007464126678
1005005803046070
1005006106305378
1005006459009851
1005005475082963
1005005780385115
32721765929
1005005387674512
1005005848213310
1005005528849779
1005007127926632
1005005825514555
1005006961053987
1005007218997738
1005003561514435
1005006857116062
1005005913934996
1005006831625393
1005007341138672
1005002277075103
1005006215810437
32822326897
1005005562415373
1005006408091616
1005006766245149
1005005223222132
1005006806623511
1005006137635596
1005006126866614
1005006536523473
1005007464391125
1005004970356259
1005006195038371
1005007060186430
1005007308711186
1005007238395030
1005007219254651
1005003715898712
1005006827137560
1005005459564561
1005007182746066
1005005965099028
33022349005
1005007015390531
1005003624968566
1005006306327657
1005005347731331
1005006258756518
32820098929
1005005792579095
1005007148328473
1005005556896065
1005007054095486
1005005959622339
1005007347613590
4000022407975
1005004654403347
1005007047308979
1005007517057473
1005006136474715
1005004246965391
1005004993438317
1005006759983042
1005006673637721
1005006627769629
1005005485883532
1005006968393805
1005006308976688
1005007104276651
1005006133183308
1005006968233598
1005007413075933
1005006613725867
1005004410921990
1005006203413566
1005007103123697
1005006258668933
1005006056762641
1005007091440568
1005004702236442
1005007005024048
1005003128516192
1005005545306904
1005007335704378
1005007336202409
1005002033873587
1005007007933733
1005006293664020
1005006970947603
1005005163386587
1005007361049499
1005007022607670
32952406365
1005005370232339
1005007112503424
1005006390445014
32960178816
1005007308739192
1005006787016523
1005005755400384
1005007444391590
1005005809190529
1005006955245766
1005005824915369
1005007498574306
1005005743175054
1005004334411464
1005005638798866
1005005947514440
1005001327354218
1005003580279030
1005006014738760
1005005105146934
1005006472063965
1005005818187912
1005006348341326
1005007095576409
1005006215225572
1005006844820462
4000269173957
1005007197458628
1005005507072282
1005005056067786
1005005759018073
1005005897197251
1005006557838662
1005007467300280
1005006612274862
1005006776167924
1005003129256040
1005005683477704
1005006595046167
1005007211221958
32859801676
1005005820032925
1005006284964131
1005006362450909
1005001335615771
1005005671828833
1005007428438373
1005005884926616
1005006142772494
1005006202606529
1005005866486321
1005006806332488
1005005479932293
1005007261068683
1005006808528669
1005007102056716
1005006850874444
1005004876241302
1005006335231529
4000039986695
1005006956396492
1005006409605572
1005006449389991
1005004933716118
1005005499063810
1005006203224319
1005007029928688
1005005034527248
1005005810037007
1005007343048579
1005006610402066
1005007457897972
1005006884520853
1005007045985229
1005006782229016
1005006245228908
1005006628740105
1005006897654249
1005001296636907
1005002776675406
1005005289243419
1005005175988330
4000737513790
1005005621809654
1005006627492097
1005006304560474
1005006389046447
1005001573117427
4001136538480
1005006383141781
1005005312655539
1005005038603271
1005006656709008
1005006844336562
33003560479
1005007277783876
1005005259986196
1005005682316559
1005006086668014
1005006155681515
1005006891186510
1005005995386404
1005006158459463
1005005050938694
1005005654289222
1005006357458145
1005005128998905
1005005398357916
1005004073372218
1005003706440564
1005006309492083
1005002660815166
1005005891894399
1005006754006020
1005005184613566
1005004793176448
32811174613
1005006375997390
1005003136894604
32971875813
1005006499462351
1005005982330151
1005003748705369
1005006394181943
1005006249885827
4000036190484
1005002213081161
1005005551363733
1005006888513501
1005006019930811
1005006309351937
1005005297223179
1005004835676179
1005007044700187
1005005977909435
1005003352324041
1005004013612280
1005005849273560
1005004753086950
1005004573673106
1005007013238460
1005005987566780
1005006889983854
1005006277786681
1005006365965854
1005007097228734
1005007352382109
1005005400733656
4000674986243
1005006356850048
1005006425167036
1005004873839104
1005003735892300
1005007036271741
32855327017
32753994584
1005002994930155
1005005953045895
1942592971
32889551816
1005004386361746
1005005994551229
1005005962407856
1005006273280700
4000428851775
1005006389046480
1005004945784592
1005005587242957
1005005910224989
1005006011891896
1005007037077336
1005005440861614
1005006982364128
1005005606796855
1005006735120560
1005005754545901
1005005678259323
1005005411639160
1005006011977156
32959799136
1005005565491636
1005006011937906
1005006489146037
1005005547807633
1005006334296721
1005005993908925
1005003706489359
1005005250796478
1005006827149912
1005006132061029
1005004182884713
1005004214022149
1005006753456387
1005005352536743
1005003724482492
4000225168188
1005005884436589
1005005643972417
1005005232022881
1005005191356061
1005006258227327
1005006312753912
1005007407249823
1005006012726084
1005006356799156
1005005658370105
1005007487295631
1005004716483993
1005006445670022
1005007253720961
1005007283574362
1005003628912889
1005005514949436
1005005017845295
1005007561732972
1005007257740406
1005007492617310
33038812150
1005005377433006
1005004199261701
1005007328336278
1005003567696123
1005006867528546
1005004858817436
1005007544091394
1005006783508729
1005006883215336
1005007198744891
1005004392435716
1005007541216627
1005007123690734
1005007538206222
1005007297481306
1005007234822598
1005006771339124
1005006658320648
33039543501
1005006345648054
1005006071396530
32948847659
32947682409
32823408994
1005003815672617
1005002677975831
1005006065410736
1005007169117755
1005007068251733
1005006645027729