1005007003179924
4000799533918
4000751959503
1005006959195222
1005004838101342
4001168553269
4001071795189
1005007195523045
4001130223426
4000313892294
4001116690468
32881191143
1005004757817274
4000927347828
1005004825536745
1005005906895054
1005006770793374
1005007084099853
1005006177129395
4001064947142
1005005279840092
1005005645073543
1005007522798714
1005007016118332
1005007408783666
1005006949759557
4001168621846
1005003000701456
1005001708558210
4001168864050
1005005517337698
1005007043931499
1005006770438960
1005001563130240
1005005840840119
1005006293865834
1005007362168973
1005006148963422
33016206994
4000805423754
1005007291359804
1005006964848576
1005007199269431
1005007204868728
1005006925142425
1005007143423143
1005007268159936
1005007144448907
1005007144933910
1005006959089341
1005006979403745
1005006770520980
1005007208881764
1005004399194038
1005006856773336
1005006806134630
1005006838832240
1005007347621932
1005007210326505
1005003695932682
1005004972216450
1005004361411583
1005004295633819
1005005564988910
1005007208237611
1005007498202657
1005007498325429
32999163168
1005007301995866
1005007617515760
1005007196027721
1005006635380912
1005005529597184
1005007488944898
1005007498197119
1005007143115139
1005007173980307
1005007548928247
1005007593789073
1005006045926724
1005007262405401
1005007593576778
1005007196262623
1005007443455128
1005006968320943
1005005505425730
1005007645206758
1005004712858395
1005006152973408
1005006698445712
32955577714
1005007106813829
1005006583485756
1005006873144861
1005002531705213
1005007136932458
1005005856535191
1005005801484428
1005007788605501
1005007788500724
1005007717374627
1005007761465855
1005007717406617
1005007740287087
1005007737878043
1005007713394639
1005007018019186
1005007272984813
1005007273111431
1005007262088417
1005007491923246
1005007153246170
1005007273159393
1005007153189265
1005007273030691
1005007196242664
1005007484804632
1005007484951197
1005006233869394
1005007196790694
1005007489268091
1005007153122357
1005007179815638
1005007196301595
1005006045835926
1005007153265134
1005007152923717
1005007225141782
1005007250680596
1005007195961888
1005007225411320
1005007250831259
1005007152780907
1005007225507202
1005007245460061
1005007153215185
1005007196550104
1005004712770820
1005007196092549
1005007196089518
1005007209299676
1005007196003739
1005007108450919
1005007109024166
1005007663853933
1005007706538544
1005006686051741
1005006927441426
1005006813106411
1005006923498391
1005006841069330
1005007070579518
1005007087941978
1005006509804089
1005006480396421
1005005734668651
1005004895017866
1005005413412962
1005006975739533
1005006207520910
1005007162800375
1005005211443820
1005007249530354
1005007105787237
1005006374334242
1005007161255893
1005004251741189
1005006044495704
1005005902839619
1005006049684821
1005005932538287
1005007445062773
4000863453466
1005005467593696
1005006476763717
1005006422529406
1005004072680852
1005007341200098
1005007313152351
1005007522577009
1005005504838026
1005005695028682
1005006833188492
1005007295373335
1005005512216551
1005007228495280
1005005053539545
1005007378547376
1005005610241939
1005007126658099
1005005853735672
1005007512972286
1005006294147509
1005007532043025
1005006736573904
1005006772787515
1005005046859608
1005007341022491
1005005500901202
1005005393306817
1005007117230158
1005005699161710
1005004980675648
1005006863918411
1005005914997597
1005006468484426
1005007002910477
32857769646
1005006116943060
1005004323996297
32868736073
1005003240435908
1005006865951346
1005004958372649
1005003617490893
1005006626831564
1005007433368886
1005007340994545
1005006252508819
1005006975375217
1005007439585301
1005007476052738
1005002447580388
1005006685948372
1005006998869322
1005007253478370
32968597000
32430066783
32893247498
1005007004231626
1005006824577525
1005006756677371
1005006419724706
1005006186263660
1005006658753217
1005004490531707
1005005627468071
1005007216209834
1005006850645561
1005006278799094
1005004326075233
1005006374353830
1005004833134630
1005005638403132
1005006865738621
1005006458325877
1005005371568850
1005006195224756
1005007184701582
1005005529049599
1005003419336501
1005006834314012
1005005363203216
32843834534
1005007070958765
32475595199
1005004116525841
1005006386103283
1005004934288762
1005006083146234
1005004787292943
1005006203093810
1005005902857411
1005007194825285
1005006897904886
1005006721899650
1005007053269665
32845030243
1005006038792139
1005005756898609
1005007506153741
1005005114663133
1005003433243177
1005007387733205
1005006490088713
1005006269667848
1005006372339682
4000165538996
33056921003
1005006081159825
1005006562056403
1005006742881323
1005007026365211
1005006832873886
1005003501412198
1005006996712035
1005006164731508
1005007423897338
1005005471284405
1005006846171982
10000006187624
1005007017844704
1005005393877719
1005006231067472
1005006478605844
1005005865328861
32760706295
1005006897569659
1005007482622196
1005007131589843
1005007149819993
1005004068767449
1005005608542876
1005005724417304
1005006366574192
1005006321542296
1005007073818555
1005005296658700
1005005009331281
1005006200742906
1005006136529668
1005006644779711
1005006559065543
1005006897625506
1005007156955395
1005007074888078
33010668774
1005006495230086
1005004007215548
1005005471272811
1005006500783842
4000967618322
1005006287640575
1005005623035671
1005005965695837
1005005623063558
1005007515978035
1005007582647949
1005007521121756
1005007515900057
1005006897720075
1005004982416072
1005007284756203
32920961755
1005006768849038
1005007474684326
1005007515544932
1005006769049404
1005004635118044
1005007285336623
1005002589826788
1005006769135275
1005003798034042
1005007598444675
1005007449164099
1005007110260036
1005007430481187
1005007652389048
1005005722626706
1005007427761102
1005006477770975
1005004022189141
1005006511399022
1005006737293941
1005007604464085
1005006534153286
1005005356714429
1005001615805160
1005007535539438
1005006883430985
1005007421299873
1005006663651999
1005007331724263
1005007182794273
1005007275166193
1005005864440820
1005006536907042
1005005868662252
1005004869046334
1005007497684498
1005006911829229
1005006344673683
1005005152863206
1005006288225733
1005007162570158
1005007361763145
1005007656100180
1005005215308994
1005007294882699
1005007576325634
1005007618135948
1005003332767772
1005006069041311
1005004084023756
1005007337400672
4000926230505
1005007627680748
1005006583631103
1005006222676339
1005007605310874
1005006803341075
1005006755763680
1005007654365394
1005005632120243
1005006718321458
1005007246033062
1005007174965574
1005007105171167
1005007161876549
1005006583151886
1005007108186814
1005006841207564
1005007426835292
1005007404633490
1005007027871023
1005007656667599
1005007112152621
1005004381719370
1005006846055188
1005005344738332
1005005966751150
1005007576499828
1005007446527501
1005006922236984
1005006330056583
1005006276935016
1005007596560928
1005003480417878
1005006389989008
1005005178930019
1005004829214311
4000264450191
1005007363300613
1005007598304354
1005005973197090
1005005112413450
1005007372518446
1005004437468639
1005007550712347
1005002810360009
1005006654922355
1005007505218653
1005001774509578
1005007083612126
1005007438243486
1005007591296302
1005007176418081
1005007576587065
1005003012211814
1005005764794806
1005006822086570
1005007068495920
1005002367520251
1005003228142546
1005001398949823
4000208389035
1005006151369851
1005007506434316
1005006151194226
1005006146570348
1005004094582393
1005006130563605
1005007664217195
1005005345483643
1005007184466977
1005005265067552
1005007640724302
1005007591180616
1005007590839517
1005007508045527
1005006230808014
1005007658842936
1005007576463891
1005004409375014
1005007342917129
1005007287374217
1005004776829426
1005006369661241
1005007391648158
1005006534066407
1005006022424211
1005007476557592
1005007386551825
1005001705880636
1005007175990944
1005004321721588
1005005379996233
1005007386146394
1005007448398341
1005007177321480
1005007355407677
1005003155751854
1005005529362661
1005007199531066
1005007048183821
1005007565076751
1005007487166546
1005006227475727
1005006344188942
1005007344128779
1005006149639675
1005001580796415
1005007573867871
1005006191690028
1005007558157658
1005006944173079
1005007532139515
1005005733129807
1005006614282025
1005006047207445