1005006634336099
1005007125232531
1005006883508933
1005007122141549
1005007549777358
32974421544
1005006484786810
1005002945481670
1005007385875574
1005006125899943
1005007074730221
1005006867506316
1005007203644798
1005006850357934
1005007385885565
32779029115
1005006903861208
1005006060422538
1005005763592281
1005007550747640
1005007369519360
1005006963004339
1005005454961514
1005007473760033
1005006908487079
1005006908328773
32360406950
1005007393300369
1005007466478951
32851994663
32849386966
1005006711539504
1005006367315486
1005005675244503
1005005468938357
1005006960574284
1005006784158444
1005007589393993
1005006894247398
1005005450829924
1005006650126791
1005007559512652
1005005158303174
1005006176847772
1005006083280926
1005003509713796
1005007275015128
1005007254413556
1005007569943040
1005006939388007
1005004147277945
32977020520
32879884631
1005007497271657
1005007300026919
1005006918468072
1005006729840483
1005006315675858
1005005012896626
1005004275789853
1005007082077246
1005006846903963
1005002855232020
1005005835402982
1005007485579952
1005007594922175
1005007571750838
1005005315365308
1005005638241726
1005006953928011
1005006867448817
1005007591201092
1005006049636375
1005006066989284
1005007605853463
32652135525
1005003550068326
1005005306084089
4001141615198
1005001792945820
4001156323876
1005004839035079
1005003650509787
1005004858424740
1005004858537064
1005006402130766
1005004924916063
1005003697647563
1005005505314517
1005007464050541
1005005431096615
32949685812
1005006730169635
1005006635267664
1005002218404277
1005006443316404
32868632232
1005007158671900
1005004938277725
1005007467112128
1005007069096787
1005006990118245
1005007401958789
1005005716410859
1005006820400270
1005004586620959
1005006852286938
1005002323939260
1005005906932537
32866160115
1005007229327139
1005006855595906
1005007129031865
1005004879632307
1005006217586931
1005006969027349
1005005668688214
1005004708977374
1005005538626459
4001207389136
1005005008825390
1005005262173798
1005004995081266
1005004244355790
1000008608457
1005006693035915
1005006011603424
32271952676
1005005958903782
1005005413842159
1005005709093686
33028213747
1005004748018790
32906969318
1005004370338520
1005004180550695
1005005606172356
1005004674957197
1005003662842112
1005003988163237
1005005386637278
10000159037954
4001287815449
4000271638068
1005003750707151
1005002322201082
32654033245
1005005015659463
1005005099140643
1005002073022801
1005002122023098
1005004876060364
1005006201960967
1005007295246695
1005007585513317
1005002837795775
4000098806052
1005007254359550
1005005719586252
1005005562325413
1005006856621312
1005004943095105
1005004942914813
1005002322333108
1005007434890420
1005003357408159
1005005121082998
1005006336449863
1005007087244904
32965813380
1005007549323702
1005002933294016
1005006466909011
1005005639317366
4000532765195
32869627802
1005002555014856
4001224124368
1005006918773462
1005002413584413
1005007501764668
1005003822443780
1005004351988019
1005006039713446
1005003156914610
1005003298337207
1005007583204022
1005001721726433
4000571628959
1005004849014470
1005003737239419
1005006988109501
32900115005
1005007644466871
1005005653402411
1005007177044275
1005004583762939
1005006448495968
33049730204
1005006126002265
1005005121108822
1005004942971068
1005006739228306
1005002322231521
1005003140360545
1005005639412014
1005007644625332
1005006329436979
1005007686593667
1005002322308413
1005007542436287
1005006777973506
1005003004045733
1005007580811292
1005005845627664
1005005963589022
1005007327963149
1005004148854903
1005007541187261
1005003003636759
1005005226112294
1005005834955402
1005003152048177
1005007501722997
1005005240689879
4001093336778
1005005872741518
32787366018
1005007548569130
1005007666646267
1005007666690207
4001105069193
32787436397
1005007461496162
1005004078595163
1005004731849557
1005007506626422
33012017786
4000571742427
1005007359762937
1005004328210816
1005006450210130
32857645705
1005007336305372
1005007080305300
1005004368863583
32805027478
1005002240654310
1184085747
1005006966157479
1005005240419083
1005006724552070
1005007074652023
1005004725852161
1005004942956063
1005006125942560
1005005526923064
1005005639214871
1005007583808655
1005007542379477
1005007556096071
32945544687
1005005939420344
1005004078122980
1005005114773794
32946567534
32975342949
1005006316982762
1005007794038229
1005007785180903
1005007751738004
1005007718860137
1005007717656886
1005004496715183
1005004499404043
1005005639187890
1005005639296442
1005007616277242
1005007572119235
1005007582980886
1005007571887838
1005007583161955
1005007571874676
1005007572200034
1005007540065580
1005007541317001
1005004078653321
1005005094056295
1005005101814124
32786597535
1005005094372900
1005005764101590
1005005628898511
1005007418367504
1005006930227829
1005005732071051
1005006331154978
1005006765865494
1005003158738313
1005005549663675
1005006692370103
1005006759529340
1005006413340144
1005002709709869
1005004243478639
1005006476983106
1005005372890191
1005002372861040
1005006777055392
1005006489995712
1005007013715828
1005006240266659
1005006464916484
32836998684
1005006395265447
1005006858177793
1005004357480115
1005005742798021
1005007131453820
1005007074700623
1005006962430431
1005007664033955
1005007513610856
1005007387962879
1005007260223051
1005006831528442
1005006077707229
1005006257622530
1005006939355303
1005007393117250
32955305481
1005007634598524
1005006100279944
1005007423815912
1005006865552224
1005003322179855
1005007614515140
1005007542670022
1005007482532605
1005007663818321
1005006858408068
1005006664556092
1005006778684281
1005003835470112
1005007212396801
1005006922686680
1005005080881790
1005006924955001
1005005956095859
1005006413247539
1005006277386471
1005006494416782
1005007457968478
1005007458298687
1005006771011495
1005007515303197
1005007343168033
1005006791596663
1005007471352364
1005007508998480
1005007489468458
1005007417903495
1005006996282492
1005006393895824
1005007666887133
1005006677063428
1005006592155065
1005007241549950
1005006332273616
1005007625818008
1005005918904105
1005007547087031
1005007663849199
1005007455332086
1005007052721350
1005006937892963
1005007458307210
1005007621826439
1005007079313055
1005003459676259
1005003459596667
1005007395074182
1005007411077832
1005007378420933
1005007615970638
1005006814148662
4000984224107
1005002868925259
1005006501333656
1005007432309074
1005007402130584
1005006863765699
32692425544
1005007427503864
1005007208255616
1005007486922875
1005006413331064
1005005037265157
1005007565876328
1005007487264243
1005005944096838
1005007632413607
1005007045783353
1005007534469414
4000176547507
32858633358
1005007432171398
1005007176394422
1005007493148083
1005005409714213
1005005823522589
1005006134879903
1005007523178989
1005006413298353
1005007588089964
1005006737973118
1005007352453457
1005007212654427
1005007271963028
1005007408896709
1005006867539533
1005006939683640
1005007197451640
1005006912026886
1005006284237935
4000301184216
1005004436136493
1005005372648927
1005002543192387
32801069812
1005007184499142
1005004904357953
1005007523438564
1005005674670915
1005004341974206
1005006172182804
1005006855189199
1005006961342182
1962260606
1005004399079111
4000473310633
1005006156190599
1005002311994347
1005007494138998
1005005854990652
1005005770326588
1005006227166460
1005005952785417
1005003969269469
1005005985212333
1005007433645969
1005004957015810
1005005951665752
1005007205403326
1005006339813026
32992158261
1005006848963988
1005007168547942
1005005472550253
1005005767697302
1005005862825666
1005005600735160
33052137144
1005006769151394
1005006665655252
1005002971132678
1005004785306868
1005006208158792
1005005064183425
1005006870658443
1005006751350927
1005003878946806
1005005753667047
1005003508962639
1005005684994349
1005005897171078
1005007477155849
1005003686568414
1005005945075226
1005005707183827
1005005646407899
1005004505000999
1005007015001656
1005006456782911
1005006858269049
1005006273623108
32700853337
1005006728002519
1005007004080219
1005004072085790
1005005920141372
1005004768930892
1005006102025124
1005004427953675
1005004362967911
1005004290278769
1005004438243822
1005003951022247
1005006497681814
1005004292498177