1005007276021972
1005003902913619
1005005748573788
1005007405678528
1005006641031119
1005007528276585
1005007154047640
1005007547125677
1005007547866002
1005006955234432
1005006807346861
1005006963260570
1005007503165328
1005005588799341
1005006730055529
1005007388328547
1005007153675787
1005005937599323
1005007153929611
1005005937165955
1005007154264488
1005006807390972
1005005939849312
1005007245712919
1005006940791780
1005007517594972
1005006640923219
1005007363615138
1005007154585152
1005007608589980
1005007154214559
1005004220143753
1005006898734876
1005007427121032
1005005937539054
1005006600724212
1005006807465673
1005007085443722
1005007085369856
1005007156812221
1005007620639819
1005006815683008
1005007557730309
1005007607956991
1005007114096304
1005006850588248
1005005748640143
1005007153883397
1005007158582602
1005007607873738
1005007641848101
1005006497675804
1005007187175472
1005007424897324
1005007293894739
1005007085573571
1005006815538399
1005007085576821
1005007085741376
1005007608023245
1005007140802943
1005007628251113
1005007608140252
1005006815315000
1005007530977492
1005007628999896
1005006815387872
1005007126416318
1005007607881757
1005007559060374
1005007509431188
1005005938384362
1005006502889084
1005007474215672
1005007085982081
1005006991258548
1005007524464819
1005007527979601
1005006745104677
1005007362330523
1005007557875669
1005007641881124
1005007628587978
1005006589266178
1005007276062333
1005007079823208
1005007509296455
1005006898595176
1005007004920118
1005006922650121
1005007153982826
1005006650474285
1005004140452618
1005005938419201
1005007600130879
1005007140946490
1005005588236148
1005004526574799
1005005253365631
1005007156936079
1005007539574904
1005007154124250
1005006656627237
1005006991404456
1005007585720838
1005006898780624
1005007154234208
1005007547662352
1005007608767693
1005006068572893
1005004177409670
1005006815447721
1005007524762279
1005007280967248
1005007558537870
1005007005006058
1005007582721820
1005007448754075
1005007514100322
1005007034291859
1005007154587969
1005007034127138
1005005636802088
1005007155092132
1005007616041714
1005007263262371
1005007031549621
1005005938368316
1005007634335127
1005005902903227
1005007276235034
1005004370196640
1005007544275975
1005007615984626
1005006268403764
1005007272385302
1005006650634020
1005007188438727
1005007632185539
1005006895884153
1005007628303775
1005007005008111
1005007003560237
1005007154698164
1005007154119155
1005006600006919
1005007154343273
1005007057819938
1005007557294934
1005007154241539
1005007609195548
1005006898409899
1005007126022491
1005006650609104
1005007096730144
1005007156983643
1005007374673625
1005007219004964
1005007072623699
1005006538584030
1005003956936077
1005005956122564
1005007004737021
1005007527831279
1005007584637137
1005005955842832
1005007621153416
1005007558488895
1005007295286346
1005007285061071
1005006600693061
1005007634147428
1005005399797597
1005007156239995
1005005793471285
1005006591329963
1005007497963313
1005007632132460
1005005438583538
1005007632234629
1005006990735404
1005007629550532
1005007263285492
1005005938403431
1005007635995384
1005007154098981
1005005951880623
1005005976048206
1005006491471582
1005006538632205
1005007126463284
1005005956137632
1005007644712164
1005007632292303
1005007633882876
1005007527974648
1005006477631969
1005007639752064
1005007305329123
1005007263135931
1005007154064332
1005005399782660
1005007592119164
1005007276660556
1005006889781205
1005006590960593
1005006976229146
1005007315329048
1005007280774513
1005005956116249
1005007527678829
1005006268402731
1005007280905611
1005005976011375
1005007005382109
1005007653203652
1005006495743291
1005004522577054
1005007370937300
1005007502412077
1005007276139953
1005006784998292
1005007628168807
1005006590579668
1005007634850668
1005001358202214
1005007369684781
1005007557726077
1005007153746999
1005007647833144
1005007644700120
1005007632182915
1005006491550318
1005006477892200
1005007641981044
1005007154423081
1005007634707042
1005007005230308
1005006991406217
1005006656877568
1005004177643945
1005007619595451
1005007628228259
1005004140237671
1005006296264400
1005004743151568
1005007034164868
1005006297536400
1005006992211660
1005006975351938
1005007608780274
1005007547380974
1005007158528640
1005007154621568
1005007105363069
1005007004805952
1005007072999211
1005007153726632
1005007640142304
1005007641868322
1005007154081475
1005006649958598
1005006478455303
1005007359988953
1005006589612138
1005007528139905
1005007172129243
1005006583573051
1005007448609425
1005007372517729
1005007629053579
1005007016227385
1005007016386177
1005007619512418
1005007594005432
1005007136805568
1005007641578972
1005006536047465
1005004140437259
1005007527780893
1005007154508639
1005007528248661
1005007616112646
1005007635268635
1005005939807722
1005006588944902
1005007641852114
1005006681178078
1005007508261551
1005007558311361
1005007600360352
1005005938385352
1005007423235325
1005007558822320
1005004522688228
1005007558930734
1005007632827958
1005007280925565
1005006650483259
1005007625953119
1005007599805902
1005007370551925
1005007154033822
1005004178692126
1005006990484497
1005007567315702
1005007615933933
1005006876582001
1005007525568560
1005007528054806
1005004000923575
1005005186620318
1005007483941207
1005007643914181
1005007305281712
1005007628893146
1005004101641653
1005007105509944
1005007599638377
1005007616066108
1005007629206790
1005007479348657
1005005897551216
1005007628257398
1005007651008640
1005006997377121
1005007556422685
1005007514478464
1005007332239362
1005007154098635
1005007641569986
1005006540721900
1005007146755273
1005007528133366
1005005777726849
1005007359935043
1005006847349171
1005007622149541
1005007280823622
1005007632556383
1005005937342351
1005007277774662
1005007558952992
1005007632086786
1005005182956086
1005007149891461
1005007633177262
1005007632452285
1005007016468129
1005006509086528
1005006482993307
1005007280745716
1005007528168243
1005007639455766
1005007171977315
1005006650124227
1005007155480077
1005007154805072
1005007147456572
1005006600804099
1005007638007507
1005006599739975
1005006497790324
1005007599469405
1005007016851627
1005007634092920
1005006517387175
1005007628797452
1005007544230404
1005007154047180
1005007341927507
1005006875226017
1005007557038162
1005007635266346
1005007363830209
1005006358373324
1005007020019760
1005007629742315
1005007105373059
1005007528125527
1005007241203920
1005007619434614
1005007525430827
1005007650995188
1005007651161376
1005007632113785
1005007635733313
1005005748583535
1005007634324392
1005007527809740
1005006867491830
1005007276191337
1005007650220107
1005007263460127
1005007649352353
1005005937573137
1005007633900326
1005007605414177
1005006600331610
1005007548564110
1005007650102108
1005007650501113
1005005958202946
1005007650460243
1005007648432908
1005007652715638
1005006657420280
1005007649535543
1005006792750286
1005006195630771
1005007652766583
1005007651040528
1005007016080070
1005005937625155
1005007071014359
1005004617229768
1005007620400098
1005007632843836
1005007646937763
1005007073070159
1005007154443554
1005007567559148
1005006495371998
1005007527684731
1005007650830110
1005007650459258
1005007648885491
1005007649124166
1005007649934482
1005007650824101
1005006487342237
1005007650637959
1005007649364772
1005007649369398
1005006964548729
1005007153602945
1005007105850192
1005007628513164
1005007149842412
1005007632559067
1005007649997288
1005007635983812
1005007633901159
1005006899815599
1005007541559540
1005006540557695
1005006600020984
1005006268468506
1005007636101592
1005007556153466
1005007614418406
1005007633139111
1005007641727418
1005004220189644
1005007350859681
1005007154260597
1005007651395818
1005007635575904
1005007614446288
1005007004710419
1005007409432225
1005007651456673
1005007635959461
1005007625104208
1005004133043791
1005007424906980
1005007597555277
1005007648867696
1005007020079702
1005007634462329
1005007016222570
1005007637992472
1005007650827785
1005007528366206
1005007637972572
1005007651092161
1005007541396138
1005007638156081
1005007633909334
1005007587026249
1005007641670759
1005007651023614
1005007641596881
1005007651179539
1005006502909179
1005007651015960
1005004140209644
1005007171883524
1005007650998432
1005007629729247
1005005641737764
1005007541318537
1005007632290534
1005007620582273
1005007633101084
1005007632867720
1005006502969923
1005007574429573
1005007641942128
1005007628655315