1005007692951909
1005007693131374
1005007693163470
1005006426166222
1005007513459032
1005007513358169
1005007513303192
1005007378003833
1005005513679299
1005006728889972
1005007693097532
1005007588708617
1005004072451718
1005005071167344
1005004568467945
1005004776077248
1005003849495411
1005006148164413
1005005401793542
1005005835310306
1005004299598727
1005004776094213
1005004337685831
1005007475289884
1005005373809975
1005004193153680
4000498695715
1005006480292217
1005004965515819
1005007487727792
1005007535978136
1005007256299096
1005007227436818
1005005557077538
1005007227679446
1005005557060691
1005005973592758
1005007004497753
1005006067473689
1005006053402037
1005006053334367
1005005835467166
1005005833894803
1005007353595696
4000042061066
1005006262657886
1005004866506426
1005005980314901
1005007385733395
1005007342543540
1005003634192785
1005006900942438
1005004072367879
1005005750515145
1005006558812687
1005005290687431
1005006165568179
1005004836730630
1005004815832954
1005001339237154
1005005327492341
1005005241874567
1005003773278124
1005006488771761
1005006390873079
1005005426431113
1005006396071135
1005005834235299
1005007487947236
1005005290391999
1005005166078666
1005005256761971
1005004072409271
1005001809665686
1005004872253974
1005004354720903
1005004071520207
1005007653348495
1005007342980905
1005005026880226
1005005637980557
1005007530915174
1005007573731672
1005007573879441
1005007647349723
1005003445265657
1005006956593367
32897086387
1005004843630745
1005003732873578
1005005215127252
1005004518452302
32873149750
1005004441923111
1005007569137779
1005006156550996
1005004752582778
1005005109592242
1005004231981422
1005007490613665
1005007464408204
1005004247004128
1005007358991519
1005007359128010
1005003111310439
1005003108497085
1005003110704682
1005004674258500
1005005264135152
1005007036059713
1005006141000612
1005005448908316
1005004246839874
1005006834485288
1005005786120890
1005005245507391
1005007619140640
1005007493054943
1005007457786621
1005005872308751
1005006825735105
1005006743872881
1005004420794562
1005006718841888
1005006691774612
1005005088825821
1005004112121932
1005004074616140
1005005266140677
1005004314720871
1005006578596630
1005006513912100
1005004112245320
1005006449127990
1005005087667851
1005006282512224
1005004776023791
1005006164124657
1005005799740921
1005005656571511
1005005005179728
1005006228483314
1005006049672262
1005006100110685
1005006492747891
1005004641632530
1005005386158902
4001243755666
1005005505924194
1005005095806082
4000216660567
1005003024913402
1005005976615216
1005005656504874
1005006032698514
1005003026633536
1005004001346904
1005005266588655
1005006335099892
1005003052162774
1005007336626741
1005007418123815
1005007430958125
1005003634256337
1005005444621033
1005006710799854
1005005885417314
1005005558147190
1005006456646691
1005005930011600
1005006022925627
1005004074756073
1005007487859414
1005005648043213
1005007376900375
1005005682205945
1005007036009998
1005005773255837
1005004545774760
1005006620203940
1005006620591101
1005006170395992
1005007266018131
1005004074561932
1005007660897007
1005007568479704
1005005444870358
1005007669874896
1005006298500441
1005006100107718
1005007429451273
1005007002387555
1005007142667430
1005006578465758
1005007464115738
1005007259543326
1005005675120842
1005006354482225
1005002843742191
33052561378
32763277279
1005006471958598
4000989549089
1005005764296096
1005005978303648
1005006477273969
1005007258742967
1005004054026655
1005004651332463
1005006948306758
1005007321897575
1005004651348332
1005007259430707
1005006620903743
1005007645794543
1005001638868972
1005005872345573
1005006019777766
1005005647927226
1005007159436194
1005003249563527
1005002634706400
1005004651270729
1005006371991237
1005005324474648
1005007315675050
1005006485313295
1005006282467403
1005006673355940
1005007498092061
4000046016440
1005006170579026
1005005992783465
1005007658715215
1005005945422201
1005006802180248
1005004753312214
1005006449191610
1005005885304985
1005006100061931
1005006713158999
1005006743880878
1005004771463534
1005006838439167
1005003849698132
4000044014866
1005004074748825
1005006298486577
1005006138284853
1005004776066320
1005004829353127
1005007121371864
1005002824302933
1005005775862151
1005004828753792
1005005275990128
1005007256771579
1005003950211010
1005001487523458
1005006422354703
1005007339749257
1005005935742956
1005007158755933
1005007458011169
1005003246856256
1005006601547204
1005005979703612
1005006094922923
1005005647873636
1005006569173996
1005003336635126
1005002733425127
1005005547342936
1005005697486901
1005004112222034
1005007036297475
1005002746217302
1005003445989057
1005002858312635
1005006710770900
1005003936846427
1005007212317460
1005005598814919
1005004841674883
1005002656595863
1005004771524017
1005005769094733
1005005593913196
1005006263241027
1005003330332556
1005005599035011
1005005872280883
1005006476395811
1005005697698193
1005007117579398
1005007629400143
1005007649406187
1005005769176362
1005006449147813
1005005324810428
4000043954702
1005006844281543
1005006640088468
1005007368737821
1005006500279487
1005002584078881
1005002740288174
1005004161228055
1005002655357244
1005002656604861
4001203499408
1005006477190583
1005002566492156
1005006505638009
1005007100044989
1005006017530779
1005002655385524
1005002733186835
1005003282528516
1005006173674491
1005006568650247
1005007629047990
1005004107619124
1005006475600481
1005002843710552
1005002740211848
1005006621124513
1005005266603595
1005006477283693
1005005697578545
1005007358883258
1005005859487349
1005005549804565
32764205137
1005004813664484
1005004869279990
4001203505407
1005007494295283
1005007636470566
1005002655268663
1005006244281731
1005006699175605
1005002656557788
1005006716311849
1005005880710415
1005006883471828
1005002584170285
1005005697492934
1005006453391978
1005006500499202
1005007568859248
1005005266626294
1005001576980261
1005007234548357
1005005769069798
1005005421959453
1005002740231744
1005005266596728
1005004452870593
1005007490622670
4000045950756
1005006589325167
4000046045255
1005005697619510
1005002733378470
1005001839835449
1005005444691194
1005002733384224
1005002230138491
1005005697513910
4001075038708
1005005647882853
1005007128094928
1005006091320080
1005002584053960
1005006086800171
1005002740201836
1005002740202870
1005002656533864
4000046007082
1005006500463894
1005003110813314
1005004968787082
1005005769186372
1005006100217066
1005002656648073
1005005769130655
33001425741
1005004195111380
1005004112190989
1005005769183243
1005004195132101
1005001588693459
1005004863039723
1005003026710023
1005003110807847
1005003110818243
1005006609984535
1005006914132050
4000046035716
1005007648253144
1005001381978625
4000048083692
1005002420789201
1005005266636618
1005005681240042
1005006882196503
1005002733422207
1005006505496758
1005004195145058
1005001576949406
1005001577351104
1005004112266036
1005006505384611
1005001496011986
1005005598001193
1005003799712374
1005004904073015
1005003738079087
1005004749818241
32625975518
1005003079081851
32918422803
1005003737954402
4000044015847
1005006061922502
1005004622317191
1005001816730994
1005007329544488
1005002656583242
1005005325948862
1005002656497968
1005004195050888
1005004047243056
1005007228168284
1005003738020262
1005003738059126
1005004841383997
4000308060585
1005004622297400
1005003737866734
1005003778824106
1005003410546249
1005004047143982
1005004749570928
1005001611958666
1005001487622490
1005005061073988
1005003778347993
1005003777145112
1005004000023883
1005004000178335
1005003799560917
1005004627002558
1005003718262436
1005003799705356
1005007772468176
1005007757072965
1005007757053511
1005007723242544
1005007713918614
1005007749470119
1005007723531807
1005007723694270
1005007723735111
1005007723606640
1005007723689294
1005007721734098
1005007714025021
1005007713371565
1005007682479897
1005004000149447
1005003778701629
1005003778355908
1005003778624999
1005003778651869
1005004047210448
1005003778842018
1005003778735435
1005003912749315
1005004000090692
1005003362736297
1005006392144715
1005004444064878
1005006772678540
1005007393856073
1005003746717641
1005007084413832
1005003461036918
1005002835549403
1005005477165464
1005005791717660
1005004463983882
1005007501501645
1005007458081098
1005004185766990
1005006702826446
1005007429624660
1005006434267925
1005006431627672