1005007373980644
1005006250118245
1005005206778259
1005007037526799
1005007057715992
1005007331625273
1005006326808681
1005005502761679
1005005274276607
1005007499820601
1005005981960140
1005006845210952
1005006019515057
1005007469449859
1005007161298602
1005004025140790
1005003751659879
1005006663779091
1005006825187777
1005005816866962
4000348722036
1005005298148836
32794432138
1005006637168176
1005007268572139
4001278278099
1005006050646638
1005005820515640
1005006854746045
1005006963722018
1005003245082015
1005006981189149
1005007425214376
1005007077104096
1005007036713528
4001234030512
1005005372929588
1005007330644574
1005007143029002
1005004555393398
1005006433049016
1005007329452999
1005006195172291
1005007201406917
1005005320316265
1005005116033160
1005007195531740
1005007006971590
1005004726806456
1005004566870453
1005006026784435
1005007458343872
1005006690303255
1005007356419284
1005005295694630
1005005483239117
1005007325129776
1005006701983650
1005007289486665
1005007385121937
1005006426101092
1005005643390720
1005006366868562
1005005858383518
1005007010151850
1005005967397807
1005005809352729
1005007081698345
1005006483104896
1005007611877395
1005006038696977
1005007265244404
1005002453649900
1005002783454302
1005007143108006
1005006796580815
1005001721079783
1005006002347013
1005006936175022
1005002766210439
1005005395620950
1005006469147273
1005001466902038
1005007031986484
1005004309839406
1005006734399351
1005004934421668
1005007054693369
1005005831161428
1005006988233307
1005005189125396
1005006579433233
1005004078811875
1005007287843554
1005006160344769
1005006095341495
1005006529405499
1005007198020308
1005006410766256
33021846278
1005007354321192
1005006570784263
1005006270199146
1005002754235956
1005007089425080
1005007252715879
1005006259965174
4000405613226
1005005649354464
1005007294141880
1005007519787136
1005005916999266
1005006161715280
1005007533494256
1005006394506739
1005001468371820
1005007198055374
1005006349500730
1005005869794068
1005007553251256
1005006936613086
4000411863933
1005007290849008
1005007510756861
1005006928123173
4001129210196
1005006792723194
1005006897512031
1005006172782921
1005006820068353
1005007075602439
1005004441493238
1005007275270223
32852707406
1005005365330299
1005003999277500
1005007270971187
1005007191886473
1005007267341773
1005007278747227
1005003400357217
1005007220197581
1005005921145737
1005004630853855
1005005767197416
1005005839324684
4000535256255
1005006912903640
1005007487482078
1005005838194769
1005006755790545
1005007032740175
1005004633968949
1005007400677030
1005006628802074
1005005925015144
1005006924878581
1005006903308928
1005004498398395
1005007214796160
1005007521196340
1005005677512819
1005007004972305
1005006115767460
33011972248
1005006818774137
1005007546115461
1005007016952421
1005007444560721
1005006889030699
1005003757220469
1005006124347574
1005006168542127
1005007555087929
1005007315714123
1005005241753930
1005006948771871
1005007398117759
1005005894874779
1005007506496172
1005007556952236
1005007102041585
1005005703078289
1005007172432519
1005007386208832
1005007238903663
1005007085730108
1005006745395391
1005007262229177
1005006880267290
1005007008971145
1005005436150315
1005002661087180
1005005257840831
1005007479092878
4001120376511
1005007181963186
1005007026562309
1005007031057918
1005006336640708
1005006615157016
1005007456946973
1005006089630973
1005005571909585
1005004958807764
1005003107678489
1005007244846591
1005007019686184
1005007387498778
1005007003023895
1005006446969941
1005006484947753
1005005787449835
1005007324694167
1005007559874932
1005007607931231
1005007407786131
1005006481040694
1005007289192679
1005006322377215
1005005938249172
1005006867036414
1005006000319543
1005006215448893
1005004046123684
1005006686397973
1005006798719127
1005007566618883
1005005927664090
1005007149230829
1005006906864783
1005004001703770
1005005482678696
1005006022014107
1005007413876935
1005005133940705
1005005916496681
1005007016544595
1005007203575930
1005006902270075
1005005499585427
1005007324649882
1005006057693367
1005006256057207
1005007628520530
1005007359800536
1005006621749369
1005007036019483
1005007204824383
33008238756
1005007126213767
1005006818223528
1005006832273372
1005006504416457
1005007517112721
1005007485045022
1005006902813162
1005007124139923
1005007088945653
1005006169507494
1005004992583191
1005007229860164
1005006848644301
1005004221435876
1005007472404320
1005004599702011
1005007054566029
1005007429387248
1005007058147941
1005006050721787
1005007274053647
1005004320000671
1005007514840196
1005007585144590
1005006660730722
1005006286483896
1005006140072552
1005007199910660
1005005709785154
1005007638044569
1005005388348984
1005007603714092
1005007320444720
1005007001137964
1005006280852107
1005006722399074
1005005079008179
1005007398585346
1005006655057052
1005006829030705
1005006808892346
33045742288
1005007329734982
1005007065613627
1005007600546803
1005006759345246
1005007298860743
1005004780980010
1005007502312550
1005004752945791
1005005967410642
1005007219076919
1005003118065676
1005006302116479
1005007253147452
1005006792248951
1005007380335547
1005005855702822
1005007323176631
1005005017348510
1005004738289808
1005006833760853
1005005734601310
1005007512688226
1005007316729648
1005006207059903
1005007089058920
1005007097852258
1005007033223465
1005005933170240
1005006679921907
1005007184243927
1005007463277007
1005007089509993
1005006976886929
1005007485699849
1005007412761430
1005005856948907
1005005485436073
4000150084934
1005006787367420
1005005775339360
1005006469059560
1005007439323555
1005006020787715
1005005608825464
1005007035711278
1005004017523276
1005006660821997
1005004230704096
1005004725406767
1005005978929976
1005006187426892
1005007361620078
1005004582710979
1005005951525167
1005007208178635
1005006883244830
1005007162151997
1005005695387184
4001260415637
1005007324451975
1005006904768602
1005006259725473
1005005621516587
1005007319635048
1005001421536132
1005007322782860
1005006577406495
1005007356073754
1005006792818624
1005007081100174
1005005732772552
1005007112561915
1005007534768431
1005007553151440
1005003468376808
1005005898717763
1005007557551913
32842661322
1005004813232045
1005007180477563
1005007224673601
1005006141031314
1005005917283252
1005004734317616
4000074138218
1005007526401625
1005006869773058
1005007129589392
1005006760384410
1005005802953152
1005007138303714
1005005642773156
1005007267845542
1005007508540483
1005007096323166
1005006612574502
32963764547
1005007009330526
1005006108438528
1005002782229784
1005006807536316
1005003244012948
1005007572683524
1005007404041818
1005007155683126
33014054348
1005006013348419
1005006624895361
1005006290351672
1005005398130651
1005007411964295
1005006980975716
4000064592231
1005004608896604
1005005941854932
4001071489928
1005006043267521
1005007268382558
1005006116116191
1005007466279919
1005006734487885
1005005033906968
1005007280067478
1005007352949612
1005007119490485
1005006546555101
1005002018840522
1005006718326063
1005005321725941
1005007339135095
1005007429316166
1005007055253277
1005006359345463
1005005282794167
1005005961767133
1005001552837013
1005005925875055
1005005941658103
1005007481355948
1005007552931759
32769689976
1005002483974111
1005005045948626
1005006590231165
1005001324739409
1005007471236055
1005002809958877
1005006864409752
1005007023262242
1005005617298930
1005006476751084
1005006169350268
1005007499012298
1005004958455141
1005006199587325
1005004590355603
1005007264293650
1005006427501955
1005007506801744
1005007464149433
1005004822133852
32843299691
1005007070960463
1005006306340799
1005006768227643
1005006723032111
1005007468919525
1005006801545789
1005006558795887
1005007103799397
1005002908300394
1005006548610109
1005007251969522
1005005962935956
1005007164851502
1005006067790543
1005006490578396
1005006920247995
1005007212918831
1005007224435453
1005007377029698
32803856342
1005007491831057
1005007043730588
1005007298483560
1005007428926367
1005005824410200
1005006163802020
1005007459134401
1005006878085975
1005007549156474
1005006813075465
1005004609999414
1005007215562113
1005006546862352
1005007558899632
1005007449477742
1005004260813574
1005005943703491
1005006745488896
1005004497465039
1005007162040217
1005006320835009
1005007091050106
1005006834033545
1005007055269463
1005004866176814
1005006695960476