1005007616042142
1005007608634837
1005007616016207
1005007608962109
1005007608638574
1005007621625141
1005007574060207
1005007608674708
1005007621402353
1005007608711575
1005007608488992
1005007615862823
1005007615891721
1005007490814601
1005007621298451
1005007574120035
1005007608615852
1005007625517721
1005007615935680
1005007608605923
1005007608743448
1005007621318535
1005007608820003
1005007615878828
1005007464970312
1005007608594590
1005007651212474
1005007616408906
1005007615848874
1005007625506774
1005007621559138
1005007608482000
1005007608705652
1005007651270237
1005007608538989
1005007608965118
1005007608746404
1005007621599081
1005007616437806
1005007608892141
1005007651247281
1005007608626566
1005007616630157
1005007651090445
1005007608706649
1005007608975190
1005007651149656
1005007608532530
1005007608877145
1005007490914306
1005007615822000
1005007615934656
1005007651057924
1005007574913704
1005007490693856
1005007621549220
1005007608722784
1005007621589189
1005007491120284
1005007651122364
1005007491030037
1005007608626846
1005007616037127
1005007615852937
1005007616022182
1005007615894747
1005007608822222
1005007491221049
1005007616046287
1005007621271568
1005007616384974
1005007651267338
1005007621588184
1005007608748492
1005007616096026
1005007615814986
1005007650998707
1005007650888936
1005007490981649
1005007625786126
1005007651156348
1005007616623213
1005007621252668
1005007491034550
1005007621229875
1005007608753138
1005007608768643
1005007490715790
1005007615946701
1005007625819061
1005007616578378
1005007490848965
1005007621286663
1005007615917792
1005007615887710
1005007616651073
1005007616070087
1005007490883919
1005007651214103
1005007616568429
1005007616004352
1005007615856846
1005007616494740
1005007621222795
1005007608601859
1005007490939247
1005007651216046
1005007615748975
1005007608638875
1005007608881312
1005007621314471
1005007616484723
1005007621324505
1005007621412624
1005007616098026
1005007651100908
1005007608599581
1005007651268350
1005007615951671
1005007490722808
1005007608495558
1005007651353093
1005007651342134
1005007608705595
1005007651373044
1005007616466768
1005007621373142
1005007651079905
1005007608610593
1005007491012091
1005007616666059
1005007651186659
1005007615904700
1005007651151291
1005007490930264
1005007616054235
1005007608791164
1005007621462567
1005007616089103
1005007615837897
1005007615919834
1005007616082127
1005007608975189
1005007616005346
1005007573889644
1005007539625256
1005007616571498
1005007616414885
1005007621404339
1005007621398457
1005007651108416
1005007621560174
1005007539617971
1005007616595357
1005007621442322
1005007616662071
1005007615961615
1005007608617963
1005007616019237
1005007496505667
1005007615932570
1005007608581917
1005007608707248
1005007615946649
1005007616005297
1005007621230807
1005007621389420
1005007616080071
1005007616148102
1005007490866437
1005007574041254
1005007616083213
1005007615799972
1005007080011059
1005007616097199
1005007621408386
1005007616556458
1005007651040550
1005007651020629
1005007650909891
1005007625832004
1005007650869969
1005007608481684
1005007621415292
1005007608656488
1005007616643110
1005007625491804
1005007490777636
1005007615914824
1005007616536523
1005007615901700
1005007650897946
1005007615918746
1005007621354394
1005007621449268
1005007651073487
1005007621355371
1005007621245491
1005007608804437
1005007650901944
1005007621227593
1005007651123389
1005007464632917
1005007651120394
1005007616648088
1005007608511437
1005007621201945
1005007539893330
1005007625811094
1005007539729724
1005007608663454
1005007539697088
1005007651231034
1005007465075070
1005007465007218
1005007615897780
1005007616039135
1005007615917793
1005007465073075
1005007464763732
1005007615841843
1005007650927864
1005007616418878
1005007616036153
1005007625465761
1005007615972496
1005007615816933
1005007608859323
1005007261087795
1005007608695364
1005007608723258
1005007608703299
1005007616453818
1005007616473787
1005007621279501
1005007625783204
1005007539553463
1005007615911636
1005007621523211
1005007539723740
1005007621276511
1005007616169053
1005007539845399
1005007465082090
1005007621206909
1005007465067506
1005007615995547
1005007539429750
1005007464941405
1005007660314541
1005007657276617
1005007660505065
1005007657125955
1005007660494111
1005007657157880
1005007660202950
1005007657201808
1005007660371467
1005007657137972
1005007660426259
1005007657131951
1005007660480108
1005007657114973
1005007660404345
1005007657219734
1005007660227839
1005007657447091
1005007660289665
1005007657200775
1005007660304563
1005007657406201
1005007697147828
1005007697307160
1005007697168875
1005006861649829
1005007142967316
1005007277175204
1005006875551899
1005006653678423
1005007468944360
1005005696818890
1005007260864704
1005007577642492
1005007592979133
1005004469135432
1005007208393954
1005007162826216
1005007130987229
1005005124246522
1005006724173114
4001191543848
1005007153704457
1005007462925991
1005006620075352
1005007643425264
1005006196907791
1005007181908418
1005006007162965
1005004715371873
1005006384820100
1005005137498400
1005006131154661
1005006722877281
1005003212522983
1005005898768265
1005006323232015
1005006542739647
1005006612385111
1005007189570378
1005007123617451
1005004697885782
1005005316868568
1005006855090428
1005006859880321
1005006330603553
1005006845134237
1005007204451867
1005006820790678
1005006859778527
1005004432892418
1005005528576298
1005006013516475
1005006845153646
1005005648216017
1005005571153266
1005006668714938
1005004038369414
1005003001077833
1005005566540751
1005006221484957
1005006848870406
1005004441619176
1005002252804619
1005004630058516
1005007158127662
1005007514788309
1005004830729774
1005007499154053
1005006434660222
1005007006962222
1005005338339745
1005007486046700
1005005815988553
4001267159081
1005004355907076
1005005820030501
1005006625439451
1005005670013589
1005007485782664
1005007310699660
1005006643001654
1005002206161295
1005007665066581
4001333109642
1005004642286073
1005003658167493
1005005384195665
1005007054842859
1005004556750769
1005005420904668
1005006217944022
1005007486050205
1005007536847239
1005006774099835
1005006888662724
1005006326134910
1005006991687709
1005006916553137
1005004688770893
1005002652161483
1005002768002197
1005005297185391
1005005476898504
1005007296545356
1005003014280670
1005005080592468
1005003175804421
1005005967033800
1005007472259809
1005003922504439
1005003056551839
1005004375010370
1005006891724463
1005007089537349
32954137087
1005007592335937
1005007562549490
1005004352210344
1005006018945215
1005007260696972
1005006894172619
1005006431123824
1005006222751429
1005006869967903
1005006032551671
1005004657755240
1005005104348650
1005006661050786
1005005386586832
1005005550349537
1005005757753724
1005005089816160
32842019802
1005007440898088
1005006352473538
1005005709933589
1005007507471356
1005005795854319
1005006174659012
1005006161257960
1005006068969943
1005005913890191
1005007072943730
1005007510400247
1005005929204362
1005001599284335
1005007644059299
1005007585486061
1005006807945630
1005007363025603
1005004738100274
1005003901959102
1005007140488477
1005007474280056
1005005553050399
32831159452
1005003546428188
1005003424366248
1005006707446439
1005006757063340
1005006788084037
1005006787766658
1005006825583066
1005006815439225
1005007268317353
1005006853906862
1005007173000716
1005007021844990
1005006893530675
1005006164813210
1005005830781097
1005006060130613
1005007549219147
1005006409008746
1005006446812284
1005007466341561
1005007432060307
1005003350954362
1005006388590035
1005003510715082
1005006664424465
1005006502105564
1005007071077592
1005006031331956
1005004563780133
1005006443812033
1005007507249847
1005005928464424
1005005889590964
1005005898442455
1005007228734228
1005006866800463
1005005529230950
4000340365514
1005006243395236
1005002990627277
1005004410254261
1005006540332650
1005004626728336
1005005739407202
1005006460596784
1005005608705746
1005003654556859
1005003724789676
1005003461102767
1005005222749944
1005006249632852
1005006164074309
1005002985728225
4000959844914
1005006257489512
1005006137960396
1005006074547681
1005002262653595
1005006047645525
1005006583858100
1005003556876492
1005006518872749
1005007188257975
1005007673559951
1005006111782898
32742520472
1005003265485463
1005007676854843
1005007687066807
1005004323060123
1005006635845698
1005006310872468
1005007053555045
1005007059717205