32355359877
32523542123
1005005608759340
32784545957
32833961951
1005005609558287
32836795485
32355623018
32308370267
32834329643
1005007270989690
1005007270622101
1005007445092615
32834792872
32835598579
1005004471504634
4000368920637
1005006244373238
1005005254961839
1005003667746416
1005006239683930
1005006193268679
32759312208
1005005767578615
1005005653612834
1005006344671229
1005004898986867
1005003988943259
1005006744195623
1005004076377859
32703066204
1005007061426378
1005005196945513
1005006464186288
1005005962411478
1005006241132537
1005006959815347
1005006007267520
1005006939188871
1005006428312747
1005006076010162
1005006484827677
1005006673354466
1005006027876682
32916734479
1005006281399513
1005006419900240
1005005222397542
1005005130592465
1005006110516676
1005004011012480
1005003665309394
1005005671872224
1005006311879359
1005005354911791
1005006331071880
1005003660994182
1005004282169660
1005005535713423
1005005210683283
1005005894360034
1005006286616739
1005005622729034
1005007296452929
1005007152951951
1005006289453547
1005005925586486
1005006086464460
1005003298738934
1005007348822588
1005006756605680
1005004035727391
1005006609673359
1005006258770825
1005006286277741
33043600706
1005004970691863
1005006477860925
1005004925773614
1005003175226158
1005006646071025
1005006000404321
1005006050097793
1005002284551602
1005006768287293
1005006344192445
1005006523829836
1005006397163490
1005006196252337
1005005787219968
1005006309241321
1005006282138554
33004142499
1005005117755223
32905188060
1005006042305682
1005003519742861
32857894388
1005003953920584
1005005349531984
1005005937177960
1005004049984052
1005006084012548
1005004711692145
1005006186043275
4001143657606
1005006734342577
1005006300561921
1005003592487992
1005006033015586
1005006281503168
1005006018857535
1005006313495884
1005004159216349
1005005819681922
1005006148906923
1005006084097091
1005006323297442
1005007052002535
1005005709239644
1005004272846438
1005002551769474
1005006127514590
1005006816033377
32976253838
4001275985989
1005006043694899
1005005698167326
1005005321616967
1005005730244385
1005007047867078
1005003728646132
1005004719892813
1005006246127383
1005007097678014
32904613028
1005006320333538
4001297034108
1005006281294708
1005006511444638
1005005461999229
1005006437046502
1005005367326744
1005006687120363
1005006659543726
1005004681513455
1005006908283325
1005007458346163
1005005230190252
1005006888375663
1005004153751145
1005004711357211
1005004065230016
1005006027150193
1005007212190115
1005007516385886
1005004264884514
1005005593580488
1005007464187937
33031712435
1005006923881707
1005006826443135
1005005440956085
1005006460593606
1005007594850663
1005005333529450
4000639827574
1005006759559168
1005002253305745
1005006897375297
1005005218191764
1005007091214373
1005007233362960
1005005305335741
1005007321443190
1005006893849815
1005006434744818
1005007561751630
1005006980261860
1005004990661145
1005006313114037
1005003843940447
4000833012703
1005007261696522
1005006626443543
1005003710055995
1005006993809682
1005007522959548
1005005672456987
1005002941026070
1005007543514339
1005007520025194
1005002683957901
1005006073378041
1005004894519606
1005007553861004
1005007304037809
1005005486340227
1005007557201157
1005005357048083
1005007408843738
1005005337365758
1005004988439216
4001278067660
1005007515397744
1005007495142598
1005007482469242
1005007099491268
1005007038982477
1005005807640126
1005007172009320
1005004712367406
1005006749334722
1005007210037138
1005007341464195
1005004731671648
1005007541304939
1005006059210000
32806678777
1005006323115189
1005007038104364
1005007458246778
1005005366807307
1005006334150049
1005006486108824
1005007329487693
1005005373052745
1005006864050669
1005003280717521
1005006746327024
1005003646996357
1005006425690924
1005005915866712
1005004681800841
1005006725298391
1005002515710101
1005004678693518
1005006288664751
1005007382502949
1005006802230593
1005006904912942
1005003839134037
1005006388510327
1005002289983636
1005001727038676
1005006723908720
1005007419395988
1005007347116176
1005005017081062
1005007501038427
1005006147758156
1005006670925059
1005006524903723
1005003016812352
1005007381037341
1005003740939294
1005004091015755
1005004046395248
1005006227312079
1005001955340753
1005005681396355
1005005517859389
1005007254268395
4000171780631
1005007084544035
32823229363
1005007031044821
1005007350455782
1005006488306157
1005006616208226
1005006397005791
1005007529519790
1005007011090671
1005007176833271
1005007529892451
1005006417967765
1005005246058488
1005006885291640
1005003664098283
1005005467943492
4000639505245
1005006444790456
1005004150495887
1005003365631690
1005006219627355
1005006409126748
1005006986964706
1005007474920518
1005005781022056
1005007204379254
1005005714478005
1005007262875956
1005006334323487
1005007010592548
1005006281182899
1005006075658784
1005006746197148
1005004854872743
1005006524085062
1005007206350114
1005006121545694
1005003988538418
1005007346566633
4000311926083
4000142518676
1005007166293040
1005007451037256
1005006768328913
1005006756670260
1005006654574824
1005002940926818
1005003032715941
1005007378230502
1005007216742772
1005006669883458
32908825464
1005007156740144
1005006283029303
1005005279757179
1005004401363124
1005006827025447
1005004028408315
1005003974667580
1005006888327771
1005003953860783
1005005529795573
1005005579480345
4001272124385
1005007329600242
1005006789631904
1005007207208327
1005006936183602
1005001727533855
1005007218772796
1005006022234280
1005004045431573
1005007425987704
1005003849550670
1005006762851690
1005006464233264
1005005711950657
1005007322489195
1005006778841861
1005006647438897
1005006858346296
1005007055069129
1005006443114836
1005006866352805
1005003904054141
1005007169780589
1005007579002756
1005006567331341
32611872032
1005007285500828
1005003493088594
1005004530546557
1005007083718723
1005007016571025
32286664679
1005007342866215
1005007032535844
1005007293615301
1005005980110620
1005007083900277
1005007207595254
1005007357468065
1005007178220709
1005007378757703
1005001859284495
1005007031751211
1005006323155021
1005006995986100
1005007441010351
1005007550628756
1005005943314101
1005007198990331
1005006367001988
1005005857578608
1005007129219041
1005007357250915
1005007390373795
1005007445795533
1005007021157856
1005004709686063
1005007544032506
1005006400879310
4000148619247
1005005416632311
1005006770506848
1005003988473601
1005005120058107
1005006832752590
1005007317696849
1005005563340003
1005007391693077
1005007242473047
1005005246003038
1005007148207542
32997565963
1005007094919608
1005004883261141
1005003335990226
1005003590801600
1005007400038597
1005006993646721
1005003160167435
1005003188466330
1005005187091863
1005007150635716
1005005096421259
1005001732129234
4001276590076
1005005679947254
1005007437853829
1005007395095922
1005006110632079
1005006059821366
1005004671263773
1005005446444501
4000140450686
1005007033203766
1005004045635184
1005006393431918
1005006545923094
1005007316581679
1005007558961713
1005006948985865
1005006450822715
1005007570940221
1005007440693673
1005007547154625
4000765332816
1005005341322844
1005006460597285
1005006138834344
1005006609026606
1005007419121560
1005006162107934
1005005978401581
1005006952088128
1005003662441987
1005005012760605
1005006058303077
1005005555993683
1005005557009903
1005002286698130
32692482429
32961499196
1005004305595459
1005003369898504
1005005821184963
1005006844312978
1005006302535362
1005006417261794
1005004442866612
1005007485387582
1005007004453865
1005004855028062
1005005575027384
4001192940753
1005006999981520
1005006321445920
1005007261649242
1005004700739596
1005007176469123
1005005414236088
1005005215561352
1005007350906574
1005003328875723
1005006542330120
1005007564978898
1005003108996585
1005006826044178
1005007370018008
1005006220250782
1005005605501758
1005006525600563
1005007600576688
1005006285686621
1005005485591041
1005007486232888
1005006508392052
1005007101718397
1005006633585242
1005006035099863
1005006273337877
1005007101566600
4000141237706
1005007266655999
1005001854545144
1005007231880792
1005006838031755
1005003508513256
1005007287179019
1005004045549929
1005005267184255
1005006860904083
1005007020794681
1005007540063716
1005007498868983