4001220442510
1005004465135409
1005007281419463
1005007561804832
1005006089611029
1005007639173654
1005005064276908
1005005438574398
1005006685660824
1005005835010709
1005007673801673
1005007576491106
1005007520780506
1005006867521973
1005007674354884
1005007674775136
1005007292297632
1005007523437591
1005002205708368
1005007538890272
1005006809675061
1005006324737897
32671979527
1005002762960840
32966546493
32785469558
1005006173870158
1005007583802819
1005007559888406
1005006851649672
1005007059698629
1005007562113166
1005004361466557
1005006102802962
1005007583059620
1005006000467599
1005006807231018
1005007673869079
1005006558056753
1005007334508907
32901323384
1005002419409449
1005006958105628
1005005003833749
1005006262911534
1005002836012309
1005007199128643
1005001571460971
1005007654271198
1005007501590994
1005004944431872
1005007520940587
1005006307086236
1005002990545267
1005004261852806
1005005985476015
1005007339309143
1005007008720589
1005002306250669
1005007523751270
1005006035850639
1005006083165684
1005007513996326
1005005821729322
1005007674660968
1005007639249314
1005007091036074
1005002658453778
1005007556704655
1005007639363017
1005006184650736
1005006035229926
1005005354265409
1005006643448771
1005007044624233
1005005575366938
1005003633121443
1005007538372837
1005007393864570
1005006538793520
32781574041
33009337886
32974905273
32975300482
1005006358776291
1005007589957550
1005007555884407
1005007359861901
1005007149068832
1005006540409218
1005007663741318
1005007538519037
1005007568289902
1005003684382815
1005007408168495
1005007674104182
1005006327135876
1005007675700081
4000039282821
1005007517400486
1005003566568313
1005005554861228
1005005643036243
1005007089402907
1005007458635459
1005007607282049
1005007681044843
1005007681094753
1005003635660956
1005002316470957
1005007089138701
1005007009004808
1005006337859308
1005006886183741
1005007215967385
1005007503569146
1005007203175770
1005006841075519
1005006624423924
1005006303988869
1005007450519139
1005006723725805
1005003250744781
1005007416527268
1005004805176107
1005007203833860
1005006160153231
1005007173747410
1005007445849500
1005007639285145
1005007573111381
1005004366544881
1005006035497563
1005004732558784
4000016293658
1005006442661777
1005005575642689
1005007538622476
1005001828879506
1005002983218288
33011950375
1005007583732858
32847999026
1005007562135225
1005007653254928
1005007517289743
1005007442989590
1005007302734934
1005007385904130
1005007030723032
1005006559635133
1005007008899890
32792025221
1005005643309268
1005006841044061
1005007585161587
32898149189
1005007583949552
1005005634566517
1005007656651591
1005007077486435
1005007512941781
1005007203201972
1005004505939628
1005001839385564
1005002404074071
1005007639365015
1005003895592845
1005004725887636
1005006647715993
1005001475376608
1005006317829686
1005003600194655
1005006481448521
1005007175293477
1005006901926634
1005007199126852
1005004653640156
1005007597116349
32786312464
32789428784
1005006439033353
1005004941186747
1005006339461576
1005007653439934
1005007678517083
1005007263854829
1005006184519275
1005006164934857
1005006160130191
1005006318428050
1005006741085622
1005006042120147
1005002971551996
1005006907130235
1005007248968370
1005007538606667
1005006770853140
4001063738456
1005007582655490
1005007576285235
1005007653527457
1005007294893425
1005007513702537
1005007568637460
1005006896971707
1005007639371001
1005003528724539
1005007204801250
1005001544137558
1005007385908899
33048341305
32859793476
32559364933
1005007528388268
1005006905844051
1005007562519146
1005007662122881
1005007639083857
1005003651901533
1005007619426499
1005006034461945
1005006005886136
1005006952173721
1005007011266167
1005007302201645
1005007364987670
1005007615450489
1005006560645591
1005004883256825
1005007443472059
1005005657190217
1005003738296036
1005006337739745
1005004776430828
1005004776189986
4000097400365
32964717162
1005007639088842
32789374914
4000258687281
1005007128485695
1005005554866167
1005004958730258
1005002037271377
1005007177458006
1005004915471417
1005004754304278
1005002886832204
1005007201966830
1005005117547501
1005007111363903
1005007299592095
1005001728250977
1005003789629883
1005007538970027
1005007408333620
1005007450484206
1005001952972742
1005007585864997
1005007615930183
1005007295109314
1005007581859515
1005007203691455
1005004582422116
1005007349260116
1005004653559795
1005007514626594
32809784287
1005007350738177
1005007556281616
1005007449210639
4000219132353
1005002518922547
1005007284961876
1005005614811727
32392804613
1005004443815610
32797648792
1005004502491182
32808882024
32783433073
1005006755502906
1005007337831857
1005002248129579
32950435729
1005005483801017
1005007288801258
1005007421608386
1005007349085780
1005006605832515
1005006996813617
32390953784
1005006300197653
1005005884077698
1005006594777223
1005006302903508
1005007514759486
1005007472530380
1005007019888552
1005006426681483
1005006860050339
1005007483802799
1005007676037544
1005006727199760
1005006542049063
1005002037416517
1005004909435315
1005005820888403
1005003376912796
1005003306602923
1005003089502722
1005005789440266
1005007538756692
1005007626146363
1005007634058264
1005007583479002
1005007616427700
1005004798288348
1005006232754424
1005007261833879
1005007458935153
32788653630
1005006908787185
32975240583
32786403031
32971741102
33048544349
1005004723917378
1005007350406907
1005007443290502
1005004527210527
1005002947541511
1005007291130861
1005007013224725
32639656853
1005004459198129
1005007083660266
32689644494
1005006351857513
32901311522
1005006545641940
1005003393051892
1005005573040684
1005003540531374
1005004909309760
1005007009131700
1005002865502495
32950455415
4000533237010
1005006266953295
1005006936686800
33054978179
1005007565224688
1005003656190373
1005004711787919
1005004069057911
1005001656677397
1005007348315539
1005006034404946
1005001826817385
32954972749
1005001801200370
1005004543031413
1005001826818544
1005006302887546
1005007212197849
1005007422063498
1005006054111233
1005006524019443
1005002142797657
1005004653566752
1005007142547488
1005007348052631
1005007571624391
1005007583072276
1005007652987816
1005007525316711
1005007582476895
1005007443057562
1005007204998257
32789468644
1005007411170663
32789259930
32789468275
32783878902
1005007199253553
1005007607729737
1005006909317596
1005007329620171
1005004910238878
4000533321612
1005004723941056
32949170206
4000059093911
1005007185840768
1005007288859181
1005004265792352
1005007079187843
1005004388179479
1005003510452418
32689620634
1005004996033833
4000159938577
1005004849128618
32703551735
1005005521780048
1005002462049192
1005007536371022
4000218384912
1005006090085307
1005004502534185
32438107156
1005007536289236
1005004165563782
1005006351927142
32962780404
1005007414954187
32790844442
1005007173283139
1005003931477134
1005007142429633
32701654672
1005002943793876
1005007248975569
1005007719718836
1005007718840536
1005007717463075
1005007758632693
1005007687379336
1005007674538128
1005007673400373
1005007672427532
1005006999226934
1005007567264392
1005007582899659
1005007652869773
1005007582763213
1005007579962971
1005007205311503
32784076739
32789331119
32791387484
32784178035
1005001741908419
1005007293146586
1005004910045547
1005007575196597
1005007299413826
32946837048
32926486423
1005007174277223
32790816606
1005007672402677
1005007794458060
1005007709456286
1005007792064995
1005007791812652
1005007791618019
1005007725452667
1005007656536180
1005007752032066
1005007790308003
1005007789945847
1005007598124618
1005007789976999
1005007790207316
1005007789999951
1005007790069586
1005007789419800
1005007716010720
1005007757470508
1005007730762473
1005007766192208
1005007738236402
1005007786883404
1005007765828204
1005007773525135
1005007759367546
1005007782543992
1005007702153842
1005007701456177
1005007782673126
1005007782260537
1005007685025590
1005007781547638
1005007701565993
1005007702140125
1005007693500990
1005007759274931
1005007702848832
1005007763418002
1005007711856258
1005007450303145
1005007653858019
1005007648039176
1005007443177166
1005007205870154
32789484561
32773912291