1005002998484084
1005006778681775
1005006564777169
1005007184095816
1005006440398957
1005005889049112
1005007029580395
1005006890597589
1005004973439477
1005006140964310
1005005771721535
1005006437093307
1005006919613643
1005007076507715
1005006888257861
1005006856586265
1005007165234322
1005006539687744
1005007251381949
1005005972486587
1005006769472547
1005006411018712
1005007170088694
1005006973390686
1005005883504825
1005006194816650
1005006979356101
1005003633746750
1005007091564198
1005007283455188
1005007263045714
1005004266302300
1005007144164714
1005007002489974
1005006896052211
1005005355183010
4000783817447
1005006821549228
1005003414547153
1005006051316397
1005005638210415
1005006778381391
1005007205391357
1005006296984184
1005006425375676
1005006861546633
1005006531374325
1005006485717158
1005006242724267
1005004645800601
4000018408795
1005007143214628
1005006773159118
1005006304396858
1005006574094866
1005005457453344
1005007033175670
1005007329214361
1005006224848273
1005006843750738
32808872724
1005007215941365
1005006054344502
1005004550318516
1005007431715701
1005001651553983
1005005351165991
1005005677242051
1005005600451436
1005001505303237
4001209455142
1005002701089413
1005006809297637
1005006689494151
1005006877521347
1005006690821468
1005006125765748
1005005766737833
1005005760967019
1005006500690642
32873095546
1005006023430560
1005005500676653
1005004401564851
1005004220907761
33012195034
1005007264579625
1005004846242346
1005006113444922
1005007476444472
1005007476237995
1005007476575170
1005006618976328
1005006384036965
1005005905671873
1005007168973623
10000007425185
1005007486325384
1005006923765664
1005007450476306
1005005995804653
1005007471954191
1005006113412385
1005007465895175
1005007445266149
1005006654053151
1005007209522821
1005007197287279
1005007124065260
1005006224728629
1005007108596044
1005006845423854
1005005544049359
1005006767777366
1005006916197122
4000838081979
1005005875113850
1005007404498094
1005006661473620
1005007386736078
1005007387741238
1005006766996293
1005007304636136
1005006845453758
1005006888963680
1005007207746417
1005007144768323
1005007025376333
1005007058109976
1005007058399346
1005006876536805
1005006876425417
1005005220522548
1005006851139238
1005003416719572
1005006468449582
1005006390952425
1005007211128247
4001028231424
1005007184500153
1005006152002103
1005006364437628
1005006159756971
1005007310105899
1005006465858670
1005006876899273
1005007082486661
1005007445394264
1005007446288363
1005007445314328
1005007445552287
1005007450609122
1005007450587187
1005007445242648
1005006375896471
1005007445509486
1005007213582101
1005007213543213
1005007212949338
1005007184797466
1005006904277711
1005006904463699
1005007360074255
1005007359986724
1005006364595845
1005006845436928
1005007355168075
1005005914570091
1005007288992543
1005007273516572
1005006767025060
1005006766007615
1005003416734472
1005002990898719
1005002332245243
4000414225018
1005004459372286
32857178500
1005007225628131
4000014459153
1005004996527997
1005006192083475
1005002573515703
1005007379453260
1005005787433844
1005006500360442
4000334225138
1005006578123762
1005006368445167
1005003675725115
1005006866612277
1005005143668918
1005005907042634
1005006191626023
1005006240002512
1005007003565102
1005006255009499
1005007112696529
1005006565386202
1005004775989181
1005004491134868
1005005598099697
1005007453591705
1005005942239082
1005004541358650
1005007037977827
1005005397919569
1005005810821236
1005007134952594
1005004884825559
1005006166174009
1005007184483099
1005005981052925
1005005316443837
1005006903859705
1005006215349971
1005006712936770
1005007027630964
1005007279680130
1005006478104440
1005005738934995
1005005004076459
1005006957106812
1005005481031836
1005006325770056
1005006120093367
1005006850493300
1005004847806878
1005006478815576
32831463891
1005003502356126
1005004421316616
1005006162215577
1005006284420605
1005005458367009
1005005440559917
1005006934933296
1005006020878266
1005006570010633
1005007134326681
1005007342435205
1005002583511146
32768902730
1005003573530877
1005003122222817
1005003511672523
1005005865015411
4000401856156
1005006911985802
1005005466894860
1005006751553812
1005004839425689
1005006920249307
1005004729144512
1005007145006913
1005004153546496
1005006997358740
1005005496832906
1005007002257186
1005005131245358
1005006160776844
1005007171735108
1005005593725335
1005007024657634
1005006013024277
1005004271784156
1005007254229336
1005006583618862
1005006162158800
1005006035923481
1005006600208260
1005007201652066
1005006194635245
1005006755848104
1005006125016326
1005006135553644
1005006836835056
32970568890
1005005439214029
1005007198325299
1005006226719914
1005001412688142
1005007260074864
1005006339755322
1005007046338972
1005006703891945
1005006338745836
1005005080324198
1005007347269962
1005004977584915
1005006656609708
1005005892414345
1005001797295388
1005007218103907
1005006273251601
1005006266903415
1005007235851695
1005004257127334
1005005473943531
1005002842588979
1005007232597170
1005004984876676
1005003700334235
1005006336937424
1005006539824621
1005006330089751
1005003203679481
1005004279463741
1005006422616465
1005004441486560
1005006409513772
1005006615294530
1005006478129287
1005007130457866
1005006994561681
1005006703664939
1005006331255408
1005006018315747
1005003151743444
1005006954212983
1005005010671093
1005005905756761
1005005631015028
1005004403236719
1005004724557491
1005007316631483
1005004405473327
1005006265950915
1005004246548185
1005003955354469
1005003778992057
1005006476589800
4001021082282
1005005485695911
1005004754561142
1005006528760890
1005003753947928
1005006287582881
4000074254176
1005006961098490
1005003079675583
1005006924730163
1005007066196558
1005004775276485
1005004141505655
1005005364002443
1005005794905896
1005006801452127
1005006677860892
1005007436644098
1005005854265741
1005007426130840
1005005338301438
4000011412039
1005003956741472
1005006660728500
1005007046125178
1005006116008114
1005004904989414
1005006882383350
1005005912965304
1005005328000369
1005004337403092
1005003095104254
1005005276913642
1782497930
1005002819862128
1005005623121059
1005004302218495
1005004321708052
1005004755535510
1005005061794251
1005006451417159
1005006794818333
1568400757
32956665771
1005005544539286
1005006127391988
1005001604861707
1005005412539841
1005005111669806
1005005510235434
1005007050617924
1005004663286043
1005004132866176
1005007160004135
1005005082211813
1005005682436636
1005004141451290
1005006215250413
1005007053410475
32596977112
1005001321557810
1005004436606666
1005006273263685
1005003640235761
1005007398710136
4000574695406
1005004732554025
1005004865904058
1005005853069148
1005006593644970
4000923692962
1005007260811866
1005006285790447
1005005434836982
1005004712629113
1005006096141975
1005007283989157
1005005450650448
1005004648172895
1005002853319872
4000941588704
1005004969878409
1005001860562938
1005001379888635
1005005339347716
1005007009410695
32721737928
1005007035335813
1005004204854225
1005004794836508
32887789109
1005004351156592
1005004141347318
1005006163704291
1005001841569840
32596516954
1005007425190750
1005007278932634
1005004272476636
1005006724230267
1005004194671458
32972931563
1005006356269453
1005006340918703
1005005429945746
1005005600541050
1005004971380147
1005004415428803
1005004565356756
1005004582715268
1005005954291806
1005006995841182
1005006203712408
4000834163783
1005007009436636
1005001946466563
1005004821137884
1005006978497145
33022334124
1005006624406872
1005006260744015
1005006522972070
1005005068254633
4000342249802
1005007265006928
1005003286117308
1005004996922233
32975185719
1005004320676846
1005007201678043
1005006434673393
1005005447413985
1005007055208529
1005006152188708
1005006261354957
1005006987624155
1005001367723963
1005004282036437
1005005651377535
1005006326286875
1005005565517977
4000231165005
1005007253175342
1005006800879845
1005006012475667
1005004253104158
1005006995709123
1005007474384373
1005006993660798
1005007468281716
1005005910687406
1005006334163582
1005005424486046
1005007430562908
1005003772298005
1005007343815530
1005005389884307
1005006767599025
1005005880807385
1005005605340201
1005006713663026
1005007236226696
1005004174326356
1005006950465367
1005004816836215
1005005810815958
4000148458472
1005006132892084