1005004863550096
1005003473776789
1005003987558988
1005007610014286
1005004659635539
1005003795097812
1005007437481084
1005005605396008
1005007256916137
1005004694617151
1005007445473923
1005005675096261
1005002120990201
1005005562042629
1005005975752481
1005005979890620
1005007518614374
1005006782940450
32792756485
1005006869675624
1005006330379127
1005007550683760
1005007247953213
1005007576685411
32790001820
1005007431886774
1005007651216955
1005004047123358
1005004529115970
1005007518800274
1005006783846544
1005004701084041
1005001972204663
1005002767820761
1005005218856328
1005003102083754
1005006834578374
1005005577851784
1005004633852227
1005004462171002
1005005900363131
1005004032320082
1005007647635788
1005007144513295
1005004633771577
1005006300756107
1005004633828104
1005007457130120
1005006032119155
1005006221415314
1005004226182708
1005006903262577
1005007607509117
1005007591430097
1005006628160876
1005007133130160
1005006200710416
1005001316576185
1005006240139280
1005002191858382
1005007271832689
1005005609162801
1005006667952867
1005006779722646
1005005979830715
32847839226
1005007549349816
1005005847412810
1005006942824518
1005003888059895
1005006976990247
32791042272
1005005805734820
1005007647899137
1005006200623973
1005006135086581
1005002829387111
1005006336974626
1005005670508262
32794599299
32528083182
1005007607088602
1005003626663405
32791681255
32791637591
1005006200615979
32649771851
1005006802172877
1005004633756929
1005001728355842
1005006524069065
1005006266158533
1005004225014537
1005006769120476
32792322982
1005004902019842
1005007415670471
1005006999245050
1005006151338065
1005007564888344
1005006081099470
1005003596103819
1005007189670580
1005007554206619
1005004577517605
1005007602075342
1005007239925453
1005006382002187
1005007328645955
1005003476497182
1005005111764638
1005007627354947
1005005891336919
1005006819041363
1005005948702472
1005004805542364
1005003118426048
1005007350237595
1005006141771021
32790984340
1005003990571242
4000337577425
1005001316743392
1005006559062582
1005007549625066
1005006933397870
1005004633956348
32759080972
1005003479400012
1005007513862010
1005001972178767
1005007390169304
32790774445
1005005515602325
1005006400468140
1005005815359725
1005004634080194
1005006715434775
1005006333816648
1005007607103592
32791637576
1005007350486555
1005006282004154
32792322976
1005001316465915
1005007278299202
1005006800939136
1005006061215798
1005007419900710
1005007116373208
1005007561988860
1005006811664235
1005006746668414
1005006963606319
1005005979901352
1005001280891319
1005006213027295
1005006944629053
1005007507460243
1005007039498737
1005006139929885
32909446559
32649384147
1005002447495540
32548857797
1005006488755633
1005006015358216
1005001387897642
1005003179036052
1005007261612741
32761832834
1005003490274369
1005007248969054
1005006627916894
1005007573389263
1005007588728502
4000273463270
1005007566270740
1005005412133357
1005004634016739
1005007434635540
1005007328784045
1005007537897141
1005007355175385
1005007368184504
1005006964167879
1005006895331687
1005006485869151
1005006808513992
1005007102759305
1005006068469313
1005006965441003
1005004634041539
1005007043594948
1005007480868082
1005007527351198
1005006311382120
1005006383163241
32794599278
1005007310629882
32792342708
1005006994343324
1005006821467438
1005007593543516
1005002829083610
1005007045756904
1005005863839888
1005006381779986
1005006994128216
1005006599773122
1005007363673903
1005007591602856
1005004562154040
1005001972319260
1005005215744794
1005007372350805
32955724275
1005007526741993
1005007473035406
1005006895521160
1005007550504197
1005002483519569
1005004634063369
1005007425872193
33021107480
1005005602910945
1005005348228210
1005003251073853
1005004633839270
1005006271025015
1005005396387299
1005006200467772
1005003212334869
1005006850410813
1005003161144888
1005004945014332
1005007627785369
1005004448044799
1005006062617744
1005007537942038
1005007431721982
1005006721004509
1005007555033515
1005006036132216
1005003033358198
1005002851630538
1005005768738829
1005007472312524
1005006974652906
1005007329895522
1005007433511447
1005006235519513
1005005988414769
1005006295430688
1005005795812538
1005001563031399
1005007397869806
1005006833261708
32792772339
1005007557761644
1005005806204599
1005002541980945
1005006014934522
1005007581934912
1005007003565067
1005004882056249
4000992674484
1005007489953313
1005005896916881
1005003068699350
1005004719251867
1005002439378525
1005007550188849
1005001505969941
4000945586728
1005006604085897
1005004963012721
1005007647885003
1005006882287019
1005007459583834
1005007501453045
1005007060242744
1005007156608921
1005004028111294
1005006881302878
1005006163726597
1005003187616979
1005007008342047
4000420255945
1005002158340889
1005005727512180
1005007482351303
1005003108028296
1005007588677706
1005005901242518
1005006947645513
1005006008034385
1005007488292591
1005005214331085
1005005099162015
1005006212540269
1005007577193606
1005007582062227
1005006860555170
1005007635544015
4001237691228
1005006366278477
1005006680765645
1005007099771004
1005007597138948
1005004633811542
1005006840646880
1005007473557855
1005006834465550
1005006123643866
32792780125
1005007647388772
1005006569226586
1005005979878654
1005004882093023
1005006849674485
1005006884737837
1005007403040476
1005006346782243
1005006213029378
1005006440402100
1005007377051848
1005007578017541
1005006881496065
1005007518544314
1005006355767292
1005001841352487
1005007235157249
1005006467461303
1005007499817113
1005006948196008
32647978328
1005005892025477
32845214303
1005006706933833
1005005496968504
1005005908629773
1005007075798758
1005007402999143
1005005709054064
1005006565616469
1005002823310093
1005005218399010
1005004634018724
1005003319285977
1005006720533351
32818275048
1005006816484527
1005007199044317
1005005796975848
1005006837980670
1005002589997607
1005006759678433
1005007563093999
1005006959627103
1005007506816471
1005005036954707
1005004822526561
1005006550175668
32543936370
1005005792076664
1005006883927855
32809055250
1005005913491346
1005006992252088
1005007308729757
1005007528319966
1005007536692260
1005006376374998
1005007651521067
1005006894147528
1005006709773950
1005006680868408
1005004881916729
1005006022368778
1005007458848164
1005007613809588
1005004359859302
1005007191041298
1005006417135770
1005007298233212
1005007545545314
1005007369147219
1005007085155938
1005007395400583
1005007549503663
1005005448481235
1005006850743903
1005007431828749
1005007050956235
1005005876599879
1005006388031579
1005005250541305
1005007443638102
1005007318518109
1005006125682239
1005006124597218
1005006935702094
1005007494496723
1005005436983123
1005006374228311
1005007279096772
1005006094471985
1005007355172785
1005003170297748
1005003529974410
1005006423992284
1005007601920179
1005007477679012
1005007302280219
1005007582242297
1005007546767321
1005006736179316
1005006537826802
1005006959225973
1005005986191221
1005004881854985
1005006540749195
1005004967016473
1005006132355135
1005005192242555
1005003392074395
1005007544489263
1005007604490097
1005007558011854
1005005140173849
1005006042036337
1005007248879276
1005006696934336
1005006745113870
1005006537801257
1005006615103819
1005007601946154
1005006221358737
1005006349427276
1005007591076814
1005006264849036
1005006848113495
1005005128300934
1005005057278019
1005002947365707
1005007633628095
1005007213232924
1005004055751361
1005005306858273
1005006010790654
1005005477037972
32794539577
1005002197827557
1005003098127004
1005007591540928
1005007179187302
1005006086005358
1005007364414699
1005007144181084
1005007586355631
1005006477530924
1005004981774637
1005006482087384
1005006518842787
1005004504785892
1005002336946904
1005007281971887
1005005871834433
1005006421802184
1005005346591349
1005004221910730
1005006201614544
1005005057087532
1005007440384745
1005007140010036
1005005526953424
1005007248824926
1005007249427746
1005007549671048
1005006258777230
32792604454
32649376067
1005006974742651
1005007569169473
1005007545370706
32896526902
1005006882596973
1005006681508512
1005006423362629
1005007141417947
1005007259205271
1005006674971309
1005007622754041
1005007613514711
1005006710039129
1005006882943985
1005006992157330
1005006641833326
1005007449719833