1005004333486226
1005007196293434
1005006851899409
1005005196007711
1005005582989548
1005006704447685
1005006704553465
1005006949873152
1005007363275557
1005006704746085
1005007652998297
1005007652973371
1005007652898562
1005007652741946
1005007684536900
1005007663664584
1005007656691667
1005007654058284
1005007685272096
1005007676136273
1005007676156251
1005007334065193
1005007668893271
1005007668958134
1005007685209382
1005007678242097
1005007684960858
1005007661247520
1005007784587138
1005007784510338
1005007757456116
1005007757334632
1005007724492698
1005007784015236
1005007723033365
1005007728185978
1005007764094979
1005007764451056
1005007731876365
1005007793206345
1005007731684433
1005007767118529
1005007747817552
1005007725569266
1005007694965683
1005007792155516
1005007720368858
1005007791672358
1005007731697370
1005007766197453
1005004333778144
1005007037108060
1005007653973554
1005007661582295
1005007659573469
1005007667768151
1005007766155578
1005007766244269
1005007766172537
1005007715468648
1005007724630811
1005007698686943
1005007724708497
1005007784954319
1005007784721889
1005007712907066
1005007722495624
1005007731384144
1005007751358289
1005007751319483
1005007751315434
1005007751209650
1005007751183678
1005007749157904
1005007695639459
1005007728672526
1005007675201071
1005007675010436
1005007724281519
1005007724153881
1005007721138829
1005007720603403
1005007691415515
1005007693430551
1005007661427139
1005007663626686
1005007656884084
1005007659586425
1005007658551416
1005007658555397
1005007667514551
1005007667621342
1005007667474580
1005007661173302
1005006051576613
1005007006993257
1005005557160467
1005007663950208
1005005972907758
1005005938102246
1005003120391871
1005003325108054
1005007541580371
1005006759443556
1005007022610491
1005005977892244
1005006060132554
1005006085003158
1005007476470093
1005006050273838
1005005558818429
1005005549491948
1005007026273668
32910813562
1005003419163873
1005007460576804
1005007176042696
1005007646775112
1005004021966852
1005006199081910
1005006669108562
1005004850214149
1005007008468154
4000278803839
1005006050101708
1005006029667191
1005001804741201
1005006861928464
4001297256261
1005005729560736
1005003247428383
1005005879404503
1005006050257978
1005003660571600
1005006089486737
1005006116224299
1005005807673031
32822010538
1005007060475230
1005003892016142
1005005938089167
1005006743832215
1005005873702415
4000253347986
1005003442112282
32929531449
32905102036
1005006212695706
1005004362023307
1005004396859991
1005005935482267
4000126869486
1005004396745341
1005006898437718
1005006051590400
1005006743384694
1005007307938666
1005006759256521
1005001634355082
1005007533754555
1005007007070486
1005005826347927
1005001419608963
1005004847202680
1005006798520187
1005005879959593
1005005792896467
1005007577480536
1005006055242105
1005006195068013
1005005849183008
1005006050384550
1005004746919863
32846695939
1005007363726297
32748492093
1005005685956630
4001303897137
1005006992780997
1005004711549645
1005004276270598
1005003247441769
1005006403089485
1005007137932691
1005006465702824
1005004687464947
1005006746899413
1005005553690477
32900286878
4000271284616
1005003950082792
1005007249564586
1005004396954160
1005004274873671
1005006706135333
1005006001654046
1005006050438259
1005006050307977
1005007643313561
1005005879605240
4000463453288
1005007533241891
1005006051547214
1005007168400161
1005004728281415
1005006003703647
1005007548635151
1005005028452881
1005007019918574
1005007058475405
1005006566060623
1005004376294427
4000521583727
1005006713566738
1005001450662429
1005001525417136
1005006747425384
1005002826099235
1005004991295813
1005003516573788
1005007533658719
1005005641975340
1005003247891325
32822544774
1005007211903853
1005005892296549
1005004830316955
1005004691801743
4001282920256
1005005956721334
1005007005618777
4000219324513
1005007007419726
32345597347
1005007007106937
4001263415150
1005006051411999
1005006051568224
1005006759262701
1005007533800415
1005005393335791
1005003247895586
1005006763357447
32822014654
1005007007579174
4000291197758
1005007129240921
1005004852358168
1005006752891476
1005005260865174
1005006993075295
1005006069317253
1005006714216940
1005006705989789
4001303831446
1005005986640024
1005006359591778
1005002176628497
1005006714284792
1005005121931002
1005005134459068
1005005315747547
4000802295731
1005006992826771
1005006909940813
1005004888557907
1005005814744493
1005005017926772
1005003264491434
1005005814047880
1005004876232633
1005004823860051
1005006992942435
1005006943029180
1005006765749952
32821481568
1005006765022411
1005004679736887
1005006892170361
1005006992965418
1005004427177101
1005004952899810
1005006914147649
1005001953457732
1005005250001694
1005004426973511
1005006050306744
1005006478350212
1005005192782591
1005004659684066
1005006766328197
1005006993001423
1005004986820753
1005005181405098
1005005117709327
1005005841041315
1005004481562441
1005004802127836
1005006892102517
1005006714487107
32705983055
1005004659610678
4001229300886
1005006713530759
1005004661316803
1005005940428056
1005004659647819
1005004659601791
1005004427537566
1005006766289396
1005007025374710
1005004659722797
1005004427437161
32950520203
1005004986580630
1005007058295598
1005003519059055
1005006381996650
1005005802044316
1005001986754461
33064491795
1005005134532185
1005005094666986
1005006004660158
1005005334884024
1005005103027357
1005006738935757
1005004427780427
1005006766693329
1005004659646434
1005006993099130
1005006992932708
1005007025538303
1005001986282606
1005004659637489
1005006355144260
1005005256719556
1005005974344104
1005004691806658
1005005664465103
1005004659686060
1005003534851780
1005007008126956
1005001989496411
1005005049093482
1005001986803667
1005003473729836
1005006298002674
1005004962092305
1005006249890592
1005005885934192
1005004653594515
32952322970
1005004876793666
1005006909928229
1005004659820028
1005004733212080
1005007677451211
1005007677070960
1005006713579663
1005007685601178
1005007685365606
1005007685242697
1005007685706370
1005007662371013
1005007662274097
1005007662231018
1005006713586435
1005005254225047
1005005288495313
1005005181354509
1005005167318428
1005007030650650
1005007024814795
1005004661350564
1005007008222777
1005001986533798
1005006885649113
1005003529434899
1005006992960511
1005007685715064
1005007679253819
1005007663904639
1005007660521737
1005007693005121
1005007766764701
1005005097149270
1005005114908128
1005005288505211
1005005089235181
1005007663980710
1005007663980686
1005007663943667
1005007664171603
1005007664176440
1005007664098353
1005007729402294
1005007729238770
1005007729135976
1005007729320159
1005007729056973
1005007729175476
1005007725593965
1005007725533519
1005007725440365
1005007720407913
1005007720469409
1005007717564752
1005007717504897
1005007714372854
1005007713183006
1005007712904550
1005007709940607
1005007709781757
1005007710202048
1005007709912406
1005007708063673
1005007707903088
1005007707712145
1005007707406449
1005007707417848
1005007703999014
1005007703648870
1005007685909004
1005007694762133
1005007694357598
1005007694081433
1005007693744677
1005006820077945
1005006270991442
1005003600420194
1005006588556869
1005005066596826
1005006852079153
32299561935
1005006851906652
1005006828857037
1005006067157093
1005007183779017
1005005815681913
1005005965784098
1005007364297202
1005007233650650
1005004569040162
33003940017
1005006890084411
1005007521533038
1005007610865193
1005005586812716
1005006924191221
1005006022518525
1005005872258549
1005004757813212
1005007253794160
1005006845723826
1005007013213111
1005006839314348
1005007514721849
1005007581835178
1005001562031654
1005003245049503
1005004813567061
1005006144971721
1005006821090014
1005004364757520
1005006653958956
1005006413428343
1005006836928320
1005007534626113
33054973410
1005006593168846
1005001394411610
1005006372702189
1005007201599493
1005002605681132
1005007132898385
1005007523705688
1005007332752415
1005006368388774
1005006699211020
1005007504675353
1005006262384867
1005007563830656
1005006295256132
33047201747
32837658508
1005006813967292
1005001667773858
1005007618716268
1005006442209964
1005006117520944
1005005150500278
1005007612632154
1005005926728980
1005002669769538
1005004953929531
1005007161160124
1005004957403429
1005007261525988
1005007554557481