1005006016955063
1005007182401317
1005005996640273
1005007238022622
1005006765650077
4001005669490
1005006862326206
1005005158254209
1005007072694138
1005005721469848
1005006431104153
1005005953179364
1005006835256429
1005007233552328
1005006827147275
1005006390517528
1005006618472428
1005006524969408
4001248440020
1005006684808490
1005007266746311
1005006407034322
1005005797181171
1005005797049632
1005007424872822
1005007114913291
1005007232175148
1005006615315048
1005006944501671
1005006963344139
1005005337801475
1005006667985390
1005007255240555
1005006869844264
1005006310343015
1005006751074159
1005007158916802
1005007179644613
1005007108258896
1005006462328537
1005006703706737
1005005853004438
1005002906530171
1005006981868028
1005007411891644
1005006936357067
1005007067820205
1005007364289048
1005006200502597
1005003946160960
1005007346637104
1005007104851389
1005004118397338
1005005969610577
1005006603993095
1005004234676270
1005004649872205
1005006258613471
4000419231963
1005003784165630
1005006767688129
1005006973946287
1005005853396973
1005006890162307
1005005965781256
1005007024365253
1005006623388959
1005007439384885
1005007381470610
1005007439654539
1005007470825341
1005007439805225
1005007381747021
1005007057740300
1005007171355082
1005006534544747
1005007121915580
1005007253882347
1005007183326991
1005005223558023
1005006929245880
1005007132459068
1005007022140879
1005007326114793
1005007068325039
1005006861444183
1005006991365740
1005007182255265
1005006996009567
4001248764921
1005006377926879
1005007444404865
4001283332821
1005006973420662
1005006721695066
1005006947448297
1005006074722062
1005005580347877
1005006899836076
1005006922709556
1005007307363303
1005006868383455
1005006838737174
1005006807851885
1005005223526164
1005006801266687
1005006801573388
1005006777404781
1005005862236937
1005005050441204
1005006698096949
1005006458352054
1005004642637087
1005005897549535
33020374961
1005004288769813
1005006508266620
1005005837682539
1005006518357037
1005005176621831
1005005573649555
1005005979594577
1005003739787323
1005005989382565
1005005763667169
1005005953225816
1005006588237947
1005005495904624
1005003686010557
1005001995390805
1005007149656954
1005006091301746
4000837252536
1005005900161019
1005003908883744
4000858744436
1005005972001922
4000453735652
1005007226754610
1005006861206133
1005006895572204
1005007210797346
4000527643353
1005003939146644
1005005792144072
1005006856924693
1005001864270189
1005005642381067
1005005529784340
1005006141435696
1005005966429761
1005006524254992
1005006939970381
1005006405933780
1005006628970623
1005006133988419
1005007458401107
1005005750228905
1005005983139371
1005006969796514
1005005750282700
4000727155918
1005006812138165
1005007330107533
1005007032704416
1005006261766557
1005006961470919
1005007201943695
1005006978273895
1005006641687272
1005007263592714
1005003715437750
1005006394409586
1005006690435137
1005006892170641
1005005536755123
1005006208538689
4001220935899
1005006827812200
1005006273396542
1005006688678888
1005005396014778
1005003757559155
1005007132361200
1005006451848146
1005004550552884
1005003282627172
32951759501
1005006456438171
1005006943374917
1005005372802649
1005007452526465
1005007162036669
1005007252233024
1005007375523940
1005006434732418
32836447713
1005007014581456
1005007235232076
1005007213566096
1005002776992419
1005006911950313
1005005450745044
1005006533833824
1005007316115960
1005006456401386
1000008337607
1005005644999044
1005006734609691
1005003908770999
1005003041305268
1005006896073480
1005006405762545
1005002947887032
1005005997660449
4000048921488
1005004147798026
32835334063
1005006894076738
1005007300759825
1005007047359925
4001188746906
1005007050317024
1005004761939702
1005005533321288
1005006781758025
1005005908063856
1005006086111777
1005006123010566
1005007170771859
1005005944270278
1005006782630058
1005006690960971
1005006850687079
1005006372287177
1005007164228515
1005005241620748
1005006148379483
1005007052829850
1005006918161896
1005006931926238
1005005469136011
1005002090299639
1005006980985507
1005006439331592
1005006993582949
1005006677738762
1005004586671123
1005006412204063
1005007444088818
1005005271581346
1005007154943336
1005004856165056
1005006947623049
1005007374726936
1005005772304368
1005006070622056
1005007204007695
1005006781545847
1005005580885136
1005004881378421
1005006982090104
1005005819710699
1005006930436162
33014018675
32886614632
1005006884781179
1005002276991523
1005007030820636
1005006478368372
1005006399001445
1005003792741816
1005007202269261
4000891081748
1005006366639128
1005005510329083
1005005439736648
1005006981926443
4000036758117
1005004653851747
1005001694402354
1005006838345122
1005007118187431
4000028418679
1005006946540152
1005006783655405
1005006674600953
1005002113206764
1005006803920564
1005003520118938
1005006416289139
1005007051109371
1005007140012742
32583612772
1005004596011276
1005005980149835
4001166807226
1005006431613796
1005003337053452
1005003909100211
1005006427219808
1005006940154275
1005004268027218
1005007009700593
1005001298422089
1005004881278411
1005006747666937
1005006788787448
1005004457593392
1005003033132182
1005006031072124
1005002806085295
1005006995442178
1005004401785662
1005004770631861
1005005249673476
1005006363357790
1005006354144260
1005006529745608
1005005616722458
1005006625901867
1005005099849927
1005001666029942
1005006755140035
1005006861875131
1005006992044386
1005005823503353
1005006738461365
1005006568020070
1005005960600874
1005005971854146
1005006866531023
1005005967289675
1005004265190779
1005006058042308
1005006180022139
1005005688310547
1005006529684565
1005005554916250
1005006548341099
1005005645331193
1005006498161434
1005006648464036
1005002113105265
1005006325803331
1005004234231249
1005007025462921
1005007108558277
1005007016425805
1005006982759118
1005007291547511
1005006263592709
4001109477181
1005005731926238
1005006896276242
1005005319769894
1005007075295209
1005002483028544
1005006136899646
1005007046793114
32872879970
1005006962279844
1005007084209201
1005006858201732
1005004984090417
1005007401039414
1005002565886819
1005007067637448
1005006887862753
1005006749565350
1005005912716645
1005003689791109
1005005883950834
1005006635641493
1005006484786810
1005005444646599
1005007400584894
1005006407191628
33030593083
1005006176288895
1005006366005830
1005006911473977
1005006897818626
1005007223984044
1005005769272006
1005005341704685
1005006450603008
1005004789176290
1005007367264620
1005005875636764
1005005953758839
1005002342016623
1005006825662026
1005005456193661
1005006336995420
1005005749108772
1005004578191433
32810649365
1005004267675984
1005006407185596
1005005407070627
1005003787499306
1005004573465218
1005003610529310
1005005682817509
1005007046378954
1005006550232839
1005005785000839
1005006008114750
1005003223042924
1005006177555682
1005005905059758
1005007022580997
1005006911583701
1005005335670662
1005006845450350
1005006810042820
1005007259846493
1005005240531075
1005004970265760
1005005650426809
1005006925402202
1005006502935402
1005007293414172
1005005520899718
1005005382814971
1005006608430278
1005006248586312
1005007266267872
1005006857343639
1005006287318733
1005005976787239
1005005579958340
1005005056160210
1005004997167939
1005007067193077
1005006134283633
1005005544401744
1005006870132899
1005007022086494
1005006635383138
1005006031349471
1005006029870365
1005006968652561
1005005705466523
1005006946163012
1005006466999470
1005007041145042
1005007128947415
1005007043896632
1005003333321903
1005005897083463
1005006661265417
1005007117167241
1005007336467532
1005006892231558
1005006778965659
1005006417243392
1005003808915415
1005005699656667
32902142148
1005002293139429
1005007437890306
1005007367147193
1005006997455761
1005007169782210
4000370391388
1005005848233673
1005006148653433
4001104673903
1005006678048802
1005007458035495
1005007484277564
1005007484330495
1005007484465126
1005006943910119
1005007442774808
1005007465406627
1005007471590464
1005007467623033
1005007453591708
1005007437225444
1005007040907784
1005006940813646
1005007219648644
1005007263248530
1005007098011390
1005007310731483
4000805357217
1005004498357514
1005006609358772
1005007200766616
1005004474150691
1005004226934282
1005004583964599
1005005969600468
1005005569919202
4001104667932
1005006422126044
1005006241066285