1005006897504950
1005007214398893
1005007070964257
1005007227959004
1005007247087692
1005007125349437
1005007301910088
1005004351304824
1005003688449282
10000009730698
1005006133309950
1005007158826173
1005007174439247
1005006613212861
1005004848412406
1005005335214518
1005004778228913
1005003969951361
1005006656120357
1005007250014308
1005007155583035
1005003585751902
1005006408762687
1005007191178373
1005007179518590
1005005416695066
1005004642348395
4000341473867
1005005970237323
1005007218488242
1005006692919989
1005006768803165
1005007126239185
1005007161128818
1005007127231163
1005005147026741
1005005148743663
1005005925864497
1005005939284646
1005005939335949
1005005343270658
1005005864355755
1005004238340887
1005004731272309
1005005357064856
1005004703194885
1005004837653709
1005004029499934
1005005828040470
1005002704120744
1005002704128174
1005004471760142
1005006684213957
4001084632903
1005005338741202
4001084871926
1005004035558782
1005005970140909
1005005142442994
1005006307081675
1005006404589436
1005007126548233
1005007126123889
1005007125267868
1005007126236592
1005005245824870
1005007126161771
1005004808764914
1005005614993210
1005007058740940
1005006235600743
1005005416811114
1005006520161653
1005005836214403
1005004297142773
1005004342495013
1005004844645998
1005006699260840
1005006966156297
1005006969956569
1005006969518169
1005007278717224
1005006950270701
4000777507923
1005006931794203
1005005988627932
1005006478578336
1005005549095894
1005006650123488
1005006888375104
1005006649933687
1005005092205946
1005005030748273
1005005061693725
1005003446632856
1005006796385978
1005005866707219
1005003835881337
1005006788148719
1005005385089823
1005007385315931
1005002770937962
1005006139789388
1005006746871158
1005005249008144
4001095146365
1005005735411519
1005005700677233
1005007250392107
1005007360010628
1005007352999340
1005006671143080
1005007352861621
1005007348649906
1005007323739023
1005005655405585
1005003413120314
1005007309136102
1005006870399626
1005007232608881
1005005864219735
1005003834796786
1005005860205103
1005006801293516
1005004030892991
1005004038451218
1005005236627621
1005006898274595
1005003278455493
4000858899966
1005004410752611
1005004401066413
1005002771974038
1005003130399747
4000763316202
1005003916650251
4000354364029
1005001467971689
1005004991122797
1005003022111595
1005005626783350
4001104164490
1005003127493908
1005004050612015
4001126501667
1005003740215126
1005004051184177
1005004844537418
1005003746630351
4000584876454
1005007047228810
1005004258110141
1005006297372142
1005007125775209
1005007125928807
1005007125149690
1005007126216711
1005003706039598
1005006303671029
1005007429638596
1005005859943087
1005007410414906
1005007018659172
1005007017638662
1005007091736051
32821747612
32820827481
32819752783
1005007360554647
1005007324762737
1005007198154094
1005007281431975
4001142999496
1005006665481204
1005006920437789
1005007071085038
1005007092818289
1005006686050986
1005006649962873
1005003834659107
1005007122448778
1005007122541903
1005007123000867
1005005780961079
1005003843925050
1005004114754600
1005004887486985
1005004364181079
1005004705668080
1005006265708428
1005005976072054
1005006262449180
1005006812388249
1005004544959980
1005005128213673
32821747622
1005007325446888
1005006991376198
1005007250054912
1005007251052616
1005007110033414
4000812428791
1005006899847959
1005005587741257
1005006757158836
1005006968042625
1005004966216013
1005006789622048
1005004896202084
32263442012
1005003673546453
1005004796330431
1005004789100749
1005004788927891
32216331223
1005005596042946
32215315659
1005005557781971
1005003408759761
1005006382944420
1005003323281966
1005006374790442
32851754802
1005007487326934
1005007486447190
1005001344782084
1005004774388905
1005003852596631
1005002605767609
1005004543165771
1005004543309183
1005004543241819
1005006364061327
1005007480417719
1005007470740351
1005007461131345
1005007479549655
1005007484226052
1005007483990392
1005007484076150
1005006171305815
1005007037901881
1005007459636680
1005007367099983
1005007321566430
1005007250075952
1005006963551050
1005007004871187
1005006650142251
1005005822448787
1005005399526178
1005006591368089
1005003099397500
1005007280885704
1005007219824203
1005001423071452
1005007149034806
1005007135483299
1005006693324323
1005006637237282
1005006829072382
1005006520886768
1005007105339243
1005007105451099
1005007104971618
1005007098180672
1005005148163009
1005006133501814
1005006110074866
1005006107360117
1005004703221554
1005006995663456
1005004733863860
4001049001966
1005002270800245
1005004820044009
1005007125629258
1005007125790920
1005007125173900
1005007123056824
1005006897083079
1005005521435152
4000381418150
1005003323817205
1005004798623661
32881885699
1005005475735194
1005001522314146
4000308804229
1005004089474195
4001301738823
32514268317
1005005468422673
1005005114770258
1005004730362067
4000348610530
4000308721944
1005004690744535
4000378058371
1005007309114190
1005007250410128
1005007250162493
1005007250079978
1005006770223877
1005007413321133
1005006729274652
1005006678942941
1005006662575378
1005006658865029
1005006662194988
1005006662338579
1005006578707369
1005006421640416
1005006421702246
1005006313738791
1005006278075258
1005006323799115
1005003461280617
1005003852687733
1005006364014439
1005005955550005
1005007458158539
1005006649946288
1005006963295216
1005007122226999
1005006900553639
1005005338384667
1005006297239820
1005004047236559
1005006510514914
1005004486232377
1005004533538189
1005004528582381
1005004538430296
1005006132300429
1005005975904518
1005004483531342
1005006132492622
1005004527990721
1005007241120970
1005007364035560
1005007241247754
1005007099016578
1005007330300658
1005007401565698
1005006032176510
1005007427988147
1005007420862418
1005007448702173
1005007331517822
1005007318152625
1005004832605654
1005007426061642
1005007384446992
1005007334325329
1005007345528084
1005007315416923
1005007248344572
1005005465166378
1005006596461705
1005007345611031
1005006440569730
1005007369023607
1005007363974807
1005007458735624
1005007273700168
1005007390124261
1005007206553444
1005007341237110
1005007213850166
1005007364124366
1005005344728335
1005007144799001
1005007365826574
1005006338417715
1005007372430433
1005007189589421
1005007320148691
1005005666131353
1005007189394329
1005007382508897
1005007364001744
1005007335789938
1005007311913649
1005007054746165
1005007242676866
1005007281959029
1005007273158939
1005006751899825
1005007054685744
1005007447768705
1005007418810548
1005005750645867
1005007449351844
1005007447241620
1005007040488960
32383807295
1005007270035433
1005007372468277
1005007418997234
1005007370387213
1005007296417530
1005007470965365
1005007405179505
1005007276281772
1005007164424244
1005007226956847
1005006751872906
1005006850084860
1005006892035613
1005007447308448
1005006744575256
1005007185127339
1005007405295467
1005007130196927
1005007157809093
1005007314332418
1005007109192870
1005007387843911
1005006597929868
1005007447072949
1005007109673117
1005007118033647
1005007118034251
1005007322541980
1005005454164609
1005007150279384
1005007018689463
1005007163877216
1005006599498006
1005006001530610
1005007345819524
1005006631342118
1005007425754703
1005005949763063
1005007279546821
1005006177130517
1005007198358398
1005006740082230
1005004256559506
1005006713014524
1005007291608519
1005006313529632
1005007328984504
1005007063504179
1005006743581675
1005007464499154
1005007335508240
1005007210090928
1005005570905570
1005006299451812
1005006425302087
1005007051957008
1005007212636527
1005005551581854
1005004068871497
1005006112029382
1005007292882092
1005006942648888
1005005881430898
1005006774269747
1005007412673452
1005006661556160
1005007325359382
1005006826973788
1005003141221721
1005003432619719
1005005571499940
1005006629491691
1005006289817784
1005006556733234
1005007007910127
1005007397626490
1005005882726218
1005004103810661
1005003881360971
1005006817322072
1005006718745160
1005005723269726
1005003439851003
1005006688520713
1005006830169030
1005006480592763
1005007175289380
1005007344132137
1005007295358286
1005006924279728
1005007233289592
1005003395828637
1005006738943273
1005006898398576
1005006738385703
1005007136554343
1005007192592207
1005007279528832
1005005545045477
1005007174726810
1005007101592578
1005004341402559
1005007166471888