1005006357636324
1005004478059550
1005006760656361
1005002255336246
1005004341750959
1005005347254431
1005005590070478
1005007437624167
1005006486336369
1005006110330027
1005007265472696
1005006702484707
1005007361987616
1005007150494745
1005004562772416
1005006119877927
1005006332176170
1005007204360471
1005007203453500
1005007076471735
1005003139995810
1005006546090228
1005006285647874
1005006852259838
1005006001449689
1005005339119060
1005005394711802
1005005980142996
1005005952983244
1005005958871655
1005005404990314
1005004212314959
1005006642958595
1005007144116104
1005004693958089
1005005891512200
1005003454489781
1005005957828640
1005004618303147
1005004492958576
1005006734395575
1005003401794636
1005006216221788
1005005736293476
1005004596290953
1005006260229255
1005007017243181
1005005494422432
1005004903490515
1005005187850409
1005005127004713
1005006708792219
1005007150120534
1005005734324179
1005006145605595
1005006360883875
1005005871975195
1005006839381650
1005005976278462
4000470552572
1005006458718360
1005006313097125
1005004999725262
32995947198
1005003574255362
1005006922268822
1005006755308271
1005005495865042
1005006352628773
1005007104324138
1005005148621481
1005006762069541
1005007122679999
1005006997996190
1005005911353603
1005005896860071
1005001387622716
1005006405592898
1005006885864023
1005006181375792
4000186486040
1005005704098684
1005005981924418
1005005489469264
1005004271944660
1005006353123713
1005006336323274
1005002117635624
1005007193981034
1005003360039503
1005006766566604
1005007150725767
1005007257795860
1005007046417570
1005005702208261
1005006711177932
1005007345220324
1005006412402902
1005005605361874
1005006257597180
1005005480955132
1005007419600678
1005007224086791
1005007216482779
1005006668561414
1005003585878670
1005005533994320
1005006975852762
1005006050773952
1005005588213937
1005005196148814
1005006787143184
1005004109920855
1005005132870888
1005005764561337
1005005328320196
1005005700065948
1005006696141696
1005005534274012
1005004530981378
1005007286341742
1005005955068937
1005005555878343
1005006446280508
1005003614342235
1005007156818733
1005006044850391
1005006104638924
1005006095550060
1005006222846268
1005006469054490
1005005616497838
1005005518803172
1005005955000161
1005006117119376
1005006775812953
1005002976374713
1005005561410104
1005007274685221
1005007037266684
1005004886546903
1005005560162500
1005007016378545
1005006039391742
1005006436904748
1005007083698571
1005003712966445
1005005235673721
4000012336942
1005007096664742
1005007185303793
1005006332241642
1005005576770875
1005006054589127
1005004244385457
1005006863826844
1005005652821780
1005006472284050
1005004432124454
1005006761783064
4000831364283
1005006065984022
32787055071
4001279009120
1005006217847955
1005005523501685
1005006641807578
1005005976244485
1005006802818384
1005004095280669
1005004030689558
1005007084563523
1005007135226641
1005006212116051
1005007370221923
1005006447858427
1005006863752093
1005006467538833
4001149601744
1005006749098433
1005006655523706
1005005073587930
1005006079190878
1005005505944097
1005007235079332
1005007294702774
1005004201338870
1005005947386655
1005005910328180
1005005653596724
1005004836926628
1005004716053018
1005007384372238
1005006390789548
1005005505537720
1005007246143295
1005006034134032
1005007309679763
1005005746006176
1005007249657737
1005006099051009
1005006148269315
1005006148420321
1005006884400394
1005002710030619
1005006234992228
1005006860206564
1005005510277637
1005005931732800
1005006386384111
1005006911884164
1005006833203057
1005004481227054
1005005833336596
1005005117673434
1005006900025089
4000401575417
1005007145893348
1005007363619148
1005004654131647
1005006472823433
1005006869988414
1005006763887199
1005005494186877
1005002989139007
1005005121144336
1005004368683878
1005003756453981
1005005475681617
1005006308043286
4000521621020
1005006858473783
1005006299726520
1005005252044073
1005007223794033
1005006298458644
1005005983039953
1005005337099015
1005007205957424
1005004775202414
1005007358970994
1005006961526468
1005005297366756
1005004925669438
1005002310608839
1005005408550082
1005005202784680
1005005189272220
1005005445171554
1005005538678526
1005006768201234
1005006860806022
1005002635322088
1005006186513295
1005006729693531
1005007286245282
1005006245667346
1005006856038811
32876895933
1005006185010127
1005007294131886
1005004731932988
1005002602304909
1005001729628497
1005004971112148
1005005081948722
1005006244410980
1005004533129188
1005006306306924
1005006726296722
1005004568237422
1005006065107858
1005004513384487
1005003399707779
1005007248347771
1005006830670474
1005006345521454
1005004819048717
1005006833419287
1005005338335186
1005007277967414
1005006963305862
1005004918762771
1005004426481691
1005006974572695
1005007008115423
1005006191362699
1005007032183331
1005006992563225
1005003526829702
1005007204146373
4001343999753
1005005763168230
1005005492549881
1005003197188364
1005006841192728
1005005978689109
1005007218490468
1005003935301517
1005006263486293
1005005786505296
4001081872338
1005006364401806
1005006072125625
1005006374570348
1005003679251523
1005006733501985
1005007029745068
4000111984080
1005006357903831
1005005508655480
1005005673091499
1005006716130113
1005006826252813
32843800864
1005006441155219
1005005916702565
1005004855961661
32580890454
1005005937660059
1005006954783324
1005006892570134
1005006267313529
32657981342
1005005770901119
1005007354574917
1005001709056115
4000053488158
1005005881051148
1005006255609424
1005006111104826
1005006776156291
1005003794405048
1005005780228074
1005007156872702
1005003575248605
1005007361055059
1005006788874125
1005007299474349
1005005577533059
1005001514630389
1005006948853259
1005005253029654
1005004955934807
1005004153365306
32981877206
1005006878481689
1005002530055540
4000833601538
1005007169766018
1005006892186639
1005006165778837
1005004212503711
1005007047508696
1005006289066017
1005005864735977
1005005590708842
1005004559623836
1005005364728347
1005006302852101
1005007172612120
1005006160771974
1005005528832485
1005006278120638
1005007085674287
32993403468
1005005554350450
4000658888588
1005006333100685
1005005245880804
1005005872142663
1005005677268215
1005004448039990
1005004794032821
1005006120657369
1005004895957018
1005006261091621
1005002921017521
1005006527822534
1005007404254491
1005003794614797
1005005461921539
1005005873490409
1005007217465069
1005006763716408
1005007160081561
1005003186648747
1005005250834870
1005006023649467
1005003503454208
1005003238258953
1005006887358179
1005006740691309
10000039892396
1005006132251335
1005007390247951
1005005726208849
1005006120463264
1005007032354181
32689604040
1005006514370646
1005005704626319
1005005914232662
1005005001960096
1005007265651495
1005006491414425
4001054804606
1005007037004794
1005006628605909
1005006832615675
1005006224202502
32493157669
32224133061
32323921949
32325390180
1005006572503079
1005006311488581
1005006418102035
1005007002387031
1005007051764404
1005004732157707
1005007246588074
1005006554393393
1005006863316507
1005005212324162
1005006897122080
1005003825982736
1005006676820208
1005007039392664
1005004739939319
1005006043152477
1005004558874068
1005005561918544
1005006004305532
1005006279430830
1005005905775828
1005004694353180
32351011076
32599778434
32797665209
1005007231932896
32331738111
32767447063
1005005501503609
1005002912588896
1005003641187997
32915916984
33017179197
32262913120
1005003600313867
1005004501631131
33057812377
1005005492670253
1005003857349138
1005005464619199
1005005222359220
1005005232317902
4000109875178
1005002566203494
1005002572262856
32557356912
1005005225097067
1005005390327307
1005001921330230
1005005612349912
32816657244
4000459927107
33041602035
1005005086195270
1005003536155540
1005003117722891
1005002910461558
32550350403
1005003152918234
1005004779499695
1005005128028704
1005003572224176
1005005120831565
1005003671358056
32866425287
1005005488542048
1005005266486170
1005004599052386
1005001621012182
1005003909449216
32859866350
1005005545184001
1005005513525188
1005004677822389
32906367375
1005003314619502
1005003656487509
4000023252498
1005004906382694
1156847957
32815952338
1005004908749444
1005003279204315
1005003713376091
1005003160450363