1005006894528119
1005005610751933
1005005615637372
1005005605826410
1005005070761437
1005005654143589
4000868474487
1005001591331759
1005004230240229
4000602282148
1005006886019082
1005007276492064
1005006761409124
1005005614939296
1005005615312687
1005005588257368
4000803648984
33032890273
1005001295806147
1005002456992937
1005007007594618
1005006749908858
1005006407737436
4000720276719
1005003009418370
1005006877285266
1005007331107463
1005007037384323
1005007059969752
1005007015542664
1005007016369654
1005006955944260
1005004271060273
1005005777410640
4000281719279
1005004329197787
1005005588396537
1005007059962946
1005007007876165
1005006793941670
1005007009032388
1005007060117722
1005006773190743
1005006086057943
1005006090180317
1005006838084261
1005005109171521
1005006838149047
1005007035993825
1005006709869307
1005006845043652
1005007008053118
1005007060831383
1005007016453678
1005007331292307
1005007060999543
1005006837961688
1005004195466867
1005006037445888
32613465418
1005005396968237
1005007371205681
1005006375180650
1005005301116082
1005004183702704
1005006854822641
1005007071192263
1005007360584983
1005006774086144
1005005487126171
1005006890061895
1005006827516647
1005006719827778
1005006902529475
1005006723573041
1005007011501050
1005003296835722
1005004491331684
1005006723585129
1005007067984250
1005007242284345
4000093049054
1005006950695259
1005006203491608
1005006902555291
1005007270311308
1005006869833939
1005006967420111
1005007479708391
1005007091878630
1005007485537430
1005006984990084
1005005915793397
1005006017328989
1005004401046348
1005007461015931
1005006981138102
1005007297501966
1005007441842641
1005006676974718
1005007431857083
1005002607989594
1005007437316453
1005003367598512
1005006969774408
1005007364380867
1005006792423974
1005007098461365
1005007098499310
1005007098440513
1005004557987691
1005007258051493
1005007311504668
1005006955320562
1005007195290474
1005005472107711
1005006033996865
1005005868390226
1005005888452521
1005005887405482
1005007380540925
1005003072333660
1005004707813742
1005006927477824
1005007184040093
1005006892051162
1005006884053201
1005006890417860
1005006890017543
1005006875020876
1005006875203951
1005006787659269
1005006743876507
1005006712260053
1005006794214366
1005005730407280
1005005711609479
1005002603638962
1005007256909476
1005006863935730
1005007261709499
1005006360796337
1005005496622283
1005007288465840
1005006256242184
1005007075871699
1005007468509654
1005007327971237
1005006959858871
1005006925837106
1005005103051557
1005004732768829
1005004227822463
1005004063478302
1005004171322310
1005004056213639
1005003611878626
1005004146467581
1005003717998940
1005007038098899
1005002837389959
32974304481
4000458783640
1005004483609451
1005004673413214
1005004420603201
1005002945474551
1005004884796119
1005001488435788
1005004005008536
1005003241843996
1005003463985544
4000413907526
4000344642581
1005005101719625
1005004492957989
4000845981580
1005003749003064
4000183140087
1005003479165384
1005003308153533
1005005069390232
1005004028714659
1005004077741411
1005006997103526
1005005242611063
1005002284622666
1005005612202393
1005004493491004
1005004758081762
1005003057936646
1005005200129161
1005001380551219
1005004208678521
1005001333532507
1005003198488225
4000775279358
1005004180891738
1005004205107788
1005003095099301
1005004128354905
1005004773969622
1005007468469557
1005004189935803
1005003575172568
1005004077864084
1005004426072517
1005003779505291
1005004138662100
1005004968943131
4000602879371
10000019393489
1005004912443313
1005001393636528
1005003804230326
1005004077737753
1005001927184013
1005003724803565
1005004449535560
1005004997046827
1005006238774190
1005004283037921
1005005372807094
32863225494
1005004702257195
1005005250068406
1005001678335398
1005002810087155
1005002883697698
1005003193664159
1005001488836415
1005004493014908
1005003058015213
1005003009605663
1005004714586699
1005002694663006
1005002970630266
1005004484969392
1005005021268273
4000942350453
1005001500729219
10000001217933
1005007271907709
1005004789852166
1005003528995055
1005003003348758
1005005094373385
1005003225795413
1005006961427544
4000809208657
1005005400382925
4001195671373
1005001407210260
1005004711411880
1005004492960959
1005005318899111
1005005170760065
1005003549564744
1005004910563486
1005001500343291
1005005566778174
1005002719625004
1005003241971386
1005005325565718
1005007292498500
1005004724084671
4000281389976
1005003198492689
1005003274744546
1005003672992921
1005005750476246
1005007297428834
4000481696630
1005005611367581
1005004444781707
1005006022978352
1005001475813057
1005006293565438
1005005343395354
1005007316637132
1005007003020782
1005006906902510
1005006822454968
4000964506241
1005006511520036
1005007056513183
1005004895946681
1005007056160255
1005007063399100
1005006436277213
1005006876819676
1005005958155291
1005006172991097
1005001405559351
1005005981740941
1005007377273792
1005007280076568
1005006629001131
1005005817368186
1005007409068394
1005006192299565
1005005874983210
1005006868862979
1005007115059748
1005005518010350
1005007181130609
1005006371063151
1005007188334543
1005004790897221
1005006856689802
1005006247881701
1005006461890580
1005006187885106
1005007336708026
1005006041978183
1005006182164410
1005001382098550
1005005006997840
1005006286076699
1005005841141218
33038134746
1005007317535912
1005007084686050
1005006289307873
1005005490383698
1005006404086652
1005006899919034
1005006977301813
1005006692688862
1005006060371802
1005006878296269
4000415441128
1005001308258153
1005005971945709
1005006664902432
1005006674909889
1005005021012830
1005006507673649
1005006588043652
1005006327357179
1005005694424553
1005006642023371
1005007119384825
1005006770410310
1005007153507419
1005006817175596
1005006340557203
1005005005247498
1005007352761623
1005004397088629
1005007154804094
1005007171552184
1005007458742449
1005006022269922
1005007174672974
1005003332570480
1005006618266898
1005005201237364
1005006326293549
1005005168130087
1005003418049815
1005005409811570
1005004287662648
1005006918290430
1005007009338291
1005002838639004
1005007337808736
1005005870701700
1005001382076772
1005001865148013
1005007449006417
1005005391393597
1005006288630154
1005005926608304
1005005417188692
1005007316149893
1005007309982093
1005002953597848
1005007033435034
1005007123954905
1005005518516155
1005004860865097
1005003812448418
1005007456885813
1005006823347562
1005003773718197
1005007475080890
1005006738338498
1005006086994374
1005005306379252
1005001875053729
1005004515073176
1005004330119721
1005007206471484
1005005763975493
1005005667565717
1005007243621082
1005004924973362
1005006391069039
1005005231121020
1005003549596316
1005006193556814
1005006890508491
1005006365190196
1005007182675258
1005003259164804
1005007096165556
1005001302314811
1005007427238251
1005003994507900
1005005901968447
1005007337832036
1005006046693298
1005006822125682
1005007459298341
1005006286584753
1005007090963075
1005005417670518
1005007408778581
1005006400840077
1005007066500656
1005006773353153
1005006037375465
32947547179
1005007316825842
1005006864484867
1005003154442436
1005006409615388
1005006184266066
1005004171342236
1005007205220484
1005007140745256
1005007163541990
1005005395946975
4000778573495
1005005905768213
1005006422760811
1005004946162108
1005004165656334
1005005667436134
1005006699845497
1005006763778096
4000577078369
1005006467941735
1005005388820309
1005007380414867
1005005529680624
1005006480035619
1005006188054935
1005007280430331
1005004955320480
1005005558377073
1005006704619801
1005005877483882
1005001568730429
1005007336097699
1005006000666731
1005006594410433
1005004918106645
1005006501046783
1005002549345155
1005007138474616
1005006635038507
1005002798898673
1005005386088203
1005006362579353
1005004803667306
1005007184881704
1005001813162687
1005004250934679
1005003650739566
1005002341146799
1005005867658615
4000303128880
1005004884026282
1005005611169916
1005007403023555
1005007044020544
1005006661421307
1005007308346040
1005006416112199
1005002991753512
1005001278278897
1005006822431911
1005005517453316
1005006049632002
1005006783703877
1005005981250366
1005004959580839
1005003306075343
1005005922154022
1005005858202780
1005006960627493
1005005933943941
1005007329637061
1005007440464673
32691478937
1005005877149815
4001094127462
1005007424248993