1005005889017129
1005006756580651
1005001946389834
1005005574231974
1005005195080119
4000585027950
1005006889654609
1005006307147776
1005005386603668
10000067646086
1005007352711444
1005004659325819
1005006932347888
1005005952020678
1005005069021626
1005006752147773
1005005693052956
1005007288541942
1005005802032346
1005005647689130
32860675180
1005003898065862
32954163968
32849346143
32838474760
32898081278
32872633808
1005003123327877
1005007331218024
32952879023
1005003898448759
1005002326427649
1005007329207852
4000284459177
4000083490186
32858769460
32824863792
1005007442265028
1005003414199553
1005007441995635
1005005894909848
1005005355299210
1005004880494997
1005007400640477
1005006208990530
1005007442209243
32838645413
1005007442301076
1005007441885772
1005004940592942
1005003687187527
1005007005411467
1005006932290534
1005006914924838
1005007330665076
1005002028730292
1005003692116657
1005003123411195
33005465103
4000106441637
1005007156132957
1005007010086802
1005007006600403
1005007020013393
1005006998998810
1005007005290588
1005006983601591
1005006932327907
1005006932380458
1005006271328165
1005003807994466
32869538678
32951168928
32889448777
32913791608
1005003405102966
32839340371
32833440835
32838233093
32840071259
1005001398293469
32938899264
32812600854
1005003401721578
1005003404795193
32867617580
32867605825
32844917052
32846338262
32851529805
1005003907587013
32901053493
32596339115
1005002270591207
32898290565
1005007441928619
1005003692279038
32904894860
32837876032
32838369596
32839863607
4000096382550
32902728731
32880368446
32864237789
32857876412
32841087860
1005004134755487
4000284315728
32903285435
32905480516
33012349642
32861703196
1005007442067601
1005007442055593
1005007441887749
1005007442056427
1005007441923700
1005007442079558
1005007442185105
1005007184117803
1005003692143477
1005003692129524
1005003692089875
1005003692087686
1005003692121721
1005003692044903
1005003123331903
1005003123403518
1005003123403535
1005007053115779
1005003123432296
1005007441792958
1005007441792929
1005007020163339
1005006950774045
33056341925
1005003402389536
1005001398275421
1005005790145264
1005007460716677
1005003447831708
1005007454608584
32825361403
1005007325751392
1005007454881211
1005006557292547
1005006815093673
1005005257694978
1005002124634824
32813533988
32781559038
1005002420221428
1005006834511456
1005005631375864
1005007458065031
1005002447591289
33043824788
1005006834942766
1005007255095903
1005004756862464
1763460085
1005007444962238
1005004563549304
1005006395337754
1005004725732737
1005005604640832
32808616146
1005007432753901
1005007445136053
1005007429034130
1005004769730595
32966225943
1005006816595022
1005006133078009
32925299843
1005007100445308
1005005534790980
1005007207645838
1005006617493842
32808858681
1005006410936163
1005006859696994
4000022734831
1005006019134339
1005007072123926
1005005000465260
1005003908447759
1005006325436212
32973725416
1005005680162859
1005006908676192
1005004943891144
1005007272009033
1005006968179607
1005006826598716
1005006804152369
1005006151397360
1005006988046539
1005006987685452
1005007052826262
1005005489086738
1005006855829333
1005007168420951
1005005491848245
1005005931741207
4000234943754
1005007002633261
1005006730397826
1005007038711544
1005006738073727
1005004774525941
1005004926733424
1005006746975210
1005007135700313
1005006312610747
1005006776768921
1005006996513058
1005006995762550
4000406451101
1005006518376868
1005003663406220
1005005893096621
1005006712863557
1005003847148113
1005007022373590
1005005280011740
1005004358324671
1005006987644449
1005003009242556
1005006293965245
1005001894631397
1005007468280280
1005006048103651
1005006269189786
1005006565577836
1005005843518923
1005004992724432
1005007211707392
1005006241131477
1005005931647748
1005005718854722
1005005559623216
1005006974783037
1005007136034943
1005004662372322
4001297377602
1005007001240206
1005006426680019
1005007135404736
4001362972130
1005006767764495
1005003846845062
4000807332559
1005007095027845
4001332723522
1005004188219644
1005006110728808
1005005725040773
1005004947123395
1005004351877538
1005006022144060
1005006591464993
1005006151334845
1005007402924480
1005006382163848
1005006744953030
1005006808063298
1005005692842806
1005007033485186
1005007264004280
1005003680082014
1005002454712070
32823753504
1005006748400539
4000911590209
32955948483
4000401207996
4000092908191
1005005249186872
32951142606
1005007196899455
1005006165025529
1005005222272679
32788226042
1005005318660719
32863209651
1005006588000132
1005006281454624
32808858652
1005007094861975
1005007010597264
1005007440218765
1005006649027371
1005004159178667
4000169701097
1005003697577672
1005004963605289
1500442677
1854269947
1005006619752852
1005006996686517
32892483288
1005006037296471
1005006782690682
32858786529
1729003616
1005006424340604
4000268573695
1005007445598780
1005007092438037
1005007007044994
1005007423270900
1005007237539565
1005007426617118
1005006865849482
4001064032934
1005006624132611
1005005501814475
1005005887644218
1005006866115038
1005005361574524
1005004272489594
1005004175790228
1005005950690972
1005007052693849
1005006352482541
4000419342982
1005004448748967
1005006814832409
1005007092489039
1005006959232527
1005006930141029
1005007410404838
1005006195027131
1005004069266688
1005004681252074
1005007211896415
32822372683
1005005477158149
1005006684731306
1005006626899512
1005006844630223
1005005920818525
1005006256647889
1005006842754539
4000140423667
1005006761537331
1005006808298970
1005007095377336
1005006691178615
1005007348423327
1005006588006320
1005007285941283
1005006833247129
1005006311834878
1005006651386962
1005004823288086
1005004821550217
1005005197218093
1005006565668335
1005005407611046
1005007211677493
1005006595097240
1005006834539524
1005006730248046
1005007487667511
1005007135119893
1005007464199646
1005007468456695
1005007468604713
1005007468741414
1005007469463237
1005006983230885
1005007108680408
1005005015480471
1005007365002339
1005001688001981
1005003065881203
1005006837468486
1005007467121630
1005007468470642
1005007468637466
1005007462419369
1005007418852745
1005006022622117
1005007469434344
1005007159601657
1005006876798805
1005006681625917
1005007454191423
1005006549117054
1005007440662013
1005003066227316
1005003501652122
1005007424566502
1005007424225998
1005007117485783
1005007463968246
1005003737195895
1005006943293386
1005007326702558
1005006941252992
1005006651391858
1005007117449873
1005005709908265
1005003731157491
1005003771548290
1005005913471523
1005007311277851
1005006888426604
1005006134425288
1005006959264493
1005003313288985
1005002526175163
1005007259035788
1005007162368175
1005006383530605
1005004100158853
1005007090627572
1005007090729378
1005004799082754
4000162656084
1005004881755254
1005007424175299
1005005928987789
1005005666942946
32863296720
1005007040765784
1005006122590083
1005006954064657
1005006907885266
1005005805382509
1005005667485503
1005005754185550
1005006832943757
1503900446
1005005579830528
1005006665980150
1005002863722956
1005004570889881
1005006190602964
1005005999176963
1005005557949380
1005002666711057
1005006033593210
1005005355751638
1005006924001474
1005007329707318
1005005449489253
1005007415060574
1005004799083887
33008401634
1005007457970706
1005006587868338
1005004448417543
1005005283825311
1005006849456407
1005007450244624
1005007088170298
1005006856083121
1005001582894246
1005001830012096
1005007459238814
1005003653180699
1005006381820450
1005003157289821
1005004289666498
1005003148212584
1005006043357643
1005007350363682
1005004566234292
1005005860740164
1005007091075901
1005007450189760
1005007424918701
1005007088224522
1005006952284765
1005007091213495
1005006860865852
1005006860348949
1005005861196437
1005006948908595
1005006849456650
1005006007243077
1005006967575433
1005006408313444
1005006811514801
1005006995221323
1005006701908693
1005007224120392
1005005972818037
1005006770128130
1005006014962704
1005005709045142
1005006841550674
1005005301287995
1005005848682463
1005007401157561
1005007011460785