1005007038664713
1005005053327603
1005005065122401
1005007635979345
1005006760359967
1005007583950712
1005006181458664
1005007659730202
1005006815096797
1005002306368231
1005006582666768
1005004971876826
1005007570196376
1005006105427570
1005006839853294
1005007430651187
1005003886337374
1005005875332295
1005006237092185
1005006219707246
1005006306522948
1005006379462848
1005003474359628
1005004081939349
1005007635769670
1005007037639068
1005006189872088
1005004027999506
1005005506321374
1005006212590463
1005007299776079
1005007356325028
1005007450184302
1005005985296823
1005007344284361
1005007144922194
4000027868079
1005007518624940
1005006144836726
1005001764018863
1005006037827013
1005007568584627
1005006331547543
1005006340472438
1005005171068074
1005006496099990
1005007538331284
1005006308857003
1005007582291141
1005006037829131
1005005875621429
1005007469430859
1005006084600118
1005007341170947
1005003360045525
32818321399
1005006084874953
4000015462651
1005006012197217
1005007355262768
1005006100219931
1005007244187594
1005007517454383
1005004212587541
1005003474246104
1005002022447703
1005006096985217
1005004682616206
1005006086141773
1005007610484186
1005006094935850
1005007548462572
1005006094958207
1005007651045678
1005006105946616
1005005640127377
1005005632214001
1005006094848364
4000129188235
1005006337466411
1005007137500137
1005007634739202
1005007138510460
1005007037909068
1005006085087119
1005006410401653
1005007571099294
1005006037845226
1005004839921776
1005002085273751
1005007450603512
1005004301635691
1005004573344553
1005007060891184
1005007651179306
1005007227993531
1005004073930956
1005004053516715
1005006100227463
1005006389358851
1005005940268429
1005006568475802
1005006657223453
1005005819739448
1005007003025429
1005006105929034
1005006806119034
1005006037741905
1005007384941254
1005005981370849
1005006682765682
1005005196044644
1005006105875937
1005007167678315
1005007018963569
1005007551055645
1005006858864241
1005006037496916
1005006244290720
1005006725220086
1005001561135464
1005007419080787
1005006834851995
1005002834924970
1005007151064636
1005006655380908
1005006181630054
32993282372
1005005062229355
1005006856324907
1005006851921194
1005007480274433
1005006932749560
1005004839907549
1005005286517394
1005004028866655
1005006159508810
1005006219545610
1005004169715404
32907753659
1005004942126125
1005006543231138
1005006033448240
1005006408688634
1005005793190859
1005007245460895
1005003624931156
1005005142969750
32969780512
1005004798343562
1005006056955783
1005007648847567
1005007663980933
1005007469025787
1005006746150764
1005007267798863
1005007334495044
1005005872376256
1005004282128299
1005005875410059
1005006336779646
1005004038037795
1005006329833369
1005007488328346
1005007571641100
1005006249726762
1005007425168056
1005003107560947
1005006636553100
1005006208655184
1005005016562893
1005005609256067
1005004105064853
1005007591522603
1005005905796948
1005001412600396
1005006437272095
1005007517204926
1005007501590636
1005004762003636
1005006342423893
1005007571921810
1005005603217698
1005007245317858
1005006389008343
1005005986381223
1005007220028912
1005004403033353
1005005900155536
1005006725107448
1005007596495108
32995882359
1005005982071872
1005007628753157
1005007094370953
1005006211554426
1005007391781459
1005006076031606
1005007145147522
1005004599388059
32897036907
1005006033341583
1005007599709304
1005006215813359
1005007497639281
1005004293652988
1005007513172722
1005007044340897
1005007643121599
1005005643458616
1005004945454312
1005005315687027
1005006100134251
1005004188292865
1005007532444443
1005003435192822
1005007626161552
1005007204067608
1005003819751232
1005007107077313
1005004717003624
1005005900476259
1005006522218727
1005006245738549
1005007037715015
1005005677604916
1005005939986481
1005007325053898
1005006338819440
1005007561032012
1005006476588494
1005007627576299
1005005481536561
1005007037388588
1005006858693202
4000223353571
1005006249793590
1005005394358567
1005006112021504
1005004491092178
1005006973089058
1005005609459663
1005006224938047
1005007644938100
1005007136652563
1005007497420834
1005006097492166
1005006259633793
1005007550498848
1005006010960793
1005006037759783
1005006723327257
1005006362513958
1005006139153061
1005007163705929
1005007203689802
1005007590072347
1005007310469732
1005007313680778
1005004380862538
1005005907279676
1005006030356914
1005007431636365
1005004717114390
1005007249988357
4000162647785
1005005754254552
1005006908526020
1005004861663985
1005006372430911
1005006907512157
1005005598288041
1005006356464685
4001320125968
1005005896269665
1005006640868578
1005006325828576
1005007161043880
1005004852415858
1005006094787582
1005007645936028
1005005604431056
1005007031395898
1005006224927057
1005007096923838
1005003246564856
1005007602002880
1005005880261593
1005006135477870
1005007138034357
1005006302570438
1005006085953244
32968217146
1005005248195160
1005007518572574
1005003476670994
1005001711632152
1005006222920533
1005005606263601
1005005638488135
1005007070443705
1005007033842755
1005006889147755
1005001451965110
1005007325105472
1005004074261744
1005005286450635
1005007045757042
1005006866964454
1005004413305025
1005005506786171
1005007187574536
1005002957347242
1005007143580298
1005006883516601
1005006290907266
1005006778515473
1005007418946344
1005007538288055
1005007265445173
1005005939591816
1005006052671902
1005006919173780
1005005613720682
1005006600264815
1005003899974878
1005005506751191
1005005980781602
1005006908262262
1005006235080890
1005006463580640
1005006142890537
1005007446007427
1005007107002522
32677131583
1005007132850727
1005006719117440
1005006363107711
1005005223254184
1005006724954917
1005005984005963
1005007526972023
1005002841727622
1005007310458039
1005006798307966
1005006887174439
1005006196761568
1005007042372684
1005007399545590
1005004630931317
1005005789099865
1005006775728669
1005007625986420
1005006991844864
1005005188107085
1005007143375628
1005004135639853
1005005046231287
1005006060491304
1005006172921541
1005006733904719
1005005533333249
1005003975186118
1005006603315273
1005007331080874
1005006846490593
1005005577444967
1005004735522185
1005005982180685
1005001489939298
1005006112209536
1005007239712006
4000262144769
1005005979322957
1005007170410688
1005007522581463
1005006155705402
1005005505312350
1005007445207093
1005005673338810
4000009908398
1005007224254976
1005002958483355
1005006245955019
1005005812886810
1005006249825988
1005005984613737
32890638775
1005005920684209
1005006859137008
1005007556394922
1005006304154296
1005005790664226
1005005604253950
1005006220702785
1005006071437690
1005006254258726
1005006197704680
1005006908476091
1005007600639230
1005004073845865
1005006044315711
1005006273281998
4000708752934
1005006202335009
1005003320498915
1005003212266677
1005006107589654
1005006181113661
1005007456830049
1005006096449794
1005006273792274
1005006316111649
1005007261710370
1005007393740599
1005006290977536
1005003693091133
1005003351380859
1005006029378698
1005005170656669
1005007207806342
1005004336362279
1005007044522442
1005006507461682
1005006012876091
1005007431137902
1005006172906643
1005007582080742
1005006750703406
1005006838929795
1005005105249592
1005003569013606
1005006039908309
1005006490999615
1005006372230311
1005004319802478
1005004069168698
1005007558664870
1005005996939045
1005007418767487
1005004405337506
1005007259366425
1005006595085657
1005007464354412
1005007466709370
1005004476288326
1005002654727613
1005007646553000
1005006219372865
1005005862631990
1005005680704697
1005006254048077
1005006338735726
1005003311257357
1005005533296125
1005006953879643
1005007643309594
1005005978944555
1005001320183160
1005006924913150
33035849072
1005007445892607
4000130177055
1005003461472981
1005007415241450
1005006659569658
32995443587
1005005645182685
1005006519638056
1005006036061293
1005007060869435
1005006352489235
1005005812847991
1005006224319027
1005005923267991
1005006452433216
1005006077689006
1005002389341784
1005006722242887
1005006195581087
1005007125201528
1005006918968442
1005004463990410
1005006203295246
1005007090451413
1005006723105362
1005005951946286
1005007077421156
1005003182585344
1005005091363829
4000443681326
1005006083215942
1005006583823788
1005006385760317
1005006803058556
1005006667832896
1005007067693958
1005005799854657
1005006075289863
1005006798265976