1005007640440364
1005007411095040
1005007263769931
1005007149716211
1005007613313495
1005007613089989
1005006882163489
1005007662993936
1005007331819267
1005007040900783
1005007552686243
1005006990823794
1005007577946332
1005007608385840
1005006595233955
1005007461690129
1005003741552547
1005007622115175
1005007671593352
1005007682408420
1005007449352535
1005007597098446
1005007551651689
1005005907531832
1005007028962853
1005006997359664
1005007423544275
1005005904365168
1005006719060108
1005007082563027
1005007205145052
1005006670997664
1005006097437098
1005006115394879
1005006358651583
1005004979112876
1005006628440564
32815734759
1005007295348464
1005006040096573
32720337843
1005006914502519
1005006161735943
1005005416663582
1005007314038135
1005004216883080
1005007339394093
1005003077948013
32792188209
1005004366322640
1005003918767750
1005006262215647
1005005652838635
1005005905098531
1005007192481095
1005005892466868
4000252160275
1005005651181977
1005003431033051
1005007246926213
1005006854642186
1005004584086849
1005005622949296
1005006291786396
1005005899958358
1005006314445159
1005006781319041
1005006081038218
1005005572013419
1005007066350376
1005005770563507
1005006158039748
1005007103138747
1005004796123387
1005007108613166
1005007294640940
1005007424571124
32891884671
1005005735336220
1005005959704955
1005005369306091
1005006747866757
1005005948424996
1005006495240730
1005005931378674
1005006015326455
1005003251651824
1005005860868795
1005006240126674
1005004496038975
1005007137343103
1005005890983284
1005006863962154
1005007051896267
1005002712330459
1005004610148667
1005007269608956
1005006273580991
1005007007111213
1005005884218879
1005006712094191
1005006895167114
1005007132969087
1005007351854590
1005007617246645
1005005843323513
1005006285076722
1005006270363290
1005006486021534
1005006306274326
1005006858985499
1005006053655550
1005007437041680
1005006638895787
1005005735728065
1005006782702790
1005007276827849
1005007551378801
1005006231213598
1005006060219471
1005001571945158
1005007273340189
1005004587878655
1005005699404836
1005007317848111
1005007481041389
1005006903631613
1005006175877694
1005006269445537
1005006270380179
1005007317177102
1005006533392323
1005007586622751
1005007587310520
1005004487830145
1005007496636246
1005007535385967
1005005837470220
1005006016013795
1005005828064096
1005005975249077
1005007494500843
1005007593461490
1005007115719527
1005005962480483
1005005879907462
1005007037654505
1005004767124288
1005007539383195
1005005926116781
1005007452986773
1005004912992706
1005006053638674
1005006053705404
1005007130717129
1005006849244788
1005006207802597
1005003205664675
1005007480793911
1005004850063331
1005006061053529
1005007125802631
1005006960295047
1005006877086726
1005005880888865
1005007493501554
1005006633559170
1005006152815904
1005004245986713
1005004800550536
1005005926217470
1005004826040516
1005007549954184
1005007482600418
1005007458682365
1005006018874477
1005006126732897
1005007005608836
1005007236321099
1005004570911713
1005006818601084
1005005601634036
1005005946006299
1005005926242194
32780567614
1005007562058928
1005006345039399
1005004609468674
1005006863806794
1005005683117971
1005006864357421
1005007269203705
1005002612343360
1005005890008696
1005007410707705
1005007420042235
1005007468839394
1005007613076485
1005007457102039
1005007243602945
1005005876056750
1005007508072984
1005007424910625
1005005949140299
1005007640202676
1005007432619976
1005006740895519
1005005880629360
1005006111210808
1005007419423929
1005006152462138
1005007573220238
1005004133471020
1005006076340840
1005006385773937
1005007497691097
1005007298437151
1005007420802034
1005007581256026
1005007331682006
1005007444391052
1005006115801536
1005007496417466
1005006495413191
1005007536222475
33027984429
1005007564468717
1005005909069252
1005006326331764
1005004518591029
1005007036133757
1005007433066775
1005005681398462
1005003426955621
1005007419176124
32973970265
1005006057731544
1005006920031543
1005004508965008
1005007570546403
1005004055902639
1005005686546476
1005007274375012
1005006043212378
1005006209504898
1005007568346953
1005005979301833
1005005512117537
1005007635739499
1005007524181608
1005007479857455
1005006377931318
1005004731932138
1005007495345317
1005006079494428
1005005357387963
1005005986667444
1005006318289584
1005006008049006
1005007583061801
1005005979676459
1005003146951907
1005005894879421
1005004835863725
1005002988409711
1005007010059045
1005007286315726
1005005896820831
1005002641878651
1005006021611313
4001286555010
1005007556618027
1005007169670937
1005006827498024
1005006136418442
1005007509427651
1005005887475496
1005005691748803
1005006797895041
1005007022097686
1005006261345543
32485591018
1005007539435197
1005007431793447
1005006997651281
1005007246399821
1005004656684586
1005005996323490
1005007421076318
1005007402937843
1005006678094488
1005007275258432
1005007531256376
1005006865628627
1005007388845932
1005007443420398
1005007303365548
1005004059811327
1005006018761079
1005007539602817
4000529177184
1005006967816182
1005005316874230
1005006975217394
1005006056927473
1005006107513570
1005006634595087
1005004677108543
1005005144084578
1005005136018938
1005007349315045
1005005683154875
1005006758331259
1005007489981504
1005001527371031
1005007481494529
1005007482548213
1005005558807644
1005007342023045
1005007014783843
1005004565557117
1005007382771578
1005007420025114
1005003031831238
4001236926994
1005007582358220
1005007286936903
1005007287771088
1005007354876333
1005005425749051
1005007472569643
1005005773299942
1005007247698272
1005007230315926
1005006027578058
1005005341045383
1005007343758514
1005007595752228
1005006018814367
1005006897859167
1005007466735670
1005005914449735
32998151414
1005005910490432
1005006925395274
1005005990960462
1005005952656172
1005007013940847
1005007456734158
1005007145158423
1005007182553307
1005004825973520
1005007518540583
1005007339235223
1005006481277642
1005007244087573
1005004767307678
1005007443541134
1005005816914800
1005007529778518
1005007446293415
1005007461573654
1005007184075214
1005003140529633
32694193428
1005007244063041
1005007389705729
1005006952163525
1005007197222864
1005007314647757
1005007446641621
1005001869039203
1005006958863152
1005007117293313
1005007556020096
1005007555791058
1005006962960301
1005006804921041
1005002564355743
1005007567791818
1005007486821477
1005007020637924
1005004068322688
1005005606324310
1005005833050674
1005007035828383
1005006327591969
1005006176591607
1005005721851529
1005005500169245
33055624093
1005007432280542
1005007253293512
1005007242939201
1005007586433994
1005006048815775
1005005838845952
1005007523808814
1005007344936530
1005007087570506
1005007470011404
1005004771023514
1005005960570544
1005004979900617
1005006099349578
1005007613588651
1005007317327693
1005007179766877
1005003990018179
1005007494449477
1005006778589106
1005005906105334
1005006801108946
1005004685980301
1005007350540683
1005007500972046
1005007407291588
1005007281983604
1005007602862874
1005006614769775
1005006289047689
1005007506893808
1005007245786343
1005007075025347
1005006953416257
1005006838140345
1005006252368038
1005007494646478
1005007426473640
1005004466773561
1005006712927207
1005005294725166
1005007340963820
32964000159
1005007582003969
1005006797648218
1005001947765458
1005007448195449
1005006003027264
32958546237
1005007335182790
1005006384832298
1005002884615452
1005007417267803
1005004912102599
1005007392810238
1005006590153928
1005006011782035
1005006005286538
1005006310718766
1005007170251135
1005002789901291
1005007579545192
1005006034149193
1005006042654084
1005003908732381
1005004669513169
1005006023359938
1005007245361758
1005005842151833
1005007310517700
1005005989236893
1005007229910005
1005007608467152
1005005324301086
1005005907849899
1005007335658159
1005007335061413
1005004993837316
1005005965575985
1005006272763355
1005004778632525
1005006672314276
1005001356072895
1005007378084275
1005001432477568
1005007384602786
1005007003463880
1005003989389649
1005004528369066
1005007433007011
1005007310849769
1005007588362483
1005007475927467
1005006866981198
1005007514718057
1005007329362707
1005007368751003
1005007426679066
1005007349747877
1005006103512243
1005007557651541
1005007026490682
1005007055056543
1005006841480642
1005007515981873
1005006198287989
1005007525272973
1005007339902268
1005007635342932