1005005779238405
1005007759618067
1005007756066586
1005007751588889
1005007694350546
1005007748010065
1005007747795760
1005007730731096
1005007741135216
1005007740946710
1005007740978574
1005007741023452
1005007741013452
1005007740738214
1005007740645257
1005007739758196
1005007694954625
1005007736602068
1005007736411880
1005007736534706
1005007736605335
1005007736410735
1005007701924491
1005007702151532
1005007442610857
1005007705248873
1005007726865671
1005007712470183
1005007715277060
1005007724739643
1005007691134537
1005007719915280
1005007691926055
1005007723113014
1005006265987976
1005007696883396
1005007705661283
1005006099547181
1005007708172418
1005007659592865
1005007684288441
1005007690446416
1005007694989533
1005006099660005
1005006132856768
1005006099216507
1005007610817987
1005007535761683
1005007532960805
1005007603789044
1005007647823222
1005007603703225
1005007572562712
1005007537592681
1005007650074567
1005007529478776
1005007530387054
1005007603426930
1005007529691213
1005007532798562
1005007529753072
1005007530203318
1005007524183241
1005007536266058
1005007529660277
1005007603557549
1005007561648011
1005007431342531
1005007540767918
1005007548929377
1005007499585443
1005007414333396
1005007551203095
1005007617526330
1005007545950050
1005007453179510
32728721117
1005007464700983
1005007741096075
1005007741081278
1005007741029450
1005007740905919
1005005983656355
1005006085114471
1005006975590844
1005006024262233
1005007501284616
1005006090633833
1005007620907682
1005005820411590
1005006132244669
1005006102564200
1005003986147048
1005007641208548
1005005387630597
1005003283041584
1005006287632193
1005006768688692
1005007016772214
1005004800180914
1005006232786881
1005007662112128
1005004574101005
1005007077591211
1005006618663040
1005007506320850
1005007122220471
1005007589756608
1005007253632286
1005007261494333
1005004468364580
1005007183741134
1005004045677942
1005006339245713
32994373790
1005007528048951
1005007641533357
1005007051599211
1005007399299118
32970880668
1005007661813975
1005003944752292
1005006756617164
1005007300738977
1005007491907477
32649846309
1005003694237750
1005007603347644
1005005718986994
1005005589335993
1005003744051646
4001311188819
1005005480600846
1005007428076092
1005007375430027
1005006636337191
1005005481403823
1005007355053005
1005007374997959
1005006147713790
1005007523576604
1005002259796783
1005007510399442
1005002069118172
4000210945081
1005004591232436
1005005084330126
1005006130838178
1005007400397200
1005006140935448
1005007293589584
1005006842924621
1005005813894936
1005007528277410
1005006234740577
1005005047719974
1005005724263707
1005004651173970
1005004649245981
1005006618181103
1005002991811835
1005002484198389
1005006139922190
1005006429838415
4000747731958
1005006034187634
1005005557246768
1005005473094035
1005006881799810
1005006882035289
1005006807588447
1005006043702508
1005007438698983
1005004275640186
1005006168204448
1005006207902293
1005003366071794
1005006115315504
1005001844750057
1005005557871653
1005007517173423
1005006509014336
1005007565127530
1005001797890698
1005005501067826
1005005776939603
1005006812453014
1005007221189993
1005005581092513
1005007480778964
1005004040571423
1005007341620803
1005006235909992
1005005454756014
1005005642472873
1005004769570148
32623668665
1005007269264412
1005003723203122
1005007311093641
1005007122235733
1005006746678905
1005005812298910
1005006039176675
1005005825366447
1005007215805159
32845430384
1005006182422030
4000912689323
1005005947929042
1005005249612321
1005005180412712
1005005227940255
32855752388
1005006584109193
1005005391271432
1005005674421366
1005007529583873
1005006582950506
1005007531338286
1005006040378000
1005006788536725
1005005472612379
1005005687676754
4001258613592
1005003160240027
4000107588192
1005005316506724
1005007369122989
1005006016082996
1005004007136140
1005005429783500
1005006961489468
1005007268762995
1005005219071126
1005001598916041
1005006742713593
1005006321077691
1005002288240127
1005004673420572
1005004932170819
1005004294978225
1005004591097107
1005007121510208
1005005429783159
1005006000982154
1005007198712297
32545569522
1005004858875483
32896695574
1005005752265363
1005006644253629
1005006173905849
1005006412639269
1005006173336402
1005007557021013
1005006571447818
1005006667759749
1005006165220058
1005006697487695
1005004845080847
1005007541394348
1005007587416749
1005002250243963
1005005923310751
1005007047259603
1005006146613733
1005006743121559
1005005534806452
1005003686107854
1005004812212966
1005006571636107
1005003104335990
1005004070567948
1005001897462260
1005006971609464
1005007401729327
1005004859985404
1005007311148238
1005005217663987
1005007554310258
1005007362073176
1005006299787269
1005006440583423
1005005051013797
4000549257460
32963416845
1005006873153601
1005005714017307
1005005492376207
1005007375177412
1005005232215712
1005007531093897
1005006186136761
4000563147793
1005007127133165
1005006185765717
1005007030876297
1005006134348004
1005007369257960
4000296338098
32966471294
1005004639123861
1005004392280846
1005006749128843
1005006209763833
1005006419298733
1005003611955676
1005007466782223
4000765123992
1005006877062716
1005006206534818
1005006247100257
1005005274084319
1005007438390988
1005004674155668
4000013245554
1005006658533995
1005007123899503
1005005611218038
1005006848607168
1005005617830548
1005007342487046
1005006196125860
1005005642237247
1005005274137265
1005007315372471
1005002545624996
4000623902904
1005005454521001
1005007341037469
1005004443462532
1005003296576831
1005002630297535
1005003124234389
1005006860411702
1005005415810120
1005006097038606
1005006578711150
4000296263910
4000388835443
1005005316675021
1005005672362173
1005006340061006
1005004280725623
1005006285907099
1005003698359258
1005006743086020
1005003747332620
1005007445344426
1005004965169526
1005006399205548
1005003033241299
1005006043751180
1005002958847714
1005003346293370
1005007319659009
1005002239135477
1005004408127839
1005004337842033
1005004702187987
1005003654765275
1005007544325972
1005006589185237
1005004560056445
1005006691463784
1005003887282095
1005002275560387
1005003015955315
1005005440854894
1005006568657729
1005005351517619
1005006578445099
32983003423
1005007528142680
1005006624898996
1005001632570907
1005001630286932
1005004349910415
1005007300772383
1005006954816444
1005007077464274
1005005609143280
1005006130870573
1005007402376304
1005006288514533
1005004882860383
1005005447555405
1005007045647748
1005004971549986
1005001431144562
1005004928061679
4000903256589
1005001652631818
1005006902290824
1005005921597802
1005003648085469
1005002490151368
1005006043811190
1005007315521214
1005002275961010
1005006071244128
1005006893711594
33001363818
1005003439032845
1005007315179248
1005004557727215
32967763723
1005005551135918
1005005547143572
1005001547388682
1005005614587686
1005006741229526
1005004432386560
1005002394415626
1005004218066627
1005002291797394
1005003887180552
1005005657828648
1005006435357065
1005005019667413
1005006082406075
1005006144702978
1005006323975634
1005005020852947
1005006566983804
1005003753848817
1005007402481394
1005007187080827
1005005516318853
1005004005134265
32994957070
1005004410302207
1005006749547645
1005003649900458
1005002008352761
1005007544646068
4001094808563
1005005499482705
32967747904
4000907117721
1005001693453264
1005005319594229
1005001419010184
1005006614744641
1005001884557101
1005006190817161
1005004309785722
1005005285488170
1005006794384894
1005005709868994
1005006729222914
1005007528158720
1005003716820718
1005006043762438
1005003983926721
1005001762074505
1005006185852753
1005003112134820
1005005791311141
1005006846028203
4000185162621
1005006564806793
1005006715726875
1005006215144047
1005003003330554
1005006191337563
1005005467401530
1005006833495978
32966466050
1005002393055877
1005004890122426
1005002969273725
1005005272916951
4000522344042
1005003033850531
4000522088455
1005007116577376
1005004887108606
1005005770811026
1005006051180229
1005002346945603
1005001418944365
1005004930078260
1005003980732732
1005001418841609
4001139773307
1005005696673919
1005004626559891
1005004205485958
1005006588233160
1005006568268951
1005007663263283
1005004211074310
1005006159951904
1005006455627653
1005004226528769
1005007311004989
1005006452906869
1005007311068670