1005007446163347
1005007204859593
4001244890410
1005007627836472
1005007587300544
1005007444507237
1005005766690013
1005006807648319
1005007528738870
1005007346905720
1005007280311875
1005007124282156
1005006767354534
1005007288551839
1005007227392321
1005007218877179
1005007547131064
1005007614025731
1005007280035547
1005007530834442
1005007393648811
1005006967229850
1005005671894634
1005007028133540
1005007112833124
1005007163706992
1005007280350410
1005007616675044
1005007442182416
1005006685326586
1005006661583881
1005007203097071
1005007394150653
1005006777538510
1005007581244993
1005007347281109
1005007375975945
1005007138965754
1005007505521122
1005007279942705
1005007440809020
1005006959695779
1005007373281561
1005007141359539
1005007455983034
1005007394334144
1005006966917910
1005007530851866
4001164315805
1005007375739497
1005002810929850
1005006883061259
1005006896445565
1005007602028903
1005007054000221
1005007280401309
1005006550204112
1005007198626472
1005007509896473
1005006767551836
1005006784389427
1005004217964071
1005006807657242
1005007444292711
1005007393631706
1005007587059774
1005005252218887
1005006855310518
1005007588352777
1005007547152224
1005005606585415
1005007393790633
1005007439851082
1005007634535998
1005006784105498
1005007204316481
1005007598207033
1005007349949091
1005007099356485
1005006954085011
1005007566401958
1005007514613980
1005007112655648
1005007571769123
1005007539048122
1005007616598293
1005007189894260
1005006685336196
1005007621781524
1005007464504620
1005007202857389
1005007073073265
1005007334364389
1005007292256575
1005007633098513
1005007634529972
1005006803778715
1005006807580603
1005006879598508
1005007393514669
1005007247789085
1005007600116548
1005007637943794
1005007634576923
1005007423108258
1005007382983124
1005006777661186
1005002931163834
1005005776184915
1005007586429373
1005004542666868
1005007138829889
1005004369907576
1005005486561786
1005007092631615
1005006784621279
1005007148928246
1005007513348780
1005003522033596
1005007444486852
1005007531016072
1005007086304566
1005006722653090
1005005849557678
4001218066898
1005006813221894
1005006789297454
1005006943712390
1005006861758826
1005006856493397
1005007182528578
1005007642401479
1005007638079546
1005007549855089
1005007052941200
1005007638208024
1005007189833429
1005007549580939
1005007383061689
1005007085794312
1005004560693655
1005007146673268
1005007581114320
1005007616380925
1005007646265566
1005007565782532
1005007171017387
1005007202702681
1005007611539813
1005007059561362
1005007176171350
1005007634895116
1005006849344815
1005007306750697
1005007381097328
1005007602125613
1005007371119080
1005007638108411
1005007638269394
1005006926157084
1005007233709110
1005007218613585
1005007631538397
1005007231399046
1005007393716523
1005007392858267
1005007638016629
1005004337515517
1005007545837972
1005007280379274
1005006788899462
1005006408374424
1005007099224709
1005003685800711
1005007506598869
1005007015909450
1005007163868277
1005007101565598
1005007637876170
1005007623593725
1005007144974580
1005007405293080
1005007545717459
1005007641384708
1005005505334046
1005007079879201
1005007544652906
1005005618218403
1005007218733448
1005005824815636
1005007402742286
1005007456508895
1005007369720449
1005007622931453
1005007546471882
1005007587957830
1005007172294792
1005005698258256
1005007540143179
1005007112549474
1005007616544440
1005007571831138
1005007513540882
1005007591942599
1005007581488129
1005007532519823
1005007563551341
1005007229146116
1005007637840056
1005007638093479
1005007634837331
1005007601959959
1005007587186564
1005007637911867
1005007609574093
1005007520617073
1005006788820673
1005006784290204
1005007381005779
1005007537269454
1005007596044558
1005007633445604
1005007141424478
32715654199
1005007170978231
1005007381230110
1005007288945327
1005005457760643
1005007493729032
1005005586589841
1005007218540630
1005005582773469
1005006954468135
1005007360541943
1005007090584298
1005007632727067
1005007271803554
1005007404826845
1005007370129735
1005007488508569
1005007288952283
1005006600219229
1005007546525620
1005007170733504
1005007544780627
1005007530755676
1005007650224704
1005007293735874
1005007294588546
1005006398431361
1005007370947770
1005006726360470
1005005898981017
1005007446592754
1005006602451544
1005007164356224
1005007642037635
1005007112618402
1005007586068219
1005007595185393
1005007457610922
1005006718777071
1005007059540376
1005007637966790
1005007105630094
1005007602062802
1005007634894167
1005007228508710
1005007646561914
1005006788868563
1005007042134688
1005007202535977
1005007164833929
1005007651685879
1005007381115362
1005007571786328
1005007591782984
1005006991683288
1005007631515428
1005007456924374
1005002554717116
1005007182185218
1005003029842552
1005007546722271
1005007369785225
1005007345801328
1005005748271349
32882079928
1005007546571560
1005007583550733
1005007158975674
1005003218584546
1005006866586171
1005007320631561
1005005940497072
1005006908250021
1005007544455909
1005007445936431
1005007342981959
1005007530905582
1005007052838608
1005007280324703
1005004277526586
1005007039901946
1005005537725594
1005007391890631
1005005039585308
1005007442472276
1005007598839022
1005002591676055
1005007614428721
1005006767210914
1005007170789393
1005002655299951
1005006783223306
1005007616390937
1005007592228125
1005007577677762
1005007569432140
1005007122130793
1005007646769391
1005007637857955
1005007634796481
1005007105418449
1005007595721818
1005007602273211
1005006788776820
1005007343917113
1005007123450241
1005007173942537
1005007632791141
1005007632454859
1005007310960352
1005007369904480
1005007630992012
1005007483280257
1005007547188717
1005007547277098
1005007635668611
1005007506367413
1005007272153003
1005007562025745
1005007482186958
1005007615691666
1005007527167472
1005007490280471
1005006809274876
1005006019554182
1005007612776346
1005007119272566
1005007210582991
1005005824068760
1005007575873859
1005006440033554
1005007598995183
1005007340602459
1005001901746782
1005005491511577
1005007274428895
1005006448533068
1005006776667615
1005007273957381
32865279248
1005007591475699
1005007340581602
32916030909
1005003058014145
1005007467378698
1005007336445465
1005007582790671
1005006783073726
1005007616489607
1005007217528700
1005007592092168
1005007592310143
1005006798484620
1005007521317423
1005007638187112
1005007602242315
1005007156053949
1005007597603531
1005007599283497
1005007173693983
1005007602003854
1005007433108665
1005007306872214
1005007552304150
1005007513570303
1005007585905985
1005007525106578
1005003737477365
1005007661723290
1005007664173251
1005007671360505
1005007671518005
1005007660892565
1005007664459272
1005007672881088
1005007665143392
1005007685560822
1005007672475519
1005007671387584
1005007687178133
1005007665924076
1005007680370596
1005007680573549
1005007680885107
1005007687117630
1005007687103623
1005007686240468
1005007673288364
1005007796717917
1005007796947160
1005007775022759
1005007793595783
1005007778586816
1005007786054917
1005007740878247
1005007796017985
1005007740766366
1005007744157995
1005007786847455
1005007725438765
1005007743314954
1005007713679307
1005007725625022
1005007110969188
1005006783025792
1005007616467705
1005007112371838
1005007592154473
1005006744056025
1005007540213399
1005007638027658
1005007634920067
1005007238214129
1005007505630167
1005007072775832
1005007537008955
1005007602030857
1005007204317963
1005007454958982
1005007589081434
1005007665079680
1005007665318845
1005007771264290
1005007735411592
1005007762164627
1005007725243175
1005007725535578
1005007761707040
1005007770172433
1005007746893847
1005007703405652
1005007736254703
1005007794933459
1005007695811050
1005007695779115
1005007733241438
1005007726110396
1005007733546819
1005007726080614
1005007787009968
1005007726147835
1005007752728698
1005007725699443
1005007737444790
1005007744870181
1005007726123242
1005007725792785
1005007753940629
1005007726672634
1005007704184513
1005007689480196
1005007714287581
1005007695144532
1005007695294516
1005007695524128
1005007712891158
1005007794246084
1005007717702214
1005007719112779
1005007246612160
1005007708374875
1005007779936145
1005007709328539
1005007582499425
1005005277809694
1005007616545422
1005007217504813
1005007646591896
1005007430294170
1005007632930356
1005007602140604
1005007343173606
1005007442276609
1005007042349840
1005007601977959
1005007195985751
1005007639623261