1005007592370894
1005005246067224
1005006119631859
1005006489904484
33050972939
32791081556
1005007603870391
1005007646900964
1005006696201677
1005007559156173
1005006357988406
1005006124624628
1005006335570041
1005007592708160
33040309909
1005006542417521
1005007099573818
1005005925585637
1005007339526228
1005004194687359
1005007543514783
32727521068
1005003707350901
1005002002378196
1005007184473513
1005006335386588
1005006378047977
1005004858098085
1005007328943002
1005007136177804
1005006202659194
1005007409581023
1005006629208331
1005007532237623
1005005945406228
1005006444829105
1005007067497865
1005004560735834
1005006476820494
1005006170211834
1005002741269595
1005007528594529
1005001607723500
1005006368027533
1005007217348839
1005007289156071
1005007037820732
33064491096
1005007208671557
4001061923115
1005006115999529
1005007005990218
1005005362728028
1005007127863594
4000340956397
1005006067682289
1005007010265904
1005007496442972
1005007325139441
1005006253367336
1005005396884083
1005007204734724
1005006898757098
1005006175308554
1005005601519799
1005005876566767
1005003661790846
1005006435065364
1005007276727441
1005004518709138
1005007432352762
1005001326458182
1005007252971813
1005007252949931
1005007456707795
1005007094539359
1005006278023625
1005007488156084
1005005393355922
1005006858741662
1005006625707505
4000208199910
1005007094343645
1005005971787443
1005005913291007
1005007390760518
1005007192391800
1005007595790073
1005006260919060
1005006227170166
1005006789660718
1005005890003085
1005001295839690
1005001780887731
1005006058066795
1005005702252833
1005007489802843
1005006971879100
1005007192395547
1005007169019501
1005007403611369
1005006859111746
1005006971931948
1005007211699234
1005003783976714
1005006257780400
4001157239476
1005007286884660
1005006999951026
1005001664794109
4000536782224
1005005723835422
1005005883146545
1005005430778392
1005007552213206
1005005595657339
1005002711499273
1005006825247949
1005007667318161
1005006863820726
1005005603045507
1005006425218901
1005001865307949
1005006325907160
1005005083202416
1005001524965717
1005007123559807
1005007653956171
1005007352082711
1005005406777302
1005007132247773
1005007469947441
1005007349075985
1005006821644909
1005004901620356
1005006171182560
1005005666954588
1005007482952890
1005007276127092
1005007403357751
1005007211118239
1005005757797519
1005003790824140
1005006284997455
1005003352227097
1005007091651298
1005006877952076
1005006237903897
1005003188634880
1005005956549327
1005007217522592
1005006294284553
4001219467813
1005006673010245
32752711783
1005006282962466
1005002022554084
1005007100089162
1005007099010577
1005006913593771
4000263437849
1005006369897442
1005003209658722
1005001528185658
1005007464136493
33036211538
1005007484066412
1005007255968724
1005007498093669
1005006837060299
32885069560
4001243188120
1005001980915924
1005004904894828
1005006121018340
1005004192632562
1005003658558536
1005005923481028
1005007412897195
1005006043605646
1005006067171972
1005007412696575
1005006444785383
1005007481447504
1005007393152446
1005002237536491
33001989497
1005007211454419
1005006044508252
1005005996888899
1005007564415439
1005007347762635
1005002368698303
1005007028458256
1005001482626632
1005006100222671
1005007604029110
1005006362057022
1005007636381322
32886718610
32949369751
32831755671
1005005120698984
1005006967484494
1005007350949656
1005007650818710
1005006763165642
1005007000852741
1005005192843608
1005007546707293
1005006026653412
1005007325733687
1005007325672943
1005007350549811
1005005803514403
1005007139461379
4000033360597
1005007120565597
1005006713095484
1005007191935436
1005007038421828
1005003441761938
1005007010410250
1005006241035798
1005007267419101
1005004890463241
1005006911042327
1005005733593633
1005005200744894
1005007347543587
1005007479988108
1005007393139562
4000862572318
4001083912718
1005007263280077
1005007374195801
1005002375807339
1005006857304513
1005002304455506
1005001398100378
1005007565247963
1005007362165510
1005007394290593
1005007394945294
1005007396221446
1005006982868288
1005007178738985
1005007409100722
1005007123292294
1005007498341730
1005007485840551
1005004913766517
1005005591024110
1005006100288280
1005006870192486
1005004970074832
1005006353590904
1005007512142824
1005007372968019
1005006150518503
1005003775373824
1005003778522572
1005007464896353
1005006863586160
1005006430474582
1005005851131567
1005001566757261
32991661269
1005006236652612
1005006305838061
1005006808166135
1005006492823234
1005001632937690
1005001726497339
1005005820120640
1005006195054821
1005007478098134
1005007392985889
1005007301557918
1005007210694852
1005007401906176
1005007401597857
1005006761771121
1005005292503322
1005007298640356
1005007298489113
1005007089347897
1005002025049548
1005007337370826
1005006487641663
1005005845522337
1005006962790658
1005006449469851
1005006177286945
1005005679973986
1005006999673576
1005007519632062
1005007285477356
1005002491974331
1005007444116159
1005007240017054
1005007342003255
1005007239810291
1005003796047133
1005002871961533
1005007142971688
1005006101454963
1005005972610938
1005007266850523
1005006550820926
1005007581362262
32869681038
1005006018504228
1005006479604087
1005007602859645
1005004638122750
1005003826189419
1005007477691688
1005007392978901
1005006859197492
1005007211167164
1005006682884263
1005006019266103
1005003594459818
1005006286014231
1005006133633496
1005007147838357
1005006807387245
1005006925244396
1005005188590663
1005004553068703
1005005047975545
1005005017492453
1005007257718764
1005005952596375
1005002042001463
1005005009547263
1005003144091214
1005006714881765
1005006714864846
1005004354413780
1005007299116260
1005007244115013
1005005592805973
1005007014188083
1005006097658775
1005007344936557
1005007580233740
1005007431573207
1005007574968263
1005006440863749
1005006351331856
1005005364231745
1005005254512834
1005002852241477
1005007156874048
1005007189499568
1005006439371377
1005006425241668
1005006437949074
1005006258387770
1005006258387681
1005006261748040
1005006261630822
1005007404621434
1005007031896488
1005007559509075
1005006349794390
1005007477360958
1005007393180476
1005007214916031
4001090123913
1005006618519579
1005004570931876
1005004905331151
1005007243187410
1005007065221174
1005007036103921
1005006740247763
1005006266331502
1005003572303455
1005005364211861
1005007394743476
1005005406960813
1005005355167365
1005006261658761
1005006261668693
1005005394518808
1005006746390824
1005006914482714
4000842415868
1005006296867019
1005007184239382
1005006298928273
1005007026343144
1005003620328309
1005001500446346
1005006411919885
1005006772611607
1005007386972102
1005006582841189
1005007037027052
1005005762490795
1005007598458532
1005007388376312
1005007126458414
1005007337750969
1005006335235647
1005007595759164
1005002376485092
1005005855148868
1005007477670352
1005007399710483
1005007214542475
1005004537278203
1005006147128954
1005007208141307
1005005355125637
1005005659518011
1005005354010061
1005006439327674
1005006437816630
1005005975766380
1005005222129439
1005006592489516
1005007336897613
1005007337198345
1005005024880877
1005003629948031
1005003629905238
1005007644800173
1005007664904936
1005006351400554
1005005349471418
1005007394726498
1005004982877876
1005004989773458
1005007394567773
1005003308905714
1005007394560739
1005006778670751
4000109701641
1005003827041301
1005002503365449
4000229882611
1005003755176222
1005007480908205
1005005964887162
1005006987232968
1005007030454843
1005007345491062
32854263016
1005005748825914
1005005786538427
1005007393270135
1005007518584943
1005007217031407
1005006261568142
1005005245253150
1005005646297926
1005005245128940
1005005344510093
1005005019206514
1005004991920702
1005003656772936
1005004062534121
1005005528834313
1005004937673911
1005006838386484
1005007235517209
1005006259450172
1005006228424645
1005007145463351
1005006838263354
1005006537581023
1005006685569377
1005006014696230
1005006710563990
1005005818063310
1005007423747111
1005005961466572
1005007480822268
1005007206206991
1005007592893224
1005006864423374
1005005406205837
1005002810245720
1005004894082311
1005007150353549
1005007358799843
1005007264126903
1005007257048878
1005007306969657
1005007264594851
1005007359175691
4000447563507
1005006306255947
1005005450530148
1005007333290383
1005007346437819