1005007147332598
1005003539712946
1005005109031352
1005001527120986
1005003673943931
32824707474
1005005037955616
1005005187304844
1005002112838572
1005005966198823
1005005037493854
1005006257775752
1005005056064678
1005005037583434
1005003775347671
1005006270931177
1005005055464455
1005007579801882
1005007493507018
4001132251214
32864688495
1005003899562301
1005002489427103
1005005061257107
1005004927413304
1005007587025724
1005004945099648
1005004894359412
1005005373236934
32961406185
33059399962
32955756321
1005002952326463
1005001821372572
1005005799639852
4000269245012
1005007574773986
4001160316817
1005004484683226
32826324443
1005004698777855
1005005466890665
1005005315039981
1005005551911121
1005002066175963
4001098857898
1005001841630156
1005005835738116
1005004654793936
1005005075107993
1005005072900459
1005005072707372
1005007579955737
1005005055985680
1005005371930001
4001100938111
1005007587229344
1005005055395729
32856527295
1005005191848820
1005005061013295
32964055928
4001122540137
4000174207449
1005005064585858
1005004063481436
32921968940
4000615787927
4001124791058
1005006968981074
1005006385073311
1005005037634523
32961354575
1005002071175303
1005004801796380
1005003745872867
1005007550297611
4000350738133
4000231133751
32970233846
1005007174460634
4000586944680
1005006948617940
1005004349402109
1005005871536522
1005003640937936
4000006908896
1005003775390491
1005005057675755
32919542941
1005004710150948
4001203892128
1005004266614122
1005005243755679
1005002087360688
1005005043736414
32816541648
32844275204
4001075234229
4000229979389
1005005471365841
1005005281485131
1005002126716109
1005005484640315
1005001287972701
1005005518093126
1005006275349093
1005005075133327
1005001288143824
1005005069784625
1005005072593253
1005004650869334
1005005055982558
1005005037671386
1005005038689130
1005005061336618
1005005477054871
32872603153
1005005616641312
32959592635
1005005616555664
1005005147133198
32903970819
32865598340
1005005037948529
4001284219403
4000007234295
1005001600202269
1005004269589058
1005005256846468
32951861326
1005005200787774
32854301230
32955309065
4000231148076
1005007494854120
1005005242331578
4001116800721
1005002952916759
1005007539056991
1005004894530143
32864281958
1005006275449037
32921283334
33011329061
1005005042066641
1005002953354463
1005007550237384
1005005204079718
1005003684310459
1005004267233425
1005004754796803
1005002641726103
32828002676
32783620746
4000611535337
32961830364
1005003397447705
1005006157989198
4000450554148
1005005286448766
1005002061509454
1005005470675268
4001322641522
4000246937347
1005005552847192
1005005551758935
1005004647518815
1005004650996806
1005004650994339
1005005072489735
1005004654192658
1005005038678278
1005005061198351
1005005056056911
1005005064634789
1005007287427369
1005003749297593
32787807377
4001124827495
32870261055
1005006948711147
1005003640134959
1005003768002222
4001122508358
4000093780502
32892367303
1005004238875509
1005004407606493
1005006186432966
1005006783646355
4000388858811
4000188986775
1005005279760246
1005007217276487
1005005256639554
33038229783
4001101263475
4000269321949
1005003949609512
4000566040260
1005004894520420
1005001291093574
32865588558
1005007148936866
1005004271724653
33016699625
1005003292241326
1005002339629521
1005007455924222
4000199337416
4000894653348
1005003922812073
32921416294
1005006103080742
1005006439073264
32819979590
4000227074141
4000246946773
4000853044801
4000572006443
1005005421411969
1005005072476615
4000571728263
1005004654851524
1005005041480435
4001184637464
1005005069847875
1005004650600392
1005005488704009
1005001287963503
1005005055551316
1005005061361209
1005005064779207
1005005061110838
1005004063459307
1005005374513210
1005003992655708
1005004754781908
1005001670348536
1005005619818586
4000599284743
1005004226223835
1005004934658899
32920727169
4001011697742
1005005037909958
4000269270584
1005007233647863
33015370004
1005006783677981
1005005197789304
1005004712201087
1005004571967427
1005001599872568
1005007467785709
1005006439092753
4001284044930
1005004266854322
1005004704227010
1005007148848986
4000008511560
1005004226149937
1005004304386954
1005005242374289
1005005204236037
32838730681
1005007016867856
1005004802023845
4000391797726
1005004158310157
1005007174497429
1005005185815616
4001118436604
32808534377
1005005075065644
1005005073036748
1005004650511134
4000248262642
1005002139876910
1005005069892195
4001029098302
1005005551707131
1005001611910840
1005005476084630
4000571893223
1005003488261900
1005005476093304
1005005272693484
32830334130
1005003285198146
1005005056157288
1005005055528743
1005005055975513
1005004894462822
1005004304424641
1005004225709109
4000266945769
1005004229846582
1005004269621219
1005007486299781
1005007550440952
1005005899790152
1005003767908786
4001108303044
4001119046882
32892751476
1005001586689283
32828605083
1005005256818569
1005007149819289
4000307183138
4001119395516
4001117533347
1005006439106240
1005004345159502
4001014874107
1005006959845594
1005007539608004
1005007112422576
1005001906043385
4000277301917
1005007278972678
1005007150622568
1005006424351926
1005007462012324
1005003922764029
1005007550012631
1005007149023763
1005005037665633
4000601120375
1005007539064973
1005007098223046
4000904392700
1005005073091604
1005005072500557
1005005072509993
1005005069840971
1005001841456470
1005001846207139
1005001612053441
1005005556033545
1005005518111174
4000263362819
4001166808087
1005005425358505
32858940345
4001184908047
1005005556118595
1005003287516165
1005005055499072
1005005064607535
1005004894445381
1005005038606679
1005005056164142
1005004357638761
1005004267439049
1005004224541291
1005004225730889
1005004267695952
1005007340834027
1005004567943365
1005007547159406
1005007550101765
1005007287913654
1005007293874792
1005003767380982
1005007539564432
1005007549751921
32873355743
1005007147001868
4000052273642
4001116634423
1005005616699032
32853787816
1005007017122389
1005004857695093
1005007714239514
1005007773462079
1005007773355368
1005007783263471
1005007783313123
1005007783121795
1005007783182515
1005007783171014
1005007782997618
1005007783025210
1005007783082088
1005007713331624
1005007782733895
1005007782413864
1005007782438499
1005007782389533
1005007714725923
1005005072875373
1005005075103058
1005004650791173
1005005072915171
4001322644951
1005001287989868
1005004639596364
4000571828319
1005005309508315
1005003285044249
4001184450405
1005005461260695
1005005476003584
1005005470853139
4000857872133
4001254243759
1005005061300089
1005005061336520
1005005056010585
1005004224993522
1005004225878529
1005004269526583
1005005038634666
1005004224790052
1005007204812910
1005003767397593
1005007783179228
1005007783025110
1005007775764838
1005007767299285
1005007764620930
1005007759841123
1005007759642562
1005007759582740
1005007759456172
1005007759106850
1005007759198670
1005007759182666
1005007759251572
1005007759253359
1005007759099550
1005007714251670
1005005389185949
1005007724340476
1005007702729680
1005007703142076
1005007701406166
1005007714197649
1005007723390226
1005007723266957
1005007723535168
1005007723479181
1005004650960090
1005005073120229
4000571737895
1005002012862296
1005004654114213
1005004651198338
4000259867920
1005001288172302
1005005424180353
1005005461630977
1005005457836963
1005005041583113
4001160673308
1005005055591130
4000857827411
1005004418707985
1005004266718969
1005004249996699
1005005056010046
1005004269778756
1005004238525502
1005007539229607
1005007759622452
1005007759645320
1005007759185663
1005007759253365
1005007759200363
1005007759296118
1005007759119123
1005007694974173
1005007695566284
1005007723383184
1005007714359866
1005007702355641
1005005073001757
1005004654818323
1005004650591602
1005005075097912
1005001841395316
1005001288577087
1005004654832397
1005005467347707
1005005556105789
1005005556277202
1005004647406741
1005005042309346
1005004267181405
1005004239497932
1005004270085387
1005004230008172
1005004651255738
1005004654608833
1005005072830438
1005005075217030