1005001549277632
1005004598044161
1005005082314501
1005004743657281
1005005933379496
1005005933033570
32851027803
1005003440893489
1005005282769477
1005001895062675
1005006111011139
1005005374139451
4001288921348
1005002251799787
1005004832169395
4001142320662
1005005782551907
1005004551794692
1005005246963606
1005006363334706
1005007425047933
1005006361449971
1005006295958407
1005007643490124
1005003094252516
1005007636764763
32980540208
1005007061278575
1005007346131656
1005007594170620
1005007455518164
1005007607095295
4000206057766
1005007656581900
1005005809860465
1005007365287090
1005002960238005
1005005887274296
1005007348865121
1005005879880981
1005007031549476
1005002281356533
1005007408045360
1005007635157889
1005007660761544
1005004955049300
1005007374704730
1005002272077190
1005004491589600
1005005621346518
1005002960204159
1005006107202120
1005005643308433
1005007181376973
1005007445550348
1005006388831276
1005004094485223
1005006996349434
1005006894687798
1005005880401191
1005006678429005
1005007443762389
1005003404790943
1005007417978597
1005007346292922
1005007315663986
1005007510379462
1005007791294807
1005007685589378
1005007471307372
1005007759986019
1005007733777041
1005007747910714
1005002960030557
1005002960275560
1005007253321942
1005006420104024
32728238604
1005006258558438
1005006457291269
4000725625262
1005007526845488
4000084507787
4000084555106
4000084524241
32525819621
1005004735452386
1005005060340494
4000832599617
1005007244263951
1005005866271207
1005005911727720
1005006965290416
1005004861261780
1005006966010717
1005005238318874
1005007117795913
4000335799855
32920756145
32964906510
1005005462119126
1005004462167675
1005007280490428
1005007477133038
1005003021245336
1005007481759479
1005005812482223
1005003365074826
1005006964819994
1259312994
1005002112086576
1005004719465231
1005004825103606
1005004723285282
1005006329388908
1005007647555696
1005004928557329
1005007193239803
32976792928
1005007193429574
1005006124197782
1005007429863660
1005005297582717
32727517338
1005007436919786
1005007516437794
1005003233939007
33023078506
1005006191796876
1005001872309248
1005006400174870
1005005462078152
1005006042339503
1005007111642489
1005004323132849
1005005657075281
1005004861399268
1005007473470649
1005007193426614
33022333852
1005007429808585
32854047624
1005001271692399
32879207879
1005003365171375
1005005647944294
1005003942889496
1005007579607626
1000007247057
1005003664474449
4000741025113
4000087835285
1005006414949348
1005003022538188
1005007625336431
1005002200444338
4000084495997
4000084613015
1005007038444421
32809713206
1005002641134675
1005002641198943
1005007743551671
1005007689504212
1005007530901750
1005007657167066
1005007322060763
1005004861303616
1005004861278692
1925343571
1005007432693240
1005007432629340
1005007429954296
1005007432790086
4000087802612
1005005724614697
4000087674255
4000275860439
4000084504959
4000084424585
4000082731709
1005003684155980
4000087625749
4000087731395
1005007485571485
1005007033323970
1005005171738067
1005007555110286
1005006912047599
1005006155955874
1005006484420575
1005005429435726
1005007283153968
1005007524944449
1005006429128281
1005004996872556
1005007226411406
1005007315310911
1005002778146097
1005007295736011
1005007392910700
1005002746409085
1005007107299750
1005003457827152
1005007428976952
1005005932784821
1005003784911427
1005006837122805
1005007294569804
1005006581006575
1005007472093395
1005007118835388
1005007545295569
1005005805779524
1005004487270907
1005006437092273
1005002369258436
1005006802792764
1005007546145836
1005004980880036
1005006271541159
1005007458487338
1005004895302997
1005007295665266
1005005943683344
1005005838349640
1005005196303893
1005007607000550
1005006159465219
1005005749223361
1005005641926849
1005007458511806
1005005245531899
1005004812913346
1005007078128377
1005007376764293
1005002475285470
1005006016983720
33035325712
1005005384094355
1005007613013882
1005005976985479
1005005867006440
4000171543764
1005007576429914
4001054195409
1005003128748605
1005006862125140
1005007586898398
1005007107931934
1005007244720423
1005007398112639
1005005905156877
1005004519833797
1005004675101194
1005007558332322
4000989666744
1005004216786371
1005006642348266
1005005495684375
1005003694169067
1005007203365019
1005006569271703
1005005913335328
1005003881988174
1005007463596246
1005006953830659
1005007401296645
1005007476282003
1005004535455833
1005006145945645
1005005500503420
1005006030686772
1005005768826642
1005007170237287
1005007354224027
1005006035579187
1005006042403156
1005005511173048
1005006925352957
1005005240629310
1005005468083998
1005007013231843
1005007104149310
1005005975414445
4000476242581
1005006142869551
1005007593427749
1005007589004018
1005006822725296
1005005430691307
32920986356
1005005833911054
1005002054029805
1005006692495889
4000804706816
1005005093567106
1005006527580164
1005007095306149
1005006593873493
4001122254378
1005007374659408
1005006503117845
1005005796881318
4000933313683
1005007425358177
1005005952836923
1005004350395910
1005007059299750
1005003381136996
1005006212682152
1005003000044744
1005007374839069
1005006327685922
1005007272292288
1005004647019003
1005003401176532
1005007062370218
1005007513894390
1005004069114040
4000084941374
1005006208163360
1005007272232532
1005006003019073
1005006901550000
1005001670772917
1005005313928422
1005007501346061
1005006389735903
1005006777194644
1005006807873635
1005005906966247
1005006752566882
1005006390184408
1005006871440655
32663785615
1005001646495897
1005006052030064
1005007012720012
1005006712387491
33005354856
1005005926691418
1005006702126074
1005006859580219
1005006834413793
1005006223005889
1005006903151370
1005006869683972
1005006472944479
1005005959840388
1005005672908168
1005002246840790
4000299947588
1005006032545720
1005006335756860
1005004341613455
1005006866812630
1005007118458613
4000299881103
1005004695479345
1005006855004952
1005004174504630
1005007135471282
1005007458211783
1005006989370969
1005006060353466
1005004948722066
1005006225391956
1005007293899070
1005006904161092
1005007418021293
1005007339697812
1005007015327655
1005006834652487
1005005528138748
1005006233663528
1005006783365638
1005006920192900
1005004657021755
1005004977778576
1005006399879975
1005001290958039
1005006568194605
1005005877964821
1005005306246041
1005003469296205
1005006019143358
1005006569601372
1005005372895824
1005006367022266
4001055324313
4000844483978
1005006603545837
1005004986535239
1005003222732738
1005006375229578
1005005476833801
1005005643829492
1005007430392805
1005005977351881
1005005831000025
1005005342739239
1005003746863955
1005005596047654
1005002497267376
1005004331903510
1005006378590714
1005006679780346
1005006883091853
1005005807165816
1005007061783375
1005004115822506
1005004896105621
1005006850647120
1005005800314138
1005006746839881
1005006001882698
1005005087442873
1005004671417225
1005005924464647
1005005854081650
1005006045140280
1005006150650890
1005006118386631
1005005929120466
1005006117302089
1005005178733194
1005005978708598
1005005245535926
1005006361770366
1005005383638654
1005006906292995
1005005657710084
1005007050412385
1005006105573816
1005006500720867
1005006761380870
1005006912650264
1005006781580720
1005006372409029
1005006406013915
1005006802996161
1005005712016394
32949981987
1005005949477117
1005007455943445
1005005574528992
1005004671358653
1005006055648732
1005004527249223
1005006845507509
1005004547835163
1005005433178032
1005006418230057
1005005908275963
1005006321572731
1005001962166489
1005006310682018
1005006769966367
1005004930427438
1005006002819473
1005006854579365
1005006056927311
1005006305199409
1005007043468517
1005006378410653
1005005058459222
1005005913337325
1005005972341212
1005007023355944
1005006679267614
1005006357876813
4001192684325
1005007002964025
1005006476680888
1005004758114085
1005002957074136
1005006186079907
1005006124849875
1005005815412195
1005005222008177
1005006187394815
1005006892778110
33056806434
1005007052590759
4000627418430
1005004353897117
1005005873625843
1005006172031622
1005006891767045
1005006752842878
1005002239676574
32964307650
1005007054534357
1005007419708666
1005007073830975
1005004833583909
1005007582707524
1005007565814461
1005006799923825