1005007000219629
1005005976862726
1005002371490564
1005005458531795
1005005752600315
1005004369987443
1005004995674684
1005006893661040
1005005995685631
1005006931558454
1005003723119527
1005007321416585
1005006952507883
1005006466475418
1005004047099657
1005006348444107
1005007038719018
33033978910
1005007596909022
1005005642354238
32966062191
1005007339250072
1005004839266063
1005007576568723
1005007412488273
1005004971108241
1005004582604102
1005005038110241
1005004673248502
1005005041337668
1005004325215992
1005007520391406
1005003835216712
1005006348323997
1005006383751828
1005004915719712
1005006522733744
1005003005935816
1005005388141443
1005003439093929
1005007077512083
1005003123967562
1005004876161104
1005007252543875
1005007094597787
1005006755815044
1005006895850873
1005005118612430
1005007216054948
1005007392351490
1005001749047817
1005007374879228
1005007252916630
1005006112597774
1005002245005361
1005007546179182
1005007422974990
1005004005625440
1005005611045033
1005003554252369
1005007452971319
1005005574888657
1005003038136846
1005002384684639
1005006788012107
1005005462732244
1005004706833196
1005007598395384
1005007611262174
1005007118012764
1005005787195693
1005004005622446
1005002690932735
1005002319893709
1005005649047636
1005006275373419
1005007220172545
1005005731177712
4000742032162
1005007585542710
1005007597003155
1005004541447376
1005004388896558
1005007339639523
1005004309359613
4000995764568
4000376556071
1005006176419746
1005006427727162
1005005913864166
1005006479392332
1005006920000704
1005007576960541
1005007604297190
1005006707858197
1005006294100231
1005007457497754
1005006790189738
1005007122909041
1005002980641594
1005004731068263
1005007192445778
1005004670975107
1005007545153481
1005007611137671
1005006100240243
1005006949810490
1005003299108214
1005006198268794
1005003446387040
1005005091018746
4001200657222
1005004267818294
1005005144893124
1005006205426706
1005002368652177
1005006181115657
1005005957020007
1005007357076526
1005007522712889
1005005585945028
4000179424680
1005007336591232
1005004424106171
1005007060435902
1005005180059179
1005005871182561
1005003037912019
1005005778157595
1005006952738536
1005006916984013
1005003615223762
1005007597534704
4001268815046
32799839034
1005001868685939
1005006164456695
33020723630
1005006723856287
1005007205524812
1005006308280357
1005005401287570
1005003596656304
1005007261467718
1005006294950258
1005006297742075
1005002908283811
1005006298314874
1005001656653905
4000822988396
1005006100178571
1005007353972366
32888755336
1005006617317514
1005005836002414
1005007198717089
1005007076033733
4000988452326
4000992185920
1005006953236070
1005004971372776
1005006207013870
1005007415714143
1005006170034356
1005007561950905
1005005037013881
1005001452684075
1005002937338079
1005006616947050
1005005455143080
1005007261560457
1005007533094096
1005004625546148
1005006709422809
1005007217637056
1005007458354280
1005007484720028
1005006281095233
1005005905898455
1005006831295096
1005001339254833
1005004265089102
1005007007684666
1005004389847582
1005005883373112
1005007580921447
1005007597125556
1005007347262858
1005007035879988
1005007122491612
1005007271941310
1005004123157134
4000993831239
1005006369648402
1005006438332024
1005006917328575
4000748972316
1005001731786978
4000096745062
1005003640576954
1005003799679951
1005004970576226
1005005719891860
1005005307935504
1005007254511870
1005004060020235
1005001396041444
1005004789450641
1005001503338263
1005007104659038
1005006976733958
1005007108965302
1005007546289872
1005006282497960
1005007261657158
1005001629947445
1005005863171110
1005007447951595
1005006901191001
1005005916932632
1005007637276518
1005006806144992
1005007475264515
1005002572408310
1005007104102144
1005001496496254
1005005651789707
1005007256723965
1005007610081153
1005005929332631
1005007531443319
1005007024310059
1005001852291026
1005007308882054
1005003800191507
1005007428639360
1005007010069526
1005007150453961
1005006171504785
1005007347245913
1005003792412420
1005001302614386
1005001894849578
1005005716776326
1005006427642798
4001260360837
1005004119062712
1005006001811779
1005007599406157
1005006593598138
1005007254092208
1005006960421968
1005006259700273
4000544111385
4001249327951
1005006624563663
1005006735831766
1005007612582510
1005005664876855
1005007635478892
1005004309701380
1005003712839251
1005003596639456
1005006288245402
1005007261187791
1005006294884462
4000997472560
1005007447847507
1005006590035907
1005006275542222
4000376536351
32909031576
1005007261314935
1005003934224175
1005005851856349
32805642515
1005003253650608
1005003563641151
1005006816381636
4000971371727
1005006876311883
1005007034340326
1005006004919246
1005006935186991
1005007635658032
1005004439437860
32947146030
1005006232299995
1005004160014571
1005006960754072
1005004005551698
1005003037779287
1005004241750180
1005007005323432
1005003545309143
1005007246907238
1005005123144874
1005002933414228
1005007118686288
4000662878606
1005007352044069
1005007428268834
1005006163051829
1005005536936862
1005006851640125
1005004014838510
1005006715681430
1005007271140769
1000007171648
1005007225794381
1005007341076124
1005007113638559
1005005175803005
1005007060997323
1005003262605908
1005007212236539
1005002945089390
1005005383680089
1005004883661208
1005007355237405
1005003596595715
1005006813123034
1005004908469430
1005007339910258
1005006280871898
1005007220295347
1005003597613260
1005003892244456
4001046920538
1005006976800630
1005002785471227
1005006935262472
1005004005685108
1005007166110538
1005007351260880
32990956709
1005007514273767
1005006935302416
1005007257993593
1005007286602453
1005006140215532
1005007195378672
1005007560021767
1005006427552233
1005007531240854
1005004933834979
4001223600101
1005007194383908
1005006935048910
1005006620587216
1005006994485405
1005007195423201
1005007382336353
1005007109515139
1005006800742644
1005003245347253
1005007353960431
1005007353911497
1005004488563872
4000785248257
1005006949310596
4000438062220
1005006153779033
1005007215070846
1005005265166730
1005001492996160
1005007599618108
1005006617492808
1005006036474761
4000007040947
1005004962644033
4001035782687
32955105380
1005007535685625
1005004067179201
1005006617325998
1005007254428981
1005005929769294
1005006294848791
1005006804445049
1005005719930716
1005003914797006
1005002129059981
1005002209390965
1005003653458578
1005007371237740
1005006294357021
4001078471014
1005007248843335
1005007029516662
1005006617378691
4001084531965
1005007277297724
1005007003172036
1005007564015982
1005007551604176
1005007113393898
1005007260654960
4000003552160
1005005955210653
1005007564137821
1005007469341524
4001268439326
1005004090201767
32858819585
1005002542370299
1005006584771994
1005004648319508
1005006766789851
1005007169379230
1005007353954349
32857792612
4001027524662
1005007564127837
1005003285546767
1005003225724632
1005001446491171
1005006002351707
1005004144297037
1005007601388290
1005003586162325
32958173322
1005007349211825
4000007190707
1005001458912123
4001039157148
1005006711657082
1005001591196062
1005006956208981
1005005497133846
1005005240032708
1005004072650547
1005007524519290
1005006096928242
1005007609654971
1005007310172714
1005007470524359
1005005819528341
1005007393390296
1005006031342550
1005006925354213
1005005426497799
1005005925219680
1005007096130756
1005007122459430
1005007426896649
1005006896079719
1005007485696867
1005006454275272
1005007129822156
1005007335488662
1005004237941953
1005007196391409
1005007070920335
1005007425029550
1005007419336134
1005007501029283
1005007044288767
1005005986763438
1005006755754223
1005007254718048
1005006312815566
1005007568427436
1005007335566864
1005007445508664
1005007098251624
1005007537333936
1005007254209395
1005007347671850
1005006034165874
1005007567763747
1005007053489988
1005007132761707
1005006864660696
1005007261554219
1005004588286795
1005004464470855
1005003712754858
1005006339281427
1005003580660527
1005005146614017
1005002824994416
1005006767026281
1005007453240959
1005004122540512
1005006733443076
1005006794093010
1005002038971417
1005007158854116
1005007096952200
1005006993682908
32870588192
1005007513652817
1005002321087784
1005007413692308
1005003611832147
1005007522922362
1005007220264565
1005005294638191
1005007544950284