1005006280561702
1005005580762763
1005006164434289
1005006832927634
4000850814535
1005007137923614
1005004522841744
1005006406818945
1005006410095880
1005001846403122
1005006225727771
1005005981060745
4000433263854
1005007076407291
1005006280992448
1005006117968078
1005007029234257
32859879149
1005005918225739
1005006345989308
1005004090514931
1005006068540166
1005006418717384
1005005890905610
1005006649373459
1005006778472476
1005005981357977
1005006558810569
1005004547134064
1005006236028824
1005006398779754
32731300515
1005006070825395
32829394053
1005007121976370
1005006122948941
1005005501398777
4000341133413
4001254878286
1005007253160570
1005005806963224
1005007168731560
33016746114
4000829545003
1005005444347065
1005006788957262
1005006301233792
1005003638436348
1005006268864194
1005006002380545
1005004333338930
1005002615846466
1005005874267677
32988649339
1005005694291851
1005001798891749
1005004803697871
4001241033179
1005005892517461
1005006049327766
1005007648474551
1005006566221364
1005005534384409
1005005873815396
1005006716029902
1005004387727321
1005006302442764
1005003085595262
1005007638147951
1005007466962688
1005004948585149
1005005333076189
1005007557803108
1005007384806039
1005002037750052
1005007132310408
1005007651036197
32914831726
4000147563482
1005003318485408
1005007607564837
1005005481501638
1005007550557065
1005007130650327
1005007503986559
1005007022691237
1005005675826057
4001294603676
1005006085147396
1005005397060941
1005004337007693
1005006366114409
1005007598176058
1005003062888054
1005004205471431
1005007009606610
1005007137200880
1005005523701251
1005007645016607
1005006148409172
1005006080722831
1005006821520259
1005006942676095
1005004186446717
1005004784023627
1005006443624553
1005006414951672
1005004777288891
1005006538140073
1005006075257426
1005006956008837
1005007441363173
1005006030190842
1005007469879565
1005005923339974
1005006549530603
1005001779768747
1005007359334333
1005006205129244
1005006539785461
1005007625492277
1005006164278996
1005007629328146
1005006259543140
1005007521845066
1005007547560732
1005007563253480
1005007566771132
1005007625416623
1005007600066702
1005007652435183
1005006982896284
32661892087
1005007053767450
1005001803149581
1005005611338237
1005005723287638
1005005101242567
4000817486903
1005002399655880
1005006245037873
1005005702453435
1005007419936353
1005006326031246
1005006370726891
1005006071726921
1005007634559296
1005005170827748
1005006239687126
1005007643854725
1005007565497095
1005007565936712
1005007623816722
1005007624955096
1005006520010943
1005006718001339
1005007654579792
1005006135872404
1005006616727179
1005007502994362
1005006397852151
1005005480836346
1005005565347354
1005006432600886
1005007260527236
1005005141916049
1005004709365780
1005006290232737
1005007099540218
1005007254661500
1005006288904112
32914100043
1005006014862524
1005007575865227
1005007486590364
1005006804455787
1005007182264414
1005007267002167
32887364513
1005007083770568
1005006734714631
1005007423736380
1005007329531593
1005007480101485
32850802565
1005002426036569
1005006105387026
1005007419905491
1005005653914684
1005007017231964
1005006348165467
1005006242903327
1005007565515817
1005007624936013
1005007624790255
1005005990727503
1005007630012989
1005005323651013
1005007560470265
1005007648742522
1005007066129257
1005007061673867
1005007643331917
1005007524728471
1005007064005591
1005007092450524
1005007629546519
32653238369
1005003040444397
1005002637256323
1005006273186879
1005007537429190
1005007189642526
1005006053838862
1005007069564062
1005007022746845
1005004055912776
1005006478330402
1005006738064081
1005006864643296
1005004100677272
1005006069184562
1005003368074320
1005006794684781
1005006428819996
1005006075960657
1005007640402026
1005006520268598
1005007373254421
4001313671805
1005007533417007
1005007596991605
1005006684392308
1005007405162444
1005007522970284
1005006426257283
1005003300912896
32938350367
1005001475079185
1005006181051724
1005005989947201
1005006678109206
1005007619174017
1005007624320983
1005007630881149
1005006619580907
1005007254622555
1005004764969426
1005007115180027
1005005061891700
4000817654200
1005005170828732
1005007400807734
1005007389029792
1005005989493857
1005007556261738
1005007475796088
1005006916382482
1005006923267768
1005003108787336
4000514962324
4000292007503
1005007105123799
1005007105305544
1005007105083870
1005007106107331
1005007105936522
1005007272968514
1005007169903011
1005007109121901
1005007501596676
1005006061535206
1005005317642048
1005007384863754
1005007472513372
1005005165001615
1005007253685916
1005007313807026
1005007643404228
1005007045308924
1005006249689752
1005007317173713
1005007419690848
1005005919925907
1005006044492575
1005006227168379
1005006888919377
1005007452952127
1005006284069417
1005007640061361
1005007620752903
4000981902411
1005007635756710
1005007630972207
1005007630841156
1005006181491327
1005007254830093
1005006889323864
1005004664284440
1005007108997974
1005005912634768
1005007438286761
1005006077366479
1005007345975854
1005001670492788
1005006063670367
1005006684665402
1005007192068939
1005007635844419
1005007297885559
1005006054236343
1005003754005138
1005006253706279
1005004986774348
1005007636133758
1005006359768267
1005006591990935
1005007010121883
1005006982895246
1005007636334164
1005007059643728
1005007260152745
1005007329260241
1005007635631067
1005007287072820
1005007278706456
1005003050121434
1005007378835529
1005007279308114
1005007234405763
1005006903667774
1005007530972788
1005007176075746
1005006891018300
1005007507805290
1005006890702729
1005007654927513
1005007581776735
1005006559576619
1005007465618897
1005006765712412
1005006266672623
1005004853438385
1005006536299835
1005007419913581
1005007310039115
1005007636420952
1005007636903672
1005005765575511
1005007279011912
1005005047257025
1005007550561241
1005006153907752
1005006894489597
1005006089062773
1005007408383060
1005005079729517
32615409279
1005007560862220
1005007466454684
1005007516671453
1005007429125688
1005006145424455
1005002854135141
1005007045691270
1005007135147656
32697604187
1005006053979957
1005006865158048
1005007520514213
1005006949214911
1005007084207822
1005006975532959
1005007144380465
1005007264400841
1005006032738299
1005006350137130
1005007348601709
1005007080487622
1005005970397740
1005007258932921
1005007436411888
1005007648945351
1005001468368731
1005006412516901
1005006166897894
1005006769459616
1005007575843687
1005006748139646
1005006121608788
1005007247122708
1005006195243514
1005006982674707
1005006253183608
1005007637204463
1005007419987488
1005006883782460
1005005819017201
1005004954805122
1005006131479713
1005006770992472
1005006756639517
1005007203469229
1005006771429382
1005006931562469
1005006142985515
1005007438042582
1005007196765586
1005006895235579
1005006334335327
1005006325788080
1005006121690502
1005007175529432
1005006295241221
1005005121161182
1005006781321719
1005007219026502
1005006285818914
1005006631517368
1005007029122145
1005003656254275
1005002610236006
1005007315924398
1005007205537325
1005006694833209
1005006212979171
1005007131159152
4001360852993
1005006374822416
1005004892500286
1005007615670865
1005007615823510
1005006354978551
1005006125749270
1005003764703841
1005006633326203
1005007444632302
1005004290259482
1005007204829530
1005006878077256
1005007124987203
1005007309346986
1005005293171001
1005007430099781
1005005800773238
1005007628396668
1005006603912921
1005007466760907
1005007654758387
1005007637695097
1005006797956667
1005006863077835
1005006893930669
1005006894110209
1005007260235169
1005007518962044
1005007486160708
1005003954038340
32891347278
1005007300832198
1005006703264810
1005005956778099
1005002503359643
1005002499196883
1005002499269439
1005002499201847
1005005019933034
1005001313351527
1005007307280315
32833337003
1005004710566153
1005007258922008
1005005122026124
1005007292527702
1005001652052523
32796055732
1005007176065413
1005007169467395
1005007174904172
1005007524905313
32859274823
1005007550382941
1005005340602072
1005005633699132
4001360933543
1005007518680463
1005007499730960
1005006863924017
1005007595496730
1005005355420509
1005007419829052
1005007102151852
1005005402202346
1005005402189467
1005006052078176
1005006405361306
1005007456617272
1005006059055955
1005006172530159
1005006221513551