1005007359159022
1005006326488780
1005007431608853
1005005184732180
1005006256766541
1005006494783431
1005005083778678
1005006086113738
1005006491273603
1005006934783261
1005001869578507
1005005772234243
1005003050989463
1005006020861577
1005005818923893
1005004679272680
1005005507502336
1005005955615172
1005006518904076
1005007335380667
1005006462967798
1005002908678622
1005004267316509
1005007055938752
1005006321870000
1005007300065926
1005006695506527
1005006479962945
1005006711043243
1005006270489666
1005005877087081
1005007093139534
1005006442950928
1005007386552962
1005004903754780
4000439055162
1005006861925180
1005007180186770
1005005573800240
1005006921928076
1005006224850932
1005006049103962
1005007059666712
1005006321152261
1005007061936563
1005007243288280
1005005413324565
32922753691
1005006835617610
1005005196020519
1005006596431215
1005006099705223
1005005891557169
1005006384318186
4000701425287
1005006341127072
1005006288214036
1005007095958070
1005006363737558
1005007031406260
1005003520918781
1005002004442766
1005006335672473
1005005682828638
1005006859103586
1005006984014745
1005005137733500
1005006333132086
1005007017248936
1005004946670027
1005006697127644
1005006382968842
4000979576794
1005007170967075
1005007248258665
1005005221176152
1005006682118754
1005007447622193
1005006198688522
1005006557442113
1005006543598119
1005006844782472
1005005633755144
1005003772367275
1005006008682527
1005005785799381
1005006367287675
1005004880010285
1005006366792321
1005006134964267
1005007259096559
1005006132565658
1005006058285651
1005006692387519
1005004654947124
1005002085059626
1005006966091117
1005007126994654
1005006302618846
1005007054142878
1005005175706461
1005004870993786
1005005944201433
1005006373139472
1005005184812512
1005004929794714
1005005248657206
1005006702048880
1005007299993986
1005006416770008
32960644511
1005006546332636
1005006318250758
1005007306400863
1005004774180787
1005006577128867
1005007435550476
1005007297940163
1005006863614762
1005006776048548
1005007310461385
1005006317880887
1005006099971201
1005006213157486
1005006153082248
1005005231626419
4001249423355
1005006903359926
1005007309544270
1005005869425587
1005004843509185
1005005960054523
1005006903202051
1005006038801946
1005007271756000
1005004262717174
1005006247136851
1005007125295252
1005007139686141
1005005321364927
1005006266547749
1005005071612778
1005006015412136
1005006167420394
1005006538105305
1005004459609767
1005003152757186
1005005913372875
1005005675604336
1005005853651087
1005007299622313
1005004964088561
1005006851007447
1005007086008580
1005007160356992
1005006398764294
1005005166779395
1005005123687129
1005005738875660
1005006222874371
1005004720081444
1005007136003157
1005006525348171
1005005013163514
1005006803538082
1005006593561875
1005005248034186
1005004840541059
1005007259088186
1005006023353690
1005004781341430
1005006826279480
1005005649274054
1005004311206935
1005006278829148
1005006008962258
1005005671693027
1005006590997323
4001196928637
1005004171551892
1005004829838052
4001167966579
1005004211189189
1005005815736726
1005003489001998
1005006236155072
1005007066477926
1005005458855922
1005007159918306
1005005922329933
1005005797185371
1005006430561889
1005006466542841
1005004843448094
1005005109286367
1005006148663498
1005005921487428
32889521611
1005006395459842
1005006053213297
1005004101752017
1005005955439918
1005005789525329
1005006598019683
1005006437007687
1005006755652445
1005007139441702
1005006330409812
1005004161642756
1005004126042938
1005007301874682
1005005128622533
1005004968241349
1005006591743422
1005007347860507
1005005315028704
1005007098624958
1005005694732277
1005006783767679
1005007036297616
33041840617
1005006377005285
1005005906559326
1005007208351396
1005006083721041
1005006026028830
1005006036688532
1005006493983813
1005005567386011
1005004979784352
1005005110802241
1005007386196838
1005004968117910
1005006429109256
1005006043691162
1005007274654956
1005003245858366
1005005791549274
1005006536029640
1005004488580054
1005006893602987
1005007375563191
1005006720487396
4000800631093
1005006096807991
1005006062249000
1005003992351685
1005005383467002
1005006182701102
1005006353759668
1005005388110579
1005006334316931
1005001615196885
1005006157559858
1005004995948898
1005007144025078
1005001470443462
1005006096837849
1005007295293356
1005007209897584
1005007308609854
1005006855872668
1005007112641013
1005006857948204
1005007109660074
1005006091445740
1005006049029044
1005007320041557
1005002241119949
1005004813185521
1005007022743081
1005006137312593
1005006474079624
1005006140886014
1005006143888727
1005006803973558
1005006384331119
4001196674355
1005006495817352
1005006407600051
1005006443353096
1005007112992193
1005007135811770
1005007260334784
1005007144971885
1176614083
1005006211488976
1005007264376475
1005006013534715
1005006890647778
1005006861892192
32720222824
1005006219729656
1005006126586548
1005005761786220
1005003103023620
1005004744185629
1005006882183477
1005006731871981
1005006388440713
1005006393680751
1005006086871610
1005006918561945
1005004731385005
1005005356511154
1005005397188995
1005006712566439
1005006975156840
1005004673612286
1005002423325417
1005004894062364
1005007138722782
1005006697176567
1005006866943024
1005006039471074
1005006518576382
1005006039852169
1005006417358651
1005006992376632
1005005502230567
1005006202045244
1005007317279778
1005002959247021
1005002643783990
1005004685067269
1005006257460516
1005006625248055
1005006483511906
4000761145460
1005006242298124
1005007278888632
1005007395081604
1005006756043836
1005006834384068
1005007395489326
1005007110469742
1005007246433153
1005006252805824
1005006460124657
1005005979861902
1005006127213699
4000249045297
1005006742509257
1005007441912455
1005005681557210
1005005268365868
1005007348535053
1005001483543605
1005007386981174
1005006302840988
1005007298362008
1005006437010697
1005006892124930
1005006679775418
4000274435915
1005007440571327
1005006991140472
1005007298819193
1005007193922096
32815268476
1005006897840927
1005006962572371
1005005534497515
1005007192890883
1005006905891376
1005007374383261
1005005584983655
1005006897875837
1005007407243326
1005006884586763
1005007352766205
1005006771695535
1005005538087527
1005006310961391
1005006996527471
1005006180127995
1005006529649955
1005006022859783
1005006139639478
1005003799992052
1005006969095228
1005006396137380
1005003339710040
1005005912226013
1005006870201979
1005006014321573
1005006649174575
1005005476973691
1005004607686720
1005006422030981
1005007218307446
1005006520334186
1005006196623251
32776386721
1005007444924357
1005006890418629
1005007150122835
1005005946041820
1005003323605307
1005003020165659
1005001774857387
1005005889390013
1005005970262073
1005007445351403
1005007043466480
1005004271652095
1005005489608340
1005006903577426
1005006505673386
1005006822150583
1005005403089981
1005005222155089
1005005412927006
1005005356609503
1005006435491376
1005004084162218
4000756610815
1005002260378838
1005006682682852
1005005672878347
1005006634711817
1005005879349337
1005002171648059
1005007129268032
1005007352785739
1005006724238462
1005007116985699
1005006953856262
1005007009440471
4000158868756
1005006466062733
1005004767263400
1005005428103783
1005006762711909
1005006995313648
1005003410147179
1005006851965163
1005007047501902
1005006163341078
1005006410803499
1005006462905911
1005005452046854
1005007103129180
1005007437697444
1005005378115203
1005007179525331
1005006667859266
1005006402699113
1005006623690111
1005005951201542
1005007002661503
1005006718691323
1005006882054470
1005006212797547
1005006830114283
1005003165317468
1005007000890548
1005007336252055
1005006040315231
1005007133078889
1005007261402070
1005007094971720
1005006816321837
1005006879078590
1005007047364609
1005006495424611
1005006468481639
1005006537763886
1005006822058090
4000104948540
1005006939891072
1005006049100683
1005007445399297
4001146115464
1005006609690809
1005006885610197
1005007399808659
1005006860348989
1005007173853063
1005006090116165
1005006830538946
1005005424215148
1005006166584089
1005006054838225
1005006191071049
1005006674472926
1005006727268657
1005004281836767
1005007352591629
1005005080780464
1005001824601029
1005006884312681
1005005292359916
1005006938064883
1005005445070193
1005006639675332
1005007048174269
1005006169733704
1005001632801821
1005006887717485