1005006624978409
1005006833996710
1005006979948450
1005005433001506
1005005432950449
1005006623416849
1005007244036183
1005007174570239
1005006889341333
1005006802474229
1005007044500404
1005006623645117
1005006625190646
1005006764825086
1005006676541458
1005006063252021
1005006802141849
1005007332408187
1005007340484881
1005007340515599
1005007300435430
1005005784683029
32855332241
1005005485842947
1005006460294090
1005006989961398
1005006322168868
1005007116896384
1005007153741792
1005007031237250
1005007096744391
1005006854886286
1005002387632729
1005007292039709
1005006885732734
1005005718457309
1005002820573613
1005007484609024
1005007478129965
1005007481719406
1005007481861516
1005007476337487
1005007076112523
1005007474246094
1005007456925645
1005007328706744
1005007328102051
1005007315690092
1005004266956835
32641455227
1005007395334369
1005005233891650
1005005514454006
1005007134641605
1005005553593069
1005006999008798
1005005800168072
1005005658379039
1005006153879379
1005007378799685
1005007403387409
1005007170598497
1005007301397908
1005006676754454
1005006877936171
1005007291138422
1005005985490908
1005005944535356
1005006974965596
1005006834261272
1005006749835617
1005005323649812
1005006195008093
1005007215480978
1005006861934388
1005007087194906
1005006812019424
1005007116658887
1005007291011434
1005007291017230
1005007038457119
1005006967595601
1005007301401926
1005007393659379
1005007447049588
1005007325898038
1005007465551597
1005007370685530
1005007468966711
1005007419039818
1005005710688903
1005007457462735
4000817509609
1005006729657786
1005007097968479
1005007174891364
1005007196652945
1005007391721524
1005006615148682
1005006288324479
1005007225336302
1005007463422479
1005007010608637
1005006976246611
1005006054600271
1005006729739500
1005007054533532
1005006707708067
1005005959769943
1005006724285471
1005006943861634
1005007010344989
1005007064351859
1005006751662757
1005007274773155
1005006744594260
1005007226048159
1005006834669253
1005007372902942
1005007227508819
1005007483672212
1005007468514567
1005007483590886
1005007480625439
1005007477423688
1005007276932941
1005007483536587
1005007479318767
1005007477687921
1005007475393941
1005007393558221
1005007454149081
32977206632
1005004760322439
1005006363103915
4000136475708
1005006967021820
32964756573
4000935804220
32798726876
32975232161
1005003684265087
1005005009486878
1005006395948837
1005005697809486
1005001373728185
4000260497990
32879250240
32908736256
4000372103410
32851239525
4000767534354
4000113257067
1005007393978371
1005002645302252
1005007118702918
1005007006795011
1005007451152105
1005006665675005
1005007198501525
1005007450050095
1005004325194717
1005007254033261
1005007348519943
1005003732135106
1005006861686479
1005002862545136
1005005767602612
1005005241320305
1005006808294301
1005004587362381
1005005247256739
1005005426858456
1005006975546967
1005005588383978
1005007174171178
1005005603530091
1005007182430555
1005006748375725
1005006836883040
1005004992020626
1005006691321083
1005005853835817
1005006979255204
1005005038619953
1005007062834076
1005002657119852
1005005220531586
1005007344953740
1005002965554746
1005003610053665
1005007295106632
1005005219592509
1005004831403159
1005007123677819
1005007169830327
1005003434412264
1005007045462620
1005005606895066
1005006521645195
1005006262754224
1005006251905995
1005007078015052
1005006861307825
1005006221459905
1005004226612387
1005003682189990
1005003787437811
1005007395383016
1005006529800587
1005006142041750
1005006767302103
1005006682305276
1005007315213824
1005006430898047
1005006111495872
1005005960269873
1005003584235240
4000807875803
32922812978
1005006738686308
1005003446841257
1005006521533503
1005006313860333
1005007404161583
1005005077430989
1005006854879421
1005005207397957
1005007159758454
1005005859896523
1005006978455802
1005006142061919
1005003096638784
1005007245872095
1005005409873093
1005006716452889
1005005606937081
1005005217779765
1005006604653682
1005007475562663
1005005464159855
1005006356422893
1005005611755498
1005005639941997
1005005850560100
1005005933244489
1005003194740873
32869001238
1005005208617022
1005006685814022
1005006435494981
1005005845332105
1005006042967492
1005006770712888
1005005255778526
1005005585537759
1005006895665466
1005005396002493
1005002970395482
1005006436829064
1005007201975984
1005006339703650
1005006474665224
1005005885126278
1005005820497864
1005003936913188
1005003005548683
1005006500509507
1005006685309311
1005005231441932
1005002650637314
1005006258626133
1005006235820083
4000562869322
1005005640194588
1005005634099510
1005006305011100
1005004854809836
1005006444516407
1005005466099599
1005006924174538
1005004552871999
1005006296748856
1005006294847594
1005007168408467
1005004967321928
1005005703649040
1005006978851117
1005006240633570
1005005959318167
1005006294926457
1005006099880987
1005005218011233
32829717838
1005007476606256
1005005507385712
1005005942013039
1005005671780258
1005007425020785
1005005426784601
1005007277614080
1005006691251485
1005006617976298
1005005067934606
1005006298813933
1005006778458617
1005007077070289
1005006922679528
1005006754053828
1005005517250286
1005006908602299
1005007277571309
1005005192856530
1005006819243673
1005006902987360
1005006294836847
1005006265017538
1005006738245882
1005005628893761
1005005681503581
1005004202081172
1005005852768955
1005006625184330
1005004227875524
1005007075056653
1005006012918374
1005007106897751
1005005877365194
1005007055216972
1005004859702125
1005005959297473
1005006294964458
1005005485682436
1005006117595805
1005005439930156
1005007184466235
1005006113179188
1005005910611548
32977366399
1005004359971660
1005005817464427
1005006865093597
1005005247332707
1005007014268593
1005006627663874
1005005462302539
1005005908490892
1005005438493550
1005006727316883
1005005372409093
1005006155187512
1005006439918091
1005007352281046
1005005418609731
1005005045678837
1005006277537959
1005007205844784
1005005418990984
1005005419008907
1005006674232373
1005005195669848
1005003902282524
1005002297587195
1005007095272056
1005005481612283
1005007088785439
1005007352151758
1005003144045178
1005004059371267
1005006410925124
1005002490308520
33021800647
1005007081643182
1005006108594458
1005005843038874
1005003405221728
1005006579663421
1005006356915978
1005006079796905
1005001608982989
1005005482192995
1005006041479045
1005007189193044
1005005829332439
1005004777544352
1005006105300277
1005005418557709
1005006825757189
1005006356917962
1005007432979645
1005007065250049
1005006158396254
1005006168776402
1005005579938841
1005005628823857
1005004077904574
1005006142760601
1005005131650635
1005007099018011
1005005906507594
1005006247945244
1005005613716816
1005006702946476
1005007088933939
1005005635564975
1005006316755258
1005004355383326
1005006023378917
1005006151750944
1005006103836170
1005006465849060
1005006296702962
1005006314220720
1005006277911610
1005006416580918
1005006628708428
1005007346989754
1005006568691986
1005004674930741
1005006229404506
1005006218781840
1005007045733593
1005006698610724
1005004862636324
1005006440652258
1005005444041514
1005005633791610
1005007395403429
1005007184561441
1005006821071713
1005005722236933
1005006102448667
4001201096127
1005005952467658
1005005606365181
1005005116917616
1005006959353725
1005007387458031
1005004166979270
1005005547468832
1005007043884739
1005002019669312
1005003400175838
1005005431626630
1005007173287684
1005002911874833
1005002345677608
1005005681460728
1005006010197673
1005006075651666
1005006366292396
1005006947036097
1005006290190942
1005006907609901
1005005606818647
1005007440018025
1005006408328949
1005005769018191
1005003032119857
1005007288633749
1005006853099400
1005005783473584
1005005066521367
1005002663070127
4001263063583
1005005426838037
1005006620403863
1005005982284464
1005006349446030
1005007331235887
1005004557577750
1005006824598268
1005005912946884
1005005952197684
1005004753562929
1005002995551531
1005007320414800
1005006588757849
1005005540865731
1005005994741116
1005006825535297
1005006181492541
4000022520732
1005006477580956
1005005120992630
1005006754627752
1005005849716648
1005005507477619
1005007074655142
1005005265260887
1005005828820061
1005007015393176
1005006907025758
1005007293623220
1005006473968853
1005006161804146
1005007184275993
1005003939050741
1005006331739951
1005006163939073