1005001849087263
1005006698783483
1005005414928445
1005005938329793
1005006110639308
32878474811
1005004246433138
1005007333433702
1005006826973400
1005006156009421
1005005898506383
1005007410006718
1005006443278028
32837438425
1005006231010837
1005004743770626
1005006730037324
1005004442244524
1005003840508797
1005006366743016
1005006059868168
1005007292461684
1005007377333044
1005002289925566
1005005584266020
1005006393431253
1005005928665920
1005007410210296
1005003043537503
1005006594194436
1005003205772943
1005006164853248
1005004338096516
1005004930367905
1005005092705507
1005001883009212
1005003637413477
1005006335459063
1005006288496257
1005004753333173
1005006264848716
4000480617305
1005005046421885
1005004887430089
1005006254706152
1005005861461989
1005005570741801
33060184144
1005006464259696
1005006612291441
32839549640
4000661121922
1005003289154332
1005007081884376
33034130200
1005007188779543
1005004972261512
4000469120891
1005002331760936
1005006619267001
1005006996327254
1005004966317979
1005004329411599
1005006983724382
1005006399981286
1005006111932037
1005005971594721
1005003891418594
1005005315035947
1005007217617625
1005003142416045
1005006975396232
1005006216688313
1005006066679841
1005003974014574
1005001935557568
1005006417517255
1005006001278079
1005007123102042
1005005495496673
1005006890174832
1005007061143663
1005006418608625
1718808117
1005004908168952
1005006339943983
1005007307947449
1005006404452964
1005001460931279
1005003280980191
1005006079206895
1005003503815595
1005006997579069
1005005048533765
1005003637681042
1005007108376912
1005007307330862
1005005697397762
1005004100706085
32854456651
1005006266107667
1005005881160906
1005007377225169
1005001426943031
1005004896984606
1005006108838178
1005006113236801
1005005073537120
1005006080518603
1005005918489463
4001104014932
1005007019875637
1005007076769348
1005005705608231
1005005364222527
1005006046690177
1005005857576211
1005006034882869
1005004627214906
1005004010253413
1005007285993999
1005006677656635
1005006901842490
1005007377113381
32305524780
1005001357093556
1005005781367532
32954555371
1005006364401578
32815313998
32917805763
32254614699
1005005379852647
1005006358779279
1005006642202815
1005005654204994
1005006257675613
1005007334636869
1005007182625684
1005003975624801
1005007054192919
1005006060216071
1005002596952251
1005007189134621
1005003317819947
1005006359278147
1005006783863249
1005005133715082
1005006689045241
1005006989825706
1005006845802557
1005006042287334
1005006720184007
1005003721465345
1005002133484756
1005002696262168
1005007130746943
1005003835888209
1005006743949374
1005006875255244
1005006232307480
1005003701678839
1005006745990802
1005005908523336
1005005807288053
1005006635965300
1005006498889153
1005004073247562
1005005924175887
1005005952732175
1005001524157876
4000611137787
1005006015267778
1005006046923024
1005005546689508
1005001970464898
1005006511001159
1005003421516139
1005006540123558
1005005782077900
1005007345417352
1005007181268441
4000683334089
1005007003941080
1005003080880300
1005005634867961
1005007175966163
1005006144131821
32952818129
1005006820895749
1005003879507538
1005007174979782
1005006188869037
1005006608039050
1005004448209503
1005001691201149
1005006057848434
1005006994196576
1005006985400950
1005006265718677
1005001386414047
1005001707819737
1005006889185514
1005006931694304
1005005962605345
1005006896173776
1005006640951265
1005005096330982
1005006820457181
1005006777306614
1005004511068059
1005006744537552
4000689532797
1005006058491354
1005003032264051
1005005638325437
1005006019352513
1005006672711274
10000294715584
1005005692150305
1005004285746386
1005007176225714
1005006527369786
1005004972151207
1005006966248908
32663071226
1005006371648190
1005007226244854
1005004491765373
1005006162559103
1005006464968235
1005006828569463
1005006386114104
1005004938516331
1005005995752636
1005006750091341
1005007148973577
1005007030859408
1005005958488060
4000249305084
4000967470474
1005006832342811
1005006984892979
1005006208477509
1005007316530881
1005003636374289
1005005870759167
1005006577912103
1005006003516377
1005007198811538
1005004863225653
1005004509885524
1005005965103653
1005005902249480
1005006428628601
1005005505134122
1005005979101068
1005006132711468
1005006753603305
1005007068604939
1005006732411920
1005006975033614
1005007342845161
1005003154765995
1005005459164079
1005005943436914
1005004292505131
1005006768388372
1005006072824335
1005007412865404
1005007175419892
32899064549
1005006368504322
1005005264998732
1005006800700755
1005007009874155
1005007163616046
1005005563554184
1005006963435038
1005006236966756
1005005105784344
1005007343528579
1005006479287815
1005007278934538
1005005446245112
1005006278435475
1005004887491263
1005006916022796
4001256168930
1005005616981945
1005004605888840
1005003991227065
1005006530800656
1005006130301521
1005005821686892
1005005378265195
1005006732274999
1005005205477683
1005004583301071
1005006242588744
1005006128998563
1005007026966790
1005006036131560
1005006168280956
1005006310751360
1005004902173248
32766348545
1005006262099408
1005007209159008
1005007003598755
1005006359694048
1005006371965709
1005003543961318
1005001458249713
1005006788971752
1005003733234437
1005005200231235
1005002805225862
1005007271260660
1005006827382228
1005004749515816
1005007206547799
1005007119583199
1005006633266090
1005006079544550
32959591216
1005003971995565
1005007310648296
1005006985352016
1005006137571033
1005005975939121
1005006196027189
1005007166173672
1005005501605871
1005005600584047
1005006547785962
1005007107344772
1005006107334065
1005006060857046
1005005757492184
32861308847
1005007126119652
1005007388994088
1005006239297965
1005005965535520
1005007119485123
1000004620308
1005006997232771
1005005644716055
1005005435160725
1005006976000919
1005007340709817
1005005466244366
1005005984826102
1005006867302647
1005006701113865
1005002434947657
1005004898328216
1005001541294844
1005007215258690
1005002462074575
1005003630880327
1005006610690063
1005006324998407
1005006584574123
1005006777342881
1005003406230600
1005004713134473
1005005381684876
1005004701178910
1005006216959529
1005006397432435
1005006389391732
1005007243346946
1005006401597720
1005006583385595
1005006788964204
1005006244206552
1005006110881436
1023263797
32840710915
1005003531875034
1005006014921961
1005003531896768
1005001629068228
1005004773708386
1005005549037750
1005006162242306
1005006070913733
1005006162244429
1005005460512182
1005003564158311
1005001596563845
32754452377
1005006162317470
1005006162261742
32754594634
1005007196323315
32815276098
1005003401969355
1005005009801943
1005007275499708
1005005452875868
1005001278246132
1005006013005020
32795986048
1005007212820385
1005001679543688
32895704299
1005004001021597
1005001645334056
4000895495282
32978217414
4000207263166
1005005460393769
32873209930
32869060246
1005004511066122
4000896002342
4001320906624
4000537768406
4000472836949
1005004970275658
4001334081553
1005003785961379
1005003185697938
4000308742513
1005004193503097
32754987141
1005003671120754
4000341539010
1005003538294033
1005004603207774
1005006913147357
1005006162190446
1005002649055174
4000291510364
1005006012974308
1005003694203908
1005004651525306
1005001595982266
1005005282580104
32784685078
1005002039546379
1005005025304497
32828615640
32780969915
1005007118615144
1005001531609886
4000829796417
32900585405
4000631613624
1005005025330214
1005007174909694
1005007175029704
4001232288991
1005007051024041
32968993939
4000167766895
33043386419
1005006922412498
1005001765100260
1005005040700131
1005005904752676
32782153449
32830560372
32999043999
32704799364
1005004009323559
1005007282980608
1005003461635669
1005007463185712
1005007313657754
1005006267693166
1005006602802915
4000644717880
1005006186334547
32959172220
1005005287780985
4001272176651
1005005496271554
1005005611632404
1005004073587458
1005001500116399
32795049577
1005007113232365
4000640753963
1005006194500377
1005005746527210
4000243313376
32992831894
32891440409
1005006203275196
4000959435954
1005003606191930
4000183196974
1005006016843861
32758330631
1005007205538202
1005005905098552