1005007443771587
1005006426912575
1005007224940407
1005002651105216
1005006254210536
1005005703937142
1005003100562408
1005005668410262
1005006748398712
1005005758943328
1005005762156426
1005006427425261
1005007183132511
1005003918334572
1005005943208133
1005006761660556
1005006011641158
1005006375751207
1005005644279035
1005006801984946
1005006461632908
1005006209105217
1005006812689298
1005006962097682
1005006993574087
1005005216944747
1005006959332758
1005007003810510
1005005999941954
1005006930181611
1005003081205311
1005006073550350
1005006664125990
1005006074970455
1005007269674892
1005007228138221
1005007312930868
1005006880329444
1005007400671800
1005005192640259
1005007131573424
1005007175307934
1005005459938246
1005006678979341
1005006981733696
1005005597728924
1005007367705042
1005005800636069
1005006043363238
1005007430738735
1005005453670993
1005005833601300
1005007181373152
1005005940197477
1005006462281275
1005007355883039
1005005034353753
1005005896284158
1005006855614388
1005005585916639
1005006965827091
1005006293926329
1005007273001418
1005006085580542
1005007407281786
1005007037707273
1005006468808954
1005004144914056
1005005150608106
1005005819693594
1005007066393237
1005006628938028
1005007075457785
1005006735024682
1005006594914335
1005004179399408
1005007001534519
1005007298270294
1005006917217125
1005007152281127
1005005863953091
1005007337236080
1005006921532416
1005007217861744
1005005413891990
1005006196817795
1005007131673230
1005006911719540
1005006317418163
1005006550215838
1005007216751125
1005006609996036
1005006797432042
1005006507430292
1005006745456798
1005006876381512
1005005605100256
1005007090344705
32977836690
1005007384502471
1005007224171922
1005007374282829
1005006117671472
1005005855334105
1005006292343502
1005006623680223
1005006651398866
1005007131316602
1005006471844900
1005006425497624
1005004078875603
1005006218410058
1005005562847505
1005006130822271
1005007169427690
1005005837786236
1005007131845912
1005006593834640
32693705155
1005005765682009
1005007130728816
1005005763980762
1005005248377421
1005006382639409
1005005906112172
1005005056937316
1005006894213755
1005006243155075
1005005897580412
1005007084473542
1005006400149204
1005006545664992
1005007353992569
1005004736925346
1005006919203805
1005005663848809
1005003913376293
1005006848663212
1005006095043973
1005007076945130
1005005106333849
1005006897122952
1005005775755382
1005006586752884
1005006017974625
1005007254704761
1005007273588841
1005006256033444
1005006453697591
1005006845779874
1005007252526880
1005006724942942
1005007275048235
1005007211164322
1005006899881557
1005006436888944
1005005092759798
1005006271344148
1005007061280054
1005005902078332
1005006483567189
1005007277927379
32850262047
1005006217194153
32970687291
1005006537382661
1005006600441525
1005006317115012
1005003392424788
1005007216351870
1005007146024465
1005005854346218
1005006370651459
1005004629363597
1005006503789899
1005007044192098
1005007004634866
1005003914030592
1005005880570790
1005006807934600
1005007394210847
1005005310616895
1005006767982635
1005007268646022
4001276695962
1005006170332259
1005007368167775
1005006894273927
1005006038828879
1005004992960550
1005006368363525
1005006019757398
1005007313757609
1005006887544502
1005007320498712
1005006961812010
1005006020722257
1005005772159294
1005006731281318
1005006981271251
1005007216218809
1005007107965701
1005006468417540
1005006363360907
4000119110290
1005007128436774
1005004937240627
1005005656573303
1005006262344838
1005006980299203
1005007402911696
1005006489281954
1005005792418483
1005007212994506
1005005400790119
32972162854
4000261881352
4000606651572
4000261734776
1005005709946934
32849284448
4001299631269
1005006977375771
1005007240785365
1005007240863271
1005007029217189
1005007229075589
1005007229403085
32844970938
32981990211
1005007464839320
32881877840
1005001901516008
1005005349463596
1005006008244310
32811209100
32905036974
1005007204894910
1005006150961994
1005006750555089
1005006151085291
1005006151065338
1005006151039377
1005006583213611
1005006448553049
1005005663792911
1005006151085238
1005006151075239
1005006150975796
1005007272638884
1005005949736379
1005003979228720
1005006162534977
4000621797079
4000149356799
1005006987755505
1005003636571397
1005007432427749
1005006762890971
1005004587032593
32722580345
1005001323371159
1005007219837551
1005006850107000
1005004127146084
1005006194162086
1005003368908009
1005007178636317
1005006276963336
1005004551964533
1005005880672766
1005005800389063
1005006256317476
1005005897778674
1005003088672701
1005003519784736
1005003084425779
1005003979143515
1005006846681313
32736969665
1005004490878740
1005006164574158
1005006826686904
1005003764912805
1005007083838232
1005006718108373
1005005475696447
1005005413594052
1005001628488693
1005005905395210
1005007215211742
1005007224750246
1005001599989703
1005007370646632
1005002342530460
1005007446454115
1005007318142917
1005005929000659
1005007391034766
1005007385248112
1005007424991982
1005005904267764
1005005056585493
1005007016532271
1005007347210936
1005006235732490
1005007416430021
1005007288490588
1005007205791362
1005007361838292
1005007425194897
1005006981703875
1005007192836623
1005007468327660
1005007365671875
1005007354643278
33037736731
1005007369465955
1005004925606363
1005005362019211
1005007383769634
1005007209304484
1005006326799347
1005005888588276
1005007123809386
1005007205585802
32672639884
1005006909182166
1005007468602368
1005007203010418
1005007233102509
1005007047135024
1005007415504511
1005005596045124
1005006859674355
1005007267985432
1005005355310316
1005006762891328
1005005231581220
1005006583654005
1005005996955509
1005006534555307
1005007153419869
1005007350671278
1005002777686413
1005006297811326
1005006754439832
1005004334791405
1005006890015795
1005007267667197
1005007465502139
1005007318382814
1005006047894106
1005007455238037
1005007446279818
1005007433661573
1005007383775188
1005007227221380
1005007470938655
1005004456062078
32835436266
1005005853675269
1005005595648268
1005007284236789
1005006586044155
33010622954
1005007474964191
1005007161348073
1005007190156779
1005006269683177
1005006997721346
1005005880073154
1005007089659902
1005006827417214
1005004479110461
1005006475438521
1005007324436432
1005005994345558
32806132638
1005005748678060
1005005574672998
1005006823931507
1005006255770374
1005005065118660
1005007304829315
1005001722267713
1005007384621465
1005001414189598
1005005799337731
1005002816810806
1005005274369319
1005004318978213
1005004921275925
1005005363492523
1005005118437768
32802971684
4001204122016
1005007424359800
1005003754858066
1005002096927300
1005004859087006
1005003618802386
1005003489364411
1005007304404383
32919115672
1005004078773811
1005003751822579
1005004630845758
1005002888417817
1005007466009491
1005004832565039
1005003660520716
1005005389483234
1005007304744810
1005005588742784
1005007304802524
1005005073300772
1005005142278084
1005003712610784
1005007470946973
1005005536044146
1005001345578273
1005002899519158
1005005289926693
1005005695076357
1005003504166082
32856109659
1005004978927879
1005005500681696
1005004239326103
1005005278435197
4000598260360
1005002241665793
1005003186373617
1005007301318562
1005002731205232
1005005092507885
1005007301237271
1005005074157742
1005005278022331
1005004862666582
1005004786454050
1005005384936455
1005007304340903
4001247741021
1005003561217903
1005004619261026
1005002491133874
1005005858331555
1005002625369866
1005004841927299
1005003710579006
1005007470983852
1005004074420695
1005004506120967
1005003927785690
1005004931512150
1005003634382035
1005004188555153
1005004338604568
1005005055435605
1005004339068558
1005005601549132
1005003438257791
1005002356475934
1005001639369831
1005004198103707
1005007301145701
1005004702906991
1005004698189539
1005004671552192
1005007266521236
1005007148362761
1005007160547486
1005006845439716
1005006912977317
1005007419811908
1005003974434414
1005003452791546
1005006321099790
1005006881937765
1005006165438137
1005002627718343
1005005877416602
1005004055902639
1005004075665755
1005006850673198
1005003490012720
1005003452809415
32611009940
1005005877388806
1005002315004093
1005006868704035
1005005877374933
1005001397125000
32792917732
1005007193957616
4000498263559
1005004732903826
1005006887906729