1005004335337581
1005004283415718
1005004278794530
1005004219318123
1005004219293945
1005004219238919
1005005531632094
1005004571504472
1005004558964689
1005007466139256
1005007390302699
1005007391979609
1005005101976737
1005007323994600
1005007255474897
1005007255421974
1005007360206434
1005007121407474
1005006918914298
1005007255456921
1005007362021582
1005007063642321
1005005380976389
1005004323048439
1005006229390141
1005006740588877
1005004319199350
1005007048681581
1005006483082537
1005007255465937
1005006909878412
1005006481635595
1005007012532260
1005007121948384
1005002944663812
1005007409428058
1005007440348801
1005005277649597
1005007440591360
1005006996176600
1005007440590350
1005007440434614
1005007440525349
1005005277746159
1005005277668453
1005007468848903
1005007152896627
1005007440827734
1005007441096140
1005007185261543
1005007440935498
1005006173743242
1005007434441195
1005007206598040
1005007418570661
1005007360294071
1005007337192809
1005005811707355
1005007185058826
1005007362118118
1005007362057482
1005006441349365
1005006997712340
1005006544492261
1005007048470872
1005007110307223
1005004792608577
1005006144279036
1005007455614401
1005007437290357
1005007275294599
1005007339971179
1005007343395465
1005007105273236
1005006140799527
1005003474165302
1005003299583826
1005006209952088
1005006289545514
1005006175614689
1005004933718307
1005005860224546
1005007068708358
1005003324688425
1005003325127351
32944305203
4001326099224
1005003568509108
1005003533488494
1005006948882102
4000506582252
1005003207883319
1005007452100905
1005002459729280
1005006140509720
1005006075371555
1005006986523387
1005006226698542
1005007228428369
1005007074458397
1005005366349309
1005004021989759
1005003425078482
1005003616216420
1005007442419954
1005004459740600
1005006108597893
1005006574245865
1005001460227799
1005006392163193
1005005161348416
1005005602150106
1005004045350765
1005007294566844
1005001412911655
1005007346178058
1005001616460341
1005006065547703
1005004045391910
1005004045649560
1005001616558331
1005007413379895
1005005533671661
1005001869864020
1005006604145096
1005006301387959
4000666700926
1005004397919577
32965101025
1005004398086852
1005005995002153
32850400192
32976354300
4000571795428
4000590199714
4000161324819
1005002343013639
1005005840753526
1005006301178999
1005006301521575
1005003680078425
1005006301357903
32976467032
1005001989187654
1005002038198666
32850966132
32966574729
32966578720
1005006199057491
32965554829
32906808980
32967211791
1005004917701109
1005004730661620
1005003240013568
4000159446134
1005003084127459
1005005426219747
1005007183662530
1005005479871793
1005003585836538
1005005526723623
1005003160462958
1005002037315774
1005005214347685
1005004070170329
1005003434817407
1005004743566109
1005004562957195
1005004732057126
1005004373021189
1005004600876312
1005005560507359
1005005114836232
1005004165509363
1005005033431661
1005002136806033
1005004077539589
1005002618670975
1005003157536458
1005004855125900
1005004498915293
1005007145744276
1005001946549800
1005002458572198
1005007369359755
1005004852693987
1005005453805845
32372942318
1005004634353880
1005004721668025
1005004407386409
1005004551640172
1005001620766421
4001037622943
1005004925661930
4000804431416
1005002530470681
1005004773438986
1005003739636100
1005004859743763
1005003048998071
1005004990929348
4000016295216
1005001658499511
1005002723392399
1005004221950984
1005002051635525
1005005006045083
1005004970849675
1005005299621404
1005003664245651
1005007360195797
1005005016221518
1005006970515529
1005004778581354
1005005636007479
1005005431441365
1005003398760245
1005003578804388
1005004562057054
1005004934772798
1005003144430912
1005003302549665
1005002468070229
1005003615114574
1005004799123547
1005004742861856
4000472511275
1005003212406916
1005002205718384
1005004892503931
1005004833400229
1005004513971370
1005004329362507
1005004555841798
1005005305982781
1005004501690690
1005004852208071
1005003954638430
4001100544000
4000199196523
1005004123882927
1005004410747043
1005004411067352
1005005283069197
4001351318461
32962987218
32935344756
1005003187208151
1005003380441801
1005003662545152
1005004897733715
1005004935375304
1005006710026600
1005003036286315
1005005037763532
1005004264076471
1005003170609720
1005004897244828
1005004570601018
32956193337
4000542986827
1005001747109100
1005003165448880
1005005065542157
1005007163263147
1005005114083918
1005002430859159
1005006650901240
1005002128487077
1005004766482617
32873608818
1005004289922265
1005004542771526
1005004305301616
1005004737494528
1005004654332865
1005005072230323
1005004014391174
1005004638698448
1005004284416390
1005002143466847
1005007461590761
1005006846559112
1005006777129523
1005006856029914
1005006967387955
1005007329977074
1005006078861863
1005007428266457
1005007340655096
1005007336681967
1005007288868749
1005006516261215
1005004313733433
1005006467850137
1005007347442814
1005005825728258
1005006608415368
1005007444865276
1005007399118442
1005005153414327
1005006997185519
1005006633234214
1005006760281837
1005007288991671
1005006828251519
1005007341060504
1005006690982009
1005006584480319
1005006751520569
1005007407094328
1005007370847684
1005006948441861
1005006793955322
1005007208418045
1005006973658594
1005006409597529
1005007298467065
1005001794228255
1005006158101416
1005007345901027
1005006155532062
1005007299329289
1005007346988104
1005005178270600
1005005303675941
1005007294341550
1005006216995108
1005006987601680
1005005978467350
1005006519464057
1005006922693098
1005005225258042
1005005288072074
1005004884000674
1005003424765147
1005004776953003
1005004771975374
1005002947693052
4000759071094
1005003666176369
1005005426002779
1005004716656648
1005003323478181
1005003482427476
1005004506711120
1005004579074749
1005003234482760
1005004319518006
1005004822373446
1005004373966554
1005005593101612
1005004205889493
1005003109784356
1005002263211154
1005004895925451
1005003516959863
1005003901656993
1005004505186776
1005002376762140
4000511116248
32965313081
1005005283335368
1005004665486351
1005004987215409
1005003696375195
4000003965041
1005002847581763
33012687002
1005003887205632
32966959805
1005003506066101
1005001354899734
1005003404979070
1005004681945735
1005004463780095
1005002961768152
1005005142181422
1005005013853538
1005003243365244
1005003909392477
1005001837623804
1005004876009269
1005005395943636
1005002483433268
1005002791102992
1005001824766784
1005002443066380
1005004373822617
1005003561857181
1005002433033153
1005003523539529
1005005146768096
1005001713749978
1005004732740863
1005004783679857
1005005500332718
1005005304515810
1005004444113377
1005004525064835
1005005048186052
1005003228522151
1005004281798714
1005004469087324
1005004757181399
1005002877468074
1005004417345412
1005005532498200
1005005311624250
1005004983529518
1005005104702827
1005005247758484
1005003118125212
33052253237
1005004246061710
1005003422116652
1005003292577632
1005003604961796
1005002331976402
1005003151921893
1005003500747733
1005005180280601
1005001999948210
1005004700603851
1005004116283572
4001054318809
1005002203466352
1005004421983936
1005004678778485
1005003431320857
32838554540
1005005127824971
1005002100766493
1005002269225826
32957945309
1005005373681699
1005005431819217
4001303361008
32845660076
32950351323
1005005079285329
1005004374244315
1005002655812795
1005003983025840
1005004299348510
4000244852736
1005005313828999
1005004089771890
4001293748770
1005003898757159
1005003429086439
1005005426716817
1005004683294469
1005004578784329
1005001929439465
4000003800292
32921331684
1005004230062358
1005003226189429
1005004754052403
1005004855772900
1005004407060550
1005005058440078
1005003320065851
1005003249348477
1005003902795317
1005004356436715
32816122239
1005005041219921
32846384020
1005004635739030
1005001987581555
1005003839565385
4001110751500
1005004127956738
1005005355240966
1005004819922565
1005005079157743
1005003283048566
1005001413601836
1005003395580432
32863162039
4000207223746
1005003599007877
1005003912883359
1005003748427023
1005003993718735
1005002388983064
1005003415424837
1005005426023482
32956095884
1005003087608373
4000324631387
1005004256518004
1005004741781324
4001131137711
4000705464219
1005004004066002