1005001401575216
1005002503829507
1005007453092998
1005004867199785
1005004864404645
1005004868924374
1005002616469117
1005004795085430
1005004795197594
33013681285
1005007451805680
1005007629042409
1005007469441507
1005005936742263
1005001354755364
32800210483
1005006465225557
1005006854046927
668109969
1005002850386787
32841794891
1005005041192409
1005004291130431
4000299081812
1005006368415257
1005002645846704
33045336008
1005005041199319
1005006207925068
1005007342456467
1000001329546
1005006471326563
1005001623894151
1005007387417447
32536814795
1005002978404171
1005003703432708
1005005704072561
1005006027655392
1005006296491743
1005005042048670
1005004999934812
1005005000416628
1005004816486745
1005004319937020
1005001836701204
32843771232
1005005225657173
1005005637880487
33042039845
1005005970318162
1005004291246955
1005003517611326
1005006303332583
32998917738
1005006883798223
1005006546975561
1005007329721813
1005006724271047
1005005815611477
1005006054373142
1005005764066892
1005003371856325
1005006328067440
1005004859063884
1005004869948849
1005006121815603
1005005041219016
32949986236
1005003113248699
4001263623278
1005004251935868
1005005580720929
1005007583671374
32537779626
1005006856594408
1005002424504093
1005006210339967
1005006662282708
1005006002938698
1005004481943003
1005004207649602
4001239001046
1005003365307569
1005004477886945
1005001612394754
1005005042038635
1005007560749530
1005004591839692
1005002851522932
1005003122814219
1005005434562342
1005006656458698
1005007439506708
1005003503691732
1005002358047327
32890355949
1005005972865122
1005001361150436
1005005351073935
1005007053252046
1005007304748533
33026539859
1005005775559165
1005004748988708
1005004134695664
1005002311219022
1005005712755411
1005005009307218
1005001499337972
1005007453483223
32949926824
32903884711
1005004323894133
1005007231732375
1005005964111662
1005007281504516
1005004369671840
1005002474891969
1005001380537870
33057518994
1005004870116187
1005007589578044
1005005041149971
1005006603694651
1005003003206701
32949914931
1005004984872970
1005002637325149
1005007552075060
1005004719308078
1005005227455605
1005005551216148
1005007508144695
1005007453444308
1005006473515580
1005006471414049
1005005932328891
1005005030846469
1005004171824552
4001053341917
1005004050221556
4000260055110
1005003433052096
1005005936706978
1005002827213412
1005002516966067
1005002517599205
33029649986
1005006450785734
1005005669979766
1005005376592166
1005005932695844
1005002510107057
32536182158
1005004204465661
1005005376621269
32537644872
1005002788062041
4001355372569
32537772271
33021691298
1005004590614151
1005006936126924
1005003180199447
32887455956
1005004640024879
1005004736531401
1005003621670281
1005002509599339
32536334462
1005007451949350
1005007453337271
1005004343157934
1005005376955023
1005007451860578
32729963512
1005004608950506
1005004167248152
1005006834000419
1005004428117190
1005007645074011
1005005041215064
1005006128846976
1005006129626290
1005007321962338
1005004200429910
1005003511852866
1005005791480762
1005007089191958
1005006895064239
1005005768346091
1005002350103934
1005004021404009
32884445038
32537919144
1005007084769579
1005005842487610
32728100302
1005005372091119
4001085174029
1005004343236421
1005006829436169
1005003731933929
1005001512999778
1005007246151378
1005006680919504
1005005606210093
1005006730471270
32847026001
1005006135116661
32537915269
1005005780929102
1005005777110886
32932556436
1005006180155274
1005007526760961
4000292339425
1005006246424537
1005006864183886
32611366170
1005006710368744
32536205315
1005003439474779
1005006956725206
1005004272180661
32536126145
1005006368269720
1005005384093701
1005001869885089
1005006706127938
1005006656474171
32964777134
33004944392
4000831233758
1005007451821687
32971513485
32972253676
1005001698464996
1005007356952956
1005007483617521
1005006386499665
1005004749973248
1005004848919384
1005005270991202
1005006971027296
1005007668487881
1005007656179569
1005007676997650
1005007676902467
1005006099111332
1005007795387162
1005006928653273
1005007787248526
1005005409789854
1005007775453426
1005007771318987
1005007754929891
1005007740680365
1005007740942955
1005007740964814
1005007741083440
1005007712607158
1005007615191852
1005007615191849
1005007135856781
1005006391040199
1005003417927239
1005003993901949
1005005271092101
1005001460057529
1005005796234890
1005006970659598
1005006038291322
1005005228062028
1005007589383430
1005003999264378
1005001685701014
4000159561419
1005002260256294
1005003084669158
1005006898714949
1005007431962652
761259791
1484717492
1005005867539127
1005003765639513
1005005915497988
1005006583994276
1005003887703592
1005006103035861
1005005281047616
1586993948
1005005894970059
1005004517568347
1005005988701704
1005005743498749
1005006270916426
4000544309548
1005003207778400
1005004005735652
1005003863694664
1005004409071554
1005002991343824
32711462410
1005005268939890
4000593067203
1005007349817596
1005002480273998
1005004783341995
1005005919813279
1005005720631797
1005004768527582
1005003684362731
1005002645999403
1005005036464485
32952349735
1005001830598535
32920648441
32953188963
1005007274802023
32924086847
1005006155977929
1005005246010111
1005006188434880
1005006176377744
32875874872
1005006968244056
1005006969394075
1005006923577798
1005001841256562
32884277029
1005001303879250
1005005528060927
1005006184522311
1005006164595915
1005006922763720
1005006176793134
1005006923440978
1005005997968536
1005004597506555
1005006612653232
32862593469
822048837
1005002897849568
32691737205
32490074849
1005004641360072
1005004752802510
1005007333988275
4000860427802
1005006729456853
1005005462870005
1005005240820012
1005005499365597
1005004246620531
903337038
1005005766108463
1005005461992234
1005007323865665
1005004506830924
1005002991204224
1005002995019920
1005002990553760
32634083792
1005006292997464
32633291026
1005005526695895
1005005530995685
1005006041119473
1005002991398425
1005005852679410
1005005599125340
1005005608994385
1005005817580723
1005002990378241
1005002996780624
1005002978160767
1005002991040098
1005004484781124
1005005617197881
1005005721556788
1005001427424286
1005006176404423
1005006923991420
1005006989166884
1005006070930701
1005006185498974
1005006273388029
1005006980902905
1005006989155773
1005006955321304
1005006945755127
1005006197606485
1005006172157098
1005006814237150
1005005177836217
1005005499269794
1005005420795868
1005003190757954
1005005713796228
1005005463844583
1005006176691950
1005005923746953
4000928680789
1005006168840327
1005006980925978
1005006917372795
1005006955411024
1005006965678463
1005002912754471
1005006163855350
32662623776
1005004034481503
32915128274
1005006955311610
1005006167659375
1005004273214553
1005006923597594
32836463192
1005006273412852
32983028687
1005006218900400
1005006172830834
1005006946041830
1005004708983205
1005006214519224
4001161654384
32917947024
1005005585735522
1005004248670040
1005004702054069
1005006961283110
1005004643266806
1005006962159304
1005006124709310
1005006156723526
1005006122726498
1005004371394018
1005006801925585
1005006116911678
1005004617816288
1005007131031807
1005004506016693
1005004060592369
1005006116896083
1005004667976587
1005006901522006
1005006119244899
1005006775988342
1005007144390729
32631137125
1005006958415846
1005004057872343
4000189859124
1005006172390277
1005005286478049
4000190046916
1005007262963875
1005007263208149
1005006962234081
1005006114592945
1005004511599650
1005006588264388
1005006124393463
1005004613229962
1005006800336710
1005006099507939
1005006159101905
1005006138234807
1005006099788411
1005005290915986
1005006962383891
1005006099807150
1005006769880096
1005006099724171
1005006587049199
1005006770780433
1005007138167854
32863364408
1005006143678844
1005006078227205
1005006776066634
1005006142320727
1005006112681211
1005004198085821
1005006173910108
1005006123939368
1005006132325707
1005003341693798
32659012703
1005007285083130
1005006897965449
1005006020001305
1005002481707874
1005006897997485
1005007263725816
1005007493240465
1005006898005366
1005002495785469