1005003721495018
1005007123622737
1005007018006886
1005007252618960
1005007018071691
1005007008998108
1005006834856295
1005007082743248
1005007149708832
1005006762517406
1005005787641682
4001172983222
1005005777251557
1005006225702941
4000544482820
32968679401
1005005797195584
1005001298218540
1005006842804906
1005004370670346
1005005832504791
1005005842087410
1005003809915215
1005003742099135
1005003741986865
1005003779823478
1005005326823794
1005006310863775
1005006144467661
1005006745534440
1005006584012057
1005006745451802
1005005078375682
1005006495092514
1005005128070163
1005007057869384
1005006952141361
1005007011055179
1005007057635238
1005006958666276
1005006958632595
1005007057474683
1005007057768126
1005007018180632
1005007018035820
1005007018181540
1005006828072284
1005007032844698
1005003746648882
1005003741982778
1005005878497017
1005005239714756
1005005219205548
1005005224963399
1005007438113513
1005007438283240
1005007438100594
1005007438370141
1005007275831654
1005007275908677
1005007276024446
1005007275906093
1005007439283190
1005007275958414
1005007438949854
1005007439073741
1005003663334634
1005003652423481
1005003736940737
1005003683413632
1005007063146055
1005007062816793
1005006768910041
1005006758831084
1005006486614921
1005003293110373
1005007445435842
1005007437550053
1005007438373638
1005007404506589
1005006045158588
1005006045400757
1005007421103820
1005007391950955
1005007391968878
1005007392254179
1005007391957747
1005006115120310
1005006767346626
1005007031181538
1005007301254786
1005007301161966
1005007010920283
1005006958565729
1005007301480194
1005007057729253
1005007057269920
1005006584003024
1005006768197076
1005005224950520
1005005235524050
1005005235517157
1005005235507242
1005007275933569
1005007276270313
1005007276278015
1005007275955275
1005007276312615
1005007439381032
1005003741848543
1005003648762848
1005006767707171
1005007222362561
1005007392252134
1005007391963795
1005007390383880
1005007408881879
1005007063061098
1005007062936508
1005007062823723
1005007062796636
1005006890088182
1005006889853481
1005006842838744
1005007004493351
1005006800233873
1005006788895603
1005006849581865
1005006849706413
1005006849566837
1005007117961378
1005007097251113
1005007202246935
1005007202751082
1005007083555784
1005007217073027
1005006967549620
1005007017964857
1005007007876263
1005007102390840
1005007043832458
1005007008969586
1005007009030506
1005006844456027
1005006810169412
1005006856488317
1005006854859304
1005006758768313
1005006861215164
1005006958643378
1005007011111089
1005006990331175
1005007057446699
1005006958726341
1005007057430614
1005006975822703
1005005774831967
1005005597722746
1005005774000957
1005005765604572
1005007439031743
1005006767682248
1005006767502385
1005007404596484
1005007395201716
1005007395335268
1005006745253729
1005006756558453
1005007032577935
1005007162388973
1005006893715322
1005006895302443
1005006843009055
1005006856227369
1005006762493229
1005006800319649
1005006685098136
1005006685122028
1005006758719371
1005006758641483
1005006685578061
1005006655096056
1005006655261256
1005006569213222
1005005472416815
1005005127957957
1005007157766084
1005007401908268
1005007402580042
1005007437970838
1005007401525528
1005007401654386
1005007157554442
1005007309849914
1005007309690425
1005007309888813
1005007011349091
1005007157466578
1005007157722178
1005007229695799
1005007349023414
1005007348893455
1005007349132028
1005007349098271
1005007348939655
1005002759978323
1005007321318802
1005007168278723
1005006958619467
1005006958545987
1005007301404166
1005006958572603
1005007432426998
1005005794243353
1005005572786386
1005005572759424
1005005750065382
1005007301472107
1005007207568380
1005007057222997
1005006756688129
1005006756527592
1005006745544700
1005006767308946
1005006685981377
1005006679743996
1005007157325803
1005007161556312
1005007328402606
1005007328470393
1005007348923697
1005007176610761
1005007157293822
1005007157783048
1005006865782949
1005007309819007
1005007309589907
1005007309743363
1005007309689485
1005007283178408
1005007283134865
1005007283139843
1005007283229125
1005007295412705
1005007295661451
1005007295555732
1005007295576484
1005007177374961
1005007211754608
1005007211803519
1005007176811206
1005007104915649
1005007104454694
1005007104204760
1005006341470556
1005007273083522
1005006550111502
1005006627935580
1005006645275002
1005006378152440
1005006333410250
1005005884146091
1005007265976449
1005006843003084
1005007102371729
1005007115248656
1005007032761751
1005005750014679
1005005745171720
1005005603230037
1005005603156389
1005007446223918
1005007446422432
1005007446286840
1005007446590226
1005007057681190
1005007057428827
1005007057534313
1005007057788161
1005006745558596
1005006745277549
1005006767555423
1005006745363262
1005007309776269
1005007309807117
1005007309677609
1005007283123953
1005007283181438
1005007325232368
1005007295686347
1005007295760124
1005007123481947
1005007032872631
1005007018145618
1005007043264629
1005007008863642
1005007004207704
1005006991127055
1005006758615636
1005006846293733
1005006758663596
1005006995079178
1005006762409884
1005006758826018
1005006758503984
1005006618974514
1005007222103108
1005007202747105
1005007162654608
1005007106991676
1005007008676922
1005007188712878
1005007113670558
1005007007821332
1005007009079386
1005007018216540
1005006990350890
1005006842966381
1005006849771072
1005006671220652
1005006780740025
1005007265901574
1005006943077388
1005006680361502
1005006635200816
1005007043398327
1005007009054471
1005005549452522
1005005734736216
1005005878436314
1005005842058616
1005007446655078
1005007446423608
1005007446332625
1005007446329691
1005006975869301
1005007057751084
1005006975797518
1005006767529044
1005006745220624
1005006745553229
1005006745266060
1005007325308145
1005007325186574
1005007309700719
1005007325309131
1005007207415688
1005006758643462
1005007117673890
1005007032724882
1005007032783755
1005007003531429
1005007067088874
1005006655568590
1005007202322841
1005006846107544
1005006758832059
1005007102814365
1005006967854330
1005007399211467
1005006758703418
1005007176835077
1005007176388910
1005007115127820
1005007004410438
1005007052570286
1005007062719902
1005007062999379
1005007017897879
1005007062915571
1005007004582323
1005007004626211
1005006991277367
1005006889298577
1005006889073077
1005006889287441
1005006849534928
1005006789476363
1005006844558135
1005006849557937
1005006839642713
1005006789420175
1005006783988828
1005006800463211
1005007096485859
1005007096560667
1005007096419872
1005005411821955
1005005878411464
1005005878398493
1005005404250401
1005007446515416
1005007446388543
1005007446710075
1005007446354633
1005006745641179
1005006767462613
1005006745417620
1005006744912920
1005007309917221
1005007325122785
1005007325111797
1005007325170640
1005007207614406
1005006975635792
1005006958726259
1005007162698471
1005006991155026
1005006975794563
1005006681673884
1005007102774227
1005006828021453
1005006626309046
1005007032872695
1005006685081250
1005006889220642
1005006813516805
1005006789218910
1005006758694335
1005006753578191
1005007256973745
1005007230056240
1005007168326558
1005007168528260
1005007269106779
1005007262316159
1005007229573821
1005007229770549
1005007257218038
1005007269103748
1005007265154346
1005007212843677
1005007265897142
1005007269082847
1005007212871621
1005006200388095
1005006325823802
1005005402465437
1005006068749380
1005006489356479
1005007168334504
1005006386144412
1005005227772560
4000769805298
1005005250253049
1005007104651151
1005007109626747
1005007083446341
1005005367274638
1005005345584458
1005005987409608
1005007446447493
1005007446294848
1005007057643739
1005007446311799
1005006745233136
1005007325246385
1005007325096887
1005007325206509
1005007325211483
1005006745091528
1005006767291807
1005006767513578
1005007032580955
1005006990902769
1005006827838955
1005006574152781
1005007057537354
1005007057586391
1005007057584496
1005007057349923
1005007229558947
1005007229679663
1005007225128337
1005007229889567
1005007087517316
1005007052475290
1005006024185998
1005006220541684
1005006036102861
1005006035688205
1005007000945223
1005007000857328
1005007000906255
1005007000789336
1005006975840340
1005006975933011
1005006975894108
1005005820890971
1005006555541415
1005006333492164
4000079521243
1005004979564301
1005004684707284
1005005814316495
1005004694054765
33001709356
32997941777
33008401706
4000287280028