1005002709108333
1005005395513736
1005004727756573
1005004658702438
1005004060645740
32916334772
1005004228135327
1005003750484710
1005003512335395
1005004464941759
1005003699987065
1005005547907962
1005004774654916
1005001533934754
1005005163808120
1005005278394565
4000352003803
1005002532251278
1005003252453938
1005004909380021
1005003321612281
1005002611637423
1005004139753125
1005003656670308
1005004904901994
4001251714075
1005004660936602
1005005184563946
1005005239423828
32839688738
33024301224
1005003095278393
1005005636230762
1005004883463117
33048913396
1005004006201412
1005003924792242
1005004469247341
1005005188339497
1005004176489047
32947054668
1005004674426153
1005005148038420
1005005060461021
1005003368278719
1005005143810459
1005003330092337
1005003960446613
1005004864385230
1005002877455350
1005003657429739
1005004276120743
1005005489756493
1005004637446964
1005004266848961
1005004769348038
1005004552147978
1005004264599116
1005004318614840
1005004841671157
1005002763023440
1005003609466256
1005004102159756
32959119895
1005002918559938
1005005344999227
1005005253256608
1005004055639376
1005002084974692
1005003733034219
1005004052880682
32917951828
4000595750586
1005002364203017
1005005548489940
1005003476991524
1005002989091613
1005005256686033
1005002746557759
1005003938293586
1005004607245116
1005004438659009
1005004833185602
1005004085276155
1005003968642493
32905226448
1005001838004548
1005002259194993
1005003417282229
1005003131462688
1005001456657393
33002241780
1005004329262305
1005005167237398
1005004028539428
1005004988939502
1005001567727559
1005005357243875
1005003470641410
1005004686345834
4000990448735
1005005317880383
1005004824008500
1005002452931397
1005002234425126
1005005418456075
32893947126
32840044498
32977242244
1005004522708325
1005004468772827
32805934167
1005004870227459
1005001763977867
1005003700689240
32955758509
1005002793757992
1005004497903792
1005004003930635
1005005559818965
1005003479425304
1005002900145530
33005269936
1005002226770967
1005001934900773
1005003551586010
1005002441284826
1005002814653418
32874823566
32910127729
1005004981301844
1005002663119625
1005004810960356
1005004341582918
1005004300344264
1005005510702064
1005004600120471
1005002522018813
32863232028
1005001327411014
1005002985398109
1005004967138479
32885136070
4000514672663
1005003321375936
1005002511232509
1005003937925738
1005004205243503
1005003602157873
1005003722300277
1005001418531778
1005003134039841
32838502859
33038956560
1005003733788161
1005002465471368
1005004735426482
1785538013
1005001514754759
1005003268419189
1005002894856545
1005003058537260
1005004878882677
1005004333880271
32879754210
1005002693357051
32839022853
1005005397496450
1005001670620161
32833099108
1005002960364880
4000242444140
1005005413652281
1005003252404747
1005005496919155
1005001710224725
32801415263
1005003637378254
1005004270302052
1005003792502169
1005005246381945
1858232180
1005001596313129
2025985389
32627662980
1005003612729634
1005005269688738
1005004024207599
1005003815135305
1005003985345739
1005003462858221
10000031021510
1005004620137237
1005003253160844
32827725487
1005005377917677
1005003642371519
1005004847566802
1005004009276129
1005005143716764
1005003820372268
1005004501431418
1005003331040311
1005005286736435
1005004936626530
4001350611612
1005004998931402
1005003432822370
1005003504798796
32862427341
1005005342904955
1005005281327465
4000237477316
32997271656
1005005467979554
32822334155
1005004067594390
1005004892262668
1005004259794736
1005001332836758
1005005012275455
1005004408418424
1005004320099309
1005004346472765
1005005408600395
1005005315674799
1005005178757399
1005002652195607
1005003642073334
32944844963
1005003416432346
1005003784207922
1005004212404850
1005004941591189
1005004307027808
1005004930541732
32393979813
32813045044
1005005024278014
4000609262222
4000099101555
1005004595114667
1005005382403065
1005005274503319
1005003182932620
1005003498268407
1005001656908522
32950659483
1005004177717302
1005002584976094
1005005114800590
1005002999111579
1005003623021833
33056748854
4000161628684
1005005356457336
1005004625192939
1005001382892973
1005002829462139
33034605646
4000305374114
4000550470425
1005005001420927
1005005638896075
1005003410393952
1005004388720894
1005005652904074
1005003173492689
1005003783600359
1005001993063779
1005003342169188
1005005461906119
4001041636834
1005004378945754
1005004924588735
33055481447
1005004556766275
1005003589010130
32758045512
1005005037799863
1005002793825642
1858253931
32903091744
1005003127469731
1005001547008450
1005003080831824
1005004946970507
1005001664824570
1005004050259209
1005005280201464
4000174075310
1005003093581766
4000666214856
1005005038015065
1005005245399178
32916229985
1005003780075723
1005003633317592
1005004877750068
32810725912
32932380191
4001235129066
1005003951885079
1005002768831597
1005003635400045
1005002405435342
4001042152951
4000067494471
1005004718680680
4000837241531
1005005099775162
1005005246227408
1005004995316471
10000036686175
1005003250714155
1005005269324967
1005005328867740
1005004920771227
1005005368686980
1005004513062530
1005002877551648
1005004707279197
1005005262074394
32756064154
1005002733541488
1005003823540134
1005004408325457
1005003457799837
1005004100598408
1005003741130935
1005002828729068
4001263892923
1005005396874562
1005005246540911
32845261467
1005003427290592
1005004790726845
4000742230480
32904936984
1005003163564930
1005005096541585
4001296172870
4000922547760
1005001658039569
1005001350019819
1005003568978231
1005004443506231
1005003336147799
1005004296315097
33057073925
1005003518409218
1005005220651875
1005003032359905
1005004354515889
4000395582223
1005005529844517
32530864084
1005003345573681
1005003038094111
1005005501305133
4001296971182
1005003951288763
1005005020352282
1005004178428791
1005002546403125
1005004937295928
1005005269352808
1005003254370758
1005004723544310
1005004731705157
1005001942531076
1005003346523554
1005004623397993
1005004883609988
4000626600560
1005003898366162
1005002512288699
32866500780
4000177416916
1005004924186130
1005003725128329
1005004528011582
1005003791771548
1005002679267556
1005004488394017
32868446316
1005004547332002
1005004454790467
1005003606341399
32887662398
1005002234090554
1005005382980557
1005002294169773
1005004052387438
1005004713364930
1005005297811066
4001255824729
1005003139440605
1005003956708291
4000539853276
33033931890
1005005569507066
1005004354008116
1005004724504307
4000105917196
4000837490768
1005004659250650
1005005117429151
1005004958115415
1005005622574017
32796236903
4000278082684
4001094451140
1005003806539494
1005002526036557
32882081128
4000670864338
1005003223260519
1005004496233660
1005001694585563
1005004863240865
1005004225494022
1005004447228534
1005004062128519
1005003116481277
1005005035615472
1005003504943153
1005004005612513
1005005250065663
1005004348214426
1005002114293420
1005003779167224
1005003452418585
1005004102721488
1005001778732235
1005004349373748
1005004670226737
1005004701435341
1005005488864085
1005004621487538
1005005099750482
32897316069
1005004326437679
1005005009883639
1005005388112185
1005003544907113
1005002932581423
1005004220248959
1005004725383535
4000604633971
1005004653792617
4000014262093
1005004577263378
32917405242
1005002430541537
1005002794357062
1005002546694583
1005005477378168
1005004730894478
4000701524953
4001249662921
1005004847571724
1005001873099376
32588416968
1005005252681328
4000167786445
1005003446746322
1005001530552824
4001312916348
4001234224725
1005004547133786
4000166535287
1005004464929273
1005003629091412
1005004075309144
4000215729727
1005004452593826
1005003736749993
1005005248511269
4000404931046
1005002055009190
1005002704632808
1005003192158623
32858533050
4001311050918
4001002454905
1005004799737869
1005001458614282
1005002315885436
1005005141903168
1005002538574848
1005004094279840
1005001572845811
1005003308598280
1005004796299862
1005005243930920
1005001926797798
4000163178946
1005005194891606
4000618355855