1005007076216381
1005005861049690
1005006067693795
1005007083383275
1005005787155355
1005007101806108
1005007353248681
1005007659447921
1005007533390431
1005007190559641
1005007513111157
1005005465813521
1005006113931868
1005006724407602
1005007382683528
1005007546769848
1005007581235435
1005005975159937
1005007572821919
1005007307199659
1005007443904229
1005007377267405
1005006897170614
1005007126179452
1005007390310751
1005007168598222
1005006587954069
1005007470468656
1005007413548388
1005007455920182
1005007535715258
1005007385498719
1005007421224046
1005007243340270
1005007399979247
1005007537387415
1005007013719944
1005007512703234
1005007550865113
1005005806087564
1005007338343255
1005006385285470
1005007212765979
1005007378070362
1005007663990132
1005006712521282
1005007369303568
1005007234712230
1005006562929690
1005006707554487
1005007452509683
1005007588856298
1005007407501603
1005005859288832
1005007197705714
1005007482840830
1005006765174140
1005006170050049
1005006989158633
1005007416824143
1005007310795317
1005007077116324
1005007076838413
1005007010317668
1005006738795028
1005007083991738
1005006990004797
32825090451
1005006321994243
1005007285523219
1005007114597702
1005007531992895
1005006707812837
1005007512980400
1005006713220492
1005007345211140
1005006464863464
1005006932831988
1005007387903822
1005007018160866
1005007369803307
1005007426649594
1005007420801271
1005007482615376
1005007482613154
1005006456888256
1005006834547171
1005004313049071
1005006066927475
1005007548185292
1005006497800599
1005006776293022
1005006775983566
32829919855
1005007047930935
1005006589033918
1005007457517345
1005005447377947
1005007408082680
1005006697575070
1005007314725967
1005004986359086
1005007335489687
1005006161965675
1005003790621468
1005006667899008
1005006667643014
1005006527579655
1005005061722357
1005006438659024
1005005855190263
32778367540
4000020168079
1005007550657936
1005007627391777
1005007614421616
1005007407677610
1005007502847669
1005007144568039
1005007010036457
1005007382785741
1005007563571347
1005007445773794
1005007371872149
1005007541095976
1005005859316413
1005005510636496
1005007209142005
1005007314858241
1005007239161050
1005007413624191
1005004878931921
4000836072484
1005007674269503
1005007122125012
1005006071760286
1005007433018357
1005006782967902
1005007648909290
1005007271882768
1005007210493066
1005007314993110
1005006430082910
1005007580089140
1005006411002699
1005007088240645
1005006745106161
1005005928726358
1005007272322050
1005007391917230
1005005979001256
1005006168653909
1005007170012462
1005007272074876
1005007219088620
1005007547493379
1005006185894470
1005006878671374
1005007336041804
1005006713306227
1005007614470729
1005007625815175
1005007385625356
1005007421151253
1005006862156386
1005007066796415
1005007022972719
1005007122297158
1005006321207607
1005002009387991
1005007425936961
1005007586665200
1005007669019240
1005007341409117
1005006969529583
1005007593525205
1005007590897856
4001127507254
1005007375992145
1005007274474931
1005006782421379
1005007336698279
1005003198106673
1005004224271435
1005007433124412
32990544856
1005005823840064
1005006883743906
1005006961511847
1005007593117009
1005007383092300
1005007669910227
1005007466335953
1005007210144602
1005005820234667
1005005743305162
1005006652068922
1005007639196072
1005007008347764
1005005949276801
1005007400896593
1005004949051599
1005006497929979
1005007627509511
1005006498143458
1005007132547903
1005007446060520
1005007502949524
1005007387262056
1005007533834597
1005007387078272
1005005748658031
1005007415929458
1005007529913792
1005006216058741
1005007682471148
1005007682193656
1005007682537101
1005005955419907
1005007293717892
1005006389088293
1005004448231095
1005004986449171
1005007198231720
32428498048
1005007605340792
1005007426408991
1005007379128280
1005001621959291
1005007670835151
1005007210013945
1005007600654656
1005006156594926
1005005875043911
32991894831
1005007349701718
1005007385917663
1005007058419857
1005007219912069
1005007674537838
1005007109585899
1005006783138589
1005007169022838
1005006707428917
1005005989420580
1005007513191646
1005007636466918
1005005855213253
1005006412799873
1005007446176717
1005007422579135
1005004220532865
1005006682536038
1005007521410427
1005007449658396
1005006323291040
1005007374823315
1005006170038225
1005007209851971
1005006655039230
1005007044279684
1005006185934721
1005007198213338
1005003065092584
1005007639060465
1005006182098149
1005006792293230
1005007413366969
1005007647786000
1005007537394240
1005007496641739
1005006605558381
1005005807317293
1005006012997293
1005007635163328
1005007555803246
1005006023153547
1005006758298733
1005007613176609
1005007488989834
1005006390068095
1005007480153198
32820342651
1005007677089575
1005007638984635
1005007660708818
1005007274327685
1005006619518820
1005007226667789
1005007638974622
1005006860333266
1005007577419855
1005007592700989
1005007532108285
1005007362859841
1005006811101736
1005007330530992
1005006694586799
1005004641352745
1005006285036936
1005005830462343
1005007385563680
1005007470564984
1005007505238284
1005007235809043
1005007568260328
1005007112478834
1005007420695643
1005007389881310
1005007219745367
1005005885400873
1005007489243156
1005006392122807
1005007414333329
1005007676765670
1005007183593642
1005005993733934
1005006244243797
1005005387547946
1005005064582794
1005006007073164
1005007143410998
1005006782466246
1005007015798329
1005007143792109
1005007114917030
1005006327547134
1005006081658399
1005007143299805
1005006640797136
1005006996189092
1005005249182730
1005006814216053
1005007639121390
1005006828772502
1005007219663495
1005005008352816
1005007533309709
1005007498469841
1005006667267187
1005007625139699
1005007117704054
1005007649433471
1005007143187987
1005005562988994
1005006959078889
1005007614685373
1005007317590309
1005007335817985
1005007181931361
1005005830193925
4000088458727
1005007385595548
1005007411407861
1005007383417827
1005007569006823
1005006911904656
1005006381362565
1005006007654289
1005007489389027
1005006782337601
1005007219525749
1005007541124162
1005006216039939
1005006387294170
1005007015385733
1005007261769861
1005007639149299
1005007139543635
1005004882493674
1005007057584123
1005006637014183
1005007648138075
1005007638992458
1005007223512277
1005006724620112
1005007663177277
1005004579098909
1005007305604246
1005007138874905
1005007639107350
1005007223220891
1005007647883814
1005007264703896
1005006161050914
1005007639021402
1005007462659116
1005006783531488
1005007265479252
1005005915344188
1005007443688824
1005007612843721
1005006724339958
1005006485266943
1005006855211451
1005007652785046
1005007466471912
1005007341253349
1005007427463072
1005007123481427
1005007640611205
1005007535108360
1005007414663857
1005006652412075
1005006144984292
1005007080507961
1005007385570080
1005007479823952
1005007575463927
1005007028283212
1005005523421374
1005007540819953
1005006252536855
1005005887414267
1005007638952535
1005007638847746
1005007139185822
1005006959161654
1005007639171200
1005006373998697
1005007639003400
1005007138938881
1005007015519943
1005007375716978
1005007058156321
1005007618579560
1005007475321748
1005007143924123
1005006725061849
1005007297433410
1005007341326127
1005007456640662
1005006543121238
1005007087507777
1005007216416132
1005007043187397
1005004903367825
32414185904
1005007652635503
1005006808320025
1005007550419346
1005007504466053
1005007416815430
1005005883312156
1005007346955521
1005007507517148
1005007217704799
1005007346558404
1005006667348615
1005006697582083
1005006684190832
1005007336101631
1005007657874211
1005007374365327
1005007314813844
1005006124030593
1005007553672511
1005007575986213
1005007412434132
1005007420662723
1005007637092513
1005006812190108
1005007657592414
1005006125935618
1005007091227548
1005003777397014
1005002804673155
1005006589016348
1005006056355792
1005007341990710
32958618483
1005005513650835
1005007163080891
1005006103780114
4000690703757
1005006809926264
1005006173788323
32838511686
1005003897135128
1005006096267129
1005006190992530
1005003460591712
4000081410041
1005006185210168
1005003600044407
1005006312023764
1005002442177263
1005006765875435
1005006220364184
1005006439906390
1005006656753440
1005003257659922
1005007007697470
1005006704036165
32909365457
1005007385316447
1005006619279009
1005003202096169
1005006358164501
1005005629764228