1005007292178473
1005006359063799
1005004985612540
1005005520862002
1005007380447210
1005005759255160
1005007518377246
1005007136054129
1005007136875965
32888120179
1005004985643696
1005004985713649
1005004986919810
1005007622566239
1005007169146553
1005007048954413
1005007406308548
1005004281675124
1005006689940699
1005005709138907
1005006963597350
1005007620240040
1005005210207047
1005007137617899
1005003974361792
1005007279196144
1005005505496283
1005004987120948
1005005672747468
32649734837
1005006215777184
1005006262130075
1005004572073496
4000772045902
1005005441044216
32780875067
33003995918
33000305551
1005005289242499
1005004823344299
1005004406576584
1005007002381144
1005006717972648
1005006044410410
1005006821943123
1005007086642609
1005005380864282
1005005312913100
1005006801886598
1005007536120315
1005005104385172
1005005663560706
1005007513408978
1005005453865568
1005001652591626
1005007329525549
1005005159452640
1005006131615219
1005004555261263
1005006690161101
1005007190075110
1005005920995902
1005007620807807
1005007049137065
1005005380766824
1005007040284295
1005006105642544
33004143096
1005005413410619
33000373284
1005004556464423
1005004281779828
1005005515924456
1005005680946106
1005007425917069
1005005418432957
1005006187591023
1005007326882267
1005006984592119
32939494807
1005005880837498
1005003314195190
1005006852400607
1005006689994051
1005007612952925
1005007556381209
1005007571234165
1005004709237101
1005007629806582
1005003731220229
1005005266868362
1005007167981570
1005006689806615
1005007669021078
1005005879387651
1005005219171784
1005005373133280
1005006689829961
1005003186757365
1005007668731569
1005007614505367
1005007536073398
1005007579732037
1005007686492498
1005007686456636
1005006690086205
1005007217293455
1005007638804718
1005006761044729
1005005334948102
1005004865446498
1005007607981150
1005007509213763
4000284038583
1005007210359149
1005006852179458
1005004621206808
1005005839046453
1005001907680442
1005006269870360
1005004636570939
1005007334415671
1005007218046254
4000520171127
1005002873623134
1005007442661433
1005004553390466
1005006374536667
1005007217799717
1005005988558445
1005007218125118
1005006162239175
1005004337722056
1005004816189039
1005005936871212
1005001844890367
1005007143828909
4000492401882
1005006751611176
1005007413933849
1005007361653471
1005007482527103
1005007208693899
1005006468211642
1005007427110826
1005007385320699
1005007090699037
4001297180784
1005007671516876
1005007664565093
1005007100181044
1005007127666766
1005007574956615
1005006743211120
4000895482364
1005006614464847
1005003183199514
1005007314014237
1005006197819392
1005005879318565
1005007671839096
1005001661378923
1005007763901230
1005007715232560
1005007144220197
1005006489685192
1005001622755387
1005007308169875
1005007487479060
1005007482325602
1005007406425687
1005007522888408
1005007588210623
1005007143241478
1005005941084933
1005006718544044
1005006876815508
1005007575043442
1005005304990077
1005005933037810
1005007299296989
1005001452114952
1005007408415553
1005007636210739
1005007083072134
1005007399884257
1005007398885057
1005007672093725
1005007689514890
1005007710285299
1005007697940989
1005007451762617
1005007417212319
1005006076811738
1005007452240003
1005007288321249
1005005542779042
1005005561753681
1005006943952385
1005002179886152
1005003728924249
1005006447736578
1005007633114130
1005006818855577
1005007077152726
1005005684855611
1005005968070412
1005005887483308
1005007449972377
1005006096782755
1005006698478206
1005006673441733
1005005896388256
1005007088088220
1005004604120353
1005007494620721
1005007080535525
1005007567625022
1005006833767471
1005007048234813
1005005677927047
1005007320639235
1005007079222193
1005006736226305
1005007494758543
1005007255651495
1005006613111471
1005005852423077
1005005776678914
1005006642565519
4001332554272
1005001656984870
1005006802487663
1005007508366550
1005005775578725
1005005637989721
1005006818801083
1005005831806566
1005006258297101
1005006834148047
1005007418712577
1005006194874572
1005004882281950
1005006325221010
1005007384401822
1005007498383238
1005006882764082
1005006795260038
1005007093940658
1005006678331379
1005007505856511
1005007581164798
1005006034543777
1005006606279027
1005007215627243
1005003684839965
1005006635747844
1005005390709476
1005007370640357
1005006905097532
1005006777087042
4001131335990
1005006727212037
1005006257437396
1005006507871440
1005006361676801
1005007462040510
1005005170069810
1005007526347995
1005007010490786
1005006855749484
32993896349
32846846402
1005006306370975
1005005846783360
1005006394992472
1005004487505077
32862008340
1005002704709084
1005005925087813
1005004027874672
1005005585435137
32966140245
1005004995879939
1005003923539232
4001047812007
32829086865
1005007144474015
1005007391631182
1005007102319582
1005004775965491
10000147885854
33003581410
1005005445184493
1005006729134335
32953080050
1005006883291364
1005007622062511
4000261029724
1005006395248818
1005005131482550
1005007622218012
32944687823
1005001481308048
1005005007967302
1005006364683948
1005006364819253
1005006364790320
1005007420005107
1005005232620957
1005007499502612
1005006083313309
1005007128279048
1005007322815705
1005007419446019
1005006340734871
1005006472356911
1005006872403153
1005005878116832
32797020754
1005007500078391
4000855655613
1005007403195385
1005007242804040
1005007369767198
1005007314902318
1005004701800710
1005005514254751
1005007084821119
1005005538169644
1005005167438146
1005006912615526
1005006915799224
1005006841523970
1005006666040787
33004793525
32501504051
1005007296466565
1005006313585066
1005001874766823
1005006006433967
1005005079252635
1005003400653038
1005004230528966
4000047263803
1005005304491195
1005001812908549
32733015372
1005005374360762
1005001888162867
1005002482055336
4000436758118
4001226503472
1005007296459658
1005007296499314
1005007311335197
1005006985838939
1005007553401501
1005007477705024
1005007601151823
1005007311320630
1005007311478143
1005007311201984
1005007278009294
1005007528166435
1005007655619371
1005007656743197
1005007296610308
1005007589775623
1005007406163648
1005007221179998
1005007338292180
1005007083162483
1005007546659062
1005007547267783
1005007590012029
1005007322537068
1005007366081657
1005007107710133
1005007630549885
1005007527952766
1005007296538065
1005001985011506
1005007533574464
1005007477808447
1005007458934676
1005007287898079
1005007473086827
1005007477519533
1005002971116394
1005007589765660
1005007547245957
1005007655975386
1005007274933204
1005007288497865
1005007589124834
1005007235483867
1005007577802898
1005007615473378
1005007568077230
1005007322623332
1005007641812780
1005007473785186
1005007323774499
1005007280686429
1005007547115833
1005007642180102
1005007547493363
1005007434227823
1005006110137887
1005007314853520
1005007567275880
1005007322921428
1005007528402262
33056854194
1005007685324624
1005007685601111
1005007685065990
1005007685513246
1005007622375653
1005007314933219
1005007640345573
1005007034242439
1005007434145914
4000883736912
1005007548209183
1005007599626508
1005006595988307
1005006925969176
1005007278919475
1005007322818736
4000233376491
1005007622333414
1005006169668579
1005007547303716
1005007615852669
1005007630815789
1005004587545919
1005005523488981
1005001475327004
1005006700937055
1005001475527427
1005001475242008
4000124731799
1005007434321650
1005007107394812
1005007281512745
1005006700033508
1005007331847531
1005007567270802
1005007277924344
1005007616043838
1005007465629055
1005007685272632
1005007685473259
1005007685654054
1005007685500254
1005007314936189
1005007548518596
1005007600578778
1005007600392717
1005007615771872
1005007621896748
1005007622334136
1005007622034552
1005007616074249
1005007547387363
1005003539504659
1005007622008651
1005007600713453
1005007562451259
1005001481284419
32495917088
1005007323363600
1005007434431422
1005004595447395
1005006500975827
1005003283088507
1005005394720514
1005007322775915
1005007322823750
1005006883520409
1005007630549053
1005004651802336
1005007640403141
1005005997185401
1005007547451213
1005007419787160
1005001946308062
1005007302669123
1005001279338163
1005001474701926
1005007560943223
1005007140144134
1005001481354217
1005007350340593
1005007314941210
1005004688930497
1005006854468194
1005007547483191