1005003241857846
1005007102898000
1005006465132562
1005005879913355
1005006000410846
1005004783127811
1005005065527222
1005007011221306
1005007047555562
1005006182775170
1005006896683062
1005006995527269
1005007582039004
1005006065906781
1005005847445830
33028742882
1005006008844919
1005007253195925
1005006150243374
1005007028818432
1005007208096165
1005006421686404
1005004443610034
1005006995651903
1005006629780303
1005004207501243
1005004696962169
1005005767403938
1005003768094105
1005007413259284
1005005909801301
1005006270339072
1005003298651651
1005006662363541
1005003447242229
1005004925286679
1005007423643788
1005003342471473
1005005922488312
1005006098897166
1005006730549207
1005006007771792
1005004555003582
1005007205911770
1005006246044486
1005003416337667
1005004912527801
1005005289075545
1005006628321294
1005004803906966
1005006504223011
1005007176998551
1005006445244980
1005005752846197
1005006398682730
33011975841
1005006864316091
1005006741406145
1005006214076519
1005007118368550
1005005626351800
1005007365630248
1005003957032017
1005002393226855
1005003956819970
1005003956824936
1005003956987193
1005003956903524
1005002393247729
1005002393270516
1005006083274019
1005006082798173
1005005692444456
1005007626890210
1005007526272963
1005006888985328
1005007390378843
1005007574674602
1005007377353246
1005007628316823
1005006019149738
1005007649614705
1005007330059153
1005007550475088
1005007244986928
1005007469675267
1005007353361878
1005007628454058
1005007498704155
1005007113156365
1005007533478056
1005007016550077
1005007527947600
1005006737530964
1005007399862830
1005007633883169
1005006021050083
1005007468840266
1005006403030413
1005004718875698
1005006058323004
1005007593412082
1005006890915271
1005004520367162
1005007411852501
1005007524262593
1005006408790420
1005007540000686
1005002652148509
4001229767190
1005003831298694
1005005580043428
1005006026258436
1005006574417234
1005006882901771
1005007180081535
1005007556479079
1005003241340013
1005004066052332
32794469247
1005003724181892
1005005515584157
1005006016200800
1005007007643959
1005007363159665
4001263945703
1005007422018874
1005005450130074
1005006322963313
1005006351358280
32811047243
1005004901280889
1005004128176415
1005006653163599
32947397402
32839894972
1005007281905016
1005006794634381
1005004046833290
1005007622060219
1005005107321048
1005004656768402
1005005709956225
1005005702309894
1005001645582038
1005006405952650
1005005425255373
1005004147482117
1005005911480006
1005004262355842
1005006028644175
1005002994412750
1005007644160613
32962980802
4000783909546
1005007161805091
1005005236209266
1005006874309551
1005005978907212
1005006338846228
1005006920102473
1005003878507654
1005005615632128
1005005889630515
1005006697586193
1005006014486512
1005005601033957
1005007183975174
1005007524903533
1005006896862903
1005007225208642
1005007494906452
32796898875
1005003101013295
1005007014063886
1005006845168092
1005006346035904
1005006179463152
1005007515465672
1005007474796456
1005004781311934
1005007505035762
1005007444386596
1005007157266254
1005007485117365
1005007445833355
1005007457589456
1005007176061929
1005007469470957
1005007548737736
1005007474763387
1005005931323483
1005007057523482
1005006336840584
1005006895247753
4000549146771
1005006788625299
1005006727225698
1005007279526422
1005007498045605
1005006814125300
33054984472
1005007263285448
1005007247158688
1005005189353155
1005005987620495
1005005527121244
1005007533423232
1005005894606667
1005004966818386
1005005577103446
1005007555543260
1005006121978930
1005003617376599
1005007343711195
1005004265602679
1005006918200409
1005007174850765
1005005593457163
1005007154101289
1005007036034283
1005007519358048
1005003878468354
1005007556324417
1005006970041270
1005007028468349
1005007187551682
1005007393931773
1005005531089802
1005007562423793
4000404809803
1005007381402149
1005004904901019
1005005369655690
1005007464385509
1005004325803068
1005006782636751
1005007535594617
1005007548940650
1005007621235919
1005006345034962
1005002482697467
1005006259073310
1005006318658864
1005006265492338
1005005058524272
1005007123663465
1005007508967330
1005003333939940
1005006903660731
1005007555344575
1005007378079580
1005007111268847
1005007210523413
1005007549974165
1005006719059389
1005007536036796
1005006924382863
1005005489207772
1005007375527989
1005007608111015
1005007152527557
1005007271021932
1005003706826475
1005002186092723
1005006818904567
1005003003676673
1005004671131506
1005006914231496
1005003474002160
1005007508807827
1005007245707085
1005002995811785
1005006383858490
1005001646265126
1005007377744940
1005004529415984
1005001581504304
4000828191420
1005007569804535
1005002682560793
1005006679450691
1005006960744285
1005007014738314
1005007254845589
4000254213606
1005006259961415
1005005058530177
1005006320754437
1005007045767085
1005007598426799
1005007558352263
1005006256621317
1005007494561442
1005005709906865
1005006187947445
1005006461757059
1005007003107581
1005007371846867
1005007192699140
1005007187982868
32983867426
4001219715137
1005007205281032
1005003002376144
32883378229
1005004064029391
1005006351181916
1005006318456894
1005004045792111
1005004115553687
1005006676830740
1005006177737507
32950341118
1005005870885845
1005005709844226
1005007476262968
1005006499376858
1005005414518012
1005007313705551
1005007135090972
1005007408990382
1005007217155764
1005007272133344
1005006827578238
1005007175725713
1005007130077277
1005006918194050
1005007188571612
1005007167323637
1005006725304975
1005006787107393
1005006399112995
32984667633
1005004174019124
1005004165886001
1005006875721861
1005004746512310
1005004394549398
1005007358879009
1005007528167104
1005007476632149
1005007020786421
1005006749286052
1005007577381176
1005006354207782
1005007631376948
1005007480965495
1005007618915487
1005006813182660
1005004003113905
1005007025637400
1005007528063338
1005006788834776
1005007518184487
1005006834499932
1005007533427195
1005004656013870
1005006856462822
1005006697513124
1005007618778793
1005007135099900
1005007539981848
1005007097478813
1005007244196864
1005006440773045
1005007054848821
1005006812873910
1005006847045020
1005007636188952
1005006786935676
1005005513295906
1005004309539430
1005006803516126
1005006803391502
1005007579066473
1005007409052059
1005006994708886
1005007031188414
1005007551099449
1005007411808736
1005006737748234
1005006816974060
1005007414729981
1005006356474270
1005006508909991
1005007126311206
1005007433366001
4000709301527
1005005100066368
1005006377530041
1005003747199022
1005003174778096
1005007255308853
1005007135352575
1005007625382592
1005007495407669
1005007533418142
1005007529451039
1005006737692453
32977171637
1005006412665512
1005005211468523
1005007527208336
1005007345960253
1005007650433706
1005007140811324
1005005578569570
1005007294706187
1005007532209260
1005007102954326
1005006684930702
1005007555549290
1005007585055769
1005006868938478
4000112227864
1005007615920978
1005007021466499
1005007650648653
1005007650061288
1005006782119065
1005006850340633
1005007103171193
1005001484910317
1005005640640762
1005007556440733
1005006440235598
1005007542012061
1005007539962775
1005007169712437
1005006336013743
1005005414500090
1005006929409691
1005006183459393
1005005366626559
1005006777721087
1005007208629164
1005007286472466
1005003085126944
1005007426192097
1005006737231912
1005006803463545
1005007595631336
1005007469307638
1005006769070865
1005005968502684
1005007550329812
1005005237038551
1005005496270849
1005007385537934
1005005433670182
1005006266399854
1005007555338535
1005006866753554
1005007618938473
1005007442676387
1005006783666099
1005007632860240
1005006780679360
1005007269276708
1005007568068275
1005004374800335
1005007582412490
1005006327869926
1005007476520454
1005007568550404
1005007631426768
1005007166389891
1005005683199862
1005006635141656
1005007548913691
1005007540201175
1005005321210950
1005006001957037
1005006737599024
1005007576981988
1005007540148287
1005007102837335
1005007575827893
1005006966920444
1005007061369539
1005007263343327
1005007135510307
1005006917735961
1005007513354484
1005007058608417
1005007064775994
1005007441758629
1005006909246032
1005007050346993
1005007145534967
1005006679416502
1005006711049858
1005007067356024
1005006078841200
1005006642808546
1005007627624681
1005007607075034
1005005779658924
1005006690465786