1005006976362877
1005006976575384
1005002664958239
1005006976455628
1005006976437620
1005006976661091
1005006346441395
1005006976352994
1005006976415770
1005006976475614
1005007468409492
1005006976541429
1005006976642133
1005006976595309
1005006976363841
1005006976427711
1005006976478651
1005007142018247
4001207637113
1005007058249426
1005004077817827
1005007144210767
1005002305332790
1005006863552662
1005004086969172
1005006085611979
1005006781963781
1005006794654431
1005003215338554
1005006350833582
1005006157843361
1005006048257170
1005006328268263
1005007275316531
1005007275418245
1005005395518298
1005005395648644
1005004080614371
32552844631
1005003691713275
1005004089301314
1005007074904886
1005002313111584
1005004822873889
1005005989453344
1005007097589471
1005007083003071
1005007295357223
1005007296270395
1005007295955015
1005007296272178
1005001697729958
1005005780759303
1005003253787430
1005006159124935
1005007296249458
1005007296261263
1005007296259376
1005007295956212
1005005070356495
1005005455636318
1005005454440072
1005006462610574
1005005457699052
1005006348563158
1005002950323427
1005007334240356
1005006821391277
1005002701274492
1005005455537529
1005007330221072
1000008136086
1005005592077976
1005006655400962
1005003519428328
1005003018686347
1005006084102401
1005005433437151
1005007092303985
1005005719633534
1005006895979142
1005006294911357
1005006878523950
1005005572098933
1005007391095977
1005006031806280
1005002950777022
1005007391240631
1005006149472136
1005004998391618
1005003843513105
1005006127863466
1005004251961050
1005006629618526
1005005877993109
1005005501553087
1005005316067234
4000307791318
1005005859129541
1005007071309794
1005002011680111
1005004677262684
1005004073387101
1005005879316697
1005006931360477
1005005838498863
1005007143933322
1005007144033325
1005002345001862
1005006379563486
1005006380127358
1005006620847360
1005005501419713
1005004432945596
1005006355685261
1005006032235133
1005006348721791
1005006032282001
1005005454182658
1005005453842993
1005005457399366
1005005456689809
1005005455436996
1005005453965988
1005007346497820
1005006762599905
1005005455656228
1005006466108836
1005006085829118
1005007391931454
1005006717224783
1005001479890642
1005006716532531
1005007006331640
1005007220762251
1005006849489234
1005007006439476
1005005888527639
1005007164469146
1005007151438010
1005007488203631
1005007422802115
1005003329643713
1005003328271342
1005003330742477
1005006099261481
1005007101623960
1005007074128172
1005006056482192
1005006605235273
1005007332472186
1005006542795199
1005007057453924
1005005200904570
1005007024003247
1005004588687843
1005005997057375
1005005367384405
1005006570315395
1005006356623615
1005007010639761
1005006749135803
1005006728229908
1005006109953921
1005006955389517
1005006993566801
1005006828080139
1005006644032120
1005007204043408
1005006625588175
1005007170001727
1005007368052091
1005006883811821
1005007234448149
1005007220395385
1005007259871847
1005005436496713
1005006614617898
1005007408864136
1005003438718925
1005006808419151
1005006403898656
4000857953512
32967450754
1005006363529471
1005006761592194
1005006174752050
1005005578688351
1005007167931285
1005005776625922
1005001309736346
1005006939640649
1005003071007418
32956445673
4001230736672
1005003707746283
4000712458853
1005007486616076
1005007488523665
1005007486714025
1005007486578139
1005007486355840
1005007486378788
1005007486583291
1005007465881182
1005007465828581
1005007453651603
1005007385399247
1005007451948096
1005007446973125
1005007446607567
1005007447348357
1005007446504021
1005007335518758
1005007210325911
1005007076665213
1005002248061110
1005003697171917
32816369258
4000943545577
1005005814279642
1005005861294677
1005005969368417
1005003396988012
4000636321653
32828352352
1005003707729994
1005003683563075
1005006159773368
1005005260443276
1005004810258880
1005007198049321
1005006332750110
1005006152536335
1005007169653712
1005003244916274
1005006152512441
1005006243859231
1005006546220131
1005006249239207
1005005901206771
1005004979135878
1005004885228649
1005006870192677
1005006780536263
1005005695202133
32531521846
1005006894606689
1005006995620512
1005005459586881
1005006698943002
1005007326862268
1005007033710278
1005004682181930
32902809795
1005005346661210
1005006751660078
1005005859576155
1005003188291509
1005004519236032
1005004289989246
1005006443381093
1005006403048313
1005006948539321
1005007430749071
1005007451176265
1005007462691937
1005007203123452
1005007358628530
1005006249723038
1005006049114959
1005006911666722
1005007242629305
1005007406109094
1005007317190456
1005007407673526
1005006278681168
1005007259480589
1005006965749393
1005007228821805
1005003342599621
1005006624519670
1005005195135000
1005003400616871
1005007066352404
1005006649414781
1005007099683046
1005007287563035
1005007254710017
1005005338353298
33050004536
1005006721648170
1005007452757565
1005001950274539
1005006105339286
1005003876125630
1005004967778022
33063350217
1005002702078085
1005002650282614
1005002650316473
32831758990
4000105084643
1005007090942377
4001061231878
32726837458
1005006359682380
1005006299238170
1005007247026814
1005006711620192
32930479189
1005002979622888
1005006321559643
1005006360903833
1005006783923983
1005006659591479
1005006746544223
4000210993455
1005007308318392
1005006642182456
1005007390151512
4000211036342
1005006903600369
1005004574656320
1005006412691282
1005004856058188
1005006889847088
1005004454618263
4001132528208
1005005306944164
1005006703729577
1005004484920100
32804978683
1005005741313387
1005006264081938
1005006220771241
1005007330620659
1005006997406717
1005003200312833
1005007295523645
1005005926348243
1005006411268788
1005007459167394
32844933021
1005006543446739
33023729340
1005003351239560
32266138849
1005005990696782
1005007328052244
1005006055293933
32971772051
1005007325332401
32543468195
1005007046543305
1005003428490377
1005005864436899
1005007171305753
1005007052606801
1005005842115578
1005006801433451
1005006090167078
1005002951827333
1005007079489133
1005006397848117
1005006179425347
1005007124830791
1005005616528977
1005006973912125
1005007136445503
1005007205500909
1005006421756608
1005007393610857
1005006714572040
1005006492361763
1005007138919941
1005005273502414
1005007430231886
1005006046616125
1005007310539810
1005006642623905
1005007301793689
1005006777012559
1005007265889377
1005005462836918
4000192439404
1005004261748140
1005005008296468
1005006853160415
1005004018633589
1005002520237232
1005006342730064
1005006370927938
1005005292554044
1005006815583240
1005005955485645
1005006382572800
1005006309288426
1005001989402076
1005003391231746
1005006805233021
1005004319850789
1005006956454294
1005007326994479
1005006723954561
1005006720293297
1005004704375935
1005007171840197
1005004400996692
1005005400874619
1005006360673392
1005002813782359
1005006549234415
1005003002028253
1005004898695652
1005004879590564
1005004892493230
1005007080654561
1005005515904811
1005007185260790
1005006221946753
1005005847506507
1005006991402129
4001115619789
1005006501617237
1005006365163831
1005005989741069
1005005094540412
1005001624990729
1005002484507050
4001266133300
1005006096959303
1005007031550366
1005005847486873
1005007055160166
32278696757
1005002029065761
1005007194033652
1005002973753149
1005006179412650
32882491075
1005007406419201
1005007017685156
1005007443608787
1005007266583601
1005007406290986
1005006339143968
1005003523245397
1005005125143293
1005006490776159
1005006407473978
1005006535687219
1005006818303936
1005006703052682
1005006738590593
1005007269968196
1005007300182848
1005007080720379
1005006834823875
1005007103201008
1005007444403501
1005007443007023
1005007469156599
1005007288801494
1005007449922718
1005007385105455
1005006917149469
1005006402330428
1005006143729207
1005007259914370
1005003601185886
1005005754968084
1005007333112542
1005007171675392
1005006966380460
1005007010468541
1005007332040420
1005007409280690
1005006820215349
1005007294269489
1005007145168716
1005007452470848
1005006653547054
1005006782351148
1005007449462702
1005007409143400
1005005140270186
1005007347757036
1005007240225516
1005007106911214
1005007320555301
1005007321772761
1005006389485516
1005007090112468
1005007340808667
1005006120007614
1005006318337691
1005005939362525
1005001828876597
1005005530609199