1005007562287431
1005007103284157
1005007415668680
1005001813915925
1005006131669111
1005002129295205
1005007590341806
1005007256167185
1005006721833254
1005004448126155
1005007617984694
1005006366458441
1005007595416792
1005006861726610
1005007602108400
1005007168871169
1005007593089236
1005007592823856
1005007103123400
1005004849526431
1005007002699893
1005005897476817
1005003698980687
1005006433884615
1005003325004881
1005006639747018
1005007039231128
1005006390129215
1005003121437991
1005002038444285
1005001825530129
1005006744450665
1005001387203253
1005006690334604
1005001381291109
1005007108683466
1005006194770508
1005007324390689
1005006390091695
1005006059871375
1005007288451237
1005007585006723
1005007095069170
1005006890686546
1005007275218923
1005004306936008
1005001314580584
32854200387
1005006604013630
1005006536788381
1005007477619165
1005004944997182
1005006578258189
1005006057819001
1005007371849025
1005007619922487
1005006684989307
1005007102313771
1005005009749351
1005005324665771
1005007324488844
1005001831527055
4001100303389
1005001863821883
1005001381968227
1005007322431313
1005007533456966
1005006903515281
1005004374332298
1005006705138076
1005006769115565
1005006158364811
1005006483372425
1005006240514100
1005007378051268
1005006246665131
1005007431267724
1005007198288254
1005007586220265
1005007097171761
1005006216470492
1005006215786687
1005006882583393
1005006577826911
1005004588223724
1005007599418773
1005007131667942
1005006751708962
1005006174442797
1005006884955796
32874222778
1005004014057800
1005006257910780
1005006869633398
1005006289046665
1005007124672147
1005004878465551
1005005505513952
1005001971459405
1005002762402346
1005007654361507
1005007614753370
1005005311078208
1005004832582781
1005005048927202
1005004212132183
4000298520443
1005006988517519
1005007369274266
1005005440862197
1005003169202059
1005007443168065
1005007137809671
1005006956228767
1005006265446608
1005005714270117
1005006270710704
1005005123909795
1005005053034884
1005007159910189
1005006224985761
1005005240610682
1005007626331783
1005006865814518
1005004673711135
1005007017027057
1005004894551492
1005007617955242
1005006776987344
1005007099363357
1005006809025521
1005006814699468
1005007419038345
1005007474575626
1005006012783310
1005006060484467
1005006408837205
1005007153394881
1005007519098099
1005006721573583
1005006385859408
1005007434370606
1005006716645575
1005006576341552
1005005699456545
4000053086231
33026902665
1005004638247210
4000246147397
1005005671175773
1005007533985204
1005006076182597
1005007414960879
1005006386389765
1005005930087123
1005006375327765
1005004912732658
1005006772956993
1005005988160891
1005005585093675
4000940931527
1005004788225529
1005007102777064
1005005965521499
1005005776598045
1005007103060346
1005005976218202
1005006747282014
1005006375355609
1005006375301937
1005007537586852
1005003762202633
1005006339831742
1005001714103852
1005007083776788
1005002288522093
1005006546783193
1005007594682806
1005006144686250
1005007434805071
1005006596417979
1005006624692347
1005005504313882
1005005836494950
1005006409143813
1005006795816411
1005006060316184
4000235137021
1005006031165572
1005006295417780
1005006541575084
1005005846846068
4000106105257
1005001405711995
1005006262073769
1005007614516747
1005005100002300
1005006754600161
1005006684766665
1005006690869313
1005002796533338
1005007145466952
1005006313810284
1005005145832464
32961269212
1005006762936800
1005006762586504
1005007056530404
1005007508532163
1005006432759477
1005002864962101
1005003330309022
1005006626360346
4000030525094
1005006789093850
1005004887411904
1005006253460860
1005006582043459
1005004887197708
1005005902332015
1005005892470767
1005006065216656
1005005909830612
1005005905795446
1005006216443372
1005006212463695
1005006238787992
1005006870478133
1005003965322640
1005006749739888
1005006756007157
1005006969261272
1005006402803729
1005005248755849
1005007294135677
1005007424380879
1005007180233397
32824111281
1005004869479146
1005006196098479
1005004701057129
1005007616585476
1005004296235192
1005002695266496
1005006684806693
1005006596790599
1005005256841784
1005006418530097
1005006060828008
1005006216781775
4000393118015
1005007392430848
1005005863088732
1005006082911718
1005006604334771
1005006782908085
1005006388214688
1005007463362700
1005006335324983
1005006122110323
1005006584410952
1005007016992683
1005006679983052
1005007474746084
1005006356509112
1005006997686038
1005006997037789
1005007540091175
1005007016372378
1005006901748895
1005006359610432
1005007414645091
1005005665475122
1005006849971401
1005006612932390
1005004265715587
1005007474513698
1005007522133553
1005007510568451
1005006646469896
1005007294875382
1005007269041995
1005006691050111
1005005037225244
1005003528989183
1005006042390903
32994325084
1005007558513038
1005006596807510
1005002487305475
1005005948480282
1005006321923440
1005006997144613
1005006996889956
1005007016357063
1005007464918885
1005003647645162
1005007036554978
1005007175819859
1005007639139167
1005007390614682
1005007567264063
1005004061253495
1005003914785006
4001347426047
4001187827882
1005005645206531
10000358003219
1005002998960159
1005007363317050
1005007524948370
1005005413561003
1005006619292738
1005006854057619
1005005517788711
1005006923588764
1005005072440471
1005003988973888
1005007316172235
1005007333925565
1005007555741980
1005001803714553
32700747984
32534684390
1005002360103030
1005007601948526
32997799957
1005006041986810
1005005785460529
1005002822311526
1005007574621911
1005006543428640
1005006164745803
1005007466777898
1005007036729099
1005001924469528
1005003173792773
1005006408716863
1005005069387414
1005007294045106
1005007050955403
1005007625019149
32951939803
1005004325806963
1005007599472713
1005006984383634
1005007116694114
1005007099492184
1005007474910346
1005007175849202
1005002780112596
1005007638509654
1005007471332833
1005005911270903
32997556880
1005006462642500
1005007439053755
1005007224784653
1005007222886699
1005007038154615
1005007623834851
1005007637864322
1005007390923260
1005002802255136
1005006333706232
1005004586869226
1005007464562465
1005007028271130
1005007041943434
1005007130939560
1005007105181187
1005007065980454
32822801106
32852603684
33009669252
4000249839798
1005007558063696
1005006369221845
1005007338275597
1005007597531611
1005006958464708
1005003173893396
1005007138107246
1005007031372789
1005007471223858
1005007119842594
1005006020609647
1005007623478597
1005007035925291
1005007106363258
1005007599435512
1005007504999812
1005007595478726
1005007413097550
1005007438109037
1005007343419872
1005007412794699
1005007404100887
1005007435113947
1005006850195290
1005007614376058
1005007455415227
1005007474914803
1005007412923152
1005006343442975
1005007377578967
1005007358400261
1005007105475945
1005007427412653
1005007417782298
1005007055768204
1005007095130423
1005007479019185
1005007025776820
1005007651992729
1005007652971818
1005006261422894
32459602886
1005005013077311
1005005091823469
1005007051194512
1005005447108718
4000042355214
1005004044986811
1005003286394146
1005003286143350
1005007566215255
1005006524258534
1005006506375472
1005006337179551
1005007601936665
1005006044115203
1005007411789861
1005007478549156
1005007479508477
1005006754568588
1005007054320565
1005006348179889
1005007042598427
1005007018886042
1005007099249931
1005007058738333
1005006127444008
1005001936932189
1005007412651548
1005004800097818
1005005007536596
1005005165162118
1005005317404584
1005007428166283
1005007421890024
1005007119802942
1005007089944291
1005007040003888
1005007542318843
1005007479345313
1005007462969863
1005007107470333
1005006019989964
1005006827898349
1005006339912888
1005005530076075
1005004984332372
1005007288037097
32826935769
1005006147048494
33051385734
32824209196
1005006036871447
1005005638046206
1005003064059222
1005002841397908
1005007368426789
1005004982767682
1005004930087736
1005007556503054
1005006838654230
1005006596248032
1005007599609278
1005007389583517
1005007412409853
1005007447879855
1005006258253277
1005005320576789
1005005237597844
1005007340973907
1005007223606035
1005006339937654
1005006959428390
1005006958475656
1005006163610869
1005007519898625
1005006884041743
1005006348362411
1005006410782880
1005002382626840
1005007314937207
1005007258877523
1005006340005591
1005006235142502