1005004298356453
1005007361258200
1005007476947297
1005007044115575
1005006591250044
1005007467931709
1005007166937146
1005005594304069
1005007275222567
1005007023768670
1005005697317680
1005007408888357
1005006964090844
1005005909226574
1005006663473312
1005006711334437
1005007265401431
1005006859109405
1005006871284128
1005007089693771
1005006035437243
1005007273202978
1005007501378308
1005007521302376
1005005526014914
1005003036703787
1005006892396773
1005006126645782
1005006003560996
1005006922846751
1005007379114034
1005005422129152
1005004812822270
1005006462269143
1005006343475217
1005007411132131
1005007556470428
1005007255280007
1005005533239619
1005006916367101
1005003303918076
1005007576775287
1005004966444916
1005005319685680
1005006444798692
1005007538275646
1005005971674766
1005005858631474
1005006356308929
1005006755531466
1005007487960080
1005006463362340
1005007216890460
1005006874849956
1005007311788056
1005006862511513
1005006486903558
1005007036399983
1005005533179513
1005007234873045
1005007577707111
1005006571654216
1005005439581209
1005006297968108
1005007631056629
1005003196171623
1005003113587485
1005007025041624
1005007473301455
1005006861186145
1005005117833471
1005006663530234
1005005301921728
1005007036513698
1005004780509502
1005007204283188
1005006343444116
1005007139685114
1005007081716618
1005006104878707
1005007202011587
1005007402337125
1005006829182517
1005006919550355
1005007026188047
1005006714399396
1005006409078187
1005006442743840
1005006898399822
1005006955461137
1005006554645302
1005007094554631
1005007618463537
1005006238736281
1005006821443621
1005006463159720
1005007619677334
1005006832473619
1005007347764652
1005006756238189
1005007653298162
1005004731954830
1005006090817232
1005007014340098
1005007439632706
1005006641443536
1005007282900799
1005005515056293
1005006744776698
1005007100990778
1005007612976422
1005007634693552
1005007310313752
1005006797701173
1005006672283989
1005007501044103
1005006635683183
1005005913470113
1005006790828054
1005006930989000
1005007216198493
1005005856741120
1005007647746761
1005007610944649
1005007165991709
1005007327959958
1005005850531620
1005007261210403
1005006439904450
1005006852435304
1005001570960027
1005006078427485
1005006969829300
1005003993142816
1005006183002258
1005006494437412
33014404967
1005005997605863
1005006071670428
1005002633132083
1005007323345517
1005006856587528
1005005753283616
1005007045254472
1005005834352458
1005005889733185
1005006363116635
1005007016082902
1005006584621624
1005005869178805
1005001452139599
1005006657902033
1005006384747564
1005005858231066
1005006668352495
1005005940928169
1005007006229624
1005006133276516
1005006599790688
1005007058735638
1005006781873839
1005004423402117
1005005956904169
1005005601041696
1005006148495717
1005006159681034
1005006385398139
1005007334258928
1005005862338868
1005007144777806
1005005447258433
1005005771818122
1005005647885363
1005002028450329
1005007419027838
1005007477067929
1005005913242998
1005006384706738
1005006238721366
1005006990540839
1005006683192127
1005006152516463
1005007595158192
1005006811477582
1005007483944463
1005006140349091
1005006265696641
1005007411099871
1005007342673784
1005007350638216
1005007341490196
1005007217731895
1005007254508226
1005006823064937
1005007383845686
1005003344390666
1005001325047760
1005007288497775
1005007558919478
1005007426016389
1005007159126111
1005006701828643
1005007291630650
1005006879034218
1005006747834945
1005006592900920
1005007556982300
1005006868634264
1005007130154287
1005007353944942
1005007312061661
1005007226873249
1005006420620639
1005007245918947
1005007245574187
1005007436789254
1005006887203582
1005007369733241
1005006017707196
1005007354078327
1005007433130770
1005006320870152
1005007437425632
1005005850332183
1005005867447631
1005006949610492
1005007282902533
1005007345910034
1005006847970912
1005007392212164
1005007003580804
1005003588087006
1005007045440188
1005005215191094
1005007345948538
1005004406918981
1005007513882641
1005006451383688
1005007400571208
1005006787452229
1005006269344340
1005007136463928
1005007355998061
1005007007215572
1005006877792853
1005007161421420
1005007509435147
1005006669853714
1005007383031182
1005006144328356
1005007607493334
1005007051010929
1005007212087321
1005007145814191
1005006912551219
1005002913569710
1005004584752427
1005005485344787
1005007297947721
1005006079626825
1005006825130440
1005007278448417
1005007142391139
1005007374196020
1005007340618654
1005006911123038
1005004489033826
1005006485347660
1005007542274466
1005007107982663
1005006998914473
1005007288163706
1005007528965841
1005006067738620
4000274937519
1005007519610974
1005005338720872
1005007554198450
1005006289001338
1005006951710051
1005001620701069
1005007181915243
1005006716501101
1005007471364709
1005007409406965
1005007415639681
1005006952520837
1005007448031753
1005006317353587
1005007446028633
1005005592753488
1005002240015385
1005006949686304
1005005364460025
1005003091613096
1005006741398801
1005007478135104
1005006810664610
1005002537551524
1005007096646515
1005005841009606
1005006303267608
1005007507825526
4000907211722
1005007369984711
1005006085257135
1005007522693662
1005005730887646
4001016092102
1005005007303189
1005005482890158
1005006436963925
1005006481649572
1005007058565943
1005005869518418
1005006878382478
1005007506667456
1005006863747904
1005006076078745
1005005650865789
1005007000412491
1005007217738858
1005005869561241
1005005921694748
1005007026053042
1005007145857549
1005005491349831
1005006103762745
1005005582625277
1005007257253998
1005005702348732
32802363623
1005007070702263
1005006070678971
1005007369312829
1005007134573700
1005007125485204
1005006336697741
1005007265361458
1005007327261713
1005007493687841
1005006172321617
1005006667524498
1005006753291172
1005007107224428
1005006361158071
1005006567879477
1005007219843368
1005005932307962
1005007114618793
1005006089607863
1005007087330201
1005006291447583
1005007278017455
1005006919978836
1005007578527462
1005006028402735
1005006420676287
1005007538158064
1005007142164483
1005006339086071
1005005977458768
1005007352454346
1005006964613401
1005005869527405
1005007184523442
1005007245828540
1005007250650519
1005007225937321
1005006070676991
1005006994255597
1005007307904071
1005004104333081
1005007379138984
1005006946704141
1005007603158718
1005007585272228
1005006234507558
1005007294554403
1005007374225282
1005007599311556
1005007442341666
4000561860302
1005006760227037
1005007416086878
1005006723105461
1005005812186204
1005007263078667
1005004472529878
1005007308714931
1005006634251428
1005006849018411
1005007477988908
32800840105
1005007342590596
1005007292995131
1005006104280812
1005004581863658
1005006573356893
1005006967477403
1005006896887889
1005007557088803
1005007587358675
1005006164022393
1005006152514559
1005007450091996
1005007641414581
1005007355760370
1005006816825509
1005005830105471
1005005689956735
1005007358612662
1005006847068506
1005005604682111
1005005869504497
1005007373951994
1005007005933641
1005006070828067
1005007389250801
1005007152643352
1005007488736006
1005005867487496
1005006603546981
1005007005084400
1005006443171718
1005006814999036
1005006432508394
1005007625855788
1005005997619897
1005007548694680
1005005062201361
1005007005980732
1005007291928882
1005006338814927
1005007251239321
1005007144777690
1005007301936870
1005006082024167
1005005574340845
1005007587510791
1005007587412146
1005004477600692
1005005713782763
1005005719988724
1005006122357885
1005006070641331
1005006388839674
1005006780805788
1005007373958511
1005007251279258
1005006957668920
1005007562410964
1005007457733241
1005007504279035
1005004187620537
1005007496639051
1005006338925593
1005006948278265
1005006170209967
1005006078469226
1005007516105075
1005007586941592
1005005968754825
1005006482326061
1005005961201205
1005005522446377
4001045724969
1005007587211062
1005007373989331
1005005869448950
1005007006146587
1005007389524109
1005007278013495
1005005867534103
1005006171764117
1005007354636952
1005004653338393
1005007415423340
1005007269986870
1005005921032152
1005005970472601
1005005407669035
32840322467
1005005227803070
1005004864941438
1005005448726414
4000368530639
1005005966898077
1005005769042093
1005004920432859
1005007251250200
1005006331051063
1005004473968392
1005005702438414
1005007291854608
1005005856758015
1005007012630221
1005004339112325
1005006081984253
1005006990496124