1005004045820554
32973522345
1005006835756536
1005005089059041
1005002399932461
1005006313307206
33001761756
1005005868315104
1005005888324696
1005006467598785
1005005966253814
1005006049449195
1005002332292837
1005004187317932
1005003977714094
4001224044017
1005006608793492
1005006520197420
4000551357160
1005006916735540
1005005089019550
1005005094225916
1005002954124603
1005004035237644
1005005779341804
4000695939062
1005003134269553
32846914624
1005006966605642
1005006086215659
1005007167974991
1005006781320630
33025668303
1005004745618407
1005007279692495
1005006990898576
1005006043783271
1005005016223830
1005006260704701
1005005990955568
1005006468146595
1005007081399669
1005005196364882
1005007055935217
1005007300508266
1005006196219396
1005001297495068
1005005407715551
1005005871340836
1005006107528156
1005002450554872
1005005089168555
1005006146640654
1005006590057215
1005004511648846
1005006019847338
1005007318579804
1005006107249173
1005006268229250
1005005854178806
1005006789219872
1005006484485334
1005006116798432
1005005292200291
1005005722651197
1005006427047363
1005006430928844
1005007392553187
1005006144175136
1005007212520087
1005005891350648
1005006343993694
1005006624734276
1005006860722562
1005005038299211
1005006223257898
1005004380462928
1005006379833063
1005006605510937
1005005793142067
1005006515216418
1005001960861765
1005006010336439
1005006906650169
1005007350203748
1005007485466522
1005007487250934
1005007445717512
1005007072013369
1005006435266474
1005007452847541
1005007254333906
1005006583605810
1005007173105675
1005003263625853
1005007446043363
1005004990395939
32875888308
1005007365853766
1005007036316607
1005006851948375
1005004078619269
1005007322391358
1005006458773239
1005007307293200
1005006023186884
1005005687614873
1005006821681043
1005005652845518
1005007219027895
1005005382790611
1005006770465787
1005005849493856
1005005355555050
1005004917666615
32723483042
1005005325817058
1005003546700575
1005002914176351
1005003028310356
1005003028137882
1005003791893668
1005003019175342
1005002931556900
1005005180269905
1005004945739729
1005003014746843
1005003128638721
1005004321331666
1005004255067818
1005002387168176
1005003308464729
1005003528438884
1005005814154866
1005007458905763
1005007440305647
1005007098535857
1005007366667691
1005006787037621
1005007103684403
1005007050444586
1005004945798581
1005007109096612
1005007076988107
1005004027592227
1005007071637810
1005006283993816
1005005972170924
1005007076826973
1005007004111836
1005004027915406
1005003853422594
1005006695467076
1005003116688082
1005003768804081
1005004102717445
1005002885211481
1005003829579963
1005007071503886
1005003578995130
1005005287642282
1005007004726246
1005007470235480
1005006639762262
1005004378686870
1005004463334401
1005006706544889
1005007076479795
1005003567316890
1005007409199241
1005007450068286
1005002833666717
1005007321404208
1005007076545416
1005007468134770
1005007305354775
1005007408212423
1005007051480380
1005006729651389
1005006773927179
1005005131842798
1005007089978748
1005007433094215
1005006707651874
1005004074383803
1005006576310304
1005006981038258
1005007123871280
1005002767094697
1005006853859957
1005006773859316
1005001814688559
1005007304253323
1005007304193773
1005007232862401
1005007232963224
1005007232960263
1005007044171293
1005007040458472
1005005162776780
1005006445329142
1005007488807876
1005004242644084
1005007470273681
1005007082007893
1005006079745930
1005004521780759
1005006766971924
1005004394196946
1005007208728124
1005006741808794
1005005843367812
1005007092331928
1005005578286800
1005007122924103
1005004449065056
1005006306124321
1005006196644305
1005006353162538
1005006822839591
1005004459860740
1005006885512144
1005007183355781
1005005959108513
1005006639765697
1005003587849900
1005006519586007
1005005400264800
1005006792378276
1005006799077665
1005006452096343
1005003898425753
1005006529367163
1005003248826969
1005006444213774
1005005858656692
1005006212882206
1005006826390989
1005006745476867
1005006746232577
1005007095883601
1005006920479191
1005007008860722
1005006511826614
1005007375305616
1005006619698928
1005007011515971
1005004652913708
1005005955994399
1005005687576642
1005004793292205
1005006523287470
1005005245128657
1005007106955634
1005004165635613
1005003580338353
1005001929042931
1005007059424215
1005006235404498
4000318321738
32821580086
1005003907957134
1005006953937034
1005007415865394
1005002546726932
1005005374109187
1005005641475686
4000374186105
1005006867155937
1005007424346025
1005005200914749
1005004936348733
1005006058844151
1005006656326942
1005007395740361
1005004364342477
1005006843969817
1005006781363085
32800186857
4000773854589
1005006161151354
1005005195926987
1005004807166007
1005006105592012
1005001522705067
1005006422084338
1005006225741916
1005005999757764
1005006296932147
1005003843345237
1005007471072527
1005007471353133
1005006247073119
1005006247009018
1005005987082389
1005006246733678
1005007431373365
1005006814119294
1005007396147414
1005006190828467
1005007416865350
1005006877052362
1005006051545884
1005006063718833
1005005732841339
1005005274633422
1005006609148058
1005006864256961
1005004176894801
1005005032221168
1005007351730412
1005005456957471
1005004694787490
4000765679778
1005007261478311
1005006191018049
1005006954145688
1005004712026617
1005007325574553
1005007051598175
1005006156837283
1005007451114484
1005007450761509
1005007437016218
1005006628672923
1005007396128297
1005006576799966
1005007395848217
1005005231152155
1005007367656701
1005006857277803
1005006955874263
1005007051383619
1005006049261366
1005007247078198
1005003463135981
1005005718372597
1005007289390750
1005007154947321
1005004126694766
1005006847127057
1005006847110107
1005004747487255
1005004745854333
32884845434
1005005713362190
1005003064150813
1005003712877016
1005007334597692
1005007489210397
1005007488909489
1005007488904429
1005007488755774
1005007488692832
1005002822339134
1005007488764749
1005007488707747
1005007489013026
1005005653857206
1005007488640970
1005007488919233
1005007488872260
1005007488813491
1005007488796436
1005007488784491
1005007488606814
1005007488856230
1005006705993765
1005007488739512
1005007488627764
1005007488785333
1005003718428489
1005007488695517
1005007488640705
1005007488581764
1005007488703454
1005007488813182
1005007488568776
1005007488835094
1005007488601650
4000269612679
1005001450261303
1005003618214756
1005007487811750
1005007487677985
1005007487939317
1005007370404686
1005007487679780
1005007487995023
1005007487585978
1005005867170285
1005007487659803
1005007487600975
1005007487828301
1005007487805323
1005007487523971
1005007487789203
1005006990426419
1005007487600645
1005007487481757
1005007487448803
1005007487745008
1005007487700092
1005005080796530
1005007487649226
1005007487339915
1005007487607121
1005005352974718
1005007487469434
1005007487422480
1005007487527213
1005005671635765
1005007487253854
1005007487106930
1005007487100627
1005007486990848
1005007487127409
1005006170776916
1005007487005542
1005007486996562
1005007487175049
1005007486842857
1005007471835094
33038683471
1005007470646096
1005007471796194
1005007473289197
1005007465240717
1005007471362334
1005007471462093
1005007472895966
1005006378720763
1005007471407292
1005007471467118
1005006247101487
1005006229207309
1005007460074621
1005007459701192
1005007459213940
1005007447247181
1005006717575676
1005006182812467
1005007333289411
1005007297840405
1005006824896897
1005006948649816
1005002293133508
1005007140213974
1005006991263081
1005007027701050
1005007081437050
1005003315991971
1005006684536006
1005007210815171
1005004079067642
1005006001469458
1005006370947942
1005006235276948
1005006297437757
4001227498962
32857080108
1005006195136733
1005006582897562
1005006625943747
1005007462294792
1005004545002217
1005007182283749
1005006487011841
1005006805620069
1005007089345975
1005005865278540
1005007380163474
4001123552846
1005004964115702
1005006356061971
1005003761348417
1005004140112235
1005007416385278
1005002511110162
1005004161411264
1005007122285340
1005006277162922
1005006838484063
1005007109472326
1005006874010849
1005005851596605
1005006991370924
1005005575849320
1005007151857725
1005006321555648
1005002388984035
1005006242334150
1005001785942433
1005006998956312
1005004397429504
1005005530639145
1005004127814638
1005006728235786
1005005350432646
1005006069715398