1005007072207560
1005007491435683
1005007247182879
1005007619298187
4001048165837
1005006258775505
1005007342702558
1005006760854887
1005007557307136
1005007188791107
1005006997696395
1005006955364207
1005004007341999
1005006434476168
1005007295320374
1005006953183817
1005007448913569
1005004247507176
1005007212210066
1005005953519104
1005006328089814
1005002026455712
1005006915431017
1005003507316415
1005005176455998
1005006317662258
1005006494359237
1005002617504346
1005007365589791
1005007246619303
1005005749265139
4000150440638
1005002953378414
1005004433779145
1005005739393259
1005007222072092
32807168771
1005002865051082
1005006332383887
1005004171530596
4001103682692
1005006170979387
1005007227108627
1005006738269969
1005007445326576
1005006071947162
32946445704
1005004654274464
1005006176267700
4000652012066
1005003205543210
1005007206461380
1005006529009089
1005004739272092
1005003285280111
33001325042
1005007404456089
1005006703578913
33006493065
1005006035022774
1005007262102318
1005003338760491
1005003687839556
1005005679768480
1005003989485525
1005005245313129
4000776632101
1005007134715735
1005007189053267
1005005952043262
32950024749
1005006933981629
1005006466292758
1005004854701517
1005004414152958
4000298676501
1005006728753880
1005004523261193
1005006112853907
1005002908368234
1005003645363954
1005007533199194
1005003889216206
1005006768860169
1005006664239497
1005007180104051
1005007272495911
1005006126774876
1005007432372779
1005006407738508
1005006115290675
1005007031216709
1005007114703475
1005005829988211
1005006510575699
32847198095
1005005541178728
1005001460294809
32799689444
1005005983344938
1005006301973004
32863143184
4000485949090
1005007022629574
1005005273510695
32868892630
1005006018654946
1005006164718998
1005002738791317
1005007127461737
1005007442394882
1005004515672423
1005005185574754
1005006294243973
4001024777799
1005006574510084
32880629753
4000103950162
1005007377829802
1005006541075588
1005007385887213
1005006894241049
1005005266634038
1005006891281896
32881937205
1005006855343247
1005006991225876
32968547888
32793022759
1005007157961807
1005004647881493
1005006327099214
1005001706136837
1005003395715975
4000118821643
1005007480380363
4000751421750
1005003333414733
32864562620
1005006213331715
1005007138901418
1005007046937369
1005004784669834
1005003753208119
1005002232047494
32856786388
1005003223835223
32960189388
32763913632
32890389529
1005002929170975
1005006492380551
1005003750080864
1005006057726784
1005005998192799
1005005096734121
1005003188441688
32687208094
1005003533597026
1005007272983936
1005006439169150
1005005819512695
1005002839897053
1005004810267155
1005005270251878
1005003129385144
1005007045766964
1005006685173752
32794029167
4000130102911
32947419452
1005004509236930
1005003666615685
1005004299615669
4000203130299
1005005842052280
1005004281347687
1005003051615614
1005007044573880
1005001280059830
1005005126346781
1005003666351073
1005001633829453
4000731252421
1005003635218801
32966084422
4001035732049
32896688700
1005005254731723
1005005102416922
32790617797
1005006194482320
1005001525449676
1005004916790152
1005003038830250
1005001894425615
1005007309779525
1005006565997048
1005007211591888
1005005572272967
1005006085330902
1005006011619816
33026634293
1005007610377795
1005007538690632
1005006691035187
1005004236085529
4000026309858
1005007392070217
4000046966027
1005007167492768
1005006490131506
1005006345027689
1005006345787831
1005006246816988
1005006692240572
1005005806774237
4000808377987
33024383846
1005006608767874
1005006734218653
1005006530808861
1005006918420742
4000523561200
1005003814553030
1005005042751988
1005007211266135
1005007426296962
1005003754770036
1005006884488482
1005004828950177
1005001409658065
32793262460
32854430336
1005006712839183
1005004764115207
1005007494422448
1005006547052075
1005007268806579
1005007568958120
1005001787334130
1005006827741716
1005003505852661
1005006897013036
1005006612693504
1005004223045191
1005005306181828
1005007487677898
1005006783872232
1005007384865090
1005007494591534
1005006770470437
4001045155740
1005006961534844
1005006696269321
1005003177105034
1005006549178561
1005003847665130
1005007480438110
1005006211530749
1005006780664482
1005007257156101
1005005683020147
1005006495975390
1005007003178958
1005003717460781
1005007392737444
1005006821824027
1005003483507834
1005006998707047
1005005826323356
1005007223154577
1005006030375101
32823714377
1005005945496978
1005006614258409
1005004236202372
32961838176
1005006730113269
1005007021727463
1005007088208823
1005003931293316
1005006444106469
1005003502013746
1005006833367261
1005004278197628
1005005945607342
1005007271067319
1005005152249267
1005006170352025
1005006267587086
1005007294709157
1005007025991869
1005005482701571
1005005545318366
1005007116112046
1005007188976731
1005007026200064
1005007226464187
1005006579335468
1005006766497914
1005005945588452
1005007233293116
1005006579137526
1005004156306574
1005006539865597
1005007115688849
1005005278022331
1005007115902474
1005007523700581
1005006745890790
1005007615869420
1005002070842462
1005005736851340
1005006987731215
1005006389969928
1005007616049654
1005007439347478
1005005759441667
1005007115662829
1005006973959427
1005007115821611
1005006444198062
1005006967098901
1005006745871764
1005004710534178
1005004156368430
1005004710482832
1005004705971400
1005006989105822
1005005564920894
1005006097979697
1005006010550661
1005006579502189
1005007271050045
1005006143290322
1005004182857797
1005007171301630
1005007199451368
1005007629398067
1005005945668022
1005007629245184
1005007534260632
1005007534588205
1005007116026200
1005005565075139
1005004558961397
1005007458746807
1005006579128751
1005007199458942
1005006861018468
1005004558997449
1005007066520649
1005003663050956
1005006856467571
1005006861003882
1005004158119937
1005006143265447
1005007116092080
1005007518572556
1005006143273347
1005007051029731
1005006819584147
1005007629744746
1005007452778565
1005004710478829
1005007323736280
1005006751351301
1005006860240714
1005004793311715
1005007079579185
1005007563218058
1005006860982540
1005006712224467
1005007239618685
1005005837910209
1005007561140581
1005006444203050
1005007115750775
1005007115973304
1005007629232299
1005006098076298
1005004710498595
1005006860305641
1005007631854071
1005006665298946
1005006444153225
1005006443999038
1005007065034408
1005006143297261
1005006055330661
1005007631900235
1005006142980305
1005006143216622
1005006860672147
1005007377066067
1005007537229858
1005004470121950
1005006143323047
1005007516580156
1005007535018642
1005007515483496
1005006055565202
1005005837313992
1005005945641199
1005007138428839
1005006098128006
32692272642
1005004575535344
1005007513276137
4000922843655
1005007199540247
1005007459862749
1005006819893227
1005005100500719
1005006751956230
1005005945567609
1005007319342195
1005007364058279
1005005945624254
1005007197607504
1005007199672586
1005007161046036
1005007623382117
1005005945666026
1005006734399852
1005006055851700
1005007181963394
1005006305249504
1005006523571692
1005006444124399
1005007363916278
1005007115969270
1005007116011229
1005005837736804
1005007138396985
1005007003198473
1005007115818658
1005007116055138
1005007167963944
1005005945593398
1005006143258453
1005007533160422
1005006193446692
1005004710502706
1005006143222581
1005007571779620
1005007571850461
1005006080319376
1005006263397878
1005006860340375
1005002920915595
1005007536006704
1005007533105339
1005007623272609
1005007035486956
1005007623140864
1005005945621260
1005007459964285
1005007562901802
1005004574604421
1005007562882904
1005006444001980
1005004680052495
1005004772372193
1005003655593693
1005005993719941
1005005945602375
1005007065293105
1005007572009084
1005007324976537
1005007307361425
1005007504904646
1005007220866193
1005007636265037
1005005945517870
1005006142907730
1005007505854108
1005007239627827
1005006166300874
1005007533826912
32881005626
1005007615982178
1005003351914677
1005006854517683
1005006443984971
1005007169042104
1005007002732237
1005007115998298
1005007596049050
1005007626057275
1005005905245888
1005007647259775
1005007647172277
1005007211316760
1005007458739865
1005007646905271
1005007613536360
1005007615949349
32480371784