1005006393143961
1005006890493700
1005003423536954
1005003905556337
1005006994248146
1005007485221983
1005007102139430
1005006851504535
1005006345693837
1005001596603515
1005003815008887
1005007527489259
1005007391231549
1005004504705937
1005006005337136
1005006471328989
1005007168133757
1005006005208879
1005007210194208
1005005324098885
1005007530491588
1005007242637398
1005007293934762
1005003965130888
1005007535884535
1005006782893683
1005005562502944
1005006831835570
1005006144251695
1005004907257579
1005005362198504
1005007298379369
1005005870693294
1005004673290985
1005007461243557
1005007591909072
1005006782800951
1005006963069096
1005005888135159
1005007485610023
1005004473711236
1005007122034816
1005006329726928
1005007485230986
1005001933188144
1005005700620717
1005007463902275
1005006269294611
1005007431303411
1005006620626175
1005007463799391
1005007349505141
1005006678286633
1005007309280131
1005007103565493
1005007250887880
1005006678462080
1005005362198335
1005007121513697
1005005269760261
1005007107920344
1005007118787272
1005007103481095
1005007349235328
1005007522840303
1005004892831708
1005007076745479
4001086075331
1005004892835742
1005007393237888
1005005136701555
1005005726980190
1005006443115900
1005003913931013
1005006457633881
1005004970019906
1005007345389913
1005006994807514
1005007118320994
1005004972668493
1005006834697350
1005006851384386
1005007401412071
1005007103238206
1005007485310755
1005007401132514
1005007334258735
1005001932954722
1005005932731650
1005007461059888
1005004428592440
1005007403171998
1005004892778856
1005007349507018
1005006168791243
1005007187762921
1005003598744288
1005004289711215
1005006962769680
1005005582236282
1005007403372346
1005006771843612
1005006467822995
1005005700678444
1005006169557297
1005007084442048
1005007367717987
1005007627538789
1005007272767535
1005006386419892
1005004834039978
1005007586491737
1005005310438502
1005007257231380
1005007084117956
1005005505161360
1005007209874495
1005007338681541
1005006467089393
1005005830303878
1005007309845117
1005007121815302
1005007576883500
1005007271727835
1005007308860869
4000770332452
1005007532040053
1005007195013106
1005005726835712
1005006646892764
1005006437085241
1005007540027086
1005007450367670
1005007464012034
1005006578948301
1005004483826090
1005006957245353
1005007432728712
1005007403398028
1005007022787766
1005007401394049
1005007386944778
1005005261516811
1005005700572826
1005007110480833
1005004892828212
1005001596163784
1005006965758160
1005005762854897
1005007629498658
1005007293074390
1005007227012063
1005006965946835
1005007530565883
1005007272732775
1005006420201721
1005007128523886
1005005515548537
1005007300998620
1005004674416897
1005006373816151
1005004834266108
1005007447084254
1005007359980205
1005007352368765
1005006279083987
1005007211034610
4000054111913
1005003589386137
1005005909696682
1005004182997018
1005007354065032
1005007562344660
1005007390161586
1005001941454738
1005005226140256
1005004669752149
1005005215542107
1005003937526427
1005001290086123
32558213077
1005003381876075
1005006464547539
4000781628776
1005005726911454
1005007442835026
1005007249867990
1005007485555633
1005005844745524
1005007349365030
1005007403154980
1005007403280671
1005005700655169
1005006899116823
1005006975035680
1005007349660652
1005007461536148
1005007390151487
1005006912055882
1005006843756856
1005007390019863
1005007291512609
1005006068261228
1005003068469110
1005005222133514
32817068611
1005006740437137
1005001868768006
1005007669292287
1005007668868640
1005007684895989
1005007669241439
1005007674994093
1005007699502907
1005007721538006
1005007793038709
1005007788647897
1005007788412444
1005007781753991
1005007676565703
1005007714987262
1005007759033148
1005007773456285
1005007773263775
1005007773535017
1005007773434350
1005007777026357
1005007775708907
1005007775944101
1005007682596736
1005007689916591
32878588053
1005007368144453
1005004287803957
1005006412072310
1005007577266598
1005007349851194
1005007407842760
1005005515554397
1005007445767394
1005007773336635
1005007773420315
1005006174249721
1005003912823412
1005007361691976
1005007207690310
1005005925191690
1005006997329549
1005007420582255
1005007464012120
1005007458626318
1005006026615759
32976262099
1005007135377018
1005007349781367
1005006438435260
1005006870729377
1005007545761510
1005006912290182
1005005302926451
1005007107173598
1005004287823193
1005006291927263
1005003080937857
1005007450254961
1005006027229173
32976186946
1005007393195922
1005007131392028
1005006995527764
1005007118442434
32879890827
32761597507
1005006895233003
1005007614499590
1005007115801191
32581879998
1005007085296362
1005006921658027
1005005389078922
1005007657173351
1005007266271889
32762372341
1005006885555128
1005005389098282
1005007663150266
1005006027154119
1005007530431262
1005007508121644
1005007115675579
1005006134704934
1005006265075720
1005007115343716
1005006192131663
1005006353818498
1005006191997720
1005007654790553
1005006067205902
1005005932817086
1005006112406079
1005006548013513
1005006112456748
1005007083842465
1005006466967792
1005005978126894
1005006112968587
1005004686615527
1005007668594752
1005007783403676
1005007214869776
1005006856304757
1005006783076114
1005007329596448
1005004986637593
1005006815703382
1005002746013901
1005007054987640
1005006113370985
1005006955390088
1005007368440110
1005006379231599
1005001604371577
1005002670393961
1005002085191612
1005005047848628
4001152935119
1005007282817063
1005005393380544
4000465421911
1005006237417905
1005007258173872
1005003348082199
1005006105731221
1005005610924491
1005005453560779
1005006733679885
4000061525006
1005007368107313
1005006680011427
1005002542331943
1005006636437650
1005006404287659
4000223680571
1005002220399348
1005006271105455
1005006117669911
1005005727094397
1005005562461427
1005003504623642
1005007186588903
1005005959911233
1005006422829659
1005007289834870
1005004438460254
1005004894331689
1005005105191788
1005004941536154
1005006479467252
1005007289299617
1005005976604900
1005006334601342
1005007418700045
1005004680685456
1005005908346930
1005005209828163
1005006014004510
1005006022500067
1005005710038680
1005007131805463
1005005622723598
1005006439235891
1005006966864430
1005006544758040
1005005277216034
32828221778
1005007142612389
1005006407867706
1005007392131448
1005005972729717
1005005930857036
1005001763049154
1005005839727548
1005006358605371
1005006472928868
32902629836
32901919966
1005007185543310
1005005976418701
1005007468322429
1005006202573229
1005005955927386
1005006437091259
1005007317249628
1005007336434044
1005006059874122
1005006043752439
1005007457694626
1005006160767755
1005007149216463
1005005042804009
1005005990037847
1005006813498170
1005007269443417
1005005744490303
1005007442573016
1005006326522244
1005006952896528
1005005966279594
1005001500904775
1005005060553216
1005007445922076
1005006016975776
1005005400149086
1005007426177373
1005006449018186
1005005368253578
1005007144879304
1005006385717088
1005006117821172
1005005615690845
1005007383510479
1005006123269329
1005007062066063
1005007033091362
4000958328780
1005005797502271
1005006366784384
1005005955020817
1005005767790394
32843806824
1005006755701023
1005006116212233
1005007336425888
1005007352204489
1005006761037686
1005006394622528
1005006109008839
1005007544342082
1005006016558198
1005005965635997
1005004204422168
1005006638684942
1005003936857581
1005003066373299
1005005270116756
1005006820268810
1005007062038859
1005004822827188
1005006652331898
1005005058519522
1005006306530072
1005005134694986
1005005925007818
1005007270900817
1005007129931140
1005004497939177
4000589318625
1005003762741835
1005004659863838
1005006661409487
1005007433766709
1005007039458308
1005006082217496
1005007330462089
1005006954066004
1005006756960019
1005006747070253
1005005709284315
1005007613986590
1005006949506314
1005007265388321
1005007377770984
1005002572579658
1005005826178819
1005004432227462
1005006845614185
1005005582903407
1005002255063512
1005006396002890
1005006488714377
1005007143379350
1005006793014754
1005005881763736
32904047899
1005006108863003
1005007335443843
1005005417883255
1005005667071925
1005004697952350
1005007225938870
1005003738082757
1005005771485637
1005004927568497
1005005816079555
1005007260472609
1005006080610107
1005006766329726
1005005218330462
1005006244915626
1005007455175941