1005007345707347
1005007472478766
1005006466565252
1005006724048576
1005007509074706
1005005905443832
1005006607863108
1005006493580331
1005004309748961
1005003236564827
1005005105561728
4001161939901
1005003670917659
1005001450687993
1005006648195827
1005007638137350
1005007367822034
1005007509202309
1005007563226842
1005006860973473
1005007518483913
1005006357551688
1005007630392378
1005007605839527
1005007616128832
1005007474072449
1005007128365784
1005007572870982
1005007085311964
1005005853771870
1005004199224712
33005905751
1005007378141899
1005007472611375
1005005596263247
1005007307486760
1005006410903653
1005007545757114
1005007573788590
32816707896
1005007258575643
1005004921453708
1005006889198731
1005007586993168
1005004698141810
1005007581137760
1005007358090121
1005001586181947
1005006777267632
1005007353986445
1005005611885191
1005005105513684
1005007000438962
1005007307527455
1005006072926288
1005007408119538
1005006692685740
1005006259051072
1005005792059595
1005003155930289
1005006727267078
1005007544267139
1005006524084887
1005007296345278
1005007519110037
1005007475145170
1005007509325013
1005007488487510
1005006782934406
1005006777855327
1005007212026674
1005007601415176
1005001813498948
1005007176896538
1005007425424389
1005006037794836
1005007432568217
4000786794901
1005004633997401
1005007176873574
1005003319748051
1005003102782409
1005007621460236
1005007179102998
1005007426805266
1005007359381889
1005005519810685
1005005940318860
1005005047966789
1005007487631954
1005005326991813
1005007307052245
1005004523590612
1005005682525252
1005005400304691
1005006440550636
1005006560130585
1005006834023818
1005006833469113
1005007335905160
1005007544052752
1005007295862799
1005003277683420
1005007387679648
1005006953124212
1005007509077706
1005007321416584
1005005525742148
1005007296518139
1005005816148753
1005007470089920
1005007488233925
1005007618131717
1005006782770814
1005007509068735
1005007457896655
1005007425454096
1005006814137728
1005006771910288
1005007637009089
1005007573775641
1005007626017668
1005006860952552
1005007653960282
1005007137883239
1005005481535339
1005006037715344
1005004635278937
1005007582075647
1005005925665265
1005007509120602
1005007224014165
1005007486471469
1005006384722729
1005007155921469
1005007616410313
1005007609714454
1005007518022537
1005005336027523
1005007511441789
1005004937797235
1005007492185125
1005004986533290
1005006706352579
1005005001895306
1005006829255523
1005007243631135
4001277546477
1005006623679507
1005005973751106
1005007359610417
1005007364838955
1005006440550774
1005007300541980
4001199477785
1005007308326676
1005002237982370
1005007460779602
1005006519578736
1005007394145011
1005007618464652
1005007629968298
1005007573834558
1005007535299960
1005007509242177
1005007358554045
1005006699378223
1005007648755688
1005006727213389
1005005096408077
1005007279551629
1005007084415187
1005006308362894
1005006283931117
1005005335915052
1005007582174270
1005004639305548
1005007492200093
33023394727
1005006727447065
1005006699412486
1005007226008329
1005005940308844
1005007566494685
4001320766036
1005007505992914
1005006909589826
32693503097
1005005089203131
1005004934245990
1005007283304323
1005005114711277
1005004189001604
1005004462195616
4000095007146
1005006876967786
1005006346132736
32907448402
1005007019089767
1005007605351176
1005007341263605
1005006727289157
1005007618606024
1005007406412059
1005007239228826
1005007489512472
1005007360291650
1005007509094712
1005007573655910
1005006037920004
1005004681992136
1005007509020721
1005007586727952
1005003107557978
1005007522318793
1005003509631802
1005004937743363
1005006982610244
1005004455457528
1005005956474838
1005007009936220
1005006064370467
1005007418137815
32804877961
1005006699500245
1005005532481821
1005007244584879
1005007302175672
1005007653375161
1005007308119856
4001104922282
1005005963239150
1005006411893854
1005006719662964
1005006777044707
1005007300457915
1005006168850206
1005006424924505
4001320580941
1005003395248412
1005007307572230
1005007599879870
1005005187801538
1005004766590642
1005007474853742
1005006447669730
1005005784839230
1005007444407317
1005007518656745
1005005976499313
1005004583499865
1005004941856437
1005006417422790
1005007535730002
1005006679942622
1005007415436772
1005007360303080
1005007490041330
1005007509218246
1005007509054693
1005007573928346
1005006037902140
1005005383764265
1005005122381202
1005007039038922
4000114059236
1005007460208569
1005005823024093
1005006346202392
4001242165723
1005007516596919
1005005115157973
1005003684296707
32853670297
1005007488632502
1005006876452423
1005003518672830
1005006692817329
1005007626067319
1005002895413425
1005005064354098
1005006224524700
1005006283859418
1005007530706212
1005007488770729
1005001809773126
1005006699537141
1005007650740589
1005007387754218
1005007004191228
1005004022560110
1005007535407846
1005007299533257
1005007335639937
1005007551878155
1005001343128655
1005007041250355
1005007618047566
1005007639409732
1005007643552098
1005007452246954
1005007508984774
1005007574020040
1005007626074317
1005006037613906
1005007518039375
1005007378160668
1005007649484895
1005005039119060
1005005861140676
1005004096911669
4001320737250
1005007479000129
1005006475090430
1005007047076403
1005003148992035
1005006230311429
1005007375613776
1005005462070420
1005006793328436
1005007285413689
1005005377503272
1005005042052231
1005007650667763
1005005401679795
1005007349268503
1005007485014921
1005005335414207
1005006363995781
4001119954965
1005006372906707
1005002390196872
1005007002180588
1005006949256747
1005006224639013
1005006860906634
1005001602388841
1005003010240015
1005005610934151
1005007450349729
1005005519856686
1005007576459564
1005007441259282
1005007509278151
1005007165040833
1005007573833536
1005007509213271
1005006728787548
1005007111824325
1005007432253043
1005007415475338
1005005846757657
1005004182934930
1005006725415670
1005002950580391
1005006315008358
1005004988861936
1005006035517722
1005005536562473
1005005806530976
1005006837924415
1005005429767535
4001320667779
1005007050680310
1005007001191605
1005003010256321
1005007535635376
1005005222276323
1005007377924577
1005007643348872
1005004328721959
1005003240337787
1005005768635132
1005006607267811
1005006406897386
1005007573050959
1005007603784640
1005006466217905
1005007450538307
1005004150347427
1005001650378408
1005003010275744
1005007650881149
1005006699537060
1005007429553031
1005007511348484
1005007563550250
1005007509008787
1005007509159479
1005007611240273
1005006471296851
1005007626034362
1005007349739250
1005006996399760
1005007372486413
1005004251862415
1005006509159945
1005003924510197
1005006703869308
32815108829
4001320659874
1005004988078771
1005007422123602
1005007652552389
1005007633954940
1005005540200268
1005003009321371
1005006719769514
1005005144882410
1005003009323295
1005006035478987
1005007442412153
1005006699334628
1005007353865040
1005003760779285
1005005821012382
1005006719888171
4000105390104
1005007300578969
1005004251743564
1005005874258115
1005007474011398
1005004211695887
1005005412475202
1005007470679233
1005004445030116
32898240215
1005007080597169
1005007041464226
1005004495491854
1005007617824433
1005007465651932
1005007509042810
1005007165015849
1005007509040784
1005007573723746
1005007518075284
1005007372717059
4000062908780
33021244946
1005003009527691
1005005536607089
1005007041540219
1005005708038545
1005007485066028
1005007328435516
1005006692805343
4000782992539
1005007168356255
1005005335732883
1005006607742027
1005006494299063
1005007053736770
1005007136633866
1005007370473426
1005007650932052
1005006621343200
1005004183894972
1005004665933381
1005003748930980
4001052959922
1005006283948100
1005006692739403
1005007475528490
4001145305164
1005006623456703
32856280401
1005007361530209
1005002237965500
1005007040933976
1005006278014363
1005006623772044
1005004495486355
1005003148983274
1005004148619877
1005007605730787
1005007452522400
1005007509147568
1005007509178389
1005007573914358
1005007378478278
1005001768429715
4001320774080
1005003009142466
1005007166954630
1005006699350633
33007430121
1005007533226047
1005006623367680
1005004029620298
1005004350662254
1005007457322358
1005007545223389
1005004868543323
493295102
1005006057733585
1005006491208670
1005006283923263
1005006099828197
1005007043854922