32827823516
1005007337763651
1005006172336551
1005005425129357
1005006441349029
1005005065358057
1005006370845444
1005006891442785
1005006893327206
1005007471489786
1005007471524726
1005007471637705
1005007471919003
1005005449923323
1005007471579503
1005007471561750
1005007471749160
1005007471667545
1005007471676408
1005007471643671
1005007471529682
1005007471426645
1005007471540584
1005007471667646
1005007471411974
1005007471742436
1005007471886182
1005007471740525
1005007471554524
1005003291850506
1005007471601571
1005007471674304
1005007471909174
1005007471613596
1005007471544521
1005007471966078
1005006907470396
1005006907550077
1005006907528002
1005007457564516
1005007363196606
1005007363158611
1005007363245155
1005007363029536
1005007457730930
1005007363563090
1005007471865218
1005007363022647
1005005077538832
1005007363421537
1005007362891418
1005007362793942
1005006342213708
1005007362841472
1005007362753908
1005003299710267
1005005757485090
1005007101976047
1005007101920140
1005006595384715
1005005922167273
1005007337497304
1005006892832996
1005006918924261
1005001993153815
1005006893196165
1005006539283775
1005006908917423
1005006893089653
1005006551126114
1005006908091005
1005005858345318
1005006909020073
1005006908965413
1005006892791592
1005004284409219
1005006889743181
1005006893255364
1005006550931330
1005007279397961
1005006889500713
1005006918946160
1005006889698544
1005004337299398
1005006893195263
1005006892600954
1005006893234643
1005007412969197
1005006550692970
1005006892709690
1005006893170714
1005007384263189
1005006893162616
1005006893159105
1005006893122619
1005005762477349
1005004956045642
1005004964558666
1005006449780377
1005005828347182
4000695509345
1005007392855831
1005006166226287
1005006040042049
1005006550952584
1005004737965441
32834274231
1005005920136999
1005005849517246
1005006713724017
1005005858238652
1005004084544708
1005007020686857
4001059023989
1005007408008653
1005007413209545
1005006145094193
1005004571135927
1005007377788510
1005007319498646
1005007385868030
1005007363611783
1005004957767007
1005007436851991
1005007398923407
1005007089764481
1005007399134553
1005005613849937
1005006921594968
1005006525945207
1005003269210122
1005007355611848
1005006943635650
1005007286855694
1005003638927029
1005007329079326
1005006969298811
1005002662312069
1005007089340383
1005003806478589
1005006906298088
1005004864137103
1005005178202401
1005005396443577
1005006341077163
1005006942809940
1005006123885745
1005006869136213
1005005974208803
1005006123165371
1005007308917820
1005005502804346
1005002565727465
1005006425719443
1005007446741314
1005004333495800
1005006984966827
1005005512116004
1005003069080806
1005007330578699
1005004523236588
1005004504273833
1005007425012631
1005005974242337
1005007434192717
1005007393708853
1005007427149277
1005007431598689
1005007463343980
1005002491125341
1005007475578231
1005007451862881
1005007274523634
1005007474994179
1005003605410139
1005005265498060
1005007252576414
1005005980218553
1005001733568362
1005003776941552
1005006349188755
1005001733611243
1005003417289003
1005002085967225
1005007447335452
1005007418296737
1005006891047159
4000179394403
1005007250820300
1005003986608249
1005002977906454
1005004265485453
1005007454777873
1005004670472313
1005007476212743
1005004412082447
1005007456352087
1005007384577292
1005006813257076
1005005847369501
1005007386816364
1005007243083848
1005005521072696
1005007368351945
1005006658987987
1005005356325811
1005006097892756
1005005598726384
1005005271539733
1005002389370668
1005002599559148
1005007205011543
1005007176760604
1005006140436483
1005005806509858
1005007440618662
1005002599541254
1005006279598211
1005006568591253
1005005825065422
1005003388001243
1005005820156650
1005006161587805
1005005467525223
1005006305960169
1005006285001595
1005005219298904
1005005274717196
1005005692660066
1005006457558784
1005002588907986
1005007369307935
1005007004857010
1005005074589179
1005007016881610
1005003781677339
1005006620513995
1005007187931243
1005005784699892
1005006755440116
1005002848068968
1005006327062490
1005006090897973
1005003282548427
4000382047477
1005007087891856
1005006430397441
1005005768611289
1005004877894893
1005006857391501
1005006625033782
1005005271619340
4000211117778
1005006694100520
1005006622276135
1005002565802531
1005007125988108
4000805059631
1005002655538718
1005005616165028
1005007368255533
4000191640601
1005006831102788
1005006253820163
1005002440542185
1005002740920039
1005003417218383
1005003441321680
1005005787203393
1005006172248089
1005006766712000
1005003398328084
1005006770742427
1005004425155695
1005007128920207
1005005870897358
1005007312346524
1005006140149824
1005003510618072
1005005125051377
1005004271219950
1005004648737131
1005005570643879
1005003678707644
1005006841617622
1005006703253467
1005006071132149
1005006207871688
4000756420657
1005007078289060
1005003366406740
1005005873342387
1005007272640854
1005005466287449
1005005436721363
1005006349593790
1005006659704519
1005006425253119
1005006857604116
1005007294801876
1005006413465044
1005004314817776
1005006681924430
1005003406500743
1005005910378093
1005007163190093
1005006961629372
1005004756325395
1005006312808384
1005006102829981
1005007287274601
1005006856257262
1005006613796311
1005006047143214
4001080853565
1005007459082727
1005005838168413
1005005262614141
1005003197595680
1005006287850050
1005006359130189
1005007459271149
1005003634981529
1005007300946525
32956820733
1005002636374461
1005006911986321
1005006594644469
1005007401892081
1005006596548974
1005005321722905
1005004721624298
1005003235092970
1005006186568383
1005006832671922
1005004974310057
1005006728807632
1005006456927961
1005007137331933
1005006198016768
32952520626
1005005721026933
1005006195068747
32950815145
1005007310145819
1005006115030092
1005007266365756
1005004313098122
1005006839209969
1005007301130795
1005006682600175
1005006384484746
32852024977
1005007224942739
1005004761165362
1005005575100166
1005005871004935
1005006467823295
1005006692965061
1005006961255516
1005002681221326
1005007340330046
1005006189297245
1005006860487096
1005007149988340
1005006262128604
1005003097276565
1005005075816681
1005002877119074
1005006888245422
1005006734552631
1005004272217575
1005006363962380
1005007088769969
4000975448157
1005005921172772
1005006415197962
1005005857111931
1005005891062444
1005006269318686
1005006472390911
32944153662
1005005257444438
1005005433661995
1005006783915422
1005006119123558
1005005195903827
1005005833176707
1005006784648902
1005006732432527
1005007087215995
1005005622132478
1005007359385759
1005005219686007
1005006854730178
1005004901442970
1005006877994925
1005004422206597
1005006777392077
4000132428829
1005006907080904
1005005872004409
1005005368199065
1005004370157217
1005006020271867
1005006648827649
1005006226863067
1005005068439561
1005003156856061
1005005844673994
1005006097026439
1005005275408175
1005005382346365
1005005861537238
1005006379593929
1005004246460555
1005005105315827
1005006007283043
33001037816
1005003193283016
1005007390126217
1005006608862882
1005006341140149
1005006267356437
1005005286981479
1005005851472405
1005006685986479
1005006148166155
1005005701876828
1005006974935662
4000072142969
1005001998109129
1005007441789624
1005006318245963
1005002631403600
1005005676105802
32712181436
1005007341207187
1005006648945113
1005003133486857
1005001848197168
1005005236482839
1005006310666416
1005004719224044
1005004712731077
1005003199568431
1005006024317882
1005007438076970
1005003400656263
1005007437588272
1005006645245288
1005006131348020
1005007162883514
1005005050910196
1005006335740877
1005005492426881
1005006440787575
1005005925874175
1005006157114335
1005006386286406
1005006390246058
1005006290836769
32842961560
1005006221127532
1005006508108223
1005005842772534
1005006641319921
1005006833969549
1005007340739274
1005007173442378
1005005987731212
1005005991604479
1005007125521127
1005006060407011
1005006495994979
1005006220411791
1005006861588763
1005003156833639
1005007135745995
1005007202466645
1005001833733792
1005004931108193
1005006081197120
1005006467304991
1005002990379916
1005006200591120
1005005979080137
1005007038490316
1005006958408383
1005005913333746
1005006609898572
1005005850744821
1005005193005049
1005003324051385
1005005606477306
1005006024321748
1005006494129292
1005007008917740
1005006165596885
1005006139892119