32891375914
1005005685537898
4000283055420
4000009677106
1005005335747296
1005006431171797
1005004583294793
32321532671
1005003784501799
1005005164050438
1005003759888193
32860206740
1005005561451775
4000510954844
1005006136003396
1005006235527085
1005006899719240
1005006073179066
4000136147480
1005005020640876
1005003659211593
1005005275518014
4000694492241
1005007218515856
1005006913227309
1005005510693879
1005004125965530
1005004505363365
1005006736321118
2046304431
32826252934
1005003866449551
1005003904650320
1005006918676464
1005005506697491
1005005427123150
1005002630433093
1005006554987445
33003051185
1005006861068020
1005007318534161
32863514595
1005007353813423
1005007327789905
1005004225824439
4001293902427
32919307238
1005001809423420
1005004063969470
32587314030
1005005480877607
1005005271980076
1005005288313283
1005005822421550
1005004327780742
1005005106696960
1005003824328185
4000036157014
1005005057121862
1005006091541325
4000039165929
1005007078221185
1005005079342069
1005003856577386
1005003777498677
1005003797594406
1005007218205645
1005006960189424
1005003602395850
1005007646558294
32776467241
33043106417
4000117396868
1005004624611779
1005006812106407
1005007038445026
1005002746663090
1005005355030052
4000893716465
1005006207058423
1005004568046382
4001019454288
32311595667
1005007340645472
4001268066180
1005004067304643
4000809050656
1005006053525887
1005004067298758
1005005004869607
1005005532900077
1005005521358416
32697791278
1005004089578655
1005003773804212
1005002598663183
4000077983585
1005007257372535
1005004755665126
1005001648600886
1005004759421072
1005004063568894
1005006717704136
1005005177861563
1005004419148142
32671477727
32918370402
1005003571751860
32830093132
1005006963301057
1005006524473646
4000144688582
1005006404120857
1005003854904067
1005003797521530
1005006282812982
1005006884931198
1005005814225555
1005003586874254
32944466764
1005007038755352
1005007015389168
1975994435
1005004094416755
1005004091847224
1005004067279941
1005002656028647
1005005109264376
4000917231775
32769443294
1005004088872590
1005006003074969
1005002910762361
1005006685549615
1005001843983738
32956211147
32858949297
1005007548630564
1005004741945761
4000817356157
1005005075375551
1005007102987390
33014894440
1005005189407133
1005007078227510
1005004225532319
32886427636
32243186333
1005007118220775
1005007539647443
1005005073403556
1005004588524176
33045740443
1005002939976799
1005007189170079
1005007021541289
1005005962689869
1005004437910383
1005002953991145
1005007032601351
1005005257945189
1005006005438658
1005003844749063
1005003697416870
1005003758369339
1005004142891018
1005005908232911
1005007102737789
1907279176
1005005908208760
1005005501845382
1005007510717330
32880648815
1005006788285941
1005007618776303
1005005653284954
1005007308678406
1005006880278863
1005007403086313
1005007364320934
1005006279475238
1005003760540558
1005006806939074
1005006806299084
1005006070714551
32914930749
1005005801612085
1005007582723228
1005006731286334
1005007169895436
1005006833239592
1005007003115032
1005007419700763
1005007581385483
1005007618534566
1005005320923871
1005007604100636
1005001774674607
1005004889691292
1005006231543103
1005007361948271
1005004293875064
1005007618950010
1005006234763690
1005003350867006
1005001874506242
1005005690360211
1005007585618647
1005001874511279
1005006231422363
1005004966007517
1005006788625071
1005006825925719
1005007662034752
1005007677398869
1005007669718753
1005007683757899
1005007683884728
1005007669513862
1005007694575643
1005005654070858
1005006825622890
1005002745455382
1005005418070568
1005002949693831
1005005094225566
1005006826367714
1005005504894284
1005005801465538
1005005986091474
1005006389521653
1005006160505982
1005006911322850
1005006972921318
1005006736798807
1005005837638777
1005005430471699
1005005642708801
1005005962905673
4000523171329
1005001642541350
1005007143869039
4001297506609
1005006231826377
1005007224362791
1005007474592270
1005007295345200
1005007099267310
1005006695979277
1005006720344489
1005006791020704
1005006858628853
1005004899205623
1005007574345145
1005004193650790
1005007413064421
1005005991617728
1005007351540107
1005007504371896
1005006748036569
1005007124973782
1005007393737870
1005001525085146
1005006630882531
1005005994603873
1005004567168702
1005006935155498
1005006556033082
1005007015656619
1005007095512603
1005003973926772
1005007121954274
1005006015784282
4000042297993
1005006702164336
1005007507482028
1005005008328154
1005006143488256
1005006628972381
1005005333507547
1005003509669965
1005005985842462
1005006648722223
1005005278771605
1005007328797454
1005007196269897
1005004895573710
1005004785303706
1005007334484220
1005007254080650
1005007224659603
1005007441340308
1005006150132960
1005007437350809
1005007056651294
1005004840990180
1005007032742510
1005005987055467
1005004145232125
1005006967893969
1005006924847376
1005005978128609
1005007440184885
1005007361451442
1005005292194993
1005007163203337
1005006968218107
1005005788133467
1005001520881374
1005004717687302
1005004594615509
1005006934593362
1005005364680599
1005006175888211
1005007593041274
1005006090132799
1005005839097243
1005007386969615
1005005097138126
1005004121405106
1005006572315036
1005005131088535
1005006177690372
1005006045576401
1005007579018329
1005005693822692
1005005119158744
1005006468484678
1005007444752188
1005006833794677
1005007009854094
1005007252463868
1005006044607183
1005005478300483
1005007343566331
1005007394646983
1005007037220453
1005006329056680
1005006977656054
1005006222877870
1005005913399575
1005007054127634
1005003589762321
1005005738615178
1005006162144942
1005007070250449
1005006860226911
1005006059384317
1005006124609990
1005005684754257
1005006916498669
1005006981451709
1005007309563827
1005005608534891
1005006177368773
1005007293750589
1005006244044331
1005004895206759
1005004855672749
1005007188775282
1005007010365517
1005003291262104
4001210922100
1005007175702642
1005005861094331
1005005370910518
1005007454510776
1005006995263614
1005007296463131
1005007175410075
1005007209228110
1005005947045299
1005007121924016
1005007524532726
1005005814382605
1005005366779820
1005006562089486
1005005291747449
1005007335058259
1005003442061291
1005007176200386
1005006338631701
1005004281757320
1005004349210997
1005007573701182
1005003944318408
1005005782126975
1005006186491218
1005006428580623
1005006110896878
1005007511910731
1005006729846781
1005006754120373
1005005530450132
1005007262588435
1005006994708223
1005007232557240
1005006362159417
1005007513053538
1005005295501148
1005006304377939
1005007552449853
1005006973948909
1005007343107523
1005006931549390
1005006244013475
1005006174814865
1005007100498561
1005006620705118
1005007188761344
1005006429384506
1005007145798131
1005007010838020
1005005932908770
1005006158155581
1005007224962096
1005006333911246
1005006314524897
1005005830590383
1005005548311525
1005003607508175
1005007209541555
32642318665
1005006047005620
1005006710258824
1005002214597623
1005003584729914
1005007510487706
1005005236150874
1005006244003593
1005007089997396
1005004512531898
1005007501286524
1005004498741232
1005001267016383
1005004512650790
1005006495385906
1005007498570974
1005006055961209
1005006191500684
1005002275497998
1005004995060679
1005004887616359
1005007224904217
1005003038123650
33052704144
1005006253207776
1005007358386586
1005007089070729
1005007354860232
1005006882705646
1005006869540388
1005001298353625
1005006769996045
1005006877420263
1005006617094063
1005007052158682
1005006741022089
1005006008452345
1005006324233702
1005007224761429
1005007354892085
1005007010316790
1005005916362199
1005006811854913
1005006887136276
1005004955613670
1005007239126063
1005006468969246
1005006924438327
1005006975781228
1005004093795500
1005005795199465
1005004560191730
1005007045054705
1005004175802626
1005007152574791
1005007464616120
1005006886893201
4001041913732
1005006924459288
1005002346578485
4000144331295
1005007436675292
1005006136428428
1005005008345425
1005006958719409
1005007329114910
1005004184277559
4000929551636
1005006161769515
1005005878422881
1005006244069163
4000533176419
1005006349418409
1005007152608280
1005005132279649
32731287848
1005007176125624
1005005470672064