1005006782912538
32768319768
1005007208958415
1005007173533975
32721643650
32559037813
1005006590352394
1005006877340896
4000479840762
1005006855380348
1005006855046718
32686862379
4001030954056
1005006609449907
32854277631
32812223799
1005006270280816
4000478442086
32838392188
32777216978
4000720340090
1005005892520219
1005006080783185
1005005919160618
32814596599
1005001803203279
1005001776751767
1005004920308410
1005006950111867
1005005989145441
1005004685019495
1005007384603097
1005007546316095
1005007570618720
1005007574252030
1005007195708994
1005007161463647
1005007131190515
1005007108789786
1005007607794663
1005003338980963
32833101169
1005001780696839
1005004927178979
4000912816746
32984456695
32688802058
1005005384943666
32820364651
1005003654903016
32923947953
32719106927
32829370831
32885705847
1005005887820958
1005002785203031
1005002476097568
1005001793476719
32947127865
32915812088
33009187750
1005005237375378
1005005383444586
1005006912946498
1005001645944183
1005006853896605
32643089849
1005002110292553
32828896296
1005005236973611
1005005383794963
4000757651617
32835437838
32835358121
1005003775310931
32636454277
1005007441438660
32662172949
32860691200
1005006844615329
1005006845589644
32819465806
1005006370048231
32393696749
1005001733718513
1005007574919574
1005007575122149
1005007603608638
1005007558384417
1005007143819126
1005007137540093
1005007178068494
1005007192221596
1005007607688966
32806477753
1005003322085061
1005005436943990
1005005454705978
32827961717
32830603133
32787641906
1005004285403837
32856550538
32817059733
32371227519
1005006782245822
1005001631508337
4000537243348
1005007429003314
32827181360
32559149758
32814945999
1005006783171367
1005007669648286
1005007669339906
1005001687687190
1005005466024782
1005006400899299
32664912768
32786121424
1005007060676675
1005001727668079
1005004061399824
1005007585295199
1005007652852952
1005002647338318
4000806878811
1005007583519509
1005007370642715
1005007669477747
1005001776741601
1005007670551313
1005006396742206
4000944719387
1005002256362835
32705112473
1005006034084220
32856266944
1005006895795536
32820238898
1005006976582346
4000722355181
32849971566
1005006924490807
4000313680698
1005007234002376
1005007243903894
1005007370647581
1005007574810999
1005006865688122
1005007404723325
1005007607934278
1005006859425684
1005006857141717
1005007597200489
1005001777028391
1005006846018419
1005006782541088
1005007601899349
1005004285379927
1005001791893360
1005003336567922
1005007663002234
1005002382383928
1005007125219674
32843856164
1005002428929447
1005006005442727
32840660771
1005004205825902
1005002110394377
1005001733885012
1005006976464706
4000537111356
4000919110127
32559173556
32793037738
32826083368
1005007552926937
1005002533807416
1005004207076569
33023831212
32728557516
32704926496
1005007327834628
32828405892
1005007339528221
1005002016784686
1005006975960576
32857427573
1005007282779373
32852209716
1005005981089201
1005005576392041
1005007339198871
1005007465285690
1005002414863262
1005007597229427
32830201352
1005003814901476
1005007022556840
32814834807
1005004172318625
1005005187994766
1005007654327422
1005006902532043
1005006902558797
1005007066764998
1005007370714124
1005007052820640
1005007309404932
1005006794323352
1005007302688706
1005006877659042
1005005832974445
1005007662994178
1005006770255918
1005006949119523
1005007441306780
1005001687476646
1005006794401163
32833905282
1005007678242661
1005001749273297
1005001687515405
32837505332
1005005466471382
32904131726
4000919130656
32829212310
4000770367526
1005007037232140
32706855159
1005007648592905
1005007661711980
1005007676306281
1005002484613065
1005007023417250
1005007282751688
1005007022717161
1005006432507486
4000537202544
1005006403414687
1005006462965785
32817199816
1005007082975867
32987152812
1005006169270576
32922298690
1005006998054974
1005007258257440
1005007451914162
33058503933
1005005736132068
1005001687438879
1005006997853041
4000275118635
1005007115877222
1005005715462397
33004407594
1005007672876165
4000167368764
32816868486
32879593833
1005007210412826
1005007085768563
1005007053239150
1005007097580467
1005007085788250
1005007635280977
1005006845796245
1005007620425385
1005007203273482
1005007258701645
1005007553242083
1005007604033991
1005007044242259
1005006480712979
1005006719728969
4000756507955
1005007661332319
1005007661254500
1005006653573580
4000489343988
1005007011940511
32645307070
1005007060767514
1005006997260714
1005006472849988
33006587745
1005004225484018
1005006822250633
4000764270288
1005001766152314
32897211172
1005004406205369
32855580213
4000945080845
32829462435
1005002429150260
1005007529146971
1005007023534162
1005001777427838
1005006997899420
32999357389
32889862362
32854277657
32723942627
1005007466345224
1005005939402551
32834493091
32831031115
1005004265251602
32894730865
32663854714
1005007012286067
4001001422086
1005002016903222
32829478095
1005007266701637
32866197158
32791251954
1005002436193144
1005004679535151
1005007210078108
1005007648168389
1005007656641065
1005007639619580
1005007321681200
1005007336353239
1005006917261006
1005006918228883
1005007632532602
1005007553267017
1005007082184710
4000756284418
1005007257626284
1005007196049573
1005007115544989
32894337708
1005006766101458
32685382160
1005007081738989
4001186230086
1005001777462569
1005002647276550
32744832112
1005001780522152
1005007267043243
1005007607786735
32866856581
32831003957
32829815953
32893969404
32687721670
1005006924619362
4000274492570
32856286654
1005007083445002
1005007797767757
1005007797832589
1005007796730777
1005007659166030
1005007790550265
1005007790239638
1005007794048229
1005007790929531
1005007789541961
1005007790491861
1005007792177853
1005007789101473
1005007792614497
1005007792580607
1005007789096220
1005007782134718
1005007775593309
1005007775860356
1005007784205326
1005007784833929
1005007724492336
1005007724372591
1005007774558052
1005007782955094
1005007782909287
1005007082677638
1005007601924279
1005006878325920
1005006924184763
1005006371020439
1005007504667792
1005007656536392
1005006449697601
4000758743246
1005006481209881
1005007130379927
1005006454077620
1005007737734227
1005007708153702
1005007775571727
1005007775638199
1005007728809112
1005007767876329
1005007768262093
1005007767848411
1005007759297166
1005007759155475
1005007767283105
1005007767180145
1005007766777386
1005007766642709
1005007758894626
1005007748692574
1005007737692510
1005007722528017
1005007731218521
1005007731149646
1005007718418203
1005007718355477
1005007728467685
1005007728265727
1005007727167081
1005007723784326
1005007722768134
1005007691435213
1005007656614104
1005007449096624
1005007604304331
1005007597634620
1005007596909176
1005007635270909
1005006908991046
1005007648062562
1005006997094252
1005007596611879
1005007597550772
1005007627820497
1005006903766200
1005006462823347
1005007656371765
1005007666444300
1005006877590231
1005007491660513
1005007553038771
4000861705501
1005006878553201
1005006449289501
1005007036916879
1005006766277866
1005007371006017
1005006918248723
1005006783007739
1005005876194891
1005007531406381
1005007084403495
1005007529380326
1005007558458863
1005006642327249
1005006786411843
1005005643071963
1005007145724870
1005003684390580
1005005643101709
1005006533197650
1005006950573038
1005006734615422
1005002347338353
1005006786360948
1005007391862655
1005007523440421
1005006970283218
1005004846197668
1005006680733669
1005006994880588
1005006917004074
1005006680885042
1005003712442959
1005007515831789
1005007232900024
1005006897447142
1005007339352867
1005007582453455
1005006680742278
1005006866137463
1005007316208682
1005007439403949
1005006758373597
1005007582601169
1005006931779627
1005007392114550
1005006674810737
1005005570025988
1005005491980062
1005006047086135
1005007145724869
1005007058314906
1005007523334632
1005005134188782
1005006660874876
1005007301824458
1005005965512368