1005006445423072
1005006835185975
1005006194560931
1005007218625241
1005007541809387
1005005525837839
1005006467423623
1005007108275278
1005006145256388
1005006849923957
1005007579546865
1005007573315208
1005007546058472
1005007217819673
1005007575553722
1005007598250724
1005007031998481
1005006279618524
1005005078038896
1005004289886637
1005007277115092
1005006467720122
1005007218329968
1005004319515540
1005001465328448
1005006699182344
1005004094731067
1005002502252271
1005007149123891
1005006803799236
1005007560731469
1005004324006869
1005007594326133
1005007495871521
1005006730514703
1005006250692031
1005007640627375
1005006131122293
1005007121174076
1005006995973527
1005007621845286
1005007437132881
1005005475411854
1005001368618597
1005005015973633
1005005015938781
1005005016116151
4000943813740
4000943800673
4000943815737
4000943769790
1005006975894121
1005007517275784
1005005284131006
1005005379926743
1005005987348063
1005002623566712
1005001924615896
1005007514620766
1005004262522853
1005005863193400
1005006861094228
1005005771840261
1005004464579285
1005006186408117
1005007183451035
1005007546571545
1005007171982258
1005006127184634
1005005974176020
1005006032139700
1005007089796881
1005006803439230
1005006976999434
1005007124312197
1005004002596201
1005007604150483
1005004933591707
1005006963661251
1005005020374562
1005006138431633
1005005658363460
1005007560784100
1005007496376624
1005006815049336
1005007664243858
1005006879228859
1005006435443870
1005007198856626
1005007277950762
1005007575705192
1005006722165665
1005006406144586
1005007169544845
1005007585734296
1005007467949659
1005007052149570
1005007052910551
1005007199157128
1005007198841830
1005006970318528
1005005857010319
4000590719823
4000589174581
32851590628
1005006209082784
1005007227086953
1005005673208461
1005005357955136
32788625780
1005005884450565
1005004448161411
1005007548112082
1005006018253251
1005006582799678
1005004912782633
1005003505018667
1005003516088051
1005003515936187
4000111714364
1005001917920053
32878513440
32785420001
32976016795
1005007098042190
1005007246141045
1005006722092345
1005006803717132
1005007623689232
1005007658271116
1005007467384019
1005007563183243
1005007128703386
1005007335546510
1005006442732510
1005007144785326
4000410105170
1005007465025699
32998083964
1005007462578359
32812222390
1005006196682182
4000521528855
1005004207690877
1005007579726248
4000409580289
1005003550137351
1005005907838410
1005005907850764
1005006450211397
1005006450178614
1005004662407946
1005007023062059
1005005004947331
33015300291
1005006612571348
1005006956952500
1005006369504022
1005003500827766
1005003514879707
1005006877096180
32975546395
1005003494194244
1005003350452163
1005002788907967
1005004018926752
4000837927992
1005003014839424
1005004648398658
1005007563724805
1005007651748434
1005007607254504
1005007558866094
1005007467674226
1005003494909811
1005006448349886
32779676529
1005003514919820
1005003547094669
1005003493170588
1005003492889653
1005003813329317
4000133689907
1005005269194823
4000301799532
1005004451253733
1005002701528816
1005006161802459
1005006356262439
1005006652258928
1005006032262205
1005006463784322
1005006461127138
1005007552488886
1005006729170902
1005006974650369
1005007000072567
1005007467966688
1005006767049484
1005006782583129
1005007181335478
1005007097349268
1005006472007712
1005005860899104
1005006458517107
1005007467883812
1005007473315779
4001060606232
1005007117087083
1005006467492121
1005007440889154
1005007462429735
1005007198707975
1005007244459262
1005006788202299
1005006877045363
1005007585537764
1005006678694720
1005007482374729
1005007545995981
1005007583130711
1005007638382153
1005007534175684
1005007032259410
1005007257137106
1005006437738740
1005006451619951
1005006453527922
1005006453341630
32657765856
1005003577718095
32925955924
32998119579
1005005309762996
1005005265825315
1005003812711380
1005007408256582
1005006368920471
1005004210332724
1005006827119327
1005007488312476
32994597060
1005007098013719
1005007558016425
1005007586043023
1005006969891604
1005007126510194
1005007226555058
1005005170462906
1005006466644834
1005007336680146
1005007520462779
1005004646561133
1005007474210458
1005005810082986
1005006809170878
1005006138460576
1005006845071548
1005004195020940
1005007058427821
1005007399853911
1005002270752914
32891199350
1005007371408490
1005007585890363
1005007678408669
1005007678351687
1005007220449844
1005007598494084
1005006808180496
1005007558057925
1005007054227728
1005007098053688
1005005856962436
1005007442527673
1005006989112773
1005007486784977
1005007234366861
1005007533757821
1005007181615163
1005007519376848
4000056802970
33018679587
1005006609128466
1005006734975108
1005007123714549
1005004508229746
1005007559169730
1005004508060208
1005004207231975
1005007178217583
1005007126284435
1005007097404176
1005003814141652
1005005349769563
1005007178157576
1005006369847392
1005006330797911
1005006451365205
1005007474766017
1005007126577153
1005005335495188
1005007585341636
1005007553993249
1005006991866050
1005006762816528
1005006451897348
1005006159904815
1005005475433278
1005007032404410
1005007288940242
1005006897217709
1005007111020841
1005004274267413
1005006453858060
1005005249304361
1005006730464822
1005006537091241
33050542138
1005007055422667
1005007629068336
1005007362306624
1005007569070855
1005007566306721
1005007546051622
1005007677665692
1005007678001315
1005002950561147
1005005884114507
1005003971914345
1005007171625598
1005007546274629
4000237634619
1005007650287528
1005007513968984
1005006835048410
33011825269
1005006020191997
1005006458464434
1005004497497287
1005006996254058
1005006832289257
1005007335935957
1005007560982628
1005003521382050
1005004207698723
1005004207731760
1005005302106260
1005007488320390
1005007143563165
1005007126335562
1005006552492705
1005002280741057
1005007586588811
1005006962952776
1005006789831979
1005006981997479
1005006960279689
1005006761907312
1005007288829127
1005006453591219
1005006471753175
1005006345792777
1005006664124031
1005007441154008
1005007259623707
32961877262
1005007202821250
1005002712470068
1005007362278580
1005007058893143
1005006868982979
1005007275652420
1005007268897288
1005007260420897
1005007218435934
1005007647458954
1005006782330750
1005006438725435
1005007678041456
1005007669303009
1005007669186570
1005007595580161
1005006050682957
1005006448573408
1005007421634021
1005007055297640
1005007055466163
1005003504953703
1005007108184569
1005007664974904
1005006724916403
1005005837979512
1005005796297601
1005005984699925
1005006974599357
1005007171378802
1005007126085037
1005007573572183
1005006379702492
1005006422868528
1005007536545500
1005007177956828
1005004497399032
1005007561993532
4000483943782
1005007585731357
1005007379885907
1005007578316337
1005006467659178
1005006762100392
1005006962595830
1005007161537654
1005007288777784
1005004207682903
1005006963245800
1005007276839629
1005007371433435
1005003493943350
1005003578085551
1005007489353214
1005006186355833
1005003494019785
1005007058638689
1005004099586960
1005002212190733
1005005862229782
1005007268844448
1005007172256017
1005007055093060
1005004917325408
1005004834035344
1005006432530884
32828053287
1005006786677924
1005006565902835
1005007622692600
1005006921241520
1005002212311130
1005006133241713
1005003658823484
1005007223896896
1005006451286096
1005002637417075
1005007667106160
1005007657986037
1005006363411842
33008545390
1005007231295055
1005007557829972
33009240305
1005007495839722
33015108791
1005006457921953
1005007018407505
1005007018117828
1005007349047568
1005007585642624
1005006947247066
1005007565764511
1005007495972983
1005007161232704
1005007625228226
1005006467643371
1005007198625955
1005006869040640
1005003813670905
1005003578572221
1005006730390370
1005007335473807
1005005339610908
1005007177489136
1005006688513986
1005007594060871
1005007218766526
1005007224072770
4000130760192
1005007093282828
1005005905716608
1005003740784878
1005007171416476
1005005884107697
1005007059079007
1005005884196030
1005003504557247
1005007576728797
1005005902264821
1005006453822362
1005007453770029
1005006193274001
1005002212230529
1005006934555158
1005004845631460
1005007058525651
1005007579519229
1005007647396402
1005007543920863
1005006820816192
1005003515952541
4001081665101