1005006352158204
1005005540451715
1005006785995952
1005006370754983
1005006899735224
1005003073980249
1005005983705326
1005006986688163
1005006996119095
1005006235099528
1005007169285812
1005006684291299
1005007350581495
1005005885747563
1005006780727726
1005006734675019
1005006685632299
1005006789042367
1005007192274386
1005006520163587
1005005876921190
1005004883840819
1005006854301011
1005006611140270
4001060700251
1005007604144697
1005005282468568
1005007607868143
1005007084845756
1005003008436318
1005006889637286
1005002012889782
1005006806313409
1005007039787480
1005007604636780
1005004795229963
1005007277890446
1005007522986003
1005007535045384
1005006345501524
1005006359575726
1005003183550026
1005006195115124
1005007613584213
1005007530413324
1005007573834008
1005007473742274
1005005124084457
1005006995573418
1005007244417198
1005007556758448
1005007061433905
32932787947
1005006415190598
1005007181270788
1005007039488622
1005007425249536
1005007637132273
1005004947340539
1005005111591075
1005001854933159
1005007032994207
1005007035955870
1005002198538346
1005007481988466
1005006448063367
1005005059017634
1005004351845210
32827299808
1005006096347168
1005006394965471
1005007396685580
1005006533151829
1005006069910161
1005005928119246
1005007480793791
1005007569445651
1005007150286541
1005006708092526
1005007551748243
1005006995653206
1005007004205594
1005007327092919
1005007287066949
1005007361082056
1005007203715912
1005007204190106
1005005145682283
1005005105288985
1005005791564275
1005007546909403
1005006953054078
1005007555847881
1005004975217788
1005007546846588
1005007546885420
1005005622184617
1005007298676045
1005002352819055
1005001346281223
1005006594680853
1005006039129147
1005007025765268
1005002261516758
1005006904708142
1005007529613263
1005007346452334
1005006009521710
1005006049756928
1005007544390013
1005007550121437
1005007550332518
1005007019684419
32977004597
1005004791424166
1005004775931859
1005003640810828
1005006062736630
1005006708138354
1005007031105194
1005007019270000
1005007568082241
1005006901997672
1005007514312586
1005007565439953
1005007504821120
1005006582658739
1005006782854871
1005007038208870
1005001361227798
1005006473192957
1005006750311438
1005006784673505
1005007439552030
1005007257110345
1005006998170632
1005006866711531
1005004388920022
1005006174350948
1005006996159927
1005006045007423
1005007308971526
1000003698120
1005005762046867
1005007026166796
1005005254760960
1005007395021175
1005003810475762
1005006170439947
1005006363059512
1005007176582110
1005003887369963
1005007465004795
1005006330689798
1005005659238360
1005004753632810
1005004756584727
1005006614800222
1005007449882579
1005007226060116
1005006768694250
1005006610338386
1005007544168518
1005005511764450
1005007425882429
1005006755907783
1005006783443192
1005007037775076
1005007403268980
1005007614730283
1005006594042927
1005007320589025
1005006943734944
1005006977884438
1005007190906716
1005004323268246
1005007134865942
1005007544425090
1005007667703813
1005007245357393
1005005268575470
1005006121852672
1005007449781863
1005006211032018
1005006155251607
1005007418650840
1005006519804171
1005005870432009
1005007043761932
1005006126206548
1005006788608782
1005007073872464
1005006762401746
1005001316317524
1005006586368928
1005005192545987
1005006108042094
1005006981585066
1005005715167521
1005007571477545
1005005855403162
1005007484860569
1005007216374530
1005006955295342
1005006258352383
1005006752206581
1005007486969955
1005007498515022
1005006265610874
1005003037795662
1005006913508924
1005006980960654
1005005043661114
1005006738034097
1005007575580572
1005007279022122
1005006974425128
1005006698119011
1005004160724044
1005007613518475
1005005604719724
1005004176274669
1005007480132957
1005006994015730
1005005078937193
1005003328342862
1005003323234348
1005007605515230
1005006465746711
1005005412353507
1005005509132155
1005007030870969
1005006439035486
1005007457970536
1005007607300781
1005007460692221
1005006145610559
1005007515205488
1005005853942537
1005007576385816
1005006620245873
1005007295505683
1005005370944782
1005005086792818
1005007004361779
1005007508583363
1005006141081790
1005007016477699
1005005955719493
1005006584618438
1005005086678301
1005006826233813
1005006853701366
1005007550286891
1005005300348649
1005006691262422
1005007101374351
1005007402534106
1005007438555216
1005007376314322
1005007556285486
1005007555146452
1005007574442196
1005007531791029
1005006469165960
1005006856689056
1005007193520097
1005007612340847
1005005429818923
1005005708913070
1005006049534087
1005007334816152
1005007247879198
1005003652146207
1005001375901677
1005007232967795
1005005946590263
1005006973843155
1005007279169160
1005006514281073
1005006897379431
1005005270462351
1005006363126955
1005007412600241
1005007508565309
1005005506591394
1005007294778493
1005005925092701
1005007017069168
1005007009438571
1005007343762160
1005007272998485
1005007454684752
1005007090914313
1005007505041243
1005007542704805
1005006833790428
1005001967868614
1005006803234745
1005007273566626
1005005650983919
1005007547828300
1005006733479600
1005006982265839
1005006435307474
1005006625939754
1005007575228207
1005006975266516
1005006114338509
1005007541902832
1005006062142886
1005006313239466
32619520867
32694171708
1005005673052383
1005005652773140
1005005949172882
1005007199752090
1005006139624999
1005007103704312
1005006352110459
1005006043677688
1005005911900120
1005006994927236
1005006468723263
1005005766135564
1005007575233574
1005005118547883
4000236377168
1005007334423860
1005006691284956
1005007292183681
1005005912871207
1005005412526618
1005007473277233
1005007588458372
1005007666995279
1005007367112358
1005005276877774
1005006171501515
1005002172013205
1005004957178942
1005006764581767
1005007246949347
1005007604905266
1005006388164136
1005007355216649
1005006370126517
1005007256665892
1005007239399718
1005007225798344
1005006995656793
1005006686089411
1005007299294747
1005006790613064
1005006563318130
1005007422152162
1005007581329768
1005006563353275
1005006563238506
1005006562798574
1005006563463326
1005006563072986
1005006669060848
1005007350619282
1005007640944020
1005007440570150
1005007346253899
1005006708093523
1005007232228801
1005006166534768
1005007279008636
1005007268713547
1005006562732791
1005007301397718
1005007538978201
1005006623493432
1005006057518010
1005005909050842
1005006118663972
33032859622
1005005974570228
1005007303316413
1005007303242976
1005007295118378
1005007489139284
1005006399982299
1005007531598599
1005006864187595
1005007547043276
1005004649461830
1005007495660007
1005007478925042
1005007512083176
1005007476133218
1005004921621788
1005003625150475
1005005994109867
1005006837684883
1005007054526789
1005007317217379
1005007348224698
1005007527060458
1005006875117538
1005006359694952
1005007017775828
1005005744276727
1005006663495934
1005007161750701
1005007619350981
1005007666418854
1005007062029240
1005007061850486
1005006117825163
1005006264661659
1005006285821228
1005006399602096
1005005902182206
1005007533482053
1005003969063229
1005007420696086
1005007528632431
1005005744321260
1005006948991126
1005006737588903
1005007097037440
1005007628444819
1005007628378399
1005005282337871
1005006371103086
1005006096633835
1005007292466484
1005007292588024
1005006447772402
1005007063707234
1005007309372271
1005007009286858
1005004370242606
1005004662632619
1005005973509440
1005006908117121
1005006755141228
1005007046270554
1005002905226051
1005006975982587
1005006217012700
1005007187304656
1005007017533454
1005006861171837
1005007383131909
4000002052813
10000417889503
1005006519514157
1005006484315092
1005006166381686
1005007642665118
1005007382936807
1005006422494707
1005006863899051
1005006358021101
1005006448443160
1005006078804670
4000689003120
1005006803133772
1005007360345663
1005007217528627
1005006285547829
1005007315365067
1005007129279534
1005006727742416
4000699105014
1005006828977985
1005006067322589
2049224991
2049227917
1005007330486486
1005006761440104
1005007022023623
1005007294664867
1005005256887189
1005007089546841
1005006690151897
1005004473871494
1005007513421774
1005007328251524
1005004661927785
1005006048187602
1005006684069729
1005006301420477
1005006260127048
1005007462739377
1005006011538929
1005007315345507
1005007144907090
1005007634563536
1005006198304178
1005004311901051
1005007152999989
1005006995889431
1005007054107538