1005007665033550
1005007657794512
1005007657777583
1005007662748486
1005007663895751
1005007664563472
1005007662947609
1005007662531992
1005007664454923
1005007664935287
1005007660834486
1005007696711556
1005007696549695
1005007695626750
1005007695998124
1005007695791684
1005007695814935
1005007695845780
1005007377082745
1005005398828490
1005006039402013
1005005285832253
1005006767259858
1005006321284688
1005007251339631
1005006318661674
1005007315506644
1005007799413535
1005007728711598
1005007728081715
1005007446520772
1005005250794725
1005005850533885
1005006747839978
1005005100270852
1005007135745666
1005006953077415
1005006247799089
1005003136432845
1005006456905558
1005006076208454
1005005776268641
1005004763793918
1005007342683608
1005007533152534
1005005839352439
1005007197045762
1005007359373842
1005006757265138
1005007485911504
1005007156826446
4000244125678
1005007189029165
1005006611761608
1005007342919345
1005006608958734
1005006227405447
1005006144602042
1005007548515413
1005006180881692
1005004804942792
1005005663927193
1005006654257145
1005006609184875
1005006579207098
1005003825673803
1005006749940547
1005007562090261
1005007560022704
1005007266649528
1005007013809222
1005006801817328
1005006315112153
1005007020933771
1005005391141199
1005006806895126
1005007342747499
1005006749968453
1005006646991279
1005006806548610
1005006654626068
1005006611831659
1005006750080228
1005007508615223
1005007035197935
1005007543827444
1005007413231799
1005006772376099
1005006023293119
1005007285076714
1005007613719445
1005006609807448
1005007294522614
1005007135487285
1005005639530239
1005006060216359
1005004720282499
1005006138460509
1005007591637093
4001066419228
1005007566498519
4001066393343
1005006146870293
1005006165687298
1005004875847733
1005007673290284
1005007776979601
1005007747923131
1005007782430169
1005007793551290
1005007763162003
1005007703883983
1005007734247552
1005007747479734
1005007764250564
1005007754371399
1005007786212912
1005007785580843
1005007771165209
1005007731273540
1005007728500617
1005007717277873
1005007713749342
1005005885321866
1005007475062009
1005006392253361
1005007456031219
1005007385011593
1005007508256578
1005007634217579
1005005929601627
1005005537685091
1005007501082483
1005006415229505
1005005340284688
1005005929091530
1005004875827931
1005007474969220
1005007541214781
1005007662255124
1005002515351580
1005006265446029
32756080349
1005006981743139
1005005153283599
1005006219833634
4001118253583
4000284800572
1005005106688437
1005004337376050
1005005880801709
1005007473364613
1005005937634102
1005007514019472
1005003709971392
1005005107675578
1005005940350099
1005005096167144
1005007482565039
1005005100613661
1005006839161748
1005002718730729
1005006205492202
1005006140888696
1005005106646576
1005002437734690
1005007516331800
4000175796527
32927276684
1005005107698742
4000955794651
1005007488656224
1005007220469041
1005006242169195
1005006672624516
1005007477108723
1005006190390800
1005006980395519
32837455705
1005007621194696
1005004891558675
33024950772
1005006979172559
1005006246161565
1005007119583091
1005005107137135
1005007478043377
1005005102521715
1005003360745956
1005006069636588
1005005107766766
32948777096
1005005107827451
1005007293695761
1005007477462782
4001083917321
1005006988859843
1005007002274545
1005005108436321
1005005133708161
1005006647222588
1005007089714293
1005002866540360
32881796677
1005002360146924
33003025720
1005007466444883
32425282627
1005007633989765
1005001430551549
1005007320772143
4001134918493
1005005938127468
4001138866223
1005005922984608
4001164388570
32915699596
1005007104373267
1005007387609933
1005007459089975
1005006068007554
1005002827741491
1005006298671978
1005005107034685
1005005106632756
1005007128151541
1005005096345535
1005005107059587
1005006300809131
1005006953703587
1005006989298274
1005005922972984
1005005766011762
1005007192840222
1005007037786140
32949160398
1005001268173604
1005007480411272
1005007132580342
4000715423307
1005006065567176
4001150800477
32956514080
32811433097
1005007307472707
32923471045
32976914160
33003279102
1005006501107545
4001149167363
1005007635930884
1005007635014823
1005007257017680
32845624196
32566464798
1005007636343137
1005003810575216
1005004321822058
1005007635062912
32834742723
32888616351
4001350467108
1005006395331402
1005006077641593
4001188703716
1005007171249801
1005007496622874
1005006300800224
1005006979935967
1005005107652647
1005006290337050
1005006366250731
1005002827826163
1005006205396305
1005005096446925
1005005096306266
1005005107792342
1005006953812516
1005006980963298
1005007192560519
1005007036677811
1005006018346904
1005007037262302
1005007511018058
32972334106
1005005773918050
4000253187686
4000284646886
1005006238978496
1005007635480025
1005006911636727
2001221605
1005007612878494
33058629931
1005007258775614
1005007635454834
1005005206528682
1005006391252580
1005004245456858
1005005444840208
32834466816
1005001948099403
1005007674409155
1005007719957631
1005007727305851
1005007738514532
1005007753650533
1005007737218833
1005007742657600
1005007778263914
1005007763345552
1005007734246342
1005007734064415
1005005799983804
1005005642441340
1005006948033780
1005006136029865
1005006242851781
1005006867531033
1005007412222877
1005005106138697
1005005107764227
1005006566627375
1005005105661615
1005006242975127
1005006242961259
1005006298715763
1005005556754892
1005004421335660
1005007095157006
1005007192418825
1005006982081389
1005006988804367
4000689686408
1005005316915809
33006018827
32929403945
1005007628350753
1005007635900620
1005007627851302
1005007628197116
1005007245010519
1005005106698649
1005006300705728
1005007373132179
1005005096352071
1005005096482704
1005005153722519
1005006068646019
1005006253256201
1005006198206838
1005006989321014
1005007044863528
1005006981931650
1005006990200671
1005002712384594
4001135048484
4000427125164
1005001448422894
1005007636033883
1005007635200673
1005007634609967
1005007143127247
1005006872870494
1005006872788876
1005005107709087
1005005153708505
1005007295014345
1005006219817898
1005006264015144
1005006437334502
1005002762313430
1005007077129136
1005007192442736
1005007192533564
1005005246837232
1005005855502055
1005005192488545
4000677702128
1005007627831816
1005007233249434
1005006166368369
1005006867496740
1005005107768747
1005006205407559
1005005102336174
1005005096144187
1005007015663040
1005006185556832
1005006072612179
1005006953668668
1005006990094618
1005007037476743
1005005193326479
1005007185465708
1005006053822852
1005005070761099
1005005153710596
1005005097526334
1005006835505025
1005006233003715
1005006219959577
1005006205484454
1005006205785711
1005005131239495
1005006988748845
1005007037134060
1005007050931105
1005005096504180
1005005106160631
1005005096126748
1005002719530024
1005006814396388
1005002718701789
1005006221133908
1005007192348992
1005006912888928
1005007001768527
1005007244215201
1005005993469207
1005005107787427
1005005105688451
1005006860050597
1005005095533747
1005002718724718
1005006205902669
1005006411234618
1005007192927018
1005006916301549
1005007001922929
1005006989341689
1005006988937955
1005005107639883
1005005107734481
1005005095728949
1005005221312131
1005002762316928
1005006220831322
1005006272951216
1005006981883163
1005007036778982
1005006990176504
1005007037213227
1005006031075700
1005006056932492
1005005105721255
1005006873040049
1005005153208703
1005005096559158
1005006298893513
1005006211716689
1005006205573382
1005002827702921
1005006990082664
1005007076691606
1005006990169705
1005006990320047
1005007400749517
1005006094735023
1005005153698623
1005005070733458
1005005106847160
1005005102655075
1005006298919427
1005006226983392
1005006298857705
1005002719478425
1005006990250533
1005007129202835
1005007077039124
1005007001878544
1005006143871222
1005005095018390
1005006839198654
1005005107765618
1005005095643349
1005002827688932
1005006172852874
1005006067902740
1005006298884580
1005007129678593
1005006990279471
1005007192486616
1005007138067559
1005006161986255
1005005095630085
1005005106725096
1005005107664719
1005007039462965
1005006300851160
1005006061083893
1005002718821011
1005007058632708
1005007036890628
1005006876626991
1005007168774028
1005006043232161
1005005094991482
1005005105656710
1005005153272637