1005007445554741
1005005008773851
1005004829239517
1005006417527597
4000738148126
1005006729914711
1005006080474145
4001129109423
32820746147
1005007187302654
1005005262889898
1005007341190789
1005006034709185
1005007161433263
1005004092164370
1005006777991349
1005005177586163
1005006032289530
4000753713498
1005006243617938
1005006883785702
1005005802278188
1005006802873213
1005006254946310
32820995793
1005004146462498
32840404082
1005006009566180
1005005781143482
1005004762449001
1005006458422422
1005006909404320
1005007451801425
1005007447118884
1005007461046508
1005007457448670
1005006788899968
1005003880177049
1005006462911633
1005006461828473
1005007367513656
1005006789249261
1005006789155131
1005006789109152
1005007138279926
1005007419028302
1005006909316455
1005006909445213
1005006940809019
1005006172206782
1005007265362510
1005007426154067
1005007089599026
1005007089296699
1005007102677173
1005007117878645
1005006160465512
1005005854003063
1005005923506441
1005005589356402
1005004705757770
1005006717582854
10000000968394
1005005687695331
1005006264017109
1005005514634071
1005003280734666
1005006606017811
1005006870363849
1005004766031270
1005007022942269
1005006162080305
1005005833923043
1005007471142996
1005005029331709
1005006246751811
1005004661418678
32954143151
1005006104761031
1005007277225887
1005004702350854
1005003375632891
1005007285519828
1005003880106249
1005005603276449
32952267122
32946821965
1005003498870668
1005002917281460
1005003739637410
1005006077485625
1466436375
1005006221879016
1005004701663318
1005003768007951
1005007162581632
1005006740866998
1005003472258642
1005004728451839
1005007227055287
1005007166282778
1005006545457017
1005006191811039
1005006119996106
1005006572922090
1005006168883189
1005006168411796
1005006182530436
1005004177960975
1005005972410972
1005004426145015
1005006448917010
1005007265510404
1005004633741645
1005007144556715
1005006861475518
1005006149702857
1005006546501349
1005004716888191
1005007471214831
1005007471216811
1005006826710643
1005007459372397
1005006890858438
1005007398330826
1005006011051162
1005006962400047
1005007398579510
1005007400626524
1005007398894369
1005007398230421
1005007399426480
1005003504742671
1005003688588757
1005006912627495
1005006723818522
1005005985445414
1005003192942238
1005005729765732
1005006202963969
1005004536472997
1005005461533718
1005005766536911
1005005849703063
1005003501554565
1005004346610098
1005005190452672
1005003800109046
1005004821910526
1005005682820956
1005004054959872
1005004712400556
1005004267407423
1005003724640841
1005006187296796
1005006489552840
1005004600254748
1005007379155286
1005005951767327
1005007124406715
1005007129692978
1005007131914070
1005007131494745
1005006597631363
1005007156926879
1005006476224868
1005006499965425
1005002530918505
1005006608748644
1005005540923159
1005007364415361
1005004396406480
4000969969391
1005007365901311
1005007102449978
1005007485249597
1005007478773341
1005007465338931
1005005552915750
1005007053478311
1005004795785733
1005004786068498
1005006465192911
1005007240720044
1005006512057669
4001223338521
1005006054699711
1005007096399999
1005005220654116
4001223977194
1005004810327039
1005006466476592
1005007171608176
1005006670233628
1005006078895462
1005001405792091
1005006195872896
1005006989716270
1005006379543974
1005007176499298
1005005373082657
1005004595150037
1005006715732959
1005006593395867
1005007336425626
1005002947030798
1005004063741103
1005006541241712
1005005274267094
1005006940292014
1005005876354885
1005007047439429
1005007478696323
1005006871610541
1005006743907790
1005005281115845
1005002831896520
1005006343969304
4000170803858
1005007449497997
1005007469665119
1005006116219438
1005005385745055
1005007350985947
1005007351115940
1005007426305328
1005005547101424
1005005369015858
1005006882902415
1005006284152863
1005006250349430
1005005853733241
1005005968218356
1005006513534914
1005005892365074
1005007024132350
1005003022048162
1005005929272008
1005006552207921
1005007190084871
1005007289943941
1005005898519289
1005006122231358
1005004379796123
1005006810337488
1005007438583605
1005007408942741
1005007270204774
32823600591
1005004041871130
1005007016750252
1005006243794407
1005005758897961
1005007408282171
1005006212989453
1005002112314032
1005007386998523
1005007185561001
1005005197592292
1005004556539212
1005006249707825
1005006623092053
1005006584054004
1005006973561641
1005006750779829
1005007397731410
1005006089804801
1005006338466764
1005006567607683
1005007143812130
1005006697526742
1005007409259874
1005006412517248
1005007189370077
1005002028891096
1005004960288058
1005006532187640
1005007461408967
1005005786638841
1005005980080187
1005003187737028
1005005537996051
1005005431080717
1005007383262346
33052766898
1005007342299554
1005005806560936
1005005680352554
1005006802263111
32478113018
1005006305361086
1005006943716762
1005006795361298
1005006782965978
1005005927841982
1005006277174285
1005006125765829
1005006885699696
1005006876164307
1005006939673784
1005007292693703
1005006913506809
1005006791088669
1005005590568533
1005006536939919
1005006315985938
1005005364758568
1005006538312766
1005006357242864
1005005975137902
32428526641
1005006920481833
2054972177
1005007278273696
1005006143043833
1005004367992040
1005005581929136
1005005687130680
1005006679437313
1005006977162220
1005004412048229
1005004674285456
1005006139990259
1005006671106279
1005003297988078
1005005497329873
1005006728411379
1005006546516508
1005002312108908
1005004674688842
1005006060305943
1005007264209661
1005002381250258
1005007253868992
1005006075884898
1005006746935968
1005006687147706
1005005584127732
1005007122857299
1005006870965779
1005005879894972
1005004714176851
1005006631214654
1005006562961978
1005004076940518
1005006445340708
1005007110978433
1005006243286962
1005007456090862
1005006494288214
1005007267749209
1005005408845869
1005005956153656
1005006718955358
1005005363730319
1005007123178728
1005007138865683
1005007170580250
1005006545188165
1005006067283294
1005006073017989
1005006825852778
32721314694
1005001406003159
1005006407069980
1005006761827092
1005006686376610
1005005049095768
1005001393255451
1005004683316091
1005005296029699
1005006625685447
1005007077846174
1005007370536753
1005006173924510
1005005326288744
1005006154471742
1005005906591603
1005006282611044
1005006250057270
1005006832790060
1005006413695514
1005007242659617
1005006159975549
1005007271722078
1005006281860308
33054238730
1005005905403965
1005006436721490
1005006634184273
33058474546
1005005773265652
1005006550912076
1005005653186820
1005005843896544
1005006682617935
1005006608381789
1005007468893352
1005007293242718
1005006065332419
1005005725618581
32997784616
1005004765953751
1005004170906839
1005006980772955
1005006265595243
1005005919154106
641256049
1005004388979469
1005005974985363
1005007386169568
1005003153594352
1005007464288815
1005007267434162
32912001792
1005005871770518
1005007046311830
1005007258979887
1005006255047158
4000386260435
1005006999007524
1005007393792631
1005006349136430
1005007292580213
1005006140809092
1005006771619960
1005006368089052
1005002523847539
1005006164040019
32442656496
1005006978885267
1005007413030439
1005006247398196
1005007075637995
1005006955385626
1005004338356836
1005004705994517
1005006309496438
4000247924379
1005003755435230
1005005723993511
1005005857110103
1005005073232090
1005007268021927
1005002797535631
1005007282307445
1005005976106939
1005005533376223
1005006996742757
1005006806783033
4001280758514
4000767928202
1005005771512722
1005007137477534
1005005975806107
1005005923392740
1005005501155910
1005007130968871
1005006265764751
1005006216047238
1005004340823264
1005006017935472
4001030239151
1005005824721263
1005006216633874
1005006209821146
1005004729431960
1005006821096148
1005004473619906
32961769369
32934351672
1005003690532946
1005005440351286
1005002265668314
1005004894351787
32787648711
1005001659099671
1005005462521963
1005004262074354
1005005501949282
1005004307117686
1005004659457076
1005005653522836
1005003706842743
4000561811727
1005005097104504
1005006151939982
4000830945986
32913387035
4001143271389
1005005130520965
1005005592484964
1005004194404942
32895976402
4000601014917
32979805132
4000833086940
1005003293372847
1005003276592841
1005005971829490