1005005937175564
1005006144677748
1005002393056707
32844921048
32773751368
1005005353857053
1005005882483492
1005007259153897
1005007117131337
1005007532376539
1005007203421046
32889633565
1005002238846459
1005007683377257
1005005874960274
1005003036926161
1005004785637197
1005007168297333
1005001325567314
1005006254102819
1005005937583675
1005007002403309
1005004895847001
1005007254810356
1005004656564452
1005002963944940
1005007493295681
32832077450
1005007446653991
1005007264087494
1005001998121204
1005002964442071
4000099635596
1005005871036324
1005005932155974
1005005944654962
1005002686194897
1005006117269639
4000994574477
1005002856853912
32957609265
1005001540548892
1005003111636317
1005006159790732
32959706372
1005003646860611
1005005651181506
1005003328902086
1005007164427055
4000732942266
1005003212971437
1005005498440986
32826130879
1005007797692115
1005007748292736
1005007763676973
1005005306248184
4000296018623
1005005338948835
1005005666385321
32771049827
1005005920970147
1005005244740991
1005005985065261
1005005528738485
1005007315848755
1005007232867941
1005006897378516
1005002136818800
1005003639520555
1005002876810090
1005005501166545
1005005653367412
1005005674797877
1005003541950323
1005003646768712
1005003646650437
1005003638324083
1005007164428053
1005007728330799
1005007724268895
1005007714689213
1005007712937528
1005007705436968
1005007197819436
1005007208650205
1005007249838525
1005005372031684
1005005834894281
4000241315479
32963196204
1005005652751120
1005005676462208
1005005853323505
1005007491598967
1005005682276306
32773791371
1005006695042041
1005005213838240
1005005882218117
1005007117117064
32802906983
1005007116521446
1005007146061118
32771762442
1005007082044960
1005005905022176
1005005931671212
1005005827347971
1005007083845273
1005005796382906
32771742784
1005007145145818
1005007252605898
1005005652675946
32918928898
1005007309344309
1005007398824050
1005001972348265
33060558646
1005007383709370
32822119863
1005007497116717
1005007397850889
4000292091469
1005005372207114
1005007083777379
32771053973
1005007145758614
1005002857153538
1005002869100088
1005003639775544
1005003639099463
1005005832698120
1005006424278384
1005007382798419
1005007204546275
1005007578274820
1005006868898924
1005007382597479
1005005832608793
1005006915458795
1005007299159663
1005002238586818
32625224529
1005007496523891
1005006923198479
1005006925185897
33053922765
1005002248112783
1005006646744204
1005002256553683
1005007635560158
1005007636261085
1005007607606258
1005007771234294
1005007725045850
1005007724910971
1005007051689681
1005007051813575
32637538261
32431892198
32431127460
32610394560
924960791
1005006624284902
1005006609501427
1005007733508037
1005007771462603
1005007769014227
1005007764232882
1005007761941570
1005007756656863
1005007047913245
1005005060265488
32431788819
1005005485401448
32890513293
32431079779
32431079850
1005005485382419
1005006436722739
1005005999946644
1005004009240668
1005003721828114
1005005453519097
1005005005754716
1005007031945351
1005007264094487
1005007216854785
1005006809351050
1005005871791081
1005006536775705
1005005840544702
1005006311410656
1005001524809347
1005006447992652
1005007027122759
1005006413282442
1005004284276907
1005007424012613
1005005862278573
1005005509149747
1005003151159296
1005005704533059
1005006303382981
1005006997119248
1005007061941816
1005007453517384
1005003943191341
1005007453327549
1005007027472569
1005005862238776
1005007208707628
1005005895944564
1005007184061486
1005006543256027
1005006548838527
1005007435779001
1005004661749468
1005006397733265
1005006446142214
1005005806583291
1005007288186615
1005003792665316
1005007099545758
1005006696691575
1005007246860876
1005005575870175
1005007295574023
1005007102297234
1005006413159644
1005006141250062
1005006444703655
32916117276
1005006758868573
1005007101435412
1005007070690717
1005007073275556
1005006393772067
1005002747283504
1005007390413787
1005006978786796
1005006776565569
1005004970266600
1005005271482922
1005007193474306
1005005398514089
1005007507421793
1005002630425592
1005005995470900
1005005978814665
1005005235650000
1005004831555916
1005007244035218
1005006471473050
1005007263355340
1005006953192413
1005006743020414
1005002317907353
1005006948383633
1005007099603244
1005007086412009
1005006135098980
1005007515703285
1005004762434324
1005006437222257
1005007295142326
1005007422885327
1005006966211580
1005006441486093
1005007070332263
1005006185816252
1005006569395026
1005007522615715
1005006847710928
1005007251519644
1005006397116980
1005007583563192
1005004962414711
1005007172585008
1005006977221667
1005006432667633
1005006210821572
1005006077182580
1005007556015305
1005007435510384
1005007556096264
1005005239844203
1005004266163454
1005007131733177
1005005585693083
1005005279918989
4000707625075
1005007500644373
1005007370422697
1005001377731108
1005005754332440
1005004035727521
1005006445970701
1005007317341055
1005005703249064
1005003609470054
1005007292393634
1005006947718410
1005006413345037
1005006438731270
1005003605063444
1005005252972144
1005005364163605
1005004437875523
1005007075078352
1005006789791924
1005007321095064
1005006917998008
1005006215090849
1005007086671282
1005007545887134
1005006489415973
1005007421995133
1005004234671389
1005007130598417
1005007200423769
1005007515576725
1005007477259902
1005005866354905
1005007555894874
1005007213187830
1005007181456264
1005004693898936
1005007233281048
1005007131924886
1005007435715072
1005007146885768
1005007210191632
1005006432943903
1005006120521146
33055353210
1005006119718021
1005007136151530
1005007471667732
1005006213850967
1005006110610858
1005007479942813
1005006432988642
1005006239832396
1005006836073227
4000714639568
1005007216838805
1005005004618447
1005007354179722
1005007294392177
1005003746547597
1005005275058795
1005003724243134
1005005287411680
1005002473587471
1005003924487881
1005005911150946
1005005895357042
1005001808263147
1005007495733139
4000714505882
1005007555869182
1005006413279428
1005007435375644
1005007465537315
1005007178861585
1005007531547357
1005007569960625
1005006210977002
1005006385219797
1005006758176537
1005005448993464
1005007440983866
1005007586340433
1005007195789622
1005007024558381
1005007073516090
1005006408399881
1005007060831351
1005001354396895
1005005448668016
1005007471878458
1005006382050720
1005007117426977
1005006340408816
1005007583579911
1005003740845928
1005007468584699
1005006357285601
1005006398870809
1005007558390154
1005006202330718
1005006192757109
1005003601465969
1005007464433194
1005006524014126
1005003822511488
1005007239282721
1005006799463045
1005005233664418
1005004965166600
1005001948642681
1005003617049672
1005006052335040
1005003680529023
1005003660256441
4000922361808
1005007543282074
1005005667285259
1005007205217349
1005007556019286
1005007115287462
1005005978493210
1005007569932812
1005005545405102
1005007017353079
1005005866004629
1005003605242246
1005007324389810
1005007269999746
1005004879272590
1005006210753991
1005007118129872
1005006549632875
1005007571967593
1005001839234780
1005005990913379
1005002489831840
1005006105443936
1005005677149807
1005007278059949
1005007258454087
1005005268400800
1005007594410410
1005006397176737
1005006548330347
1005006141232454
1005007176886424
1005007470234450
1005006415268786
1005006413257455
1005007512598869
1005005959429324
1005006489435989
4000714635796
1005006479408852
1005007532877498
1005007212478953
1005007502302246
1005007498553421
1005007571724471
1005005681163603
1005007428076105
1005005454606097
1005006402971607
1005007167070687
1005007305779003
1005006855264861
1005007200259923
1005007212320123
1005007409439815
1005005021359365
4000922434768
1005007502555546
1005007268985944
4000714646461
1005007556100093
1005005991376643
1005007243903309
1005007301567850
1005007175325720
1005007500549829
1005007087090533
1005004798574100
1005005576597516
1005004278961133
1005006549717853
1005007344062818
1005007225848033
1005007444016427
1005005686073906
1005004441566574
1005005049114622
1005006724297313
1005001942506912
1005007112727410
1005003257273968
1005007385325955
1005007488132416
1005006825764120
1005007117150877
1005004527357737
1005006726084848
1005007453560003
1005003220708697
1005007250581645
1005007412912631
1005005032776727