1005006432459268
1005006750874065
1005006246633640
1005002564707867
1005004982314889
1005007152736090
1005002253297683
1005002276875875
33035000171
1005001997362878
1005001336043110
1005003672427987
1005004619157922
1005005721032003
1005006494681023
1005006970235455
1005006692095336
4000988036334
1005003285033921
1005002111777359
1005006484629836
1005004779365675
1005006372694756
1005004282009840
1005003407287728
1005006651543386
1005003600496033
1005004110108986
1005006167723509
1005002952815403
1005003686154432
1005007082375790
1005006753237910
1005006900348030
1005003993538207
1005007187610588
1005006798589069
1005007149525047
1005006539155263
1005002603437348
1005007208204144
1005003724751580
1005006421664897
1005005418108378
1005004114739867
1005001864825791
1005001304318341
1005006750773717
1005006755356606
4000302999362
1005003664095674
4000971721906
1005002304401055
32858243408
1005004150891770
1005002603603069
1005002699970938
1005006368113720
33016961907
1005005316343994
1005004255158991
1005005432948864
1005006142509708
1005001518332185
1005005684335334
1005002331909360
33022254435
1005001713443405
33031748137
32843280534
1005003227209670
1005004225642945
1005005763493215
1005006247711060
32880980579
1005003412611123
1005004798416561
1005006145814392
1005005081518789
1005006074031485
1005005880486580
1005005978957631
4000006615721
1005005281263949
1005004505424633
1005005505140291
1005007648612088
1005007039501365
1005004133414321
4001066306130
1005007555263725
1005004256197059
1005007049891999
1005003992519441
1005007384883240
1005006224948724
33010324449
4001160477133
33058575903
1005001714046900
1005004122488824
1005006233042466
1005007670405089
1005005516292054
1005006823594103
1005005630926111
1005006487711680
1005001632095535
1005006712083714
1005006962207792
1005007431398688
1005002185638003
1005007411961251
1005007004923440
1005002372484001
1005005860303924
1005004357513876
1005007129828449
1005007607254313
1005007474064812
1005007474390027
1005002100100832
1005007468681657
1005007525631210
4001360492099
1005007346786767
1005007611299832
1005004501549243
1005006771931943
1005006712237555
1005005803791737
1005006639404489
1005006330094854
1005007354166561
1005007436087945
1005007382972966
1005007143891995
1005001441470568
1005007796065234
1005007795989196
1005007795538485
1005007763973956
1005007793099911
1005007793170831
1005007781122670
1005007728222181
4001322030497
33028036413
1005003681974072
1005005932726548
1005002666735751
1005003678286043
4001156658486
1005007369281525
1005003200896779
1005007417916119
1005003322589140
1005007401590953
1005006732067151
1005006771724490
1005005452189309
1005005539422414
1005006198170268
1005006342270170
1005004263834700
1005005849084825
1005005401897294
1005007346571953
1005006075460779
1005006684804882
1005006800638700
1005006223933417
1005006147358144
1005007759221893
1005007204277091
1005006329112811
1005007374232245
1005006242704187
1005002060017986
1005001555044622
1005005534593569
1005006961580434
1005003923105729
1005006542022305
1005007378151422
1005007592810384
1005002307576422
1005003475982951
1005007592660716
4000731464391
1005006541976209
1005007550038006
1005006781345571
1005007549735865
1005005398238967
1005004038263510
1005007474103085
4001275405555
1005005348268331
1005006781666418
1005007162777865
1005005736127147
1005007549799802
1005006924598612
1005005879867635
1005006794199049
1005007527892005
1005005535208420
1005004848591639
1005006834267162
1005005397733950
4000961130315
1005006029004115
1005006924905424
1005002668594790
1005006192942850
1005002898397628
1005005253513619
1005005005248140
1005006428538823
1005001814315993
1005007592767610
1005003180996668
1005006390122910
1005007492957712
1005007392675344
1005005298088077
1005006082435855
1005006807678858
4000849989083
1005006924684547
1005007443849635
1005006635488637
1005007136440188
1005003456733583
1005002931213246
1005004600300302
1005007342500745
1005005373257306
1005005143838330
1005006989507021
1005005253577396
1005005384080914
1005006664906217
1005005277167570
1005003180943776
1005003775606990
1005004801067725
1005004945644888
1005003457994641
1005004647657801
1005004305760697
1005004954650964
1005007003072103
1005006935575142
1005004101193609
1005004305865796
1005005753524894
1005004521172273
32257319296
1005006143574787
4000805210749
1005005837817460
1005004630245491
1005005890274516
4001234287096
1005002022980263
1005005916589716
1005002023039043
1005005976068042
4001339175718
1005004816573772
1005003311547532
1005005780016170
32446433630
1005004954331091
33002823582
1005005696501232
1005006083707734
1005005038047165
1005006139220450
1005004774987904
1005006450966728
1005005820862111
1005006136631451
1005002022905549
1005005111893563
1005004775164053
1005006127593929
1005005517782197
1005007383707057
1005005393661019
1005005149479818
1005006509099185
1005006509146001
1005006509095197
1005005692191046
1005005692054832
1005005455030939
1005004546115970
1005006620937793
1005001431102808
1005004036381805
1005007659809495
1005003823221117
1005006136696084
1005007511271694
1005004843447108
1005005671416724
32699937699
1005003606227871
1005003620575765
1005007382842440
1005006550249598
1005007424113588
4000635103521
1005007536785716
4001244635418
4001231243389
1005007585940206
1005001298572475
1005004004351042
1005003661884681
1005005649106973
1005006738099846
4000558543830
4000144447819
1005005370767649
1005003941744648
1005006281434076
1005004674598205
1005006281671336
1005003336158182
1005003505250283
1005001355605202
1005006056801538
1005006056539845
1005007402047364
1005006318936496
1005007501869538
1005004374168538
1005007430368017
1005003384170157
1005004858356207
4001231658088
1005004658401639
1005005614480679
1005005468110940
1005001446621356
1005001309584294
1005004847946398
1005004532358588
1005001753743970
1005005158988364
1005003907979160
1005001355587762
1005005754546940
1005004852766385
1005005218813209
1005007426629997
1005003133453798
1005004980359145
1005006334405946
1005007518138122
1005004718860389
1005004014243737
1005005753215528
1005007443896022
1005005819624469
1005006161409027
1005007292424307
1005005096390064
1005003323014639
1005006292285730
1005006309834970
1005006320798247
1005007492819199
1005005113749816
1005005111076450
1005007083082416
1005005445710945
1005005167125706
1005007493757684
4000191038322
1005003384329434
1005006723647398
1005006148034233
1005006237177149
1005005357876359
1005006123112946
4001231670034
1005005684563534
1005005696509050
1005004552614179
1005005713276892
1005007286424705
1005006625759160
1005003008471436
1005004363575691
4000858891658
1005006065533481
1005005266175040
1005005388005067
1005001350081774
1005006216584923
32895159920
1005006240726910
1005006240783533
1005006083785313
1005006083809151
1005006083836034
1005006840597562
1005006840501841
4000944548433
1005007150733283
1005005987338408
1005006639835877
1005006000966872
1005007479310653
1005003839989489
1005003840356445
1005007335138670
1005001813855651
1005007551429014
32819680551
1005006826432081
1005005128278484
1005007508096772
1005006834813542
1005007098619709
1005007101005893
1005007607507278
1005004013982783
1005007581929831
1005005684585983
1005006083669954
1005003878390995
1005007549825790
1005007527845094
4000899432908
1005007521211696
1005003980346518
1005006625270789
1005006449076436
4000801262602
1005006777750906
1005003967828372
1005005338851569
4000483341998
1005006781248623
1005001810025082
1005003383340306
1005004882957725
1005006695517728
1005006589917607
1005006844893324
32835763760
1005004611819810
1005006067619750
1005005292007773
1005006067998769
1005006127936559
1005005253739318
1005002891102050
1005001809965359
1005002636601887
1005006641887127
1005006138970970
4000429849547
1005005993234168
1005004837420737
1005005938211152
1005006320889335
1005006236129475
10000004882520
32819716461
4001224414484
1005004791231612
1005005318776751
1005006797894410
1005005287333138
1005005236317989
1005005279334403
1005006334626132
1005004973622746
1005006695615358
1005006435697251
1005004987540101
1005007473432997
1005003500328548
1005001809539694
1005007217241416
1005006246536658
1005006343245176
1005007442481126
1005007136794794
1005007517420269
1005007188389271
32811086853
4000812463745