1005007171434377
1005007166993642
1005007032864533
1005006898369683
1005007571011997
1005006954056579
1005007229001091
1005007594265407
1005007321237346
1005007228777504
1005005391535612
1005007008473574
1005007273461369
1005006001027373
1005006975157150
1005007661636539
1005006932206964
1005007582675920
1005007060949537
1005007375835306
1005006931647578
1005007487273557
1005007078125194
1005007145288800
1005007597928405
1005007348669454
1005007076750502
1005007007712008
1005007629396320
1005006917478948
1005007198927256
1005007542288491
1005005269631760
1005007128735221
1005007226213243
1005006982076793
1005007333948276
1005007538299610
1005007361256962
1005007108836147
1005007170895600
1005007171967595
1005006463525231
1005007425360337
1005007164648788
1005007259461827
1005007514164104
1005007380119588
1005007260682087
1005006982294254
1005007334988967
1005007038311751
1005007059908441
1005007527823165
1005005777320926
1005006830287938
1005007045794702
1005007168657851
1005006524222134
1005005373351812
1005006990724126
1005005793301248
1005006679122832
1005007557192346
1005006883485129
1005006990631363
1005006542740582
1005006809521329
1005006610089299
1005006278525072
1005005880115073
1005005950128591
1005003826902989
1005007390976443
1005006415570523
1005006772395204
1005006012083895
1005006369713969
1005006165811165
4000544381748
1005006800324906
1005005875139106
1005005839106716
1005007180773175
1005005570896984
1005006597145759
1005005488593490
1005007345601025
1005007419482270
1005006808755972
1005006057769340
1005004833112961
1005006479466266
1005005981254023
1005007130564885
1005006918996509
1005003683975659
1005006505236310
1005006075138075
1005005397056606
1005007524658037
1005006745095816
1005007005983781
1005007346775838
1005006850090893
1005005578781200
1005006719625217
1005006806942410
1005006191196205
1005006416955319
1005006161433428
1005006732970271
1005004371952337
32902156223
1005006849689457
32598531024
1005007339145589
1005006953270303
1005007122243346
1005007155288212
1005004420179970
1005006048851673
1005003129293857
1005005691332748
1005002197251964
1005006354425919
1005005419531242
1005006083210813
1005006878722315
1005006787253330
1005006892042820
1005006172286355
1005007129493851
1005007278111957
1005006148017058
1005007464315734
1005006504938618
1005007104092364
4001092137310
1005006529872863
1005005056956031
1005005008669937
1005007473182753
1005007409980187
1005007671824828
1005007055628641
1005007437532359
1005007536358870
1005006327613027
1005005904227102
1005005791569121
1005005786078027
1005005664450235
1005006631149598
1005004113274598
1005004522822446
1005005873596327
1005002877473347
1005007355854493
1005005585082869
1005005792531955
1005006357110163
1005005460370346
1005006240506237
1005004898614977
1005006327509983
1005003633531748
1005004331705056
1005007649794240
1005006948611404
1005007581430217
1005007649763563
1005007633565461
1005007346096218
1005007633607322
1005007664766137
1005007551201758
1005007624865536
1005007633326829
1005003339276895
1005006968854529
1005006949119698
1005006746495755
1005005526421042
1005004829195935
1005007614180967
1005007563070612
1005006831155986
1005006850764125
1005006741339690
1005007195483757
1005003261731184
1005007508250431
1005007637159175
1005007615171614
1005007497130314
1005007638470117
1005007649843543
1005007615306107
1005005181175035
1005005479586955
1005006741283817
1005007218568117
1005006514306524
1005007316290317
1005001644120763
1005005371899526
1005005515566831
1005007534894578
1005005945962100
1005007209252329
1005007528367896
1005006546084698
1005005485449263
1005007549006127
1005007586254960
1005007548747603
1005007020412179
1005007548699961
1005001865014858
1005007654100555
1005007549490566
1005007549285840
1005007549537641
1005007549443028
1005007549237931
1005007549219916
1005007549056572
1005007548798989
1005007518490921
1005006480167480
1005007163432185
1005006261332246
1005007546685105
1005007546284881
1005007625591586
1005007562625492
1005007074564881
1005006629598195
1005006215205369
1005004725585294
1005007546795781
1005007514615431
1005006789359997
1005007563246616
1005007546524407
1005007546917460
1005007546597198
1005005898580100
1005006271772951
1005007511534320
1005006924710968
1005006741927145
1005006183425062
1005006183431008
1005006395238149
1005006896627485
1005005820777729
1005005259669225
1005007575831508
1005007649891323
1005007586579448
1005007609479517
1005007553052442
1005006968851130
1005006786687796
1005006741637985
1005004347563255
1005006533010467
1005006741828388
1005007280876493
1005006789404762
1005006995277238
1005007543975350
1005006904624407
1005007562531658
1005007658099824
1005007383319109
1005005533404219
1005007568620444
1005006678001714
1005007640119676
1005007512741179
1005006200357867
1005007596876739
1005007486954664
32921311318
1005007581295286
1005007582876348
1005005260894278
1005007189546174
1005006184339839
1005005802985269
1005006948229022
1005007547172987
1005007547467942
1005007547138724
1005007547213629
1005007484601587
1005006525296699
1005004013116154
1005007477557339
1005007663714370
1005001386817639
1005007437565059
1005007303979659
1005007343566118
1005004505256929
1005006906836743
1005006934947433
1005007420114810
1005005643852634
1005007664212561
1005007625803484
1005007596249365
1005007266753275
1005007406990266
1005007582608832
1005007487038421
1005007582572997
1005006934446124
1005004407262972
1005006196517095
1005007657938708
1005007030550033
1005007030070074
1005007029883808
1005006981375334
1005006202154832
1005007184355657
1005006098898119
1005004296009466
1005007382898529
1005007045239864
1005006385302558
1005007035356483
1005007308558706
1005007161387804
1005006828314260
1005005472881035
1005006352733424
1005005888575382
1005007445841826
1005007046433465
1005003590650555
1005003478981006
1005006725000906
1005005293449292
1005007570983721
1005007525838662
1005007614433356
1005006445312209
1005007586366090
1005007095271378
1005006889385576
1005006999652964
1005006888627733
1005007379301338
1005006385319534
1005007168030146
1005003671547060
1005005529156681
1005007155130696
1005005771890090
1005006277414267
1005007519905093
1005007543076304
1005006521773058
1005002611963195
1005007267404810
1005007332155213
1005007331953361
1005007476871319
1005004408522250
1005004154373014
1005007224535453
1005007610561902
1005006330396859
1005007585861735
1005007613632788
1005007658316668
1005004598027090
1005006741679861
1005006646311361
1005007224584404
1005007002879477
1005006639692009
1005006304191582
1005006828089904
1005005544630324
1005007162449807
1005006556804729
1005007402300185
1005004341583210
1005007632052709
1005007618547633
1005007610389799
1005007549170807
1005007463139406
1005007187096554
1005007195095051
1005004851326801
1005007537792458
1005007518913832
1005006635101971
1005002926030609
1005007519449181
1005006924518874
1005007037673215
1005006117594652
1005005460994978
1005007080933036
1005006102542667
1005006770167295
1005007460839602
1005006142840499
1005007018111751
1005007578152051
1005007636940294
1005007650456463
1005006513628389
1005006770211508
1005007451395344
1005006247974205
1005007508553405
1005006554998737
1005007336557515
1005007212547509
1005007510770975
1005007506423065
1005005969833582
32998192357
1005007212509029
1005006043732055
1005006789917291
1005004133769922
1005006360207739
1005007581679719
1005006805175304
1005004798083128
1005007437261832
1005003662307845
1005003750364240
1005006854168228
1005007618686788
1005007618966137
1005004629437743
1005005004268633
1005007638262471
1005007634402655
1005007525676100
1005005470626688
1005006145442038
1005007445894940
1005006305833839
1005007555073349
1005006530763662
1005007313947180
1005007585310568
1005007349119289
1005007402027163
1005007211933710
1005006958821850
1005007031083090
1005002877153568
1005007618920165
1005007619052073
1005007638109431
1005007615901223
1005007590159228
1005006535856352
1005005911400883
1005007446210865
1005007546458469
1005005189562459
1005007529072073
1005007529016230
1005007529096054
1005006862718266
1005007547647582
1005007529005288
1005007529019208
1005007547527871
1005007528855639
1005006397744873
1005006903330200
1005007615909139
1005005866038315
1005006373535073
1005004100458071
1005007581317920
1005007036878867
1005007582889374
1005007071603130
1005007361001161
1005007615724885
1005007639410755
1005005821396311
1005007387723703
1005006436214947