1005006216904491
1005006674577533
1005006445038496
1005006728218441
1005007517741918
1005006791765233
1005006108733030
1005006914064084
1005006370780667
1005006914069226
1005006085703215
1005006911964910
1005006827414109
1005006436987872
1005005991273656
1005007088319955
1005004612675493
1005006631484767
1005007279498201
1005006609595144
1005006747468653
1005004063270049
1005007508239603
1005007465251216
1005006284787147
1005006371361176
1005001594289311
1005007449693296
1005007590258077
1005006813260626
1005006724227909
1005007207826870
1005007507834619
1005007255681351
1005007182727650
1005007342024391
1005005270842774
1005007562089294
1005006181146399
1005007181694755
1005005456605672
1005005847884824
1005007279074673
1005005066438774
1005005873701135
1005007476467995
1005007508533663
1005004137763781
1005007264222073
1005005970409133
1005007648039175
1005007183665386
1005006460866093
1005006247020708
1005007370575233
1005005763792983
1005007495227858
1005007552199889
1005007392863291
1005006381213906
1005006500317055
1005006670934492
1005007104530952
1005007538371684
1005006085569934
1005006326557695
1005006273629876
1005006916827874
1005006913947657
1005005958864720
1005006874046002
1005007082835767
1005006703318580
1005006755862737
1005006738370413
1005006437069391
1005007271246973
1005005187933101
1005006975497221
1005007518751533
1005007320387415
1005007507812199
1005006191892097
1005005316893433
1005006472599443
1005007578251059
1005006587052677
1005006241246364
1005001974878350
1005006755302155
1005007481966521
1005006587544447
1005005632946294
1005006755534703
1005007401356209
1005006449021700
1005004679520896
1005007431225620
1005006200349681
1005005654562721
1005007569842487
1005007432469816
1005007071422621
1005006181939728
1005007433723990
1005004839171390
1005004754260609
1005005656455125
1005007009600689
1005002000000560
1005006756056681
1005006684459611
1005007061374197
1005005995668048
1005002147963835
1005007308652075
1005006765341612
1005006382415537
1005007627504400
1005006879517525
1005006780726612
1005004679662673
1005006348314154
1005006193938892
1005006967850694
1005007501077484
1005006443158683
1005004608111902
1005006445467275
1005005343608038
1005006828447300
1005003515934046
1005006443242655
1005007315509321
1005006754323198
1005007590081599
1005005656537909
1005003591029327
1005006756170841
1005007426524388
1005004655111102
1005007480340986
1005006366765781
1005007507676407
1005005991327338
1005006648795757
1005007096850766
1005007088034253
1005006865677215
1005007576126927
1005007060992846
1005006385269204
1005005161763210
1005003347162098
1005004505253973
1005005721606240
1005007508193818
1005006977216286
1005007308844097
1005006381334498
1005007448927625
1005006187033773
1005007301740111
1005006856068069
1005006241232599
1005006725410292
1005006488042037
1005005473068166
1005007448769709
1005006165007941
1005006956729864
1005004109775805
1005007129266617
1005001995191854
4000201223483
1005006035264940
1005007605479034
1005005981511570
1005006315260219
1005007249311085
1005006756040568
1005004579136531
1005007254972577
1005007187885507
1005006370739812
1005006466782149
1005007257620123
1005007315531512
1005007432974220
1005004694592637
1005007432226777
1005007301526858
1005006972721805
1005007145979136
1005003723254860
1005006026232080
1005006795347276
1005004507900082
1005006383227504
1005005847967023
1005006460261260
1005001690199680
1005006760922472
1005005357505204
1005006968388550
1005003623958589
1005006243896467
1005007082278914
1005006760540498
1005001600382023
1005006419779366
1005005174486585
1005005548585636
1005006165160615
1005003520957257
1005006888335250
1005006879178731
1005002033137375
1005004110958655
4000437864854
1005002214277125
1005006330941895
1005006194390681
1005006884171544
1005006310596374
1005005078932086
1005006722868064
1005007429785205
1005006321236994
1005005796324555
1005006756082331
1005006298994523
1005005371223230
1005007437424253
1005007303964494
1005006782278920
1005006632408729
1005005473070092
1005007435874864
1005005927688643
1005007072471347
1005004597732800
1005006755293297
1005007216536557
1005006706695167
1005006466646873
1005006944136067
1005006191216234
1005003501053257
1005006904664510
1005002615318101
1005002162918242
1005006725323648
1005002008753966
1005007315612325
1005007038979379
1005004105089979
1005007297023394
1005005721714294
1005007622884761
1005004762102578
1005003488831427
1005003203538723
1005007211923928
1005007594969495
1005005173620331
1005005991354295
1005003648356166
1005005556952625
1005006755240494
33044045242
1005006108658452
1005006486168912
1005003488001189
1005006298390355
1005004598067033
1005005914098641
1005004589207013
1005007539177700
1005007507760769
1005006886625745
1005006756221658
1005005557283046
1005006383088702
1005006759716473
1005005970147280
1005006754888525
1005005951152574
1005006766951411
1005004740556217
1005006632605495
1005007684504482
1005007683822449
1005007676492873
1005007676614363
1005007640886579
1005007675554330
1005007665277332
1005007665340276
1005007671354534
1005007672966367
1005007685216753
1005007676023829
1005006416534489
1005006461173959
1005002162702661
1005001999944218
1005004507876904
1005003704156433
1005006259327090
1005006328266631
1005003202703581
1005006357899733
1005007676777266
1005007676376847
1005007664373647
1005007654937956
1005007643275244
1005007685325538
1005007671524025
1005007369555330
1005007347799764
1005007408103600
1005007342279511
1005007588084553
1005007694268886
1005007724988236
1005007797939283
1005007730377625
1005007692075222
1005007785844627
1005007796627319
1005007730206381
1005007730191504
1005007797096640
1005007728845107
1005007714099874
1005007794266057
1005007686272184
1005007724520882
1005007687924365
1005007723441786
1005007714464323
1005007638448678
1005007753054821
1005007752576927
1005007790419821
1005007784528920
1005007697353215
1005007697169880
1005007696190059
1005007696181092
1005007790327320
1005007790617786
1005007783502166
1005005702181790
1005007770621705
1005007664335680
1005007664266906
1005007709483693
1005007752490104
1005007708881095
1005007763571939
1005007424925521
1005001685168993
1005001960683728
1005001966093994
1005002081961886
1005007654471794
1005007347246758
1005007068058740
1005006117487281
1005006190934100
1005006191351621
1005007589562529
1005007716691250
1005007716488753
1005007749820699
1005007268695112
1005007663812870
1005007750644622
1005007605911930
1005007774098876
1005007765174472
1005007714610110
1005007759658462
1005007759939916
1005007759034290
1005007757517447
1005007752511355
1005007646292289
1005007663774996
1005007664636166
1005007664321756
1005007664056362
1005007663980492
1005007664110027
1005007663713996
1005007664432562
1005007664109537
1005007663972917
1005007753621119
1005007753061769
1005007752678524
1005007696997916
1005007685363497
1005007753680244
1005007752675516
1005007753352283
1005007752645930
1005007697064986
1005007685493294
1005007656846147
1005007691933441
1005007685861571
1005007684751714
1005007627315811
1005007618941468
1005007672810673
1005007659468396
1005007686111409
1005007731899199
1005007731832052
1005006413293523
1005002032763177
1005004508296849
1005002008332247
1005005962769815
1005005962817434
1005005801910201
1005007081757520
1005007725891350
1005007686231271
1005007659340890
1005007610480744
1005007665685133
1005007665956305
1005007703609630
1005007703571837
1005007702818747
1005007682966941
1005007694088304
1005007650564774
1005007132049075
1005002031939500
1005007438357485
1005006123016969
1005007257880165
1005006109786910
32982350397
1005006860548023
32817596121
32839939530
1005006240669268
1005006894107513
1005006606993521
1005006855911529
1005007402288104
1005006937607205
1005006468990029
1005002313398514
1005005373344376
1005007108064787
1005006074981006
1005003408861721
1005007076950069
1005007067481544
1005005748492808
1005003745571873
1005006099677973
1005006859718219
1005003736246977
1005007252495788
1005006864320699
1005007072619134
1005007172226191
1005006010386766
1005006783154309
1005005028135108
1005006883695260
1005004083001008
1005007138413004
1005006684683473
1005006397683106
32861913392
1005006756448852
1005003749616094
1005006955424169
1005005828006395
1005004454968883
1005003751212896
1005006049878576
1005004037950232
1005006107869213
1005007317677728
33010215030
1005007144294027
1005006797131052
1005002710938458
1005006396643252