1005005707897236
1005007337670907
1005005556474353
1005007538221265
1005005708210419
1005007572584110
1005007555811461
1005007585879566
1005007470987001
1005007201762914
1005005684765363
1005007667495391
1005007779843891
1005007779911710
1005007795500421
1005007795464695
1005007695115894
1005007684792717
1005007777640018
1005007672029964
1005007692190961
1005007639408884
1005007745127945
1005007776127487
1005007753072449
1005007737906321
1005007776020802
1005007761772484
1005007719065842
1005007770762730
1005007788940166
1005007708189404
1005007740260726
1005007723996919
1005007716133720
1005007697145786
1005007732667332
1005007732580424
1005007740226727
1005007650352411
1005007736285761
1005007640619648
1005007648494976
1005007743084548
1005007686007519
1005007429974507
1005006384696145
1005004376395179
1005003991377933
1005003924154459
1005003969085435
1005003709915289
1005003712586902
1005007585811789
1005007366085045
1005007572169697
1005007780243641
1005007780221996
1005007788204908
1005007719645081
1005007650038080
1005007786699265
1005007585794018
1005007787919370
1005007774528792
1005007778998557
1005007773588960
1005007767568095
1005007775385104
1005007770069501
1005007657780383
1005007684554834
1005007651155547
1005007689364976
1005007684541871
1005007685449269
1005007698968491
1005007658641784
1005007711205142
1005007698071800
1005007726865892
1005007710972650
1005007727304146
1005007660360715
1005007737924662
1005007710586077
1005007738843061
1005007652254395
1005007652243138
1005007651577181
1005007652483067
1005007652313596
1005007741903054
1005007658438015
1005007741823552
1005007727101724
1005007678243084
1005007687238284
1005007670759519
1005007732481688
1005007638311630
1005007638250019
1005007637838444
1005007685678913
1005007689897385
1005007429806960
1005005005510535
1005003480271686
1005005817501479
1005007697804248
1005007687095523
1005007640096912
1005007685294466
1005007685059948
1005007684861561
1005007686695817
1005007761641025
1005007704054644
1005007703351431
1005007571113073
1005007571130066
1005007639458975
1005007638197871
1005007637875454
1005007639337716
1005007639336136
1005007638958340
1005007638581766
1005007637690190
1005007638523110
1005007638249758
1005007637893384
1005007676129549
1005007664546152
1005007758608660
1005007639501719
1005007646754195
1005007654100420
1005007685904499
1005007687029788
1005007654126240
1005007687674214
1005007687646258
1005007653991106
1005007690564230
1005007685837629
1005007664627081
1005007640253983
1005007664518231
1005007638517461
1005007637338636
1005007677800902
1005007639571191
1005007639466691
1005007640581428
1005007639012020
1005007638430239
1005007639317419
1005007654064387
1005007638231900
1005007637981419
1005007638067108
1005007753010758
1005007664894090
1005003246080094
1005003967137621
1005007638560008
1005007638406995
1005007638944501
1005007638571458
1005007696887444
1005007664762397
1005007674220029
1005007654091240
1005007697014350
1005007609796701
1005007598511581
1005007677561136
1005007670906082
1005007679547225
1005007638038324
1005007680528135
1005007682145452
1005007679252512
1005007684902478
1005007618073352
1005007685616061
1005007685550067
1005007685424579
1005007685509141
1005007685271602
1005007686700893
1005007686977417
1005007747777133
1005007578886561
1005007689825111
1005007689934237
1005007618325734
1005007689913388
1005007618393707
1005007622181526
1005007688392627
1005007585600374
1005007585461482
1005007695008295
1005007594791598
1005007657640728
1005007593785096
1005007594691946
1005007742905246
1005007739302062
1005007710617758
1005007705464964
1005007710999444
1005007738302136
1005007715163455
1005007712896948
1005007668332428
1005007711753895
1005005703118048
1005004373780170
1005004095027862
1005007721889229
1005007721872676
1005007722001416
1005003923259961
1005003294364263
1005003242062943
1005003998030272
1005003266175919
1005004755136186
1005006782620236
1005005483364838
1005005218524263
1005005874824244
1005007181117519
1005006618293743
1005006184000762
1005005475563391
1005006335803822
1005006685030850
1005006803928647
1005006439908182
1005006750025572
1005006478964783
1005007087701284
1005007088136169
1005006502942999
1005007064150416
1005006735942143
1005007593007362
1005006589555924
1005007456827202
1005007554765238
1005001836742294
1005004126421709
1005006287434367
1005006212278794
1005007211149902
1005007431231001
1005006458441045
1005004161965619
1005007606217614
1005006391192188
1005006164196451
1005006184593408
1005007285174269
1005006582711264
1005007081542445
1005007043686063
1005007195411076
1005006016010599
1005007080588733
1005005820239169
1005006575361989
1005007308981109
1005006805631059
1005006618279581
1005007081254973
1005007558452861
1005006330610448
1005006250495825
1005002071303342
1005006504319969
1005005558763355
1005006043443821
1005005086577681
1005006953912410
1005006555684344
1005006334899133
1005006183059643
1005007459885057
4000166358653
1005006786620798
1005005989880671
1005006596731603
1005006419652386
1005007213976742
1005006422500929
1005006656657348
1005002029863147
1005007334868852
1005006282289223
1005007054703952
1005007253075589
1005006885466739
1005003020165659
1005007362206471
1005006603202816
1005006407196008
1005005931353527
1005007275475075
1005007080532938
1005007029878146
1005007403250448
1005006294540372
1005007335872229
1005007178686192
1005006866939772
1005007081279378
1005007364390384
1005006388813701
1005007420089771
1005007077762708
1005002073246140
1005006556498495
1005006295942501
1005004702088948
1005006072634957
1005007448924516
1005004627310684
1005006420780813
1005003470545231
1005006212332525
1005006589911323
1005007080835916
1005007321256165
1005007648390210
1005005926565912
1005007161574685
1005006034869276
1005005776754510
1005006207916657
1005006416222374
1005006282144962
1005007080652035
1005005665770380
1005005178930579
1005007545700960
1005005856673812
1005007440263027
1005007171226418
1005007403370286
1005006815447116
1005005988577445
1005007096121017
1005006918835290
1005006302675372
1005005931289626
1005007533794536
1005006746352331
1005007583228317
1005007110344396
1005005452899135
1005006813919748
1005007075426067
1005006420812620
1005002798319893
1005005100663287
1005006434363885
1005006444651244
1005006789762842
1005006212954028
1005006437522118
1005006926153363
1005007486356171
1005006422765354
1005006423052168
1005006925468682
1005007439736311
1005007114227070
1005006709585731
1005007119678036
1005006555855032
1005006773968133
1005007640955423
1005007493384371
1005005859618439
1005006455970309
1005006556441887
1005006418610547
1005006881473389
1005007034390580
1005007445181599
1005006556798463
1005006837557728
1005005996720668
1005003677483152
1005007003342481
1005007578187423
1005007492781858
1005004123695218
1005006419359182
1005006437485282
1005006094021246
1005007581471606
1005007643468282
1005006744574027
1005007266615387
1005007342111981
1005007349333098
1005007445333957
1005006520665458
1005007018029883
1005006278668719
1005007315567466
1005005713672082
1005007303637959
1005003677642961
1005005946810968
1005007449928372
1005006015995667
1005006067027676
1005007493529328
1005007486394861
1005007055906201
1005001968336369
1005006583986009
1005006810055241
1005006214008590
1005006172047010
1005006396116787
1005006845836528
1005007627110498
1005005903012426
1005006856718370
1005007532023463
1005006093915886
1005007544212878
1005006422673603
1005006745841717
1005007261160833
1005005192586174
1005006282311370
1005005870307121
1005007287387001
1005004716828019
1005006785955615
1005003198849866
1005006094070426
1005005756053404
1005007466775900
1005006214271941
4000173265322
1005007429287599
1005007641711236
1005006537478276
1005007516982846
1005007568471921
1005005887257928
1005006869272058
1005006396080499
1005007169202051
1005007071369763
1005007592828671
1005006867198452
1005006225856935
1005007294917924
1005006845721784
1005007493285852
1005007233564266
1005005875030652
1005001973273221
1005007374901652
1005007532171128
1005007638284131
1005006717967220
1005006348263395
1005001994265583
1005003813994342
1005007343706022
1005004266830888
1005007096792360
1005007136660688
1005007433511381
1005006293556833
1005007150337063
1005006282288364
1005005923538284
1005004105347119
1005007055666635
1005007526020442
1005007395379783
1005006606078110
1005006041288201
1005007456777332
1005006513657492
1005007641776013
1005006825645947
1005006837012536