1005002995991006
1005006092275476
1005006150242457
1005006840860711
1005006212860083
1005005217978497
1005007498247228
32955489954
1005004048603284
1005006887684172
1005004578238901
1005005860058010
1005002958998398
32787445519
1005007461109770
1005006420675148
1005006166197136
1005007364480031
1005004996578477
1005006710052867
1005006853625340
1005006891253334
1005007008407123
1005005533359225
1005006255717180
1005004553096692
1005007294139089
1005006748322981
1005005304809195
1005003322618650
1005007253719956
1005006619590553
1005007251612078
1005007525730996
1005007431010684
1005007335241682
32912648690
1005004418157282
1005006906233608
1005007137031517
1005004723844158
32984614383
1005006061365905
1005007180079711
1005006053601065
1005003051683184
1005006755922581
1005007196547951
32919185496
1005007359331460
1005004020187039
1005004662055555
1005006375639995
1005006153872788
1005003336221225
1005007007463196
1005005065451633
1005004377835964
1005005697319189
1005006484635744
1005007145956521
1005006973821135
1005006861038604
1005007001523926
1005005866639319
1005006747635919
1005004521741821
1005007623854679
1005004937006794
1005006729019587
1005001520172575
1005002384763061
1005005848008667
1005004514905419
1005006871749087
1005004870365483
1005006081566874
1005007151068329
1005006614714988
1005007026365560
1005004306520570
1005005904932768
1005006173793677
1005006756227436
1005006921273635
1005006205072561
1005007097055788
1005006728272528
1005007313919094
1005006594274563
1005006389949783
1005006852501091
1005003243885384
1005006935820608
1005003372181581
1005006085669370
1005003022737212
1005004432998230
1005002204094145
1005006994240432
1005005334699448
1005007330224787
1005006457942266
1005005295390235
1005007198243337
1005002982183013
1005006411604848
1005005596389012
1005006390538842
1005005489910500
1005006089538650
1005006613541999
1005006525854728
1005002669698916
1005004815085144
1005007492289937
1005004188405478
1005007293182848
1005004252595657
1005003064559752
1005006808781325
1005006198455799
1005005928953533
1005007548731588
1005007437548498
1005006891286070
1005007262689136
1005006801532843
1005004908833999
1005007314634033
1005007531829374
32989432390
1005006936517543
1005005663341792
1005003939520418
1005006224286750
1005007548608658
1005007211517379
1005006579766542
1005004999526981
1005007137673421
1005007047483466
1005006043651275
1005006865605610
1005007649468520
1005006938420058
1005007548588709
1005006236600548
1005006912593014
4000363655168
1005007438973808
1005007527213237
1005007002317180
1005007548721602
1005005001232753
1005006401161096
1005006813359693
1005007268538350
1005007048317182
1005005218803665
1005007548787450
1005007633359827
1005006996526048
1005004822321508
1005007569031300
10000138185844
1005006426382271
1005007461404874
1005006491699266
1005006362257396
1005005346377818
4001246198292
1005006189708500
1005006996726313
1005002827313197
1005006086618078
1005001296382431
1005006599720963
1005007031882466
1005007084578176
1005007097617516
1005007098030245
1005006959198486
1005007225750179
1005006492672579
1005006904510390
1005007039426517
1005007618376765
1005007049914545
1005007548489875
1005005716119073
1005007423755336
1005007288846987
1005007067726456
1005006032551021
1005006898335211
1005007301876616
1005006938240879
1005006401861478
1005006189219691
1005006938232995
1005007614895457
1005007475167989
1005005898947451
1005007180754137
1005007030275784
1005007445422909
1005006685648208
1005007548761569
1005007268313836
1005007319020759
1005007411152149
1005004519381093
1005007170595454
1005006181754063
1005005906424964
1005007268490509
1005007049675734
1005006938435006
1005007095708460
1005006150198692
1005006880018659
1005007417035172
1005005437553590
1005007498446595
1005006543218549
1005007268403610
1005004735192292
1005006193184184
1005007609848845
1005006285217322
1005005301139342
1005006812305979
1005005228107997
1005006436625762
1005007272384254
1005007203509262
1005005134289912
1005007017469050
1005007244295185
1005007089921132
1005006919103975
1005006540130202
1005007613310861
1005007355403718
1005006338780926
1005007592092409
1005007314493570
1005006739072691
1005006218116985
1005007225684903
1005006071219780
1005006438134260
1005005227225131
1005006441454746
1005007548690570
1005007061784578
1005007487521910
1005007649552271
1005007098294336
1005006926230836
1005006555204969
1005007499203374
1005004797861312
1005006888629041
1005007101288682
1005007548491806
1005006958842395
1005007548463925
1005007309273107
1005007212173704
1005002527598003
1005004868891881
1005003358378918
1005007548503777
1005007603063064
1005005624329778
1005005301123419
1005003442300056
1005007029292704
1005006409504886
1005007135697021
1005006871896355
1005004570280057
1005005656733827
1005007226237359
1005005968944936
1005007524403923
1005006891073863
1005006891071669
1005007067481870
1005006878616857
1005006218148825
1005007176367487
1005006210360636
1005006838108151
1005006363347370
1005007548702592
1005005816427429
1005006782833644
1005007475120081
1005007548480844
1005003536476328
1005006213030007
1005007355353685
1005005210832546
1005007548719564
1005007602939394
33032525907
1005006503191690
1005007548685644
1005007618759692
1005007212320479
1005005301124456
1005005910742787
1005007580564411
1005007618799608
1005007084841760
1005007189253037
1005007036083381
1005007410727039
1005007145523493
1005005986935012
1005006115577762
1005007477231271
1005004684137568
4000173480520
4000562429403
1005005532020643
1005005970047529
1005006381490437
1005006338323001
32873378367
1005001561460127
1005007355727348
1005006064857704
1005007262619239
1005007262218623
1005006891018946
1005007211399555
1005006218261205
1005007646782174
1005007175736628
1005007603069071
1005007618966457
1005007629400556
1005007032433658
1005006143390214
1005006327190805
1005004979228277
1005007209244858
1005006192639524
1005007291679499
1005006727523843
1005006253461760
1005002239229336
1005006989144238
1005007185537780
1005007009905737
4000527847665
4000236790430
1005007272421134
1005003846692553
1005006290457092
1005005905626676
1005006733819738
1005007464817226
1005002966083196
1005005071292744
32409390851
1005004949068638
1005006087788992
1005005592805263
1005002646013848
1005003019373093
4000224557599
1005007513966358
1005006438377992
1005005063892373
1005007648524962
1005007636554341
1005007458193970
1005007635650209
1005007449364814
1005006893762036
32737702644
1005006974987645
1005006414543185
1005007623973164
1005007643803808
1005007170972430
1005006182911365
1005006860902940
1005005251356713
1005007539789712
1005007170954673
1005006574226439
1005004949076799
1005007607423909
1005006438410521
1005007501898961
1005004068193576
1005004853505595
1005007657351141
1005006395814781
1005007660289483
1005007668767940
1005007658784093
1005007673049137
1005007684866308
1005007679526001
1005007684615741
1005007684908252
1005007685276580
1005007684848298
1005007657933744
1005007104235655
1005007711092778
1005007708877967
1005007695164566
1005007104209332
1005007698864276
1005007693040056
1005007772292603
1005007723361249
1005007103957939
1005007792187564
1005007785325070
1005007770464235
1005007735961220
1005007738194670
1005007757893808
1005007691096395
1005007690878805
1005007691205245
1005007691114405
1005007691132293
1005007450484378
1005006898336121
1005007184507039
1005007341205980
1005007623829684
1005006751252673
1005007035914641
1005007010668021
1005006996958907
1005004979115148
1005007690601337
1005007696674065
1005007696438924
1005007696389996
1005007691151289
1005007690881706
1005007691203206
1005007691267030
1005007691238143
1005007691099399
1005007690945618
1005007542990431
1005006894584999
1005007262630136
1005007004601840
1005007262355373
1005007339586709
1005006891229359
1005006742189369
1005005678266470
1005007531866301
1005007450544209
1005007211650165
1005004874661317
1005007104311096
1005007099898325
1005007437500285
1005007480182736
1005006897748821
1005007128079709
1005007309673489
1005007018198009
1005007557701049
1005006893469932
1005007498616036
1005006865726356
1005007010422276
1005007008862219
1005007579577817
1005006925578466
1005007509949153
1005007531935890
1005007288861027
1005006948659791
1005007581490071
1005006891108380
1005006885010404
1005006902382233
1005007261330635
1005007633512971
1005007104565813
1005006868223922
1005007492701200