1005005572767868
1005005561826069
1005005890485405
1005007166945222
1005004317070546
1005005267933505
1005006365764011
1005003071558505
32907802952
1005007358953122
1005007648195952
1005001785659463
1005006735565760
1005004611025676
1005006849682526
1005007100814633
1005007382031969
1005002963676323
1005001923041371
1005005919205042
1005007310833051
1005007180114487
1005007254995056
1005004204721041
1005007279459228
1005007148780565
1005007078663628
1005003385160373
1005006786345143
1005004200656533
1005002689786283
1005005544919504
1005006647078643
1005007142418689
1005006891223776
1005007208740598
1005005950643021
1005005758424787
1005003457392567
1005005114748469
1005006931791424
1005007275051779
1005002828803547
1005004412168671
1005007252207435
1005005142786362
1005007518889916
1005003392997055
1005006968753299
1005004384043613
1005007591550083
1005005644912278
1005003186742803
1005003567488202
1005006255819040
1005005274385588
1005003712203771
4000790305403
1005005306683020
1005007526051524
1005007099802274
1005005592881526
1005007297863623
1005006574282308
1005007327779786
1005003070428720
1005006314896215
1005001798416446
1005007341559336
1005004151618592
1005007142768298
1005006883879126
1005006745514279
1005007117494109
1005006002453718
1005007649707855
1005006324253139
1005007530214733
1005007143025448
1005005796864315
1005007202531412
1005007494373490
1005004608963207
1005007132051553
32951042656
1005006581505319
1005007264350689
1005007610822046
1005004608963721
1005007504834149
1005006340834175
1005005824055178
1005004378437833
1005005674678054
1005004620505779
1005005896759432
1005006935879940
1005006760615877
1005007523949188
1005007557845305
1005006890911814
1005006935245438
1005007079049862
1005007524376658
1005005748546942
1005005269581823
1005005808626559
1005005249482779
1005007425496724
1005003106175616
1005002875919511
1005007649670323
1005001942727276
33061355300
1005006437063375
1005005628789872
1005005563951900
1005004033782122
1005005035169841
1005005958369834
1005007627358634
32967587216
1005007371084012
1005007215340792
1005005371345997
1005006311150893
1005002624801187
1005007143362372
1005005766924922
1005002305147492
1005007168513825
1005005478027776
1005006302949084
1005007548900058
1005004222766974
1005006902645578
1005007600778321
1005007477103081
1005007216354491
1005007426188663
1005006697702544
4001283545182
32920687819
1005005954213345
1005005226990967
1005007047955103
1005007408861265
1005005855824445
1005003790941171
1005005729578791
1005006823127079
4001138193069
1005005311418564
32949615437
1005007526675621
1005007415628298
1005006990141117
32832324395
1005006938034725
1005007397025339
1005006186081372
1005004662708083
1005003090017346
1005005704681308
1005003500516706
1005004881413515
1005007087818852
1005006783184924
1005007610296853
1005005182215279
1005006973126178
1005006972924799
1005007342484855
1005006737212519
1005002716496165
1005006713754411
1005003632960170
1005004755176992
1005007506588573
1005005399345969
1005002665416039
1005007617513212
1005007278618610
1005004207592395
1005004986911009
1005003227820159
1005007038324685
1005004732170550
1005006182663723
1005006780380954
1005003354987276
1005005175076907
1005005473371002
1005006582313801
1005005923941091
1005006833583293
1005006647515908
1005006668756917
1005007099080496
1005007481424239
1005006681230007
1005006388584643
1005007197325904
1005005236509954
1005006314264467
1005005584309243
1005004894687550
1005007531688951
1005007315268967
1005007449748392
1005003875604071
1005006817993744
1005006822384472
1005005703817526
1005003634815983
1005007479376043
1005004970042003
1005003003396717
1005004369682516
1005007463709321
1005007052784347
1005003112402777
1005006128955301
1005005324016037
1005001626327768
1005005940908849
1005006659418499
1005004637230558
1005005567920244
1005007604970543
1005004968405665
1005004488605068
1005007123639867
1005007466572909
4000461530357
1005004468615689
1005004851360899
1005006382300611
1005006080266228
1005007493292026
1005006676386624
1005005478615497
1005006996794451
1005004770247365
1005006335533325
1005006675544796
1005007484817888
1005007094172424
1005006852276243
1005007330118318
1005006068257507
1005003376536867
1005007487733659
1005006410712863
1005002901401578
1005004082610790
1005003596516412
1005003556532361
1005006165457320
1005004654007474
1005001713149827
1005007303235825
1005002171952277
1005006759664514
1005005068904074
1005006669243274
1005007038012902
1005003875385508
1005006003919812
1005007279319551
1005007087249676
1005005487067380
1005004128976483
1005006311163595
1005006163809265
1005006823289038
1005005940496428
4000860823766
1005005529751046
4000144950434
1005007647781658
32981929362
1005006833030946
1005007245643707
1005003461302726
1005006080275156
1005001645847490
1005007082557679
1005006669256297
1005006432687793
1005006109746500
1005005802573765
1005006736683953
1005005133141465
1005006918739459
1005004488457212
1005003775306861
1005007257791562
1005005914373682
1005005199840662
1005004447011783
32984750176
1005006234866967
1005006625022829
1005003124867960
1005006123443082
1005007096359018
1005007334104564
1005005505721780
1005007100614769
1005007472429381
1005006097752989
1005005226088694
1005006343563320
1005007447528588
1005005730869644
1005004370756464
1005007174658090
1005004349324421
1005003395750464
1005006626787059
1005004314074325
1005006669088317
1005005775930331
1005001501312780
1005003536839891
1005005698920906
1005006696900662
1005006341095983
1005006767271229
1005006779767571
1005003466758042
1005006257003712
1005005987998967
1005006331611390
1005007524637181
1005007182583325
4000751790695
1005006659148320
1005007079622380
1005006061069579
1005007640179863
1005004387885118
1005007475920167
1005001648498920
1005006137780400
1005005730904623
1005005735152783
1005006720669154
1005007285275696
1005006410927278
1005007507701627
1005007206399240
1005004701920452
1005007124601682
4001244183460
1005006771049358
1005005683370133
1005006809319647
1005005762318661
1005005637538371
1005007449093226
1005003193427862
1005005323015509
1005005733164031
32968665102
1005004604871524
1005007360918389
1005002531661908
1005004448534674
1005006842600510
1005006108813570
1005005300452348
1005006828622089
1005004495763613
1005007068487674
1005007490475472
1005006284569861
1005005949427850
1005005471415273
1005006902566928
1005003492901225
1005006162550633
1005002664933440
1005007539317341
1005005928049415
1005005708623865
1005003749943564
1005003067628705
1005005366438411
1005006162198362
1005005941499904
1005001988518728
1005005754232944
1005005775897592
1005006678063520
1005004497317095
1005005283086318
1005007407072868
1005006590530197
1005003580136134
1005003775712092
1005003351832266
1005001913049384
1005005300295638
1005006749685091
1005003182507096
1005007585234999
33000963749
1005007463404835
1005007652484413
1005006917048818
1005003681200547
1005007583366704
1005006163211935
1005002888788770
1005003624827583
1005006641060427
1005005068928330
1005006641997188
1005007664630102
1005004833409207
1005006862845418
1005005657089317
1005004330915680
1005006783082960
1005002489380713
1005006124178470
4000865033771
1005006348185514
1005005529768121
1005003665292988
1005005837580179
1005005047790013
1005006143293355
1005006822711980
1005005121098599
1005006228030737
1005006152056624
1005004385750790
1005003750520276
1005007463332773
4001220077493
1005005910526294
1005006822942718
1005006750191333
1005002530275258
1005006759808596
1005007463341583
1005007262016858
1005007090328649
1005007035821168
1005007016550140
32275888616
32896781296
1005005557883645
1005007119783296
1005005933274825
1005007276301680
1005007463627310
1005007654114928
1005007058946868
1005004406639757
32514941569
1005006907709313
1005006754798573
32274969625
32612567134
1005006163367985
1005006773366886
1005007463287852
4001259395183
32612295147
1005005810338851
1005005314544318
1005003676606563
1005005197869125
1005004392030253
1005007414198314
1005007639960159
32905628977
1005007017419081
1005007514224306
1005006835742954
1005006836005014
1005002537425746
1005007589287300
1005007453244922
1005005475371625
1005006022583565
1005006717405060
1005007480563907
1005006241118512
1005007440285929
32980528144
1005005959004059
1005004938405055
1005007634451008
1005007245568345
1005006857374031