32297471617
32709084358
1005007582904046
1005007584072169
1005004979004133
1005005007849351
1005004962696365
1005007477814981
1005004978891955
1005005537712061
1005006101839904
1005003739313365
1005005821510797
1005002064923409
1005007393919354
1005006756026955
1005007478689055
1005006822363257
1005003086825447
1005007508882817
1005007652448532
1005007308915010
1005005462960062
4000570038430
1005006447297887
1005007040938996
1005006356596748
1005007676521792
1005005067141780
1005004059853346
1005001389462245
1005007181240664
1005006944769136
1005007409440740
1005005529838238
1005007188572990
1005007559002979
2019317498
1005007542801381
1005007678518772
32900219840
1005003050054495
1005007674866052
1005006164288839
1005005131533312
1005007640358768
1005005552282945
1005005958361768
1005006598051690
1005007618897569
1005007673836388
1005005958421362
1005007504081436
1005007673558773
1005005964525384
1005006356825687
1005007441602572
1005007551344866
32679420315
1005001301791252
32527656201
32297499353
1005004957004874
1005005003353387
1005006807736873
1005007478425064
1005005003553250
1005004990535568
1005005536334353
1005001682872582
1005007295582190
1005003401465840
1005007590194975
1005005958439755
1005005958441026
1005001706007733
1005007635682674
1005007007315630
1005007337374607
1005007675808290
1005007682712309
1005007681517345
1005005570325052
1005007674605458
32845615599
1005005958392639
1005007670569891
1005005958500602
1005006766417494
1005007203763651
1005007494401189
1005007674377899
1005005718660811
1005007097359502
1005005762442227
1005006911784127
1005005561070051
1005006246209598
1005007285981086
1005005750718576
1005007626113949
1005003550600912
1005007470924416
1005007636000178
1005006134266209
1005007479009652
1005005963916692
1005005552614018
1005007466197938
1005007545210520
1005007671029727
1005005761943482
1005005753232354
1005007224495208
1005001961625497
1005006906580548
1005007189150307
1005006540394365
32709080170
32429868875
32592152532
32785755211
1005004954215120
1005005503841374
1005004980541582
1005005003727580
1005007476910114
1005007478011815
1005005537547650
1005006386857555
1005005958348413
1005005964698771
1005005958526745
1005005958704532
1005007259203639
1005007632776224
1005007557134520
1005007612651306
1005005762150335
1005007459928566
1005005761976697
1005005963992231
1005007224355348
1005007133631331
1005005913222770
1005007556652860
32668655219
1005007478668297
2019321047
1005005690605746
1005001705879389
1005005805594117
1005002926138665
1005007217411739
1005007293649844
1005007676931836
1005006890385298
1005005066966786
1005005750642706
1005006935227395
1005006932226963
1005005762597514
1005006265643959
1005006412658663
1005005560248877
32377350237
1005006884285406
1005006906881829
1005007660842694
1005003037460366
1005006650858992
32840737342
1005007478924205
1005007333369814
1005007654926238
1005005690547866
1005007441458848
1005007539222159
32708458775
32689781499
1005002692647674
32759259649
1005005009040436
1005004945269018
1005005015202533
1005005012100381
1005007501584170
1005005537531422
1005005957940235
1005007427912735
1005005964782007
1005007478205305
1005007556951529
1005007556974008
1005005958576026
1005005750890085
1005006909289177
1005001999797939
1005007362163407
1005007355707729
1005007231896870
1005005762337773
4001278260912
1005005186807810
1005005964550342
1005005800062910
1005005552227754
1005005315104940
1005007635849866
1005007584154131
1005006849636026
1005007635910798
1005006476782793
1005006235930013
1005006048435222
1005005334583706
1005004528041132
1005005188078287
1005007478570669
1005003353090153
1005007207467735
1005007071796267
32826469117
1005003436903859
1005007410763903
1005006847046032
1005006802558273
1005007041262767
1005004228825064
1005007190412027
1005005971330522
1005007655655959
1005006102990772
1005007556660492
1005006678246155
1005007485058395
1005005692518047
1005006060171933
32534282978
32563931301
32691491792
1005005008773816
1005005016831780
1005004995794657
1005005008771035
1005006979243314
1005007556935240
1005007556944182
1005005958386582
1005005808389951
1005007635927824
1005005809610969
1005007635977737
1005006219684507
1005007316139201
1005006398746105
1005005256470743
1005007481589488
1005006598342362
1005007368162478
1005004620154559
1005004014499870
1005007038839792
1005006757006263
1005007492461890
1005007593485565
1005007364378019
1005007124596355
1005007316291636
1005007139775740
1005007481577565
1005006906618077
1005006909285192
1005007010881487
1005007593860879
1005006090065570
1005007007194194
1005007299048345
1005007272570313
1005007800576971
1005007800554536
1005007800696032
1005007729278660
1005007800145202
1005007800201175
1005007797305323
1005007714138768
1005007782016543
1005007701636637
1005007785410328
1005007768386558
1005007768339863
1005007768310480
1005007375340495
1005007232907141
32706667376
1005004962314081
1005004979430418
1005005009013008
1005004953788637
1005006711660610
1005007557023285
1005005809202948
1005007030522957
1005007014532693
1005006906950599
1005006241861131
1005006844579358
1005007016148767
1005007800588261
1005007800646013
1005007800239987
1005007800377109
1005007793757223
1005007702536033
1005007772177335
1005007724476792
1005007704332616
1005007716219155
1005007790177763
1005007712970646
1005007710272253
1005007764384635
1005007764402643
1005007712823516
1005007793870623
1005007761873610
1005007708744181
1005007165920479
1005007707698997
1005007697377063
1005007781766270
1005007783738373
1005007732948287
1005007732890649
1005007764200046
1005007752776927
1005007747159293
1005007702907580
1005007725602881
1005007772961869
1005007710356628
1005007709691837
1005007708554899
1005007708388538
1005007707799862
1005007703321311
1005007785210529
1005007761887268
1005007761867378
1005007759493200
1005007732309595
1005007731779252
1005007287847831
1005007232448838
1005004966036368
1005004958967252
1005004974723584
1005004954201893
1005006869058621
1005006219740595
1005007800348304
1005007799956843
1005007799915668
1005007731651462
1005007731472725
1005007717149517
1005007717023324
1005007713260424
1005007713105788
1005007784971879
1005007781997143
1005007761984751
1005007730795975
1005007730605581
1005007712732497
1005007710244849
1005007707206153
1005007696661832
1005007763099815
1005007730502319
1005007730449452
1005007730409614
1005007728916851
1005007725639605
1005007713136901
1005007710244499
1005007710031425
1005007696263360
1005007696172551
1005007731675563
1005007713443049
1005007712786933
1005007710508683
1005007703224510
1005007696062599
1005007696053753
1005007696202007
1005007695948872
1005007792560806
1005007763775469
1005007697244539
1005007697276448
1005007744123601
1005007744275412
1005007790992180
1005007718266727
1005007771977296
1005007708641168
1005007683624442
1005007758972622
1005007781853594
1005007773903315
1005007382689725
1005007204911105
1005006224659908
1005004953799891
1005005016794499
1005004970648462
1005007543303491
1005007755291374
1005007771499360
1005007768668593
1005007763890848
1005007761902249
1005007760455250
1005007760513039
1005007759108655
1005007759319010
1005007758786563
1005007758709408
1005007711668584
1005007713842735
1005007714997099
1005007721387330
1005007748458200
1005007722047509
1005007706531520
1005007731109279
1005007695164238
1005007673235652
1005007581958623
1005007696067761
1005007690444704
1005007664751374
1005007686666862
1005007691064200
1005007693335238
1005007140573722
1005007348138272
1005007349123495
1005007139529495
1005007431367224
1005007367870169
1005007173593770
1005007161642742
1005007345432400
1005007375042301
1005007495589895
1005007382512531
1005007165913538
1005007484857656
1005007485441004
1005007148987091
1005007349435461
1005007132142523
1005007455395703
1005007484187880
1005007231955798
1005007232215441
1005007046308958
1005007204854541
1005007232687521
1005007058577903
1005007091458265
1005007037301553
1005006546416850
1005007535893874
1005006533812800
1005001848775992
1005005692444151
1005007563953517
1005007189329145
1005006545987676
1005004946282741
1005004962893691
1005004995843836
1005004978915763
1005007188773980
1005004970754218
1005004954169428
1005004953798491
1005004984086114
1005004974619553
1005004962587069
1005004987438333
1005004980542605
1005005014637859
1005004971467251
1005004978673534