1005006852991868
1005002822512571
1005005546100213
1005003586829149
1005006820881532
1005006390316904
1005006146858738
32675308427
4000347894492
1005006617718580
1005006443527040
1005003937672253
1005004159621533
1005006742806706
1005005191594095
1005006802655709
1005005287155679
1005006723040462
1005006099714373
1005007095399856
1005005663423725
1005007121634628
1005003080390328
1005006765181535
1005004298599174
1005005404141567
4000945164827
1005006139247748
1005006357781949
1005004646830883
1005004885312849
1005001296340317
1005007383777333
1005006362918762
1005005894142062
1005004996934812
1005007505305792
1005005455606631
1005003855166811
623697069
1005007648345376
1005005334530577
1005003267146758
1005003542206254
32968914976
32786109835
32966937799
1005004306223380
1005007491748077
1005006877196987
1005004846316802
1005006443315192
1005006378550963
1005005757914305
1005006246631551
1005007082713858
1005007165063845
1005004545704326
1005004624266739
1005007447897977
1005006733884716
1005007209763794
1005002204439054
1000008292634
1005003098321124
1005007616762996
1005005335279284
1005006299911393
1005007186877839
1005006039264210
1005006676232364
4000479865844
1005006693599789
1005001693058662
4000706723232
1005006801036107
1005004067827834
1005005745552276
1005006487841865
1005004651987627
1005001394154541
1005002969086530
1005006820747912
1005006778094903
1005006365585697
1005001272709106
1005005073509708
1005006840625185
1005006489419572
1005002851588221
4001164352649
1005007297589306
1005006814332707
1005007378120896
1005004506193531
1005006471367276
1005003599554515
1005004793871978
1005002458912314
1005004839664461
1005001422826190
1005001906699358
1005007227284235
1005006073112064
1005006662812814
1005006365428115
1005004878966827
1005006767603256
1005006662896555
1005004825490174
1005004549644873
1005006778307817
1005001815424548
1005006758005764
4000537721228
1005006430675881
1005007606453138
1005005191735215
1005007497700971
1005001430715562
1005006261213483
1005007482314055
1005004067874686
1005005825043663
1005003450236575
1005003883031029
1005005114262551
1005003126363675
1005006800855892
4001091724954
1005006837330228
1005006430825228
1005005656384135
1005003602464987
1005007082993576
1005002259615243
1005002277724160
1005007174716201
1005007596210794
1005007534861872
1005005478848093
32786109809
1005007476352023
1005006531469092
1005004777691221
1005005893838236
32995814092
1005002038892800
4000131256303
1005005478753563
1005001817690484
1005005185216555
1005006748463641
1005005822013515
32489973318
1005005193510814
1005007268370253
1005003515438367
1005004987197056
32781376496
4000945265587
1005006236663502
1005007283508503
1005006968500666
1005005448929456
1005002038151457
1005002905053979
1005006366645406
1005007291610034
1005005045328216
1005004626206767
1005004701021157
1005007249916223
1005007088468839
1005003104526604
1005004763695144
1005007433911581
1005002910017334
1005005142193682
1005004458021412
1005004846337462
4001042149254
1005007659696356
1005005749883633
1005005412766497
1005004549354645
1005004781876006
1005003458488537
1005006474400218
32786137133
1005006619249387
1005006013523842
1005005610377216
1005003422109274
4000087971306
1005007517708068
1005003883074044
1005003466801692
1005006876683291
1005005758855488
1005004948395523
1005001703314144
1005007435619382
625671670
1005006495053555
1005005625528078
1000008505748
1005004406551705
1005007148714027
1005002944891030
32852552001
1005006912309845
1005003930787151
1005007186136656
33048467805
1005001315257668
1005005402814913
1005005191833440
1005003687149464
1005006399474947
1005004441709796
1005004920619761
1005007359895516
1005006428790761
1005005343178541
1005003824825778
32965581649
1005007380134656
33044992020
1005002637200303
4000907702804
1005006058699701
1005005842298742
1005003267038235
1005006467253975
1005006109888958
4000162915782
1005006759477435
32967145258
1005005301676861
1005005236680615
1005004203792651
33045812490
1005005478758548
1005005824534742
1005004373960289
1005003582713238
1005005278258781
33042329476
1005003717845514
1005005946914206
32851829526
1005005069566907
1005005766874536
4001287993473
1005002401799620
1005004442830916
1005007498526433
1005004457848860
1005005464281504
1005007379210497
1005003625440485
1005001500463895
32854263622
4000945249851
32774349060
1005004459163139
1005007529663957
1005006097022520
1005006132497959
1005006882879457
1005004904712919
1005005082030601
1005003063726004
1005006800887635
1005004847139515
32786113748
1005006474337537
1005003153034957
1005004912217974
1005007016021711
1005006246650136
1005006943029765
1005005072327015
1005006987487758
1005003177452395
4000882694354
1005004085617150
4000899625005
1005007205173372
1005005398776677
1005004881907096
1005004701790216
1005006897723124
1005006595282179
1005004067958123
1005007529895213
1005005045367282
4000595870166
1005006100158660
1005006072794982
1005007089745309
1005004191169405
1005004079162187
1005006534740960
1005007008761311
1005006418183045
1005003765392718
1005002781444715
1005001397993085
1005005782857528
1005004442874118
33006605485
32999815715
1005006134973734
1005004441724839
1005007175400915
4000312561730
1005006645584920
1005005323311501
1005005192347295
1005004408216081
1005006411829439
4000705988113
1005006922779161
1005006099630925
1005004635221975
1005001340622447
1005005072304135
33057740632
1005003126356776
4001013881850
1005005761079425
1005006160728858
1005004458066004
1005004160748444
32851829564
1005004912353722
1005005556941719
32854291655
1005005192057773
1005003139850435
1005004825170097
1005005412782202
1005004079110757
1005003765586142
1005005632166312
4000252524478
1005003404598668
1005007447576590
1005004211809057
1005005478796431
1005006438758653
1005004443802075
1005006314293151
32981307049
4000318298508
1005004079096772
1005005997584447
1005005983499334
1005001436664776
1005001626732817
1005004536401933
1005002224438883
1005005812313856
1005005742485806
1005006346236902
1005004832955088
1005006954351873
1005002311323150
1005004704256540
1005004612190181
1005004204764963
1005005690723763
32862567007
1005006048384429
1005005319939240
1005002976675330
1005001482776474
1005005983401902
1005001809375288
4000389282173
1005001503877660
1005005070682894
32613085863
4000392129468
1005003337892026
1005007101209378
1005007457978785
1005003467610726
1005005075140664
1005005236940843
4001331464168
1005001585937613
1005003460549837
4000693620096
1005007586892074
1005005213909780
1005007519863304
1005007469248675
1005001971112231
1005005828171353
1005004052189980
1005006835687864
1005005616531716
32786838854
1005006056072947
1005006330100940
1005006094246120
1005006032178580
1005004813840998
1005004508878375
1005006105174302
4000926477802
1005007223670603
1005006676031939
1005007095291730
1005005107992992
1005007117620175
1005002378462805
1005007314858926
1005005505475908
1005007103447219
1005004205157391
33038147640
1005004253250816
1005005616700400
32675919671
1005005069242267
1005007319391493
1005005533329713
1005005228637315
1005003506190646
1005004792739761
1005004589716032
1005006041672413
1005001839548990
1005006159693467
1005004833826549
1005006730265173
1005001618109234
1005005544231250
1005007307314971
1005006929130157
1005006905946318
1005002252340312
1005006247805012
1005006693446735
1005007271422538
1005002252173905
1005006675904394
1005007402441361
1005006674854872
1005001659919745
1005001618212176
1005004799540969
1005002161872404
1005005438073347
1005007265211011
1005007518469941
1005006670704853
1005007123023515
1005007631512684
1005007631688361
32868249686
1005007157795087
1005007248949304
1005005193499821
1005004188664469
1005004787115121
32674150460
1005002156143901
1005002162260215
1005007402254696
1005007209258411
4000755639227
1005007307544046
1005001727927215
1005007631037520
1005003002151238
1005006729678650
1005006160924398
1005001921636236
1005005978449313
1005005191485970
1005003706903082
1005006871265684
1005006871332450
1005002308799752
1005007271233948
1005006160853509
1005007154511669
1005007271359710
1005006643418459
1005006011273145
1005002156461130
1005001907790625
1005004724510997
1005003944385641
1005006331631818