1005007791414763
1005007202872305
1005007502809627
1005006574958555
1005006533770070
1005007591687790
1005007291495704
1005005096636575
1005006108383994
1005007686346205
1005007254559645
1005007094660802
1005007647153025
1005006860479967
1005007258109503
1005007608664637
1005007680669196
1005007339266756
1005007531101250
4000151397971
1005003661463394
32582624702
4001326227962
1005005476516042
1005007647894924
1005003375007517
1005005473281999
4000574637739
1005007640677584
1005005898113128
1005004891248973
4000117427403
1005001782825042
1005005837909666
1005007505463453
1005007641910922
1005007665191805
1005005832841664
1005003346604516
1005007021520771
1005006802553576
4001096492799
1005003450313064
1005007502730498
1005005776184762
1005007640282317
1005006598710093
1005007533332389
1005007648065317
1005006593896073
1005006095799124
1005007626496933
1005003374979966
1005006072700863
1005004728822385
1005007683743868
4000431105545
1005007014471711
1005005146980948
1005007561872401
1005007015698343
1005007302471809
32660917602
1005005033913348
1005003338473698
1005007624980465
1005007492351405
1005003317824131
1005006859768329
1005004665563893
1005007339592981
32351272024
1005007661950912
1005006114669941
1005007215786924
1005006124895840
1005003102762950
1005007666343953
1005004050454680
1005006695054008
10000006442952
1005005578306242
1005007680636043
32844735897
1005004530987138
1005005367644073
1005003450304158
1005005958631050
1005007592636889
1005003599344522
1005004067950873
4000575538826
1005007683429777
1005007505735562
32996976883
1005007227722794
1005005897206100
1005006481502262
1005005069499602
1005005432018948
1005005985846941
32866368261
1005007616308445
4000624408687
1005005580318258
32844814455
1005006355291653
1005007592648833
4000312057211
1005004777583682
1005006770053745
1005007577431063
1005005547312658
1005007544322000
1005002921030050
1005007684240594
1005003189212534
1005007568920348
32786137166
1005005471812276
1005007083696531
1005007402691787
1005002460093575
1005003800748978
1005006840572574
1005007506501906
1005007594884787
1005004702920150
1005003370456884
1005006198939873
1005007677663674
4000176615148
1005007634962482
1005006445689839
32975246803
1005005308403602
1005007290250579
32652609816
1005005429707471
1005005384600450
1005007093540924
33002883121
1005006840568459
1005002876965088
1005007594080581
1005007666436506
1005007628134519
4000552917899
1005006913049091
1005005566503592
1005007409056701
1005002327114464
32788915565
32965765318
1005002277167146
1005005857006389
1005007681304532
33010064501
1005007541911037
1005003375179038
1005007557840993
4000912377686
1005007128696883
1005006328359676
4000755648326
32786109837
1005006878184860
1005007030591220
1005007657027348
1005005889734965
1005006098680183
1005007687069998
1005007142042420
1005005019220589
1005007576887608
1005005566304770
1005007125010444
1005005965666111
1005006854740042
1005006733139616
1005007217635471
4001138900855
1005007652255582
1005005958581935
1005006892323106
1005005946554377
1005002971655457
1005007681715129
1005005849178603
33042337827
1005007673823270
1005007654005886
1005004730517069
1005007245166770
1005002886612881
1005007581906767
4000238477425
1005006467847401
1005006058659468
1005006252132350
1005006900301833
4000072178912
1005007577153748
1005005033884394
1005006097124904
1005004798164488
1005007650027063
1005007481757285
1005007612552168
1005006733732967
1005007516686772
1005006562020121
1005005827279528
1005007219404628
33007020522
10000032269720
1005005922599026
1005005147043485
1005007108514418
1005006765142256
1005007504322278
4000229665585
1005005828212957
1005007454820088
1005007652363571
1005005421389874
1005007668101345
32788923510
1005007597141895
1005004245736121
1005006072698801
1005006869211800
1005003096376459
1005004280922557
1005004970385708
1005007546549173
1005004686305615
1005007640928428
1005005958577384
32961681603
1005004669279474
32786952236
1005007623194054
1005007576188432
4001138754675
1005007050001457
1005005818258816
1005006263425658
1005006362088991
1005007646149567
1005007266698090
1005007461351754
1005006265389883
1005006845677334
1005007672588765
1005006001478860
1005006334948309
4001262847939
1005004131224496
32805931949
1005007582889041
1005004937340628
1005007569072537
1005007647530758
1000008169914
1005003930634852
32707934337
1005003099004684
1005007662432562
1005007353314484
1005002732215489
1005005373924054
4000015916297
1005007498194257
1005007574470808
1005007442372869
1005001973294756
1005002969046799
1005005220517927
1005005865302824
1005007456351388
1005005652440658
1005005887989446
1005005374346492
1005007128854600
1005007628001444
1005007448403411
1005005417601068
1005007169483536
4000947219992
1005005193470823
1005005281976093
1005005495476143
1005007615803154
1005004847151196
1005006071831407
1005005066837624
1005004394095538
1005005248824749
1005006975767142
1005007462194322
32791936693
4001054080593
1005004284058047
1005007273479700
1005006820861853
1005002988726771
1005006764938363
1005005505412259
1005002458889262
4000883479361
1005006322055828
1005004700385571
1005007501332388
1005005047824629
1005006527199964
1005001284869800
32606137236
1005005772166802
1005005664311250
4000116171617
1005007582852128
1005006230068810
1005005909395769
1005005922438789
1005005843942337
4000755610180
32786846767
1005005643711631
1005007575940342
33043664639
4000117236864
1005006877079253
1005005585062121
1005002235452664
1005005040087773
1005007144242937
1005005674637820
1005007648139990
1005007347202791
1005005324707694
1005006297878113
1005003408340052
625670741
1005005378567722
1005003795674908
1005005505274873
1005007681658284
1005007666815126
1005006871159937
1005006099894285
1005006881680741
1005006164008588
1005004891989247
1005005772396578
1005007341070332
1005006755518151
1005007618086528
1005007460186544
1005004832029968
1005004997093076
1005005348869421
1005006667348685
1005007653534783
1005004894581405
1005006755191534
1005005535067115
1005005363727747
1005002959833706
1005002038991964
1005005714811906
1005004827533027
1005004605874758
1005005495342287
1005005975745329
1005003077212534
1005007478881965
1005007352114858
1005007307795654
1005007677566864
4000829569202
625666170
32673501954
1005004872992733
32915420999
1005007493702138
32859728125
1005007285572080
1005006617949756
1005007613086966
1005006866997153
1005007180733712
1005006933552413
32788923506
1005006383579142
1005005482227960
1005007398693200
1005007555103846
1005007649283081
1005005958023184
1005007273675107
1005005170230866
4001094272827
1005007479686655
1005005334355960
1005006674740036
1005005421390591
1005004386852798
1005005139369044
1005006073305929
1005007242964249
1005006416628940
1005007392256553
1005004071466851
1005007574352988
1005005830880659
1005007076003665
1005004638491343
1005007586799789
1005006490385246
1005007661468900
1005007542403060
1005006357657460
33008077850
4001059542687
1005004007679334
1005007011156437
1005004412429334
1005006402041357
32997687343
1005006366636623
1005004273287279
1005006621135084
32985783231
1005004794797853
1005006645119113
32538559431
1005004071511098
1005005847756110
1005006228081219
4000778120580
1005006871367199
1005004781554340
4000033111100
1005002840229149
1005005404088126
1005004866215616
4001295935702
1005005185155704
1005004177388151
1005006628906627
1005007686211532
1005007672478949
1005007579216566
1005004399520451
1005003542060403
1005003522062670
1005006078875741
4000411763970
1005007449648060
1005006189182235
1005007360787257
1005006855782021
1005005149247989
4001059581921
1005005807185794
1005005475569557
1005005887964307
1005005361596861
1005006467613893
1005006085890035
1005006748884013
1005006306432455
1005007654864000
4000505405936
32793274423
1005005426848753
1005006359875685
32853082588
1005003623938431
1005007380431754
32908613980
1005006357241467
1005004892943619
1005001907832795
4001224193601
1005006121800569
1005007392631711
1005005777475171
1005007687491103
1005007530914340
1005005218351144
1005006859381442
1005006844790342
1005005782803710
1005004068273007
1005005993480596
1005006304236921
1005005372739227
1005007672869848