1005007095424116
1005005310603740
1005007178012323
4000224543268
4000224397370
4000515537687
1005007379721397
1005005560501410
4000224041122
4000223941011
1005006562237774
1005005806858991
1005005993952466
1005006182018731
1005004540418268
1005005125943244
1005002602837610
1005004360078956
4001360640436
1005006845799098
1005006908207601
1005006480095497
1005007651015528
1005007424457923
33041443466
32835822353
1005004702451186
1005005654409375
1005006399922243
33014141483
1005002745778190
4000223932946
1005003223087518
1005003223051057
1005003600753194
1005006936648119
32804030637
32838848519
32840327676
32804042527
1005007639277250
1005001381225963
1005007634753148
1005006860866874
1005001447535749
1005006988750050
1005007631265485
1005006363380670
1005007310365804
1005007490050319
1005006858916808
1005007058854098
32977203765
1005005874018958
1005006478044681
1005007579734607
1005007579747497
1005007579576995
1005005552876440
1005006582144056
1005006131986177
1005006849767195
1005006421056268
1005006240449723
1005007337712019
1005007181313655
1005007424811292
1005005638451629
1005005654405307
1005005763661143
32840311913
32840351474
32837897719
32803661221
1005003253658952
1005007464821144
1005004601534704
1005003829584637
1005003825913554
1005007451953274
1005007445859942
1005007152729046
1005007152700078
1005003985701886
1005007403268572
32526399914
32526355180
32653020562
4000224530679
1005003814340176
1005007233601580
1005005115449599
1005005963542997
1005005963698008
1005005420907400
1005006027168334
1005005514405182
32900338678
1005006897676946
1005007152339679
1005006791688922
1005004574473778
1005003825868561
1005002341422823
32890911756
1005005566627047
32815797599
1005006914878981
1005005700045806
1005007018155643
1005005654663316
1005003213521577
32839146528
32806251024
32841855345
32806155877
32524745725
1005005557905713
1005006791870208
1005006969112066
1005007233328174
1005001934845092
1005004949773493
1005006088976572
1005007147322046
1005002631853095
32801922579
32801774268
32888236129
1005007069172525
1005005180416226
1005005702547832
1005006981750845
1005003418753431
1005006897075767
1005006932230091
1005006906921174
1005005479937390
1005006828222015
1005006826519893
1005006812525418
1005006792774283
1005005891320451
1005006737655199
1005006737293926
1005005442076899
1005005458369365
1005005467416076
1005005007852299
1005006540149804
32798719748
1005005454554726
1005005810562861
1005007651122353
32954673961
32837761205
32839301545
32840240638
32841875101
1005006671858606
1005005969845819
1005006031473961
4000691183768
4001276438069
32809730727
4000589614922
1005005901922886
1005005316158942
1005005266602182
1005005266413861
1005006517995076
1005004019168422
32817729120
4000295778948
1005005884249430
32869762509
32810590827
32820651582
32245381616
32855996254
1005005125821534
1005004042521007
1005005220228847
1005005315165059
1005005979020822
1005003652490068
32244880486
4000248717853
1005005810819922
1005005927551867
1005006057577997
1005005007808209
33039284963
32947198493
4000922713084
32998184817
1005003977567460
1005007651092309
1005004879932639
32838684059
32840339597
32838840608
32840662361
1005002070043153
32982661495
1005004611665090
1005001946653773
1005005736293375
1005003825017721
1005002518709004
1005004225067848
1005002686592696
1005003450267989
32989788027
1005005633116222
33042711190
4001034912264
1005004019354726
4000317104154
1005006023193984
32641500766
32881042870
1005007016588062
1005007364719084
1005006906921426
1005007365583742
1005004037664623
32821918526
1005006684986373
1005004868915360
1005007364037492
1005006685065132
32999155074
32814959818
1005007443531589
1005005467256400
32988552888
1005006908069511
32873013924
4000941760466
1005007291397983
1005005970092193
32992295960
1005002592969082
32808166032
32862651882
32843214699
32846079688
32524661573
1005003500811393
1005007650951700
32839305502
32839317391
32837761303
32840244547
1005006294037652
1005005375969581
1005007363956913
1005005376047301
1005006809157617
1005001362028237
4000941733470
1005006978746590
1005007294254308
32829817995
1005006894414543
32960142095
1005007669481885
32812674703
1005007364286009
4000181057267
1005001977574518
4000402766375
33049861241
1005007669726552
1005006990451565
1005004787571801
1005007365721298
32904993871
1005003070962839
32819903139
32801738694
32801674627
1005004514138136
1005007368709810
1005006168575871
32899899470
1005007288725173
1005003488791741
1005007152418531
32989324282
1005007460696116
1005004754059715
1005007017935071
1005007175103307
1005007174884663
1005007365603410
4001035913480
1005005631928167
1005004730520542
32801662820
1005003245766256
1005004741527627
1005007654489116
1005006691262592
1005006809844120
32812011479
1005007310538398
1005004334694731
1005007277479577
1005007651153298
32839146496
32838813701
32840076509
32840112075
1005006893272404
1005007364046430
32847484784
1005006293951931
1005001977674208
1005006898680036
1005007364481131
1005006783421067
1005006894426480
1005007364204644
1005006978623789
1005004984183041
32850939703
4000248681879
32850967372
1005002592582519
1005001923847014
32801718435
32817873175
32801722307
32996867381
1005007486803758
1005006798262227
1005005643305495
1005001774258615
1005006814085312
32988989813
1005007365620859
32651225338
4000117613733
33030877993
1005005810976035
32788309561
1005005770797749
1005001271470449
1005005297786083
1005006809617628
1005005754144844
1005006138642427
1005003739557074
1005007272696895
1005004009720099
1005007669927017
32244221746
1005007393849075
32820783997
32856272654
1005003494881452
1005006017295184
1005005756855065
4000378175718
1005005756384300
1005006671557785
1005007108886698
1005007651173121
32839142370
32840654598
1005006293995861
32840323797
1005007364357788
1005006789423703
32804002815
4000053390783
1005007266738784
1005007365665259
1005007364507660
4000096431664
1005007382880082
1005007197535583
1005004675827019
32809241442
1005007171914301
32886350369
32904961210
1005007460398352
1005007160872654
1005006768229143
1005004839531380
32952075417
1005004033118599
4001180276031
4000143152978
1005004225142828
32788966160
1005003507167464
1005002947084244
32986737699
1005007032237326
4000027824864
1005004229541138
32839597861
4000117638495
1005007171609837
1005005284269313
1005006789547517
33035390235
1005003743846646
4000941459446
1005006894333663
1005006146760461
1005006812887173
1005005860277179
1005005398802809
32955829021
1005006808646552
1005002278605143
1005002560078883
1005006970350642
1005006407890416
4000112289859
33038387178
32809746579
1005007583125183
1005006815580230
1005007016383240
32840522072
32838652684
32840240374
32839146307
33014959538
1005007378665819
1005003972179659
1005007546559628
1005007295513456
1005003384478243
1005001791892755
1005006383527248
1005007443316952
1005002012941105
1005007588092921
4000065430857
32721122782
1005001476325676
1005006942746319
4000035456193
32841725634
1005002278396956
1005006891167729
1005005810805974
1005006072712848
1005005810916486
1005007545628495
32962794960
1005006812530418
1005003523103415
1005003432120542
32989332803
1005007364271710
32525058849
1005007425470134
1005007564627339
1005001997260158
32251210717
4000096261137
32821419868
1005006981730999
1005003488774661
1005001610269785
4000034256788
1005005400862163
1005006173693895
1005007579825366
1005006468232085
4000584786634
1005002960339789
32936283391
4000042917344
32876365727
32771693155
32989779155
1005005099967068
32525052123
1005002255293730
32892645573
1005007016133931
32841879067
32804062180
32840646768
32841835812
1005007564685442
4000262718092
1005006982076094
1005007504129956
1005005797390095
1005005724160661