1005007416070861
32830106298
1005005215173624
1005004760450902
1005007097808647
1005007215390645
32794434045
1005003106972116
32788331383
1005003791739518
1005007287897906
1005007268343715
1005006054358134
1005004024644836
1005004421364669
32961015134
1005007320288097
1005003173969681
1005004604778207
1005006275024697
4001033093504
1005006717906372
1005005393684323
1005004944410709
1005004941701796
1005001890616515
1005007001839210
1005006542402782
1005007650789031
1005007650734227
1005003807205054
1005006192314390
1005005421559672
1005006010506006
1005003798290200
1005001421458249
1005001507911863
1005001573797408
1005001377301551
1005001512690877
1005001426886494
1005001368878128
1005006881117681
1005004416823586
4000878382896
1005003743900402
1005002046866418
1005001433704011
1005005745812929
1005005780615202
1005002007143795
1005005164496638
1005005682682668
1005007267346869
1773656609
1005004411954274
1005004766242503
1005004766874108
1005004919675509
1005005248836128
1005006097014146
1005006584154028
1005005961342262
1005003265752311
1005005820758625
1005001848690715
33031471110
1005003691541734
1005005652103494
1005006692364601
1005002672727070
1005005819613659
1005003704684034
1005001804928013
1005001460187857
1005001377202777
1005001383906124
1005005682569781
1005003500256473
1005004999366638
1005004999422052
1005007499583858
32815816758
32786170940
32707463142
32708129668
32704511273
32703322086
32705251372
1005005292468621
1005005273541684
1005004932359251
1005005748239843
4000184420340
1005004985750128
1005006482570151
1005006209133939
32702613380
1005006159265479
1005001764180437
1005001749163736
1005002196215957
1005005941397943
1005007172794899
1005007402630743
1005005099005459
1005003002811167
1005004665476773
32713815780
32710625904
32704762476
32710850135
1005004989048393
1005007510699800
1005004891598334
1005007217844158
1005005594188436
1005004544406957
1005006519122045
1005006519446349
1005007653764062
1005007409858932
1005007531223403
1005007540179185
1005007647911467
1005004999301874
1005005287575470
1005004999268963
1005004999327924
32705213584
1005001741787752
1005002356549780
1005004659254019
1005004890866101
1005005309351757
1005007014404332
1005006235099101
1005007014339379
1005007091122322
1005007115515312
1005006675098659
1005006620456540
1005002759362370
1005002341959690
1005006231440561
1005004690326830
1005007111029981
1005006234667654
32757302597
1005006545218880
1005007095119101
1005007575133749
1005007575394621
1005007574909943
1005005105757360
1005007372982977
1005007153610841
1005004665592365
1005007409412606
1005007359924881
1005007533761636
1005007324551803
1005006675279226
1005006905230941
1005004282901616
1005005054077556
1005007084282729
1005004539841210
33018299787
1005007520641296
1005005275244366
1005006697786156
1005004974641788
1005002905829442
1005002356273621
1005001976086040
1005006364914689
1005006252553422
1005006206951587
1005006138076053
1005006234730251
1005004484038531
1005006175225217
1005005908000011
1005004840430163
1005007480598961
1005004908021678
1005007439834360
1005001658855772
1005007410293592
33034172472
1005007381715269
1005007359566652
1005007324836118
32996850527
1005006958977766
1005002749106298
1005002922364682
1005007309808588
1005007257573563
1005004744441868
1005007247571089
32967864637
4000079351470
1005002109980479
1005003290451823
32954107611
32642931161
1005002838162630
1005003593627400
1005002295080449
1005007151207943
1005007082990065
32945060813
1005006729723467
1005004794415701
1005002749466520
1005007039016910
1005006988082319
1005006956614239
1005002430256043
1005005385504476
1005005865719474
1005003094372884
1005006924037292
1005006367251458
1005006902590147
1005006875207617
1005006388250684
1005006828925578
1005006082151758
1005006796622943
1005006096678461
32968941593
1005006308948947
4001235964375
1005005645051217
1005005100502760
1005006224761465
1005005994387063
1005006564603434
1005005518440692
1005005781134792
1005005853539112
1005003002894574
4000003183384
1005005144062679
1005004501411635
1005004196302672
1005001521037090
4000156747320
4000383426304
4000066375228
1005003955930499
1005003118446763
1005006286682476
32855689042
1005004279797935
1005006052495533
1005003361969508
1005007211214136
1005006853832306
1005006844038399
1005006833307659
1005005940202029
1005005906469982
1005005903964916
1005005874481690
1005003370750792
1005001661517326
32907392109
1005003404988883
32890259634
1005003652310517
32921147636
1005005742416462
1005003993004775
1005001779869873
1005003767298024
1005003732887414
1005004522078528
1005007417446522
1005006473269322
1005006623789198
1005007268231331
1005007349582039
1005006979699020
1005007210123780
1005006022448837
1005007547455683
1005005425348521
1005006988393920
1005005019530442
1005006450091852
1005007128464213
1005005074525875
1005007575513364
1005007624813792
1005006152292473
1005003756537167
1005003797897559
1005002915300137
1005002907184198
1005003643712277
1005007208733295
1005005685503537
1005007178085835
1005006844742669
1005006718299787
1005006154476077
1005006168969609
1005006129803561
1005006176202831
1005007010417790
1005005689968070
1005007144313697
1005002782053027
1005004670719123
1005005996629489
1005007376796428
1005006312080114
1005006158079854
1005004621954818
1005005415917937
1005006137857126
1005006147660870
1005007075316078
1005006153078902
1005006990303988
1005003793015046
1005006716715058
1005005270884650
1005004547316094
1005006465818769
1005004494148107
1005002180617866
1005006244909091
1005006465889567
1005006266658434
1005006642950154
1005006894186741
1005003259555460
1005005983665741
1005007353627032
1005006859868948
1005007557948201
1005007384860739
1005007189281533
1005007619801397
1005007477071683
1005007650291154
1005007576864308
1005007635761537
1005007496374527
1005006809651896
1005006199040063
1005006195399085
1005007183281346
1005007611787158
1005007610815895
1005007610796947
1005007461742023
1005007636421241
1005007661655263
1005002146554619
1005007651641305
1005007018203288
1005007616627605
1005007633482053
1005005704240291
1005007619728249
1005001780414955
1005006660682399
1005004741111603
1005003731778929
1005006412252941
1005007022851671
1005007487014561
1005006379322004
1005001831788752
1005007659358880
1005007639787651
1005007445602923
1005007662453295
1005006277720484
1005006468697103
1005006994049043
1005007463578199
1005007448623286
1005007602444487
1005007631240945
1005006270627376
1005006917239393
1005007275151264
1005006102431724
1005007432885513
1005006293015524
1005004945937860
1005006503629464
1005005853871568
1005007625972515
1005004589597459
1005007637716669
1005007297464477
1005006738946550
1005007611206649
1005004518991124
1005005614669099
1005006860428013
1005006418296933
1005005572204646
1005006709497806
1005007097549656
1005006968860016
1005006839303972
1005006683731209
1005007631584213
1005007652995186
1005007616305559
1005007612503915
1005006495339434
1005006993618936
1005007330335780
1005007649540937
1005004987057010
1005006486204095
1005007600226681
1005006776145527
1005007631701525
1005006032247292
1005005853875581
1005005664725457
1005006408719203
1005006709715086
1005007097489714
1005006420178299
1005003022007843
1005006259871924
1005007458967831
1005007573963442
1005007281162491
1005007595372194
1005006760324184
1005006973536183
1005007478000104
1005001652621154
1005007650562913
1005004111471593
1005006464355190
1005007097720408
1005006688672635
1005007012331522
1005006224033492
1005006552585079
1005005552458709
1005007203445046
1005007008469872
1005006422926857
1005005764050688
1005007466348019
1005005453763949
1005007405376533
1005007409155783
1005007509482754
1005006237232640
1005007631282989
1005006415458740
1005007652371693
1005007639763291
1005007649925298
1005007631596708
1005006443878649
1005006168403308
1005007308667258
1005006410159599
1005007627192484
1005007470668975
1005007620387279
1005007487868923
1005007245097411
1005006232912882
1005006237039648
1005007345255636
1005007282869986
1005007282207356
1005007659552291
1005007639590191
1005006741996599
1005007646606655
1005007639640169
1005007426536480
1005007520708357
1005006673160014
1005006347885314
1005007450490482
1005007499955611
1005007292258381
1005007292225673
1005007189478115
1005006034939106