1005005949371948
1005005975901962
1005006415079298
1005006898835283
1005007149014948
1005007233251242
1005005057623525
1005006608787782
1005006257457219
1005007091869087
1005006635144084
1005007467952502
1005007245295603
1005006176020535
1005003349778232
1005006444832828
1005007246164566
1005006147961884
1005007012917498
1005006825543335
1005006411393999
1005004145241641
1005002341748025
1005004286139542
1005006304167230
1005006129045750
1005007192058306
1005006920358752
1005006727808210
1005006376612316
1005007224865031
1005007460442218
1005006438779852
1005006281908548
1005006426819143
1005006358649661
1005006862173050
1005005453673612
1005005191950450
1005006855513671
1005006426710662
1005007152507947
1005004286151351
1005004421440639
1005005973776075
1005005504189485
1005007134770834
1005006171904492
1005006821339726
1005006664389006
1005007317932106
1005006294192663
1005003113382120
1005007462470588
1005005929914287
1005006032540870
1005006344187488
1005006190512377
1005006472629024
1005005543371827
1005006037364349
1005003526649365
1005006829043646
1005007091189238
1005005791756130
1005005875052382
1005005681608063
1005007204945663
1005007121035164
1005006444251777
1005007052963687
1005006076266009
1005004452441279
1005006017054492
1005005481887574
1005006950252109
1005006806029378
1005006407079134
1005007123686563
1005007462425975
1005003492249935
1005006092922463
1005006927548267
1005006217032094
1005005924181831
1423591860
1005007188342074
1005006567646943
1005006072651033
1005005144273943
1005006362885477
1005005594385293
1005005505592053
1005003489869129
1005005613055553
1005005421760912
1005006331369657
1005005589774092
1005004323860783
1005007018128151
1005003772783747
1005006310073530
1005005208714962
1005006386156303
4000739753247
1005006880195104
1005006685372339
1005006470690905
1005003042134834
1005004091265844
1005005750315833
1005005987073344
1005007186053922
1005006701910918
1005007026041275
1005006655969179
1005006753301389
1005001458537199
1005006494098522
1005007398930507
1005003101544983
1005006168724165
1005007475221434
1005005604450254
1005006184491409
1005006413353947
1005005929881660
1005006948627431
1005007120714733
1005006374722948
1005006757576388
1005006846396992
1005007128823293
1005007171591196
1005006092831783
1005006663805316
1005007205604973
1005007328912803
1005006375228528
33032580130
1005007416528982
1005006924390801
1005004647867467
1005006242686052
1005006996444304
1005006804867493
1005006865989171
1005006117439167
1005006924553246
1005006614312713
1005006864551812
1005006864715491
1005007448909137
1005007368552243
1005007269840930
1005006054412282
1005006174099639
1005001325745659
1005005841312305
1005006980532069
1005006943220002
1005006436675200
1005006653409668
1005005037695596
1005005587875212
1005003415554318
1005004199420475
1005003223815751
1005006788408638
1005005815829306
1005003557043685
1005006224218049
1005007430775696
1005006898997459
1005006916339671
1005007074172897
1005005117900173
1005005716338380
1005007153948492
1005005982169700
1005007091446180
1005007368932523
1005005585820388
1005006320843961
1005006402751728
1005006907245901
1005007139126303
1005007336649813
1005006437226108
1005006151573392
1005006109383992
1005006809221999
1005007181390878
1005006467617727
1005006958965376
1005006522700897
1005004600050815
1005006446450405
1005007320582415
1005006091931754
1005005346117728
1005005136711421
1005002475804609
1005007364978678
1005003450936860
1005007180442385
1005006798764510
1005007175139766
1005005938031616
1005006876546050
1005006040220879
1005007147669678
1005004652720613
1005006149432008
1005006200633968
1005006529782006
1005006102358557
1005006858395907
1005007194648899
1005007343101640
1005006177799263
1005006714369749
1005006451371614
1005005874591574
1005007067902809
1005006856067190
1005006997833798
1005004770301678
1005005102313178
1005007044846933
1005007145866527
1005007293576779
1005006061525502
1005007063474924
1005006838376196
1005006756430936
1005007354971419
1005005020578403
1005006918110928
1005006744751401
1005004082877853
1005006791655193
1005006306936197
1005003457026015
1005006980007168
1005006771698157
1005005581140916
1005007184760083
1005006619851589
1005007345252609
1005005887934177
1005006131038274
1005006742803458
1005006424039028
1005006221885790
1005005764041317
1005006437096640
1005007044269292
1005006621152693
1005006975539141
1005007203970269
1005006629197528
1005005241430352
1005006688381578
1005006031456553
1005006654567197
1005005673319995
1005007167894829
1005001319619900
1005007363619932
1005005670075718
1005005468387646
1005005945469290
1005006790040055
1005006611855689
1005007160296676
1005003317904525
1005007198414400
1005006288932560
1005006848262829
1005004556361642
1005002416218105
1005006334499346
1005004379192551
1005003932164148
1005007397600160
1005007268252323
1005007084745107
1005006152820496
1005007385937298
1005006282007054
1005006625890927
1005006866862568
1005006870668775
1005005167514512
1005006438979048
1005006739372580
1005006112565408
4000330579087
1005006078918109
1005007273286509
1005004783328129
1005006840703918
1005006840832306
1005006657891555
1005005588141682
1005006058938206
1005007142283877
1005007091513754
1005006987576192
1005007229488654
1005007258171868
1005007354190587
1005006840727636
1005006417323051
1005002872988712
1005006655002699
1005007295282706
1005007334751354
1005006462225343
1005005397126821
1005006368914588
1005006967745594
1005006691221599
1005005604496789
1005005913163386
1005005647431879
1005003223284621
1005002873190314
1005006774115282
1005006135229294
1005006171900029
1005006767409794
1005005687980774
1005007213014141
1005006296615156
1005007071208662
1005006262569068
1005006039907170
1005005862743090
1005006884917122
1005006458084584
1005007223699024
1005006865964653
1005007309541057
1005006779083131
1005007282028150
1005006667561396
1005006919259662
1005006439745340
1005003839982208
1005002632740089
1005006718435536
1005006003737768
1005006909110201
1005007010317201
4001127995381
1005006939212524
1005007197787914
1005006545862136
1005007252830781
1005006806489486
1005006961044130
1005006421441612
1005005353777781
1005006953261642
1005006393734101
1005003134873750
1005002100209084
1005006861009735
1005007125337526
1005006620909680
1005004791783497
1005007071407636
1005006427376994
1005005986692811
1005006265055960
1005005808148672
1005006727294821
1005004401752912
1005007059534178
1005006288671573
1005006355871882
1005006697636646
1005006889250287
1005005978503322
1005006486168169
1005004855632299
1005007129866926
1005004966809678
1005007011623410
1005006466413911
1005004758005156
1005005567241444
1005006560480395
1005006916754196
1005006532262197
1005007020354997
1005006306740469
1005006867872205
1005006797876375
1005006938753157
1005005374332147
1005005286608992
1005006306202277
1005004436486180
1005004432358335
1005004064941174
1005004064931836
1005005792669080
1005006850217124
1005007018333455
4000763588666
1005005845513683
1005004064920586
1005007393357397
1005007394207054
1005007401691904
1005007075603570
1005007409109156
1005007029060758
1005006594311369
1005005413947150
1005007246033380
1005007438952003
1005006988213574
1005007208237190
1005005957587653
1005007084383586
1005002341302941
1005006480393210
1005007315849421
1005006395825536
1005006239209976
1005005999848982
1005007179797723
1005006365662582
1005006824268269
1005006647160904
1005006057401580
1005005974181519
1005007416870765
1005006361846947
1005007467848997
1005005905378938
1005006753621964
1005006844749968
1005007204935453
1005005989990179
1005007321945162
1005003099838875
1005006330523678
1005007122755859
1005005814944582
1005006447601115
1005002995337344
1005007148503459
1005002476035854
1005006815244274
1005007275112841
1005007124361127
1005004744056241
1005006978936325
1005004839197880
1005006328506741
1005006884712896
1005004677551200
1005004515916949
1005005732399901
1005004625118830
1005007061643723
1005006328481785
1005005922296143
1005006634038350
1005005920365564
1005007145662733
1005006272652309
1005005732350383
1005006539638683
1005007160039286
1005006919279083
1005006345993355
1005006087942496
1005006049127154
1005002231927098
1005007051564813
1005006088381429
1005006362164010
1005001326353347
1005007335977361
1005004630139683
1005006471937804
1005005665494296
1005006967132042
1005006972493071
1005006448788091
1005006186142103
1005007257496107
1005006600565475
1005005860340048