1005007246924558
1005005617030222
1005007419414876
1005006973979718
1005006334121415
1005007391816713
1005005488752764
1005006781574605
1005007199730523
1005004536192835
1005001505875645
1005006776697793
1005007034933594
1005007112507038
1005006723569483
1005007257175350
32824038716
1005007042903710
1005005378099149
1005006761248640
33048564539
1005006989312059
1005006528105816
1005007368532004
1005006947079715
1005006012955764
1005006128801022
1005006168511025
1005006797273756
1005004634518120
1005007364265379
1005005853698608
1005007288342130
1005007345420122
1005007442168382
1005006212266679
1005006466072654
1005006968137935
1005001713040763
1005006703058827
1005007369876337
1005007399457753
1005005884595304
1005007186476506
1005007053985845
1005007467376630
1005007467439675
1005007467309886
1005007469428817
1005007247125507
1005006717017096
1005007431286057
1005007416019023
1005007467550312
1005007467253950
1005007467584060
1005007467581019
1005006634268835
1005006099356283
1005006030292563
1005007057834416
1005005871318427
4001330641031
1005006414570452
1005007450951095
1005005656777183
1005007439506656
1005004609480456
1005007371777300
1005006487437707
1005007465374943
1005007463089211
1005007459645332
1005007034906738
1005006898643221
1005006600416789
1005006994027368
1005007379772936
1005004149529280
1005006549359751
1005006292920460
1005005885722497
1005004451623075
1005007021860252
1005005754634389
1005006959391077
1005005486929725
1005004169460967
1005006696872705
1005007467467615
1005007467633165
1005007467360621
1005007467257932
1005006556423199
1005004662340124
1005006679972797
1005007419871442
1005007300381513
1005007188215997
1005007071868568
1005004766792200
1005007438705768
1005005986454217
1005005547187404
1005006941986553
1005004751937860
1005006177215964
1005007294850420
1005006057063686
1005003281316911
1005002611825323
1005006914291111
1005007388634001
1005006191217268
1005002847954315
1005007419755305
1005007293662150
1005006550848564
1005007381949622
1005007467421438
1005007467376734
1005006513050642
1005005920062840
1005005771732560
1005007316481714
1005007361130890
1005007349780262
1005007025774364
1005006069883458
1005006371123918
1005006091133042
1005007468727556
1005007468207472
1005006358641757
1005007024005208
1005005861386359
1005006279242768
1005006710807068
1005007263540374
1005007445989198
1005006043394780
1005007137999968
1005006679283784
1005006737885639
1005007434151287
1005006975247758
1005004731269010
1005007464696373
1005007455955506
1005007385944962
1005005579933067
1005006836072599
1005007349799714
1005007385096001
1005006335022876
4000726490201
4001146957114
1005006500223084
1005004549977651
1005007346788839
1005005134151175
1005007365645094
1005007371218469
1005005597185164
1005006643215839
1005006069940127
1005007061608554
1005006618252195
1005005908700680
1005007132968015
1005007153050087
1005004141370841
1005005922384506
1005007196025380
1005006906612079
1005005900336604
33004419350
1005007185895739
4000222023955
1005004604920135
1005005988384221
1005006284973689
1005007215951435
1005004779469048
1005005837869706
1005007349659597
1005007378131262
1005007031301776
1005005184920512
1005007455970346
1005007369377805
1005007339598439
1005006159687702
1005006148647254
1005005418461094
1005007379819534
1005004856871573
1005006731879278
1005006864747786
1005007001620195
1005007442166918
1005006196265329
1005004146240746
1005006807501920
1005007067778221
1005007408061962
1005006070631264
1005006261062258
32797703589
1005006074087570
1005007054205561
1005006113227666
1005006411959148
1005005853332056
1005007205348327
1005007428681030
1005007364397656
1005006614672125
1005005585550282
1005005922322813
1005007256984451
1005007390067052
1005007444339461
1005006428324828
1005005509297177
1005006212278403
1005006967210885
1005007289611936
1005007349198785
1005007202848071
1005007028319104
1005006586606200
1005007457906344
10000003193366
1005007439389297
1005006830320868
1005006375318144
1005006812789819
1005007467255400
1005005465993836
1005006076445259
1005007330646599
1005006802655367
1005006085876295
1005005795487226
1005007399582250
1005007377570730
1005007129450005
1005007295668303
1005006798425109
1005007037732370
1005007465488753
1005006827669277
1005007225302731
1005007135164153
1005007427035113
1005007184518911
1005005518163195
1005007302732174
1005007335441326
1005006855865070
1005004974322656
1005005897002434
32882139828
1005005882720112
1005005651745579
1005007446197176
1005006233274486
1005006493894991
1005003691907833
1005006763113946
1005007031271823
1005002790912503
1005004682299525
1005007065327792
1005003668798079
1005006583460747
1005005670905107
1005005993986868
1005003205746290
1005006015583155
1005006815796950
1005006756873013
1005006261871440
1005007398068005
1005007299343524
1005006463360244
1005007460453132
1005007459678357
1005007459688181
1005007452077813
1005006004591039
1005003412485814
1005007377545608
1005007442515947
1005007404689701
1005006431325095
1005003511004939
1005006901736115
1005007452936734
1005006497460816
1005006574772468
1005005742766389
1005007079790688
1005007036369570
1005007100429878
1005007022879055
33057379729
1005005554879551
1005005043636355
1005004374083883
1005007254591974
1005007467412853
1005006836818959
1005005410746233
1005005046905190
1005007295119160
1005007372315267
1005005657192571
1005007286924973
1005007411853816
1005006344730306
1005007034561214
1005006045138498
1005006683649080
1005007130288356
1005007362808656
1005007413250883
1005007126050783
1005007301970536
1005004290997490
1005006392563691
1005007311683536
1005007445740999
1005004741714373
32806465614
1005007460622950
1005007382549161
1005007289708176
1005007439005474
1005006556430345
1005006385692724
1005007448396700
1005007467344018
1005007469220736
1005007467145406
1005007470108091
1005006993531404
1005006657306347
1005007382243563
1005007057813807
1005006636291406
1005006154193490
1005003765429309
1005007384408456
32555774983
1005006968957257
1005007371858384
1005006463293741
1005004904834065
1005007373911228
1005007467220302
1005006161144120
1005007364558376
1005006978949723
32891626281
1005007182563067
1005006380185874
1005007412861115
1005007402577003
1005006676927176
1005004831754125
1005007094510922
1005003612815773
1005007036371175
1005007451849718
1005007285602096
1005006891340085
1005005278009729
1005007469372857
1005006864146969
1005006574577856
1005006715521168
1005006447371625
1005002533845028
1005007446179213
1005005936761766
1005007060613737
1005006938413043
1005007406824391
1005007129353149
1005005902382234
1005006411075770
1005003697613893
1005007393859596
1005007343631155
1005006549211000
1005006997288217
1005005898519144
1005007228038842
32907877955
1005007152648567
1005006989457783
1005003017081281
1005005335176244
1005003032919229
1005006824937370
1005003350103235
1005003017233131
1005005265073311
1005007408154474
1005003634465870
1005003114248702
1005003350056910
1005003634028234
1005006980621078
1005005341191138
1005006850770245
1005006512684870
1005005024429395
1005007408558905
1005007118804191
1005006247499581
4000060297723
1005007348850944
1005007461798477
1005006834586553
1005004433273303
1005006188972284
1005006895622976
1005005891198674
1005005933621282
1005006445523849
1005006938969631
1005005554220071
1005003553192936
1005006833841719
1005005789330028
1005003198885435
1005004824574167
1005006399120672
1005005609635641
1005005166364959
1005001644316054
1005007004092128
1005003584278374
1005005785631361
1005002231463402
1005005785744683
1005004674676261
1005006150298009
1005005785601523
1005006727588628
1005005771559014
1005007243239962
1005007401512821
1005007171342046
1005006807704021
1005006615249382
1005007416426983
1005006911085363
1005007389339977
1005006830574879
1005006487046128
1005007018653904
1005006900556457
1005005217020539
1005007239206762
1005006847166589
1005004817814786
1005007211393098
1005005227640222
1005006320243884
1005006053538910
1005006936664849
1005006046218338
1005006620763732
1005006015912138
1005006933926990
1005002710498271
1005006850753306
1005004604652577
1005006998331823
1005006483996938
1005006727779120
1005006398729787
1005007292062400
1005007168059110
1005006803135122
1005007027480112
1005006994028790
1005007003139750
1005005887820659
1005006740739545
1005004890595096
1005006938880942
1005007420519031
1005007201517452
1005006832912808
1005006800564622