1005006959507084
1005007600541190
1005007423025236
1005006850324114
1005002731535444
1005007516240805
1005007328486485
1005007316548083
1005007066606961
1005007426314369
1005004271110946
1005001493454541
32973189431
32975061421
32948172250
1005006786825518
1005006114331624
1005007013280842
1005007579663146
1005006904987428
1005005725692600
1005006448002928
1005006912710096
1005003796203877
1005003569926743
1005007657051486
1005006850864505
1005006863824494
1005006771498110
1005007298547923
1005006848757123
1005007085448390
1005006797489921
1005006849409653
1005005350492903
1005006849930696
1005006849906327
1005006888049362
1005007102726246
1005006860114735
1005006786636581
1005006850403059
1005007655245338
32998026240
1005006767452259
1005007619759482
1005006039961625
1005006861047281
1005006849545378
1005006782245039
1005006789159003
1005005302439792
1005002485152715
1005001278443741
1005001987600492
1005007013767951
1005003576151703
1005007245822512
1005006807007164
1005006335750788
1005007185152068
1005006782232079
1005002257995239
1005007347010806
1005006138624275
1005007628145261
1005006850110502
1005007465812794
1005007516204845
1005007439391535
1005007557984458
1005006975637160
1005007389169382
32928351823
1005007360140217
1005005986669541
1005006440497298
1005005725682558
1005006642657340
1005002716319620
1005006316356420
1005007335404431
1005006782084821
1005006860454205
1005006764741933
1005006807463248
1005006849629641
1005006890227916
1005007432319391
1005005880230143
1005006771119620
1005006767320520
1005005676069286
1005006782047440
1005007225175912
1005006242062357
1005006797644315
1005006414729403
1005004837427625
33048636557
1005006849750680
1005006797613449
1005006786802322
1005006770852638
1005006420655155
1005006192124740
1005007368363684
1005007568466937
1005006771579137
1005007473884397
1005007530228387
1005007102814070
1005003701799940
1005007522632458
1005002661718861
1005005905406495
1005007197487619
4000785363038
1005006782233392
1005006653653443
1005007575164647
1005007551151378
1005004132005559
1005005950628637
1005006786735515
1005007561366352
1005006788442579
1005007506686641
1005007169638108
1005003839313716
1005007509223708
1005005920523605
32954933302
1005005937283829
1005006644778846
1005002624024998
1005006019961301
1005006396132212
1005006868863594
1005007256322399
1005007420003023
1005007613033751
1005006849509557
1005006767393469
33048437340
1005006797685365
1005006797732068
1005007245849376
1005006797547761
1005005302606016
1005006800510273
1005006820447138
1005006961081550
1005006958947849
1005004694387606
1005007516457235
1005005792670862
1005005066025970
1005006288234468
1005005782919772
1005007081103369
1005007244833187
1005007799355586
1005007714939818
1005007766521337
1005007792569273
1005007683494714
1005007683854905
1005007766189622
1005006235929793
1005007780308065
1005007768052955
1005007653220524
1005007645745465
1005007757003387
1005007757560129
1005007750727734
1005007757646080
1005007575635609
1005005710137539
1005007727642578
1005007723258125
1005007701712353
1005007352467083
1005007254688447
1005007252969539
1005007071126744
1005007700675186
1005007699366067
1005007703032369
1005007253112828
1005006317595360
1005003427684824
1005006659648858
1005007340449801
1005007588136198
1005006086991472
1005006138479803
1005007265797129
1005005126952651
1005006855010225
1005006954267721
1005006723815940
1005001991982790
1005002589842482
1005007598063515
1005007591388488
4001242050491
1005007590232978
1005007321054518
1005007435315720
1005007264293993
1005004649170469
1005006448129834
1005006813901526
1005006661580587
1005006606199013
1005007316403698
1005007219111211
1005006448188665
1005006894081615
1005007161822515
1005004615304053
1005007053118200
1005007563062999
1005004648983716
1005002050522920
1005007438679885
1005007603807231
1005005952454978
1005007598720640
1005006373846369
1005001463067129
1005007245717668
4000198978578
1005006235548303
1005007245868401
1005007256120869
1005004615471300
1005007245786654
1005007354370401
1005006782023793
1005006770831760
1005006777818118
1005007258335707
1005007285622626
1005007233022969
1005007438360418
1005007279391110
1005007245829661
1005007645558749
1005007567715179
1005006797514989
1005003242118916
32972248323
1005007606817439
32974337839
4001221933301
1005006812255603
1005007574148654
1005007573793642
1005007656332367
1005006899931871
1005007566413238
1005006875955766
1005004615700562
1005005905468070
1005007081176090
1005006800462493
1005007087414290
1005007254299148
1005007494713386
1005007723199792
1005007071336484
1005002115295184
1005002780279787
1005006837237996
1005005799482027
1005006967521180
1005005988704075
1005006388256613
1005005583639875
1005006163590201
1005007309483690
1005005929382463
1005007015812929
1005005167072302
1005006751387338
1005006924449998
1005007545614793
4001217250147
1005007678152272
1005004025383757
1005002990103737
32938896719
1005003360305147
1005007404818136
1005004052836681
1005005818815485
1005005928923387
1005007263794326
32644012801
1005006004939059
4001072505075
1005005824802883
1005004040872300
1005005521577088
1005003645002953
1005004252738848
1005004019784427
32644306344
1005005929250071
1005003696729857
1005005565702538
1005004406019316
4000310503682
1005005377860581
1005004253066214
32903561493
1005001417564860
1005005430758602
4000085917207
32970300044
1005006727295173
1005004547404342
1005002982395446
4000164900441
4000532645959
1005003360286273
1005004017831923
1005006902450304
1005005265226967
1005004052956016
32840550517
1005007620887102
1005006808362884
1005005741778637
1005003074678707
4000833407902
1005006853403967
1005006970299883
33046550565
1005006306678380
1005003117416608
1005004901401760
32923608708
1005006956810834
1005004025219188
1005003359388918
32809404096
1005002976819940
1005002002632553
1005002475216698
1005006896965154
32740899767
1005006004846663
1005007426600176
1005006191015767
1005005912967422
1005006284799229
1005007182322736
1005005829289683
1005006849822089
1005003390419424
1005005082869099
1005002853093043
32822298506
33034433709
1005006162379236
33031567913
33001651902
1005005364229465
1005003637990864
1005005685645576
1005002752952597
1005007650608375
1005002732578497
1005005741402686
1005006072272984
1005004025163747
4000800613263
33047935720
1005007188441225
1005007431560648
4000823338086
1005005973056692
1005006293151573
4001271335628
1005006883825238
1005007457529469
1005004638680315
1005006273184737
1005006060281900
1005003095992992
32808916819
1005007657348206
1005006123248901
1005005504282823
4001193020589
1005003003798728
1005003005831692
1005006831997384
32646363249
1005005281828568
33057801792
1005002523372453
32840084324
4001277307634
4000805971752
32966169328
1005006073305274
4000045334498
32901418404
1005004880591241
1005003108065213
1005006938948739
1005004784873375
1005003921748853
1005006280957652
1005005801949888
1005007412453197
1005006337616502
1005005862634641
1005006162697937
1005003155377537
1005005980848628
1005006014283440
32834292457
1005006799008351
1005007664436743
1005005666836388
1005004287453446
1005001764036105
1005006105877286
1005002439002920
1005005876573646
1005003927417721
1005004089438501
4000885389327
1005007411562415
1005006257753030
32644136579
1005002986242089
1005005521571194
1005006887539813
1005006248565513
1005004157020272
1005007664166996
1005005751146615
1005007560357666
1005003009631894
1005007014221237
1005005764279519
32870075344
1005004552729700
1005003303951870
1005004757435168
1005003374482546
32646688552
1005006056781162
32904277853
1005002667262358
1005002219940331
1005006684065356
1005005774047027
1005007060271550
1005005776469923
1005005702374920
1005005060726470
1005003991394117
1005007559099340
1005007671409094
1005004812970887
1005004052744010
1005007399221460
1005005307199041
1005004708106779
1005007162811130
1005001726279618
1005003360243574
1005001308772727
1005004531931793
1005007555626745
1005007060624661
1005007336672661
1005003083281785
1005007383779298
1005005131742943
4000528915342
1005007574777311
1005003096086634
1005006696970572
1005006265635044
32644048579
1005005066269454
1005002261379008
1005007612594764
4000043555889
1005006782718205
1005003088471439