1005007140595673
1005006134858968
1005007107074713
1005007168540951
1005007036805782
1005006440348617
1005005632551067
1005006536478797
1005007225778248
4000983488095
1005007488133670
1005005687648481
32652410084
1005004107498401
4000636320851
1005007184268533
1005007179462204
1005007126206426
1005006206137620
1005007322138057
1005007321907418
1005007150352031
32844557008
1005003987499500
1005003395082510
1005005792005920
32826068002
32851034962
1005004055030165
1005001627138946
1005007201977656
1005007179234581
1005007203743601
1005006578117997
1005002276574395
1005007162218808
1005006853994255
1005006129008893
32882934172
1005005925421565
1005006276405853
1005005074676554
32895923724
1005006202569876
1005006150243903
1005006543430444
1005005167589899
1005006491842320
1005007317050648
1005004808717669
1005006450954084
1005007009885619
1005006508381087
1005007322027032
1005006316281759
1005005557873901
1005006501331933
1005005068863386
1005006478667498
1005007181750631
1005006433882670
1005006925901444
1005007226851408
1005006845856597
1005007010365306
1005005972489086
1005007342262944
1005005293814245
1005002907617021
1005006882157040
1005007287806858
1005007095843726
1005005244401809
1005006108288800
1005007072312109
1005006530734848
1005006161171642
1005006903364948
1005007258866903
1005007335061787
1005004804137557
1005005239615130
1005006475642454
1005007288187358
1005006975568202
1005006407050955
1005007284604996
1005007345600574
1005004750081589
1005007095182060
1005007004008811
1005005494136716
1005006959764728
1005006396037889
1005006097652973
1005006208168883
1005007009330526
4001167612934
1005006363227171
1005005448298002
1005006169534223
1005006703333245
1005006661983286
1005006577513780
1005004626051283
1005006441416230
1005005368057694
1005006918238990
1005006131550402
1005006999592270
1005006598726006
1005002287266115
1005004803613508
1005007021083456
1005006063263929
1005006728635060
1005006836826291
1005003683392309
32270600579
1005006573039944
1005002475005655
1005006169397995
1005006911638787
1005006172225923
1005005123518611
1005006445632357
1005006741982853
1005006659516276
1005006628338243
1005007270981216
4000158542534
1005006077738977
1005005690986281
1005007183372953
1005007008619962
1005006814260141
1005003949231439
1005006002891849
1005005955583585
1005005012014030
1005007115296517
1005005911187019
1005006301933499
1005006784116879
1005006450932457
1005005505112660
1005005892793127
1005002029402024
1005007414031307
1005007103080440
1005006240478800
1005006728709136
1005006725973825
1005006716847982
1005006054022002
1005006577840645
33021972981
1005006837203065
1005007461294375
1005006421815333
1005006503496873
1005001949803864
1005006884283437
1005007293367815
1005005058186832
1005006043778614
1005005867519330
1005007125546131
1005006789434086
1005006162027016
1005006733614590
1005005478361105
1005006506819008
1005005191543842
1005006883031009
1005006317303889
1005007382829949
1005006860007433
1005005906933716
1005006381483973
1005007336960461
1005005603552132
1005006789237145
1005006975227999
1005006981285134
1005006376911190
1005005737360725
1005006320848459
1005006796754270
1005006261036999
1005004424458756
1005005785157241
1005006938663889
1005006394467305
1005006808163467
1005006377119212
1005007101231680
1005005392218373
1005007060299097
1005007137517263
1005004140104412
1005006202061379
1005007100841804
1005006449395065
1005006997627508
32869597376
1005006533822506
1005007166639836
1005006389826470
1005007390052934
1005005864668783
1005006722460038
1005006728697654
1005005642014448
1005006039339895
1005004279860198
1005007244354958
1005007320012057
1005006081587235
1005006886795974
1005005127570728
1005004623545528
1005006086496365
1005005680484023
1005006504976105
1005005821342091
1005007115736111
1005007078107118
1005006975216691
1005006980504752
1005005560266480
32970379029
1005006112375156
1005002813778862
1005007244251141
1005006662348550
1005007273186334
1005005058244041
1005001623934309
1005005892614343
1005005525594135
1005006582829718
1005006578219842
1005005935790802
1005006631089550
1005007090411817
1005006001021765
1005005936686891
1005007094639841
1005005663856762
1005005644122290
1005004949325360
1005006577554076
1005006396756914
1005007212295416
1005006989985716
1005006435173639
32963522958
1005004887240065
1005007160826568
1005005657040057
1005005901071689
4000379957517
1005006965676770
1005007116208353
1005003875171372
1005006702894823
1005005253992006
1005004259165466
32951162403
1005006766514442
1005007205242005
1005006301707758
1005007096729072
1005006828316026
1005006911465202
1005006117701750
1005007026290342
1005006296753823
1005006164083512
1005002808365394
1005005466543769
1005006710294575
4001269512251
1005006461827023
1005007173509035
1005003577769120
1005004300636679
1005003779376791
1005004220837543
1005006782982000
1005007094661811
1005004186820687
1005004280592804
1005005163705296
1005007269079256
1005006642803192
1005006316016873
1005007068079047
1005006451454017
1005006977551996
1005004460719145
4000540091192
1005004784614960
1005004413501393
1005007090044529
1005006969001940
1005006036832178
1005006690373210
1005005756907463
1005006539908863
1005004870629105
1005004723787848
1005007360984321
1005007062782366
1005003937072651
1005007038092949
1005006924833788
1005004936506020
1005003672188632
1005005609081269
1005006470898431
1005006015505476
1005006702064849
1005006227537781
1005006529596051
1005006407128588
1005006855796029
1005003448755796
1005006771167015
1005004259117837
1005006421065841
1005007123048632
1005003954536925
1005001921366387
1005006788543722
1005007392777256
1005006827575327
1005007252901198
1005006164244249
1005005850854998
1005006608994610
1005006150183730
1005006468312909
1005005954548603
1005006762505356
1005001482597377
1005004567703596
1005006352110979
1005006477690415
1005006099065387
1005006787446559
1005006997223492
1005006067379977
1005003774704887
1005006231599339
1005003993436041
4000027748118
1005006455616280
1005003833400551
1005006577717545
1005007242824872
1005005958502925
1005004326223054
1005005672487842
1005006596109705
1005007031613792
1005006715150489
1005006936825653
1005007091137313
1005006253899648
1005006587680097
1005006854093330
1005007121431344
1005003022554192
1005006855758978
1005005572451029
1005006285914585
1005005449410001
1005007403427396
1005006581773017
1005006295146352
1005007303209143
1005006642212334
1005006866945917
4001150437978
1005004219892668
1005006827021982
33057761960
1005005276742061
1005002519004110
1005007054010258
1005005458847231
1005006215446754
1005004838197376
1005006018285210
4000179514021
1005005792625313
1005007009717807
1005007436070867
1005006440834294
1005001332917543
1005006861213064
1005006348589243
1005006176663300
1005003647018514
32893195600
1005005951899578
1005006532645556
1005006267980385
1005006034137952
1005007035950624
1005006225670657
1005006232913811
1005001841275108
1005004100732197
1005005481310767
1005006408811766
1005006838727890
32963115283
1005007370875900
1005005648854387
1005005557780943
1005004319572017
1005005806692457
1005006504819055
1005007124756634
1005006082658027
1005006621492587
1005003495095066
1005007152052933
1005004720598929
1005005805818976
1005007121328212
1005005894472223
1005006813907428
1005007125320635
1005006609414887
1005006332224287
1005006677216063
1005003394088201
1005002481625409
1005004727315504
1005001722713439
1005004969850053
32868504914
1005007085124339
1005006741654248
1005006293473889
1005005922411012
1005006853094573
1005004045218852
1005006535631294
1005004018031490
1005002051813148
1005007208642716
1005007202750697
1005004303443630
1005005547180694
1005004627336459
1005006909266781
1005007076753379
1005006336614782
1005005014720957
1005004662157092
1005005576466606
1005007045156444
1005006623252665
1005006635912206
1005006344346389
1005006467591042
1005005150399230
1005005760786179
1005006210826254
1005006683658286
1005006030747406
1005006549132573
1005005722049574
1005005622493254
1005005698700487
1005002439417220
1005004839454523
1005004195271099
1005007255573634
1005006417554906
1005007342508627
1005005309878711
1005006269038698
1005006782957470
1005007015368464
1005007103455269
1005006501584148
1005006638855131
1005006348789444
1005007181251111
1005007316484198
1005006691378641
1005007162730925
4000466028294
1005006570993425