1005006682697267
1005006210258535
1005006355198037
1005007279966035
1005006327208650
1005006170349123
1005001320895969
1005006205648275
1005002362387630
1005007156607128
1005003932208122
1005006084979230
1005006391340745
1005004724307550
1005007564318239
1005007015393797
32822426514
1005005589491872
1005003062464190
1005006808138628
1005005125741760
1005004884828059
1005006509472105
1005005477322776
1005005955166354
1005005698384159
1005006599323090
1005005574761206
33013926963
1005006157439327
1005002206255079
1005001998764678
1005004884308898
1005006399237239
1005006863552184
1005003620085267
32691491101
1005006729194271
1005006857028233
1005005921915812
1005005670282879
1005006456596526
1005006523295295
4000504672723
1005006286732546
1005006215323374
1005007548448996
1005003689061214
4000314973687
1005006442811772
1005006509717002
1005006011755776
1005006435534502
32964562548
32972412729
1005006245411631
1005004813788685
1005002616248121
33021071072
1005005804850304
32920250062
1005006246723288
1005003429063496
1005003026553571
1005004458902406
1005007296200891
1005005937884853
1005006052174955
32945076814
1005001862624065
32831551449
1005005761562563
1005005263729390
1005006076257882
1005004441978677
1005006801647231
1005006808156538
1005005975150049
1005006142148148
1005003123158658
1005006422582213
1005006280239105
1005005244394626
1005006703361156
1005005707694398
1005005882705988
1005006455685172
1005003691389354
1005006680913789
1005004522001443
1005006698238342
1005005508655192
4000535465397
1005003313348728
1005006959548551
1005006204700485
32692616821
1005006091427611
1005006161303507
1005003647349806
1005007298821727
1005003008151525
1005006302611281
1005006853392890
1005001880065496
1005006026192654
1005006102703297
1005004400639683
32997424430
1005007056641067
1005003526931324
1005006316638807
1005004404015077
1005004723247602
1005006597753576
1005005931020426
33050477334
1005006125919418
1005007097278091
4000624921254
1005006700152930
32811960162
1005001462651271
1005006553726640
1005006529925490
1005004501812592
1005006454109092
1005005201384372
1005003459774153
4000853476867
4000816991637
4000618931687
1005006447193832
1005007001242916
1005006844981805
1005005951158563
1005007211566738
1005006278893982
1005006157013891
1005006428867908
1005006928299698
1005003166484335
1005006760825613
1005005932253843
1005006529099554
1005006618474023
4000956758117
1005005472005023
1005003563778766
1005002629383139
1005004329479894
1005006185308722
1005006177095394
1005006545782373
1005006111818461
1005002613626124
1005006755496566
1005006049266599
1005006849921852
1005007360025442
1005002398918600
1005007069221194
1005005991600726
1005002583449690
1005006576836833
1005004532162295
1005006447964302
1005007524715299
1005003875291591
1005003591623596
1005001810656633
1005005930241673
1005005829262374
1005005217047561
1005005173840479
1005006655037082
1005001304478592
1005005820772320
1005006818682349
1005006219836969
1005005261110894
1005005346133124
1005006336583872
1005002613484495
1005006112712788
1005006298713267
1005006585197724
1005006367586814
1005006841657072
1005005500526064
1005005775524377
1005006499667550
1005005261069206
1005005173797965
1005006912157162
1005001382810884
1005005525870279
1005006054547049
1005006503780888
4000575232464
1005006956667669
1005003167850910
1005006411537177
1005004698931398
4000833778851
1005006044771413
1005005835239104
1005004212281575
1005004166570680
1005007181420148
1005006508564351
1005006247665812
1005006472779422
1005002823628251
1005006767899983
1005005829495312
1005006277082426
1005005655048316
1005006624826042
1005006579309752
1005006422434807
1005006449489187
1005006889395091
1005006706671024
1005006165496422
1005006596350316
1005005350043517
1005006760570167
1005001302772269
1005006573264820
1005006615758042
1005006115413280
1005006205848441
1005005960048787
1005006436154503
1005006157305734
1005006009730257
1005006766026560
1005004248041377
1005006712371623
1005006318020139
1005006706665044
1005006679898647
1005006407680743
1005005990465171
4001019196024
1005006109615451
1005006457771391
1005006191721688
1005006141967337
1005006660896169
1005006190949313
1005006184434804
1005002162160025
1005005392602165
1005003521518994
1005006378846008
1005005880322561
4000396512148
1005005570324962
32800272489
32801676208
1005006037491178
1005004272988901
1005004669442683
32904218019
32918056219
32844425371
32988124288
1005001422513341
33010168341
1005007268839286
1005006095154651
1005006079505457
1005007010891887
1005006156341419
1005006310070072
1005006320490040
1005006244601015
1005007053760599
1005007053651736
1005007053627808
1005006052790882
1005006861191046
1005005321031985
1005006860779307
1005006989676908
1005006860646905
1005006877357319
1005001592200046
1005006966646631
1005007059094793
1005007175867708
1005006863871820
1005007233644968
1005006445094319
1005006744198471
1005006046935224
1005006877341378
1005006262430657
1005006989889283
1005006613562608
1005005668463558
1005007486094031
1005006838200625
1005006766901300
1005007310726997
1005007521093015
1005006627025322
1005007622007456
1005006974942865
1005007474265004
1005007391969243
1005006301142194
1005006864098306
1005006458770819
1005006508471597
1005007131897423
1005006508658071
1005006626774819
1005006976324117
1005006462508401
1005007033260020
1005006830976709
1005006038571387
1005007636683332
1005006582766041
1005007337607284
1005007388129160
1005003351971340
1005005885187732
1005006546760167
1005005885160794
1005006978846324
1005006688933474
1005006580639599
1005006535045455
1005007629324261
1005007208653389
1005007216769312
1005006296242351
1005007069187464
1005007069144508
1005007069061661
1005007069001786
1005005670718578
1005007069332277
1005007069467060
1005007069409139
1005006441499046
1005006520127408
1005006733630648
1005006974370068
1005007145504896
1005001770216616
1005007072875714
1005007555991280
1005007637541143
1005006224996756
1005007427480496
1005007167042824
1005006038961241
1005005884942121
1005007229815063
1005007069399144
1005007069213421
1005006313625928
1005006399680273
1005007145841158
33035360904
1005006974280199
1005007108942793
1005007014552188
1005006642147344
1005007587056960
1005007342665586
1005006692679512
1005006736924866
1005006287374599
1005006206427317
1005007067390483
1005006288792820
1005006447426873
1005007045532866
1005006471955128
1005007420016903
1005007574190083
1005006199938087
1005006844154838
1005006223193010
1005006472003299
1005006420197624
1005007466976638
1005004882453811
1005007299475308
1005007020162977
1005005947831178
1005006306697290
1005006942217836
1005007449357304
1005006216745272
1005006318547795
1005006960495027
1005006331998431
1005006820612753
1005006960465071
1005006541612652
1005007082049119
1005007144548214
1005006964133221
1005006728285592
1005006425231806
1005006572731241
1005007660831026
1005007170129375
1005006439220184
1005007259667992
1005006074567473
1005006742880984
1005006206083714
1005006964582375
1005006246897795
1005006320372394
1005006960295619
1005006967019226
1005007103907493
1005006965974397
1005006508674048
1005003804547655
1005005166655382
1005007031909945
1005006826939738
1005007257080148
1005006019067667
1005006728250559
1005006002488970
1005006207916406
1005007629060671
1005006462586070
1005006691628555
1005006297066266
1005006267275003
1005006215248784
1005005769249532
1005005826108960
1005006857631255
1005006327217405
1005006014392225
1005007593398882
1005006989308674
1005006182536992
1005006989315517
1005006314229983
1005006186936596
1005007613874860
1005005463883013
1005006857538498
1005005624235174
1005007535898420
1005007032847910
1005004903397952
1005007542349611
1005007005588498
1005007005455603
1005007091269984
1005006767295439
1005007105490289
1005006018056999
1005007314215717
1005006505614434
1005007621796795
1005006587625387
1005007115577272
1005007375386761
1005007327193040
1005006085279846
1005006515157412
1005006313622333
1005006982575492
1005007061219078
1005007039307245
1005007647797935
1005007555773508
1005007553422196
1005007560720521
1005007518395719
1005007354195267
1005006911751582
1005006912239241
1005007566399184
1005007081441343
1005007254428770
1005007551988537
1005006838846336
1005006965761789
1005007382726537
1005006960539570
1005006453452868
1005006545633813
1005007146151743