1005006347399075
1005006407009424
1005007565695299
1005006864978515
1005006389735727
1005006406535578
1005007140861901
1005007101930010
1005006218662913
1005006935071824
1005005888707883
1005007587484471
1005006342123866
1005005953826384
1005007475946160
1005006120023849
1005006485818559
1005007010053603
1005006146109041
1005007390168687
1005007560266271
1005007067426687
1005005640391549
1005006685102985
1005007067396521
1005006410592371
1005006722403883
1005006329190000
1005006896010625
1005006247077947
1005006507901079
1005006697733235
1005006901372689
1005007015894871
1005006856471605
1005006292523360
1005007537665755
1005005970418494
1005006710787096
1005006485938635
1005006440121336
1005006190248073
1005006288851886
1005007095653176
1005007145841028
1005007224361615
1005007621962098
1005006455644884
1005005888695979
1005007441597040
1005006184629481
1005007073797644
1005006971051653
1005007178417464
1005007067200117
1005007558491431
1005007003864154
1005006338633200
1005006383086537
1005007481741099
1005006386475613
1005006406610812
1005007565769096
1005006121140109
1005006402048018
1005006995738402
1005007452905079
1005007334288594
1005007500017454
1005007402367065
1005005817536675
1005007567307864
1005005885582438
1005006042947890
1005006184591601
1005007370756346
1005007211581237
1005007607483731
1005007095329553
1005006443578030
1005006330833430
1005006373935239
1005006593641435
1005006590381164
1005005959047388
1005004341625356
1005005957492277
1005005825262465
1005005771080242
1005006489313185
1005007215863087
1005007021903833
1005006684795809
1005006738440940
1005007219274459
1005004969796872
1005006479776322
1005007519482422
1005006184600313
1005007039456858
1005005953970135
1005006306107726
1005007095575290
1005007145481668
1005006147041584
1005005924865770
1005007351087359
1005007570868202
1005007335477595
1005006524124490
1005006369730024
1005006974196805
1005007569864911
1005006452089845
1005006399756878
1005006406851523
1005006380914833
1005006973209718
1005006138913281
1005006781246380
1005006386593245
1005007576494254
1005007037238205
1005007230358345
1005007097841552
1005007017116576
1005006142838273
1005006142759710
1005004505658960
1005007520137627
1005007198143906
1005006163779404
1005006462669267
1005006679267432
1005007215552596
1005007376022336
1005007468785240
1005007410159051
1005005968440536
1005005640220933
1005006895355357
1005007647659647
1005007175847004
1005006683101198
1005007070767824
1005007040950111
1005006342238464
1005007529373027
1005006412031010
1005006803481072
1005006727622756
1005007336875435
1005006744182473
1005004505658940
1005006559553025
1005007499802912
1005006354322234
1005007565842006
1005007036642120
1005007296202586
1005006243616280
1005007439558641
1005006699602051
1005007027795662
1005007051605683
1005006356815768
1005007294049012
1005007558673275
1005006489951446
1005006407201777
1005005957488569
1005006407092815
1005007017072742
1005006399721905
1005006997294555
1005005770921511
1005007518189966
1005007565684273
1005005953801185
1005005862350725
1005006485354959
1005006137165320
1005007021863242
1005006359752085
1005007369178195
1005005577135203
1005007095628235
1005006463327102
1005007565449980
1005007425342304
1005007407460757
1005006738699688
1005007309218086
1005002686213328
1005006679712731
1005007388006914
1005006876589241
1005007402665164
1005007010425720
1005005367838302
1005006383367387
1005007038183306
1005007210347936
1005006143383198
1005007589992262
1005007565585643
1005006416668386
1005007537645751
1005006983300252
1005007098233022
1005006386618238
1005007145807215
1005005889201908
1005006685333741
1005006995433232
1005007095492405
1005007475068355
1005007351913061
1005006778235384
1005003643015630
1005007294819640
1005007474787452
1005007037806800
1005007395508870
1005006356862523
1005007539562425
1005006362005893
1005006380905525
1005007537993220
1005007565634440
1005006384274905
1005007069685995
1005007081792813
1005007600076337
1005006479166300
1005007601169420
1005006826049629
1005007253361611
1005007035090659
1005007210599989
1005007260256150
1005006933467140
1005007589840593
1005006748270541
1005005974098446
1005005640534034
1005006480191563
1005006380712985
1005006717088120
1005006885711350
1005006979020727
1005006352331447
1005007136298885
1005006379905376
1005006394367217
1005006232758738
1005007569767015
1005007581180945
1005006791793763
1005005959751925
1005007300753432
1005007176469414
1005007252383696
1005006361168280
1005006301606523
1005007202579128
1005006463197787
1005007593087581
1005007266383655
1005005513279080
1005006803268450
1005006959317069
1005006860792373
1005007574258912
1005007009807852
1005007183060526
1005007480863348
1005006859848416
1005006078262693
1005006936703159
1005006524270087
1005006373508657
1005007537892752
1005006476131033
1005006462262024
1005007128828415
1005007643889713
1005007511461228
1005007565473943
1005007634327854
1005006921177597
1005006391160781
1005007607254709
1005006717099068
1005006121670570
1005005932000724
1005006420705082
1005007446039469
1005007123891540
1005005640488307
1005006386457612
1005007211258053
32981621014
1005007228474526
1005003550416532
1005006841235244
1005007542353424
1005004830324490
1005006346021162
1005007447937522
1005007041224693
1005006749381805
1005007511231918
1005007604235781
1005007011661571
1005007635306442
1005006381479226
1005006342163792
1005007283277382
4000808205593
1005007563830729
1005006165575132
1005006664235711
1005006852251883
1005007477344150
1005006621012887
1005006558813025
1005007219898517
1005007604283654
1005006352559215
1005006698864680
1005006145142664
1005006983895202
1005007126420756
1005007183083036
1005005969920095
1005007395711309
1005007037387086
1005007099641781
1005006645511785
1005006408335245
1005006399992001
1005007474961319
1005007292358864
1005007565743190
1005007565759076
1005007587108192
1005007500089421
1005006815649092
1005006901446952
1005007336997267
1005007005559199
1005007098332190
1005005279457346
1005006084927486
1005007597164959
1005006120960933
1005006494081849
1005007502185740
1005007301121824
1005007565678257
1005005959659605
1005006678631390
1005006037950010
1005006301620212
1005007576707318
1005007067095992
1005007435936997
1005006698354525
1005004896673705
1005007095779029
1005006020958304
1005006711922202
1005004431086326
1005006379948212
1005005513497787
4000878609524
1005007206658027
1005003357022178
1005006507276765
1005003965997078
1005007067549562
1005006458080928
1005006409631034
1005006147169240
1005006159535487
1005006895336346
1005007168938119
1005007637568527
1005007568854489
1005006862721609
1005007505223365
1005007213517174
1005005957531735
1005007411401764
1005007034469908
1005007346239209
1005006476418760
1005006381328802
1005007280832490
1005006399926156
1005006357125180
1005006479080617
1005007011422528
1005007400137859
1005006857584405
1005007634681274
1005006865115657
1005007565479883
1005007565496958
1005006973303991
1005007264882515
1005007530455233
1005005448274595
1005006411536238
1005006679011348
1005005640156760
1005007567685688
1005007616192445
1005007012080774
1005006352402383
1005006363366136
1005005953850031
1005007476495416
1005007622298832
1005007350258397
1005005246893540
1005006449898863
1005006837889443
1005006582978725
1005006380972408
1005006270738586
1005006808244691
1005006788109137
1005006297025841
1005007359194342
1005006974517373
1005007476563941
1005006339933204
1005006436442865
1005005953882611
1005003172643102
1005004326287854
4001156074412
1005007176551607
1005006719903300
1005004547584002
1005006809058149
1005007616402546
1005007179098586
1005007206325162
1005005957575807
1005005134396982
1005007570880194
1005007024491871
1005006529038654
1005006578837643
1005006127799903
1005007633821322
1005006356221729
1005007565481993
1005007400285732
1005006479655302
1005007081899731
1005007565567669
1005007565535778
1005006858206439
1005007648462809
1005005547936721
1005007634774225
1005007014278668
1005007036395764
1005006379674879
1005006719747816
1005006989042919
1005006226833709
1005006243127447
1005007649434494
1005007528087491
1005006968653979
1005007348378181
1005007628969695
1005006425254346
1005004796303643
1005002293205537
1005006690892818
1005006748616808
1005006390665990
1005007535261202
1005007502239588
1005005457854671
1005005528920302
1005002246548836
1005002591419628
1005006719744811
1005003201801460
1005007621057548
1005007624964342
1005007580891143
1005007628711980