1005006028380334
1005004543373640
1005005320601304
1005007197685872
1005004543447035
1005004536166384
1005005440840796
1005004674666664
1005004260913247
1005004198827259
1005007632214041
33041908640
1005007169244704
1005004584121910
1005004255478891
1005002619608829
1005006976704587
1005005519676585
2016232914
1005005780853073
1005004327156785
1005007546380062
1005005843666540
33014468467
1005003226187032
1005006802630264
1005006609857489
1005006343328139
1005006402897850
1005007192932370
1005006704823732
1005004710360839
4000295137729
1005005506243600
4000296419251
1005003300189959
1005004740240143
1005006856835695
1005007494225927
1005004307325836
1005007785690234
1005007693023186
1005007752547048
1005007752528133
1005007712428602
1005007715347769
1005007734099312
32967158369
33049823349
1005002746060548
33046120804
1005004131648436
1005004547519649
1005005848689511
1005004539211532
1005007175902379
1005004198818501
1005007190580410
1005006342934966
1005006699845960
32983451456
4000389299681
4000296622698
1005003294773158
1005007734062369
1005007732999553
1005005242702949
1005004303920043
1005004015329125
1005004715563389
1005004096754027
1005004131460626
1005004220463131
1005004425023525
1005004185820804
4000910502179
4000581530960
32985983653
1005004350159252
1005004240244183
1005004039847423
1005003977597547
32967122517
32965740770
32831414518
1005004702756826
32802116787
32832739653
1005003305874045
1005001277852877
1005005788096615
32789895926
1005004441186152
1005003493269983
1005004602655423
1005005828144775
33046164607
1005003748282481
32790359607
1005004025608704
1005004001727309
32803999445
1005004225318692
1005004405293052
1005004462079635
1005004598291333
1005003829188786
1005004496091269
1005004349443060
32830165643
32788318038
1005004258504449
1005004490732108
1005004297682809
1005004198790864
1005002309422199
1005006172037084
1005006177020105
1005005068126356
1005004683495857
1005007432379579
1005006472820183
1005007421596250
4001279667304
1005007514284857
1005006988749284
1005006146731739
1005007398711065
1005007341562483
1005006686776763
1005007387596101
1005007316138338
1005007185027667
1005007337331235
1005007413143303
1005001984271875
1005006472009193
1005006157369640
1005003349776752
1005001447520053
1005004808042898
1005006274088390
1005006132441657
1005005947330475
1005006803459785
1005006152648803
1005007299843299
1005006989417268
1005006703751105
1005007595064053
1005005788019532
1005006462266137
1005007006578282
1005006909566545
1005006913941983
1005004718994587
1005005950752257
1005006285633523
1005006023675162
1005006318086818
1005006245164549
1005006114108580
1005005920473781
1005006112681084
1005003249718690
1005006018434623
1005004787934280
1005006076442057
1005005297726400
4000152964114
1005004788109908
1005006370900614
1005006172546399
1005006400669896
1005006845832041
1005005979441991
1005003183116620
32884037927
1005006247333586
1005001382261363
33048692373
1005005227055552
1005003763705628
1005007399352063
1005006052203964
1005003998195043
1005007204938660
1005007639169723
1005003417094087
1005006890673845
1005007411725464
4000607746115
1005006927378906
1005001552172002
1005004285603198
1005007561300311
1005005999897878
1005006629495657
32998038230
32945093424
4000662478151
1005006008191984
1005004533259850
1005005925775801
1005006959459593
1005005950533762
1005006748462794
1005006789985214
1005007163216612
32946372863
1005003906176346
1005004044983549
1005002760740775
1005007324910109
1005001952118404
1005003405997349
32333221823
1005004640242186
1005007160808993
33007606376
1005004508924295
32916008431
1005006003616876
1005002287165086
1005006749527119
1005004099155703
1005005320580816
32952213619
1005001487722135
33028741743
1005006476928600
1005006524725479
1005007473907795
1005005989657581
1005006870334008
1005004586735932
1005004879139536
1005006765141757
1005006327605599
32877741937
1005007424652245
1005005163224926
4000778609128
1005005989236469
1005007606059856
1005007407784877
1005005628458444
1005007385293326
1005004638238062
1005004476801123
32890708020
1005006316361566
32805053337
1005005576694788
1005007086218028
1005003145059177
1005006609599437
1005002004080410
1005007053241549
32505356692
1005005762679438
1005005912680301
1005003626887600
1005002745622045
1005003727486267
1005005383237151
1005004991654853
33021584047
1005004689192121
1005006327862836
4000284889323
1005006233624973
1005006385766581
1005005669863997
1005006331684466
1005005514389503
32875333959
1005007203439247
1005005137917433
1005003663396642
1005007030562817
1005001994559697
4000607926255
32960982413
1005002726840306
1005005363073287
1005002465841553
1005007146414428
32679564265
1005003667287372
1005005900460523
4001014416981
1005006262528692
1005001484064998
33063711062
32909076451
1005002432754594
1005006733596248
1005007091276194
1005003246120533
1005006260987638
1005005658772427
1005006015819032
1005007479051111
4000902160272
1005003569613179
1005006834022696
1005006416740501
1005005877888159
1005006290430009
1005007425146767
32891092886
32968711921
1005006770796400
1005006044221427
1005006640454987
1005006015643394
1005006812526986
32773891186
1005004958499637
33005896837
1005002203893620
1005005680873641
1005007557716641
32858642401
1005003775568969
1005006949983329
1005001489488244
1005006408260423
1005005471701019
1005005916273062
1005004716467503
1005007352595099
1005006270610353
4000785881478
1005006192181076
4001031930709
1005006815688066
1005006490007489
1005005154408601
1005005314262659
1005003624705942
1005005130426294
4000672683981
4001245372141
1005005236616585
1005007554389641
1005002021854679
1005006162200824
1005003357379018
1005006629801751
1005005471806461
1005002276467652
1005007500472250
1005006205948728
1005004874506980
1005006801978962
32960633898
1005006809023660
1005001286290256
1005004697382755
1005002020257687
32991127148
1005005214135045
33039212290
1005004719176637
1005002510271426
1005005973218381
1005005307957110
1005005200243290
1005006954494174
1005006233670320
1005003471630909
4000579926023
4000782111633
1005005510811400
1005006000908286
1005006017081046
1005003829895724
924764834
1005005673106339
4001043403678
1005005454794364
32837711198
1005007124961382
1005006294047366
1005006151935890
32846563178
1005003269083857
32833187170
1005005760886841
1005005772207867
32831200590
1005004699928579
4000188841193
1005003478811094
1005005379090077
4000031592220
1005006613660707
1005001510272468
1005001872423738
1005006341446861
32822988607
1005003162589810
1005001872713826
1005006831753934
1005003638035659
10000207173176
1005006443100072
32887282583
32830277215
32833769327
1005006750049438
1005002552969196
32825074894
1005006202464707
1005006614306521
32811758239
1005006114774575
1005006043471199
1005006960823956
1005003307634543
4000149302837
1005005142083388
33008674816
1005001891190790
1005006255329193
1005004943145900
4000032519863
32857386421
1005006044029835
32812126417
1005006280935449
1005007335477733
1005006391244193
1005007401158007
1005006545172754
1005006054435185
1005007087109582
1005007460211011
1005007532467598
1005003162683284
1005004577428421
1005004262268187
1005007229784870
1005004520734136
1005006508143895
1005006703251919
1005005447438899
1005007334152380
1005007586121013
1005002943871088
1005004884143890
1005006002866758
1005007169737320
1005003466220045
1005001872499123
1005001506667274
1005007003457493
1005007586234994
1005003015007916
1005007437603507
1005005101925404
1005005888024883
32895424753
1005002460304845
1005004159788943
1005006125309713
1005007648106557
1005007586994541
1005003796199021
1005007286346703
1005007531852007
1005003657184450
1005003637900270
1005006861068265
1005005969563200
1005007124661888
1005007124654830
1005007125113106
1005005966125977
1005005857134362
1005006120636533
1005006030962060
1005006924315022
1005006262435151
33008303338
1005006896732174
1005003427732181
1005003378356542
1005005542352012
32833471831
1005006683190964
1005006696093246
1005005427295852
1005007489755535
1005003937898004
32966222750
1005005786480875
1005005768243448