1005007721395018
1005007708754208
1005007715499047
1005007715447059
1005007707494934
1005005769444025
1005007697199063
1005007697181136
1005007696975650
1005007696916909
1005007694729383
1005007694298827
1005007513231653
1005007660029743
1005007226742309
1005006889298018
1005007005432592
1005007659563295
1005007623377732
1005006892505852
1005006121098265
1005007307364854
1005007011489348
1005007562978421
1005007585390024
1005006697383604
1005007502463528
1005006883803927
1005007266388695
1005007512722976
1005007260912575
1005007476680270
1005007021384028
1005006363493621
1005006894399714
1005007582522489
1005006366832098
1005006936832255
1005006971135238
1005006729281920
1005006366432899
1005007555610887
1005006360746712
1005006361937228
1005006363644036
1005006366760559
1005004138365761
1005006360745523
4000021464774
1005007176037684
1005005686578370
1005006625914068
1005006042729321
1005003403685732
1005005299749387
32853814972
4000834087578
1005003767117733
1005005796813036
1005007352196489
1005007343476309
1005006862618845
1005006382038349
1005007323139259
1005006342658602
1005006961013766
1005007437587292
1005004505583755
1005005925353749
1005007097152302
1005006638552999
1005006281410240
1005007116049049
1005006574109998
33001219587
1005001344438076
1005007308829086
1005006031440192
1005006870135331
1005005570908506
1005003534775433
32979297938
1005006867287477
1005007083811287
1005006057253172
1005006857113111
1005002505125636
1005006691954929
1005004024994043
1005007055734973
1005007640433870
1005006704410330
1005007333070272
1005006037471731
1005004216949923
1005007011674089
1005006572411197
1005007095893682
1005006737928833
1005003844439014
1005007579013629
1005007055428398
1005007172803967
1005006052935709
1005006410273709
1005006411555805
1005007500203761
1005007097252617
1005003402115890
1005006149451857
1005006021322197
1005004838297421
1005007487561057
1005006531900090
1005006697700505
1005007399391030
1005006834700335
1005007054127625
1005006910217742
1005006747922910
1005005200309997
1005007555606921
1005007271512027
4000511440604
1005006115979042
1005006866088087
1005007172805672
1005007175248919
1005007108034424
1005006947964566
1005006365795052
1005006813794007
1005006582894818
1005005603816211
1005005511006853
1005006832388599
1005006819995278
1005005530641991
4001089722547
1005007203715664
1005006795330674
1005005638912317
1005006797145505
1005007269253085
1005007202463246
1005002347599769
1005005850027286
1005006974067594
1005006282293900
1005006943318249
1005006544833901
1005006146219101
1005007057550652
1005006868036995
1005005594206164
1005006641695091
1005007109512505
1005002348160565
1005007083530111
1005004605060725
1005006834263756
1005006395057096
1005007261451437
1005005644326068
1005007442864753
1005006717001811
1005006778944190
1005004032589069
1005007060804569
1005006185596239
1005002474717730
1005006767424097
1005007333120512
1005006199524456
1005006106902796
1005006925940046
1005005874949836
1005006746978779
1005005349019921
1005006258524221
1005007330328110
1005006714368610
1005007060602860
1005007463128571
1005006545072531
1005006691585905
1005006057566599
1005005821411177
1005006618267848
1005004226643724
1005003618978303
1005007400578528
1005005929384497
1005005412230359
1005006161262195
1005003573057887
1005006697528839
1005007062042939
1005007046748351
1005006215075081
1005006919024670
1005006619708060
1005007021952602
1005006867055600
1005006409664686
1005007629149092
1005006637938130
1005005993040794
1005007562044152
1005006664293102
1005004742946212
1005005576146579
1005005572117733
1005005867471120
1005005373208785
1005006771881774
1005007342138204
1005005646066435
1005007209080279
1005004154046309
1005005780035165
1005006102154032
1005006493856107
1005005174175608
1005005928620611
1005007207690619
1005005738503010
1005007183287709
1005006074709814
1005006468872262
1005006826708524
1005006731550414
1005006250079801
1005007171514405
1005006385392516
1005005410923878
1005006844318670
1005005131091596
1005007503844589
1005006779188387
1005004428439727
1005007182555368
1005006774905167
1005007221613642
1005005389025395
1005007308877414
1005007115234867
1005006411696160
1005006858844853
1005004770638604
1005007469402669
1005006636063530
1005001339654104
1005007094998051
1005007131265554
1005007016494218
1005006422774230
1005006633234983
1005007246304824
1005003984187183
1005005589563416
4001001130454
1005006826121769
1005007038315511
1005007590322114
1005007044611022
1005006877443166
1005007161142120
1005006807246544
1005007102077438
1005007294776625
1005006079866367
1005007096188562
1005005747556030
1005007054300173
1005006692916069
1005007302383103
1005003856385961
1005006518078977
1005006717099989
1005006856330417
1005007480267835
1005007348973125
1005006576801565
1005006765363512
1005006486175123
1005006820038144
1005005748877105
1005007359808799
1005006305606827
1005006468073413
1005006633535255
1005006953488531
1005005738062491
1005006858283721
1005004428606937
1005005730007076
1005006614959787
1005006444309939
1005005929505805
1005006979173016
1005006833085289
1005006815004771
1005002636497871
1005006575338610
4001062865578
1005005121519863
1005007018280054
1005006077842407
1005005585360189
1005005651663049
1005007246507738
1005006489396861
1005005028477530
1005006925625865
1005007188814056
1005005028489361
1005005889526628
32816131019
1005006960929285
1005005073671908
1005006236812936
1005007143755610
1005006766779614
1005006490285951
1005007003654977
32798761262
1005006908441944
1005006973892858
1005006813306052
1005006653725642
1005006471026216
1005006954110923
1005006760011824
1005001675257790
1005006664106553
1005005028507142
1005007160769580
4001207747850
4001211087403
1005007138785402
1005007277447747
1005007218390646
1005007315664497
1005006023985970
1005005050617319
1005007550346829
1005005792230833
1005007378515195
1005005631027891
1005006755158643
1005006745140682
1005007198460015
1005007117992568
1005007663823564
1005007339770281
1005007508058874
1005006913058383
1005002180244879
1005004373600695
1005007348676562
1005007054494189
1005002669865723
1005003705307986
1005006918409271
1005005965067764
1005003253001501
1005004587924686
1005007494881783
1005007458038857
1005007613877914
1005005604965082
1005006749694173
1005007342411057
1005007077766118
1005007536590866
1005006870747216
1005007026688258
1005005150453834
1005006199970273
1005007474249996
1005006038877600
4000718338854
1005005401655267
1005007195612884
33037413318
1005007204986698
1005006636383554
1005007145238470
1005006226742778
1005006632160604
4000684539858
1005005742183599
1005007104290365
1005006619321797
1005006728143879
1005007260033511
1005006953739884
1005002049200812
1005007299915666
1005006091284008
4001038219083
1005005585167019
1005005922639152
4000353123092
1005006709960688
1005005448896113
1005005129147750
1005005448886164
1005007527246652
1005004748144109
1005005597947690
1005005171271575
1005005450260196
1005005952506372
1005007046275935
1005007599408390
1005007057656472
1005006816236268
1005005057984906
1005005901815179
1005005754043205
1005007390232691
1005007484917221
1005007477381916
1005007655721594
1005007486762456
1005007142761416
1005007486661022
1005007486799830
1005006825815399
1005006001620648
1005007599369396
1005007415927932
1005006280307999
1005006989447951
1005006864965935
1005007254728358
1005007099406013
1005005907213730
1005006594130747
1005006691367238
1005005493198539
1005007044569673
1005005633400113
1005005955710208
1005007253046862
1005006067491195
1005007067722290
1005006391065640
1005006597720315
1005005163205006
1005006578573287
1005005128869566
1005007286656755
1005006166318553
1005007131411067
1005007425870505
1005006810367951
1005006134763237
1005006771544041
1005007479888707
1005005096233073
1005006757054765
1005006728146892
1005006392137344
1005006850265792
1005006846087430
1005003138266304
1005005970997891
1005007113523482
1005006200361643
1005007336711768
1005006508901319
1005007380321871
1005005200436481
1005004272074517
1005005614631577
1005006055865431
32795513538
1005006639725606
1005003650958329
1005006866417449
1005003852458763
1005006770069508
1005006147682273
1005006833750293
1005005660973102
1005006679776836
1005006893529921
1005006220946311
1005006887475019
1005007296120599
1005007297615596
1005006755043982
33058041837
1005007059981295
1005006638301753
1005006042905913
1005003986015528