1005007298372308
1005004881306190
1005004281430103
1005004281373332
1005004271550541
1005002007614841
1005006437146822
1005005982313103
1005006243987484
1005003286791558
1005003286383759
1005003287547119
1005003285826537
1005003307420098
1005007234397085
1005005605076655
1005007538694709
1005007545159543
1005005340433672
1005006633450790
1005007390561676
1005007286820259
1005004324879822
1005006870208058
1005006846631523
1005006803014983
1005006614376420
1005006451426279
1005005861740452
1005006105521220
1005006124789075
1005004483947809
1005004424032487
1005004369661842
1005004369647278
1005007557519856
1005003939461935
1005005000044682
1005005811848187
1005005497420163
4000337611172
1005006409950014
1005007048898201
1005007235314426
1005007359287190
1005006902213961
1005006001564380
1005006961448759
1005005276860992
1005003285256253
1005003285756825
1005006869411746
1005006151541757
1005006098929911
1005005866243308
1005005763920105
1005004844819172
1005004563383164
1005004347149659
1005004358521968
1005005259034319
1005006079480307
1005005768459059
1005006085517619
1005007649489878
1005007643379312
1005006413925143
1005007466058993
1005007393860657
1005007387588158
1005007579226630
1005007597246645
1005007485353424
1005003532866129
1005004481395289
1005004369583188
1005004369065645
1005004369016179
1005005277771816
1005005001754501
1005004905444221
1005004267720433
1005007204729459
1005007359842772
1005007359239961
1005007362031366
1005006215767268
1005007260920934
1005006653992042
1005006454267557
1005006716027137
1005005702735804
1005005727714552
1005005702593032
1005005561836762
1005006096804413
1005006097197323
1005006127528177
1005003307393323
1005007649693118
1005007605958617
1005007196122592
1005007503988015
1005007503444032
1005002534456774
32967793096
1005005445841322
1005007504950470
1005007635764999
1005005371403892
1005001756813992
1005007393570585
1005007394091143
1005007536878743
1005007536948652
1005007537248250
1005007536740485
1005007536635898
1005007536875347
1005007484330783
1005006307534794
1005004478247842
1005004355252609
1005004355228335
1005004355218062
1005004988115024
1005004987948517
1005005586187786
1005005374423804
1005007360216707
1005007491204353
1005004519705370
1005005561961882
1005005066535312
1005005511250681
1005004538816418
1005007649764337
1005007188028202
1005006810446484
1005002288089418
1005007503245075
1005004947868951
1005005883605077
1005006583129856
1005007614166299
1005006402160443
1005007610785419
1005007355839748
1005007328725166
1005007336760950
1005006722793440
1005007223716106
1005006436114608
1005005175621632
1005007421308613
1005006266341655
1005007204309567
1005007205034352
1005004478187500
1005004355083846
1005004654109294
1005004649969187
1005005497378703
1005005321279608
1005005572500647
1005005011271764
1005004716361847
1005004609553628
1005004518930643
1005004258332616
1005004602564995
1005007321829253
1005007593582244
1005007598898831
1005007009696891
1005007575370325
1005007588580287
1005004756309885
1005007287035472
1005006909429330
1005007393853783
1005005861108733
1005007060150031
1005007409126231
1005007057335539
1005007528633418
1005007528667445
1005006454283652
1005006454265407
1005007029930042
1005007513315465
1005007512880972
1005004815442943
1005004478038000
1005004646201944
1005004646035985
1005004633963430
1005005922510139
1005005374418697
1005005364659173
1005005278021066
1005004519473894
1005004412817997
1005004324237228
1005004538912551
1005007321784045
1005007273650786
1005007286683626
1005007253535285
1005007528077192
1005007528120060
1005007528459838
1005007408887898
1005004937279155
1005007519866623
1005005802321662
1005007506406043
1005007511615602
1005007510512987
1005007510702496
1005007438134931
1005007444539453
1005007444403185
1005007059804976
1005007255391899
1005006666396357
1005007500984794
1005007481622170
1005007472021742
1005007464743297
1005007451811718
1005007445294013
1005007148644444
1005007426776140
1005007189569269
1005004424036815
1005004646156120
1005004634153547
1005004629700524
1005005623174932
1005005000108047
1005005324921835
1005005292419623
1005004384868204
1005004200018336
1005003992559864
1005003980882518
1005005175702919
1005004870486943
1005004879573650
1005005510345729
1005007444377658
1005007444315010
1005007444259957
1005005252115967
1005007506030885
1005007506347352
1005007444598907
1005007427042161
1005007426519867
32689546782
1005007009535160
1005007420620178
1005007235565877
1005007397687466
1005007397660526
1005007397625649
1005006884686927
1005007378575660
1005007377764448
1005007060079212
1005003795246539
1005003829876988
1005007369912715
1005007370175503
1005006877439624
1005006860391039
1005007017222734
1005007007755694
1005007359802557
1005006176214501
1005007345503082
1005004369249853
1005004634103080
1005004634063880
1005004613513184
1005004981260546
1005005898745500
1005005816910663
1005005098419754
1005003684019153
1005003627777318
1005004700236859
1005004559454341
1005004522290876
1005004090312154
1005007444385827
1005007506127535
1005007479391739
1005007444311973
1005007423706232
1005003758011430
1005007360667341
1005005440779512
1005007333093683
1005006810781523
1005007300732557
1005007317460201
1005007050719921
1005007216387774
1005007084012271
1005007312160294
1005006946772635
1005005724224698
1005005543565087
1005005869214615
1005004359281152
1005004358935794
1005004694589456
1005007301736486
1005007277800630
1005007288543339
1005007291763066
1005006706742361
1005007262382136
1005007262146724
1005007262337729
1005007262091713
1005007250821132
1005007253413909
1005007253876456
1005006860585447
1005007245853253
1005007240381619
1005004634027154
1005004630030782
1005004613184293
1005004613061905
1005005083621475
1005005324879809
1005005126149797
1005004892313919
1005004605473039
1005007479648199
1005007317899081
1005004870180261
1005005939963768
1005006865570785
1005007255589371
1005007254947865
1005007255382540
1005007255331827
1005007045424905
1005007226740947
1005007211935736
1005007162166748
1005002358062981
1005006025750362
1005006025841416
1005005512145933
1005006866182851
1005007142925289
1005007130304725
1005007130352168
1005005506669686
1005007095797246
1005007095877159
1005005543118995
1005007027093437
1005005715776791
1005005174875326
1005004909467780
1005007017332178
1005006868434117
1005005146252102
1005006413153227
1005005767538978
1005006981606638
1005006810840057
1005006679363269
1005006884653731
1005004629992464
1005004613332605
1005004285020444
1005005097544927
1005005035033498
1005005012668888
1005004523909625
1005004728141248
1005005175369342
1005007255602431
1005007192257242
1005007140044475
1005007105259443
1005004557957881
1005005677107305
1005005424120168
1005005059587175
1005005015213969
1005006903461915
1005006905055000
1005006892389075
1005006833182393
1005005847404052
1005006850487696
1005006841139483
1005006838875061
1005005973800630
1005006753355063
1005003524349138
1005005735377283
1005004837127735
1005006286108836
1005005873697686
1005005277817313
1005003697454198
1005005976167446
1005005736512574
1005004989381321
1005003776167026
1005004629941388
1005004281090387
1005004977732866
1005005601462862
1005005398777445
1005007072268958
1005006914020710
1005006914041450
1005006913963518
1005006135980049
32816440976
1005006689406832
1005006689459659
1005006679343458
1005005671416237
1005006386678099
32917686277
32852330517
1005005159602905
1005005621702972
1005006361243395
1005002882273930
1005005874468045
1005005871720239
1005004939440977
1005005057677042
1005006412814721
1005005013785707
1005005469231620
1005002985398330
1005004324332086
1005004609440885
32839647033
1005005621696695
1005003299382209
1005003299297791
1005004258320700
1005006356458940
1005005816684757
1005005630879281
1005004313780400
1005006168386936
32823148767
1005004755300213
1005004755360257
1005004781554995
1005004629598864
1005004607807908
1005004280967978
1005004266158948
1005005325444672
1005005826290511
1005005258909741
1005005898777612
1005005655392987
1005005254809941
1005006141116530
1005004258309931
1005004753906001
1005004753861675
1005004755252674
1005002531524282
1005004747030039
1005005539611237
1005005703965826
1005005668054382
1005003761531268
1005005831427903
1005005024070648
1005005919320148
1005006213677216
1005005819957020
1005004981248390
32912644029
1005005988968678
32949045824
1005004590770238
1005005590772673
1005006363182156
1005007610607271