1005006823691008
1005005451513504
1005007556805568
1005006599394815
1005007330938185
1005007371844978
1005006662671482
1005006664699924
1005006746811831
1005006939186869
1005007042501798
1005007222154920
1005007640921228
1005007295789397
1005006449900708
1005007038511215
1005006778063971
1005006877836761
1005006493728085
1005007635264346
1005007539782643
1005007498743247
1005006746414097
1005007060613265
1005006833775378
1005007530479455
1005007467168356
1005007037602887
1005006872021612
1005003422422161
1005006270040728
1005007260524674
1005006882962887
1005007059301321
4000935758661
1005006041021280
1005006026641068
1005007444973908
1005007270947239
1005007493121420
1005006723788647
1005006744001626
1005007392186518
1005007599128752
1005006761189668
1005005687897499
1005006997084619
1005007540101516
1005007540066147
1005007060671292
1005007515733012
1005007515419844
1005007515205341
1005007514965854
1005007598630084
1005007072895263
1005006610393988
33035361256
1005004290154621
1005007559922742
1005006888928769
1005006703383690
1005007004713146
1005007659456069
1005007459826183
1005007204040037
1005007192701861
1005007384555734
1005007460109072
1005007500169797
1005007431185344
1005007107269519
1005007138575686
1005007534382296
1005007222030254
1005007011694253
1005007528594557
1005007311732716
1005007311509916
1005007615733114
1005006911399214
1005004740804158
1005007459913997
1005004954202993
1005004220134025
1005007002903038
1005006100622037
1005006426121960
1005006851685150
1005006993686316
1005007396201137
1005007494837580
1005006815824452
1005007084067334
1005007515640333
1005007515472814
1005007515452840
1005007515076021
1005007558299987
1005007381608241
1005007540378416
1005007602590307
1005006089262310
1005006553186911
1005007481427615
1005007210216583
1005007289100125
1005006640304777
1005007534337358
1005007490067447
1005007490132253
1005007433471518
1005006827256569
1005006854166115
1005006727824023
1005007385812988
1005007370134083
1005007467253913
1005006995128540
1005007047322070
1005007047335088
1005007046962283
1005007042863758
1005007440271505
1005007565444733
1005005178695133
1005006641443095
1005004921813316
1005006295408040
1005006311750388
1005006577628315
1005007535312144
1005006068767412
1005006619352947
1005006417378294
1005007153480806
1005007514960206
1005007514934207
1005007514919285
1005007514791693
1005007535983204
1005007540234735
1005007534073997
1005007634285995
1005007243273099
1005007569987359
1005007653649503
1005007046935536
1005007042368912
1005007048211771
1005007225056303
1005007357574790
1005006864666412
1005007224784733
1005006610507938
1005006560040912
1005007224905488
1005005157914094
4001095161115
1005005211077128
1005005412013324
1005005411890994
32981308593
1005007286775037
32983026175
1005007286514794
1005007286514787
1005007286695295
1005006855063829
1005006511693836
1005005479527898
1005006723521748
1005005993843150
1005006820081761
4000807506878
1005005494225913
1005005075287857
1005006826355789
4000366874302
1005006277441763
1005004466524051
1005007570040272
1005003379281330
1005005819906877
1005004466316135
1005007392317512
1005003805218910
1005002381217724
1005006997289808
1005004721744006
1005002004021337
1005007372412228
1005006723418261
1005005939397371
1005004466427869
1005007029505410
1005005340884109
1005006744716325
1005007054405560
1005007581959533
1005007184737847
1005006270328025
1005005715214141
1005007557036729
1005003763729779
1005005945473078
1005006844778928
1005007462683968
1005004418252585
1005005940315736
1005005777578927
1005005822011321
1005005511291558
1005007177216768
1005007138611939
1005005470642578
1005006325858829
1005006326865026
1005006948853979
1005005346345821
1005001782339685
1005006924364955
1005006498858411
1005006499928787
1005006729670991
1005004701720294
1005006604908795
1005006753328505
1005006756347993
1005006725800746
32946901906
1005006065196835
1005004373144779
1005006170327015
32825015128
1005002787681697
1005003075191143
1005006767524212
33059994839
1005006457201477
1005006509283743
1005006859228933
1005006293972386
4001111941421
1005002003955035
1005006640603491
1005005521749686
1005007278334341
1005003679706056
1005007646656904
1005006132312918
1005002488224236
1005005494013016
1005004466502377
1005005779021332
1005004194079092
1005005686159063
1005005754202006
1005007500395570
1005007199948616
1005007462013017
1005006613567101
1005005791470358
1005006841136817
1005004871003592
1005006463787228
1005006595860921
1005006718806693
1005006442045769
1005003877852877
1005005122119530
1005006000610558
1005007581351495
1005005602105339
1005007243267751
1005005682775909
1005005867012423
1005004677149984
1005002841597263
1005005854221180
1005005729496946
1005007584753524
1005006848507862
1005006962221806
1005007032351468
1005006789748243
1005005043210497
1005007511672054
1005006433314104
1005006723279668
1005004466431888
1005002597471262
32347239933
1005006326610469
1005007030775940
1005001759165600
1005005180292983
1005006414593047
1005005588682200
1005003730908225
1005006809931042
1005001889934305
1005005481921902
1005006519697156
1005007184954736
1005007204165537
1005005809388128
1005005807666313
1005007306998393
1005005043888314
1005005486652759
1005005310532969
1005007204312211
1005002504692211
1005006902916866
1005004754075891
1005007067975078
1005001786346736
1005007008617330
1005007034886592
1005002323246391
1005006417937057
1005006408063646
1005005753486091
1005007247574520
1005006817062478
1005005831200641
1005005458553668
1005006552379199
1005006243314551
1005005526274664
1005006513709819
1005005196579572
1005004428173090
32816553592
1005005567778794
1005006313337381
1005005287581400
1005005025793428
1005006879741327
1005005014540270
1005007300169170
1005007189165729
1005006499129975
1005007023668082
1005007485778438
1005004705092325
1005007106599114
1005002490880097
1005003495112486
1005006495617356
1005007071205635
1005007270892761
1005005225628322
1005005727957142
1005007066716548
1005005151375451
1005007570645961
1005003588474204
1005007218897267
1005007382342247
1005002346043183
32597875400
1005003533342471
1005004782173946
1005002898648054
1005003476333181
1005007457419737
1005004663481153
32805547624
32824384098
32961334526
1005007176918224
1005005491482864
1005005866961826
32825230421
1005006364461117
1005006837734584
1005007205668214
1005003812387533
1005005357794307
1005007448125891
1005005281631860
1005006733814909
1005005102035609
32847841132
1005006750612213
1005006461511445
1005003342823225
1005007486629373
32815211627
1005006363127021
32951186384
1005006069160258
1005006741480520
1005007077143835
1005003098627498
1005005672281631
1005006772911331
1005006082960837
4001251815696
1005003425040724
32803638215
1005004635201903
1005006430489599
1005002546796267
1005005391912820
1005006257893670
1005007257239256
1005005610461719
1005004762445942
33037342279
1005004619391674
1005006743779023
1005005281504308
1005002542357361
1005007031328059
32806078331
1005007031591887
1005004905097102
1005005457492744
32722573561
1005004197955873
4001231544468
32985960126
32837524599
1005003079208492
1005005579241149
1005003521938590
1005006771388856
1005004798442530
1005006425269298
1005003346325994
32819944470
32834756983
1005006760081992
1005005010603557
1005004313834663
1005006984928875
1005006985105683
1005006982255241
1005006982045192
1005004840053113
1005005525722799
1005004832836146
1005007549001429
1005006856372340
1005006184976803
1005001973279326
4001237467124
1005003955898828
4001117691278
1005005924486065
1005004996946095
1005007268000380
1005007341491268
1005007544613569
1005007544366616
1005002275627754
1005005302323191
1005001468079160
1005006489996273
32578885944
32578850320
2040773665
1005001338193137
1005007180103159
1005007176489586
1005007176483713
1005007179693920
1005005518840072
1005007397965792
1005005490227032
1005001656976936
1005007469788715
1005003561382098
1005002431391754
1005002553076987
1005002426378171
1005006139959651
1005004587219849
1005006140978685
1005006386048701
1005007107286878
1005006995852556
1005006949434071
1005004791695206
1005007545329158
1005002810867146
1005006100992357
1005007517609738
1005007187220179
1005007204038251
1005003467016916
1005006811510363
1005004615607199
1005007273219522
1005004894961642
1005003025960469
1005007575294222