32819586883
1005004114364586
1005006120637372
1005006191087705
1005006049105851
4000960313199
1005007599157090
1005005933572106
1005006442520230
4001244210010
1005007149432748
1005007548687792
1005006172673148
1005006997228580
1005005889079424
1005005484364051
32802292038
1005007518186573
1005007408453682
1005006609287414
1005006828756584
1005007460767350
1005006714215103
1005007558400858
1005005594076098
1005007550996099
1005004671079267
1005005230609108
1005006037867757
1005006990469070
1005005310747355
1005001462771000
1005005325689734
1005006923497281
1005005638598361
1005004836208001
1005003450744482
1005003028522375
1005005106564580
1005002509066214
1005007514199541
1005002176405818
4000833292368
4001171935674
1005006754129929
1005006420436068
1005007094305911
1005004743364180
1005006064623292
1005007009678352
32856354251
4000433951117
1005007455830691
1005005862948574
1005007461329255
1005007460483305
4000089202946
1005007425889810
1005004898665861
1005004546475047
1005004238522852
1005004480896582
1005007445429250
4000396996016
1005004251351970
1005006109139049
1005006750987237
32819589361
1005007286664999
1005004887813479
1005007317648376
1005007317439770
1005006034894751
1005003906045364
1005006922378019
1005006997312183
1005005819493944
33001476397
1005004522060113
1005007186689146
1005005480952417
1005006766263741
1005006733255929
1005007046914875
1005005057317958
1005002927618128
1005006974921299
1005002276912820
4000834188333
4000356385116
1005001280264737
1005003003465945
1005006635749861
4000393569348
1005006716728557
1005006935428791
1005006935480780
33009593573
1005007124815951
1005007051408212
1005002920869822
4000853616301
1005003848228010
1005002305676597
4000067647735
1005004630043851
4000173201868
1005006982205453
1005005987335344
1005005987301511
1005001671726672
1005004743387613
1005001651212312
1005004989010536
1005005356655617
1005004872712716
1005004872759527
1005006980672444
1005002528229964
4000015361460
1005006973310034
1005006979420527
1005005866721709
4000300558678
1005006917881891
1005002906237144
32889776995
1005006395931725
1005006358850104
1005006843392044
1005006788071619
1005006778580574
4000907356144
33046456250
1005006037740934
1005006399892262
1005001799189503
1005004522643839
1005006284265200
33023238656
33015978915
4001152951682
1005004743460003
1005006408019500
32951572389
32951936310
1005001738513288
32840469794
4000296879844
1005003794745246
1005005421611126
1005005421600600
1005006402335173
1005003842590037
32944334817
1005001894857394
1005004240830510
1005005865284513
1005006610717986
1005006593267567
4000248309570
32956695062
1005005444434457
1005004873899055
1005001388981455
1005004836141463
1005005412224022
1005003412867949
1005002907489093
32968279964
1005005271148160
32967803677
4000828723009
1005006150202826
4001170241469
1005005686585060
32914538631
4000310151721
4000015908121
32873858047
1005005061665992
1005006482682304
1005006475896222
1005005541952938
1005004662098176
1005005575629099
1005003474004454
1005005428542346
1005006425321782
1005006416010714
1005002717660868
1005006417336098
1005003240288287
4000184145874
1005004596423804
1005006410864735
1005006252015809
4001181250500
4001062214324
1005004473978857
1005006252024747
32957543948
1005004587999336
1005003653484614
1005005116083636
1005006152593710
1005004166087286
1005002502949977
1005006085598017
1005005874770608
1005006081859864
32846455294
1005001652140059
1005005065370290
1005005083243363
1005005081366840
1005004513065002
1005004987029686
1005005213651347
1005005866597659
1005005865814078
32959085764
32953096656
32955607700
1005004901608673
1005005852278474
1005005585556540
1005005077953498
1005005080556211
1005005871991832
1005001326263859
1005005061685325
1005005087233389
32932860332
1005002324527878
4000388399969
1005005888134521
1005005518661960
1005004178348016
1005005075232792
1005004337275576
1005005863117261
1005001370266198
1005004328337087
1005002324738895
1005005854958783
1005005096036426
1005005073167203
32820392735
1005003730770603
1005004513011816
1005006719791251
1005006335640349
4000434189304
1005005471337757
1005004670861355
32970124003
1005005873720198
1005006685382249
1005005884678033
1005005124319814
1005005625634189
32915751973
32840089632
32845711432
1005005884688007
1005001928854717
1005005600716128
1005005061985273
1005006684994506
4000864368635
1005006826569113
32794014149
1005002024127760
1005005854965983
1005007587898303
1005001700625076
1005003628437420
1005007246119340
1005006269711770
1005005571989730
1005005823391630
1005006108876598
1005001471511914
1005005417724231
1005006767248808
1005005057143240
1005006947088054
1005007208540416
1005006735483727
1005003405677919
1005007009722128
1005007407530496
1005005057074520
1005002911413218
1005002672347217
1005005895290778
1005005377915915
32719133233
1005004350989553
1005007445377743
1005005494763103
1005006718989755
32808962754
1005005310578003
1005005235955604
1005005707700355
1005005059184129
1005004658756887
1005006343789776
1005007061176246
4000131031538
1005007030194420
32844925578
1005006935580314
1005006183408105
1005006767745075
1005006431720189
1005005987096787
32803895034
1005005059415488
1005005140198229
1005005385577009
1005006463800577
1005004587825116
1005007436764329
1005004605209972
1005004243635916
1005005214093089
1005007346546814
1005005800753275
1005007500549382
1005005081414355
1005006767600072
1005003341163311
1005005589601489
1005006514717370
1005001326417137
1005006412878846
1005005056912200
1005007582501540
1005005236524775
1005005889167125
1005005854429147
1005005972842457
1005006246537810
1005006444464542
1005005213448564
1005006458530180
1005004233781877
1005004900038003
1005006849287564
1005001671676778
4000161315185
1005003532290063
1005006008773472
1005003291007686
1005006000297815
1005006861872042
1005007385941561
1005007046188473
1005006358093321
32855586656
1005005059081433
1005007447739379
1005006211701079
1005007637580234
32947484234
1005003590817888
1005006119446848
1005005080490624
1005005307406275
1005003606472594
1005007436409995
32965054562
1005007385350117
1005005095498518
1005001647916801
4000257932745
32970996210
1005007551507611
1005006629000618
1005006410851537
1005005244280960
1005006696791101
1005006718748504
33038124054
32955988727
1005007581338262
1005005057236870
32845542581
1857656627
1005006967241827
1005007197940633
1005004899878500
1005001709965009
1005006465121782
1005005875534379
1005006778881368
1005006997594393
1005007436678602
1005007556676171
33002842974
4000130993972
1005002944390235
1005007407029884
1005001926526382
1005002075252101
33013961044
1005005057045458
4000807591083
1005003402134012
32856767718
1005006184353289
1005006719683663
1005006907874561
1005007124965567
1005005285991750
1005001368819196
1005005759299086
1005007030051363
1005005450945269
32816666147
1005004557532569
1005004596513409
4001146052965
1005005221275318
1005005643104616
32970677157
1005007364856023
1005001297710297
1005007008351801
1005002272457287
1005006343892190
1005003259051623
1005007184445611
1005007564527231
1005005120390667
4000070417309
1005005925450036
1005005213980776
1005007036692739
1005006409001395
1005005071713020
32597586174
32912403559
1005005318257667
1005006825588653
1005003466488630
1005006892514087
1005007294967172
1005007662327457
1005005080536709
1005006464781617
1005003439459701
32930372888
1005006674608349
1005006855842889
1005005644749713
1005007438462626
32995801859
1005005074899935
1005006326321823
1005004912997073
1005005310489431
1005004166431134
32948316961
1000007013872
1005007157621076
1005006762269107
1005004631448797
1005006611713822
32946410151
1005005824894934
1005004899722207
4000776388248
1005006007244645
4000056015339
32844928117
1005003952675989
1005006034982767
1005006770478565
1005001902684904
1005005421616936
1005006057547265
1005007461339534
1005005059555465
32808401728
1005005056815840
1005007674817472
1005001274692040
1005007436947123
32812063732
1005004806095193
32804258999
1005006287879794
1005005117493942
1005007354948594
32960769372
32886020710