1005006948971852
1005007327179475
1005007038085158
1005007618361272
1005005633928613
1005007415483423
1005006124310919
1005007445503940
1005007490327368
1005007215699233
1005007447573278
1005006815536817
1005007627444231
1005007544480502
1005006511778505
1005007596901750
32956943899
1005007226054714
1005007142871404
1005006948240838
1005007196939125
1005007264325671
1005004899569827
1005006532886092
1005006955898968
1005006515864866
1005007542991898
1005007129322561
32947368944
1005004604247011
1005005484102406
1005007287399551
1005007095713501
1005007313047306
1005007340714867
1005006111201201
1005006806207438
1005007513460805
1005005277792269
1005007548322462
1005007315335690
1005007327130699
1005005637594048
1005007301787383
1005005253623748
1005007224104713
1005007454380880
1005007031389119
1005007603963166
1005006235320141
1005007386261145
1005007253351929
1005007035353946
1005006883118586
1005007386122421
1005007083071229
1005005511776912
1005005913262934
1005006485733150
1005007538340798
1005006544368643
1005006253997370
1005006797015056
1005007480666945
1005007335637325
1005006547906939
1005006019315220
1005006596693706
1005007083522794
1005005506934053
1005006394608276
1005007610926159
1005007625473562
1005007253660229
1005007393759830
1005006747635712
1005007576514657
1005005913004629
1005007130893280
1005007266432412
1005006544007956
1005007252600903
1005006883400633
1005003374811798
1005005536380196
1005007386119545
1005007253595374
1005004837079566
1005006173740069
32950793119
1005006794410112
1005007402175953
1005007513690125
1005007038692788
1005007465189121
1005006718474805
1005007044093140
1005007603934522
1005006823301706
1005006647497321
1005006777984614
4000101140295
1005005912898988
1005006694843747
1005007480587713
1005007448859637
1005007327277261
32887363969
1005007543885603
1005007489974404
1005006806143688
1005007495222286
1005005880337988
1005007358420509
1005007611998245
4000287002847
1005006018196228
1005007315452381
1005006516164435
1005007648081323
1005005874232293
1005006613655516
1005005856183004
1005002829273195
1005007052991304
1005006809418515
1005005292104210
1005007211342265
1005007269322214
1005005852583322
1005004860463074
1005006544402597
1005005993686497
1005007250644379
1005004418561310
1005006500383009
1005007374717016
1005007326462272
1005005849782900
1005007149065086
1005005512105608
1005005918582403
1005007286436417
1005007625390450
1005007053067195
1005007211242207
1005007117492480
1005005512301331
1005007002250591
1005007425862187
1005006747587846
1005005978207104
1005007380473380
1005007368357073
4000046100757
1005007176971144
1005007551300427
1005007480776488
1005006428128327
1005004763981849
1005007168492702
1005007625434686
1005005552423574
1005004048670755
1005005547936327
1005007352758310
1005006140346914
1005007211173729
1005005862750041
1005007591792030
1005006868590492
1005007635718778
1005003201810542
1005005548473076
1005005913034770
1005005235651736
1005004927219130
1005007597073988
1005006499556720
1005006813609910
1005007627552007
1005005145248472
32944109368
1005005702998130
1005007215378726
1005002309650919
1005007313629415
1005007442154589
1005007394191221
1005007351786888
1005007403029878
1005005114708684
1005006845305286
1005007043687853
1005007435500641
1005007635865300
1005007538258975
1005007046772295
1005007253455673
1005004224653653
1005007340198688
1005004613279846
1005006927775522
1005005913125226
1005007114970570
1005007385931963
1005007334887917
1005001840822591
1005006716742108
1005006702037146
1005007287157684
1005007268628258
1005007268316664
1005007551072784
1005007386054606
1005006136490088
1005005512006787
1005005536376467
1005007299684144
1005007511019893
1005007287846155
32905918988
1005005819633597
1005006160074188
1005005512254019
1005005512330216
1005007205027230
1005007315265767
1005007103668232
1005004796332531
1005007531058106
1005007266729416
1005005511985572
1005006681667745
1005007409548385
1005006682723918
1005005443721138
1005007543537602
1005007591649398
1005007076578062
1005002803075569
1005007115076142
1005007447454459
1005005996057878
1005003741639331
1005006560612480
1005007334449974
1005007480731917
1005003218692281
1005007398969791
1005006185131559
1005001907190803
1005002314827904
1005007601423270
1005005912476747
1005007384379586
1005007327616694
1005007471165518
1005005842790125
1005006646189131
1005005718922034
1005006928664286
1005007313310178
33028004378
1005007327252292
1005006927939311
1005006516003820
1005007327341941
1005006995660240
1005006953070595
1005005571490002
1005006112485394
1005007211529105
1005006612944086
4000045224251
1005003245678156
1005007351917493
4001247936805
32619360280
1005007597707971
1005002383822778
1005007031148371
1005005891546042
1005007591684330
1005007596885870
1005006814443680
1005006794379075
1005007380500843
1005005861197934
1005006421896176
1005007268900329
1005007456166773
1005001546595659
1005007211275076
1005007575589315
1005007045524664
1005006961841058
1005007543609447
1005006608981378
1005006366507687
1005007035733775
1005006173150165
1005006544040909
1005006466768590
1005006987069616
1005006135751861
1005004300709841
1005007597156206
1005007314961998
1005005874840032
1005007586608108
1005007211713431
1005007597822086
1005001572939174
1005007300525710
1005006048984403
1005004358936006
1005004035710653
1005007510976071
1005007648102390
1005006443598479
1005007268507192
1005005500598911
1005005912565683
1005005993726344
1005007339781277
1005004337777752
1005006897573739
1005006718665626
1005007368092682
1005007031430014
1005007541421613
1005006066240849
1005007333660034
1005005857131170
1005004574797461
1005005425275270
1005006927660799
1005005120611820
1005006160017551
1005004674502118
1005001643762294
1005005731629891
1005005638652965
1005006672244092
1005006728729734
1005007576645204
1005006313724372
1005006930532744
1005007447314761
1005007035928004
1005007588765002
1005005128609797
1005007100395056
1005007576466711
1005005773738714
1005004962927233
1005006883455593
1005007403102484
1005005337782566
4000165329536
1005007334610584
1005007389705671
1005004270837855
1005007576525566
1005007590602562
1005007596709526
1005004729140812
1005005570542227
1005007576540412
1005005993665440
1005005861857382
1005007457804610
1005007077029859
4000434235308
1005007268169967
1005005434438166
1005007127458584
1005007039794156
1005007169507727
1005007334575759
1005006930529887
1005003135207463
1005004605252043
1005007576384823
1005006672108414
1005006215892534
1005005993554383
1005006082909134
1005005552771495
1005007402376257
1005007392343393
32984982794
1005006877625865
1005005656579121
1005005496363877
1005007576619295
1005004908669390
1005007042867688
1005007605401876
1005006648329257
1005007221643170
1005005544336599
1005007245097706
1005006923354572
1005004149451901
1005007424752592
1005005571923971
1005007333319225
1005007425395000
1005006815816108
1005005631320237
1005006930585983
1005006449002350
1005005912936733
1005007597397345
1005007403370001
1005001546658176
1005006722669132
1005005912484229
32619199661
1005007576419703
1005005774854555
1005002940861132
1005007124201051
1005007614095869
1005004310124368
1005006815844131
1005005549298145
1005007114436841
1005006876391971
1005005492823020
1005003428041798
1005001780271670
1005006527119309
1005006164086418
1005007576415815
1005007465196136
1005003301519126
1005007378812729
1005007386278264
1005007576742096
1005007576398836
1005005499787977
1005007465810660
1005006883471299
1005007578069995
1005007576505586
1005006723982128
1005006724032072
4001118474494
1005007334685560
1005007605538867
1005007250841720
1005006609439608
1005007211401111
1005006018163083
1005004358976456
1005005552776842
1005004298269945
1005007342474194
1005006744204113
1005005496382760
1005006930624468
1005007128217247
1005005842364862
1005006806147862
1005007466100107
1005007605866327
1005005857039628
1005007031785101
1005001546639361
1005004147478026
1005005573178928
1005004246184712
1005007268887783
1005006544128863
1005006684814401
1005006863748145
1005005924429837
1005007618165935
1005006794282501
1005007050257716
1005007253577323
1005007378750638
1005006171864549
1005002984026966
1005007576723235
1005006980206952
1005007462706603
1005005533890172
32989137115
1005002288053613
33026845958
1005006723663272
1005007008453517
1005006082769947
1005007326357848
1005006955071128
1005005755983337