1005006608774224
1005003911605010
1005007596634917
1005007573806095
1005006323646481
1005007354571285
32898435441
1005006728637857
1005007034244296
1005007637880600
1005004612926389
1005007505130205
1005006801581056
1005006982268715
1005003336538825
1005003911532410
1005006848186676
32923807632
1005007424918439
1005007198510232
33017963470
1005006265704261
32809202665
1005006036526726
1005006995963845
1005006757010258
1005006022360892
32386448968
32821146966
1005006994973955
32405864878
32424928079
1005007420885981
1005003930670215
1005003711523605
32961962744
1005003518428906
1005003933384903
32922158014
1005007180678666
1005007014761740
1005004059323144
1000005481564
1005004993273509
1005006437821742
1005004093560161
1005005959101511
1005006615935386
32687228846
1005004795589847
1005004655708463
1005006123131589
1005007501794261
1005007661710369
1005007463768766
1005007684787113
1005007796586500
1005007796588043
1005007489780099
1005006788341987
1005007180260914
32921978865
1005007180539817
1005004657498369
1005007658060494
1005007795087416
1005007777587739
1005006800600838
1005007727970393
1005007688279882
1005007696180398
1005007694190737
1005007694305446
1005007695887489
1005007493898847
1005007017090248
1005007044489508
1005005989504108
1005007123438904
1005004671684638
1005006379680989
1005006075318010
1005005675505683
1005007252307042
1005004426934953
4000248477114
1005006023070191
32757352926
1005006761070519
32358399628
1005005670658185
1005005819633433
1005006246596149
1005004012611485
1005007349256313
1005004492073501
1005006849203008
1005005979086763
1005006402536144
1005005823222273
1005006059467177
1005004870274531
1005007208259983
1005007292254238
1005006676994116
1005007554823271
1005006208363759
1005005117870158
1005004811133587
1005006990059903
1005004870404599
1005007533535078
1005005461787390
1005007461832830
1005006895717650
1005007507258422
1005005070609363
1005007369946994
1005007470214870
1005007354268946
1005007507157488
1005002007544915
1005004255610644
1005007072091977
1005006403216151
1005002480894399
1005004715443536
1005007182648490
1005007672861267
1005007636860230
1005007075272662
1005006187487617
1005007450139304
1005006933902744
1005007618598840
1005007433785225
1005003635954165
1005006467502644
1005006932579150
1005004971432202
1005005471981264
1005004167725505
1005002468462123
1005005823134877
1005006279477519
1005003098602169
1005005730525434
1005006990031985
1005006111338974
1005006326895151
1005003108071512
1005005896754567
1005002011737302
1005007391968745
1005003457455473
1005006271759529
1005006271830104
1005006357680316
1005007182717836
1005007181760290
1005007442902510
1005006629838777
1005005454203876
1005004941900390
1005003108272033
1005007264995209
1005006948979392
1005007450180243
1005007481069140
1005006895812378
1005006273149323
1005006937871028
1005002440393484
1005006944701271
1005007495804194
1005005525501324
1005006901476980
1005006788261367
1005004204985159
1005004255708177
1005005266719485
1005006282926956
1005007203595740
1005006869727159
1005006279418673
1005004888665230
1005007537567253
1005006889706767
1005007067211311
1005007132487786
1005007021719496
1005007536406745
1005006205453122
1005003299298678
1005006928772094
1005006711145557
1005007246089032
1005007519164477
1005006901750322
1005007321942607
1005006119213683
1005007356363416
1005007268490309
1005004687213557
1005004693566527
1005006932532333
1005003392732163
1005005715052470
1005004683504604
1005007182685638
1005006081376847
1005006932469696
1005006421682450
1005006597508402
1005006234293829
1005005766880503
1005006282992681
1005006771554207
1005007449926278
1005007520320898
1005006389504870
1005003141427594
1005005910546945
1005007433367875
1005006271630984
1005006896035357
1005007559669938
1005006431849955
1005006688688412
1005005086986696
1005007349735567
1005007084547239
1005007640443147
1005007506963855
1005006374854257
1005006237693714
1005006205491289
1005007512633826
1005005192452086
1005006272296096
1005007181661454
1005005680123546
1005007518385839
1005007556164784
1005004411388946
1005007383766192
1005006187239770
1005007384397376
1005007245285307
1005007481942400
1005006248103513
1005004049236377
1005006998244158
1005005394089437
1005007524396291
1005005450836008
1005006823095647
1005004645868796
1005007082965945
1005006190025409
1005003950601530
1005003827761285
1005006968595140
1005006600869252
1005006897680062
1005003411547019
1005006688543577
1005006095245045
1005007437890467
1005007379906151
1005006913404418
1005006221888792
1005006876967647
1005007562657749
1005006264286547
1005006772627136
1005005834134696
1005006205935638
1005007267187752
1005007605881109
1005006214886323
1005007253801073
1005007439390244
1005006657806372
1005006341930736
1005005260285264
1005006948416093
1005006248610341
1005007450808671
1005007502134459
1005007534023387
1005006624480691
1005006682606720
1005007275651870
1005007371591689
1005004935147592
1005006095180997
1005006279512295
1005007175394856
1005006086221367
1005006633363064
1005006273416050
1005006348147738
1005004968218426
1005004703309803
1005007539714778
1005007169050112
1005006617882613
1005007302263976
1005003701332994
1005006822756627
1005007039529040
1005007433454813
1005006636009433
1005006772358583
1005005400789420
1005006909099098
1005006272213809
1005006217672592
1005006671609377
1005006687918859
1005006770271302
1005006711740569
1005004404468384
1005007281777130
1005005065794345
1005006733675529
1005007253636484
1005006158113387
1005007574998834
1005005820519457
1005007227894243
1005007267376930
1005007209953954
1005006905475246
1005007067665216
1005005829899725
1005005963491247
1005006191898041
1005006605271839
1005005842242217
1005006320565119
1005006691796658
1005007560152646
1005006427838282
1005006221750278
1005004697992387
1005006751606218
1005007383020241
1005007253019237
1005006640366924
1005006123674544
1005006713513298
1005006202134133
1005006756234328
1005007551247406
1005006261787629
1005005835875006
1005005815917569
1005007076760374
1005007562288414
1005005829710450
1005005548182545
1005007615576045
1005005845353244
1005006776959754
1005006109979670
1005006001716736
1005006775409467
1005007562883187
1005006703758622
1005006600308410
1005005099700944
1005007028571575
1005004981275393
1005006737286060
1005004645801046
1005006338577116
1005007277948387
1005006217745153
1005006906525189
1005006742475560
1005005281229897
1005006357518158
1005007117246379
1005005065692602
1005007091248597
1005007639526099
1005007399888176
1005004497137855
1005006083307636
1005006672575292
1005007393166025
1005007604936380
1005006969244056
1005002648670419
1005006665803203
1005006123560892
1005007647588570
1005006205478073
1005006929392103
1005007294856029
1005007038063035
1005006931079358
1005007307186184
1005006880089490
1005006251105486
1005006625803173
1005005504920025
1005006591601491
1005005815880822
1005007507594633
1005005625161328
1005005417822591
1005007022635724
1005006444325325
1005007186915527
1005006742774858
1005007187043417
1005006583403920
1005007251143237
1005007543522332
1005007175299594
1005005914603031
1005007533825662
1005006775293839
1005005829731915
1005006579312701
1005006078936882
1005006664221930
1005006393444905
1005007452178930
1005004706988689
1005006048896172
1005006048973486
1005006019533901
1005006054672594
1005006016977340
1005006967600142
1005006042185939
1005007014310715
1005007666314370
1005007797966765
1005007601775758
1005007349762328
1005007214077276
1005006212445786
1005006775406245
1005007474446909
1005006656458213
1005006356529641
1005007474366674
1005004703452348
1005006282999509
1005006293965514
1005006642220359
1005007346437518
1005006787900596
1005006205848561
1005006222039165
1005006204129420
1005007601224154
1005006217604519
1005006221906930
1005007502774183
1005007539995507
1005007495918254
1005007562896186
1005007545884946
1005007533915212
1005007533981091
1005007644168745
1005007643900427
1005007637602017
1005007636588959
1005007637040193
1005007636982483
1005006249960832
1005007265336489
1005005648775120
1005006858787816
1005007162267294
1005006956291003
1005006605854208
1005004766471617
1005007246674996
1005007384154887
1005005768460157
1005007288752744
1005007259087086
1005004097378199
1005005787622755
1005007298069001
1005005312790121
1005006765193938
1005006807630745
1005006265115069
1005005910319550
1005005962384891
1005006763115252