1005005935855334
1005005723877353
1005007561049104
1005006094819084
1005006733964487
1005007613472616
1005006849781975
1005001530711517
1005006887399414
1005007336307801
1005007497776593
1005007444256465
1005006373773783
1005002855879581
1005003949072662
1005007489899827
1005006740380542
1005003514403753
1005004835445378
1005004104975440
1005007067158008
1005002598843770
1005003955266791
1005006591098037
1005007647887535
32733127167
1005007535867751
1005007612509026
1005007181887785
1005007520892318
1005006959677022
1005003121910600
1005006822314586
1005006424265053
1005006415123934
1005007438688774
1005005957336870
1005007035599767
1005003202231583
1005007611334451
1005006191437448
1005007468568735
1005007218529040
1005003055930188
1005007191064812
1005006489904873
1005006532970239
1005006361280001
1005007460883671
1005007518706226
1005006172655765
1005006875425621
1005006371959547
1005006467700426
1005007254154807
1005005939383270
1005004853147082
1005005901434424
1005006343953875
1005007399925671
1005004679050347
1005006967625100
1005007066725807
1005001530000663
1005005243083931
1005007546432539
1005003321840985
1005007498543604
1005006880080806
1005007211110201
1005007185036248
1005004825079431
1005005365923494
1005004330441755
1005004870321980
1005004835524570
1005004669125056
1005007521424077
1005006590962107
1005006431614705
1005004852951843
1005005484734019
1005007552873862
1005006803963891
1005007575287029
1005003493319357
1005002425481687
1005006919316677
1005006650415484
1005007344277976
1005007627821016
1005005848663420
1005005770715510
1005006430588215
1005007402127997
1005005387294549
1005005269861316
1005004333537428
1005006614820881
1005001706169340
1005007378816144
1005007467563691
1005006662296812
1005007096151917
1005005029140761
1005007544811285
1005004104991186
1005006674917978
1005007031887836
1005003329199220
1005007254255879
1005006678900834
1005003593431494
1005005765675080
1005005849201023
1005007173299748
1005006783439386
1005007521287297
1005007013117744
1005005266195673
1005006424062208
1005007642921330
1005004649918434
1005007544639500
1005007006682974
1005006814232760
1005006469465235
1005006529197217
1005006373743673
1005006950630043
1005002855873617
1005006820393963
1005004333550236
1005003937820318
1005004669046541
1005007535983421
1005004852986740
1005006650264946
1005003493326352
1005006498006403
1005006800534188
1005005813983643
1005006368125252
1005006877664318
1005005878752033
1005006747950653
1005006430432849
1005006419834750
1005006430600238
1005007123431189
1005007007640827
1005007254261611
1005005928386087
1005003458921032
1005005356413340
1005001729229651
1005006731456818
1005007580642581
1005006193534049
1005005819084344
1005007521313232
1005005047811965
1005006033818815
1005004333477483
1005004104978278
1005005029611553
1005006675079369
1005007521337295
1005007253999880
1005006899863066
1005007464865861
1005003344556092
1005003461650976
1005007254167277
1005007541026996
1005006765249769
1005005047757362
1005006355657459
1005005046320438
1005007254605155
1005007284524665
1005007254073961
1005006890571773
1005007465095511
1005004466642822
1005004840371374
1005006353591920
1005002483546698
1005003174594497
1005005679805821
1005003938035139
1005004669131070
1005004835464809
1005002546650074
1005004853131090
1005002480840393
1005003016771988
1005003461795128
1005007260026584
1005003514464278
1005003684393948
1005003169669152
1005002693969077
1005006408149656
1005007623027352
1005007273444092
1005007144197437
1005006855385758
1005006820373422
1005007574496855
4000689778876
1005005869787418
1005002070111085
1005007333329871
1005007181774488
1005007254504243
1005005272153861
1005007183170365
1005006532754820
1005006880313090
1005002022023808
1005007370428365
1005007335550410
1005006678032977
1005003167854245
1005002069896458
1005006727698562
32857801323
1005007254206901
1005006452948321
1005006413193068
1005006804417555
1005002494977467
1005006305273011
1005006732024669
1005006605096127
1005006853242852
1005006673019371
1005006606625389
1005006827809949
1005007444794842
1005002587747181
1005004104946512
1005006884822314
1005007560849466
1005007213183111
1005002782758609
1005002246961858
1005006894149726
1005003937804807
1005002855923392
1005004835424724
1005004853018263
1005003950537469
1005007294597069
1005003461756276
1005007504496581
1005002400235367
1005006909776068
1005003202642894
1005003514452406
1005006191321101
1005006727572915
1005005379815772
1005007054260283
1005007102360386
1005007468417842
1005007560942450
1005006328346409
1005007295259823
1005006518102354
1005007561006500
1005003461151265
1005002529860578
1005007378092253
1005006466559953
1005006973175292
1005004864898398
1005006916504175
1005006753133342
1005007254224547
1005005889095485
1005007601807533
1005007585550015
1005003413548409
1005007520788641
1005007419293622
1005006305183123
1005003202702633
1005005888760677
1005004180941524
1005006656331810
1005006959610223
1005007510105156
1005007510351205
1005007521120912
1005007181500049
1005002587750190
1005005856533681
1005006437824515
1005005761911295
1005007638959955
1005003121960199
1005005492247108
1005003937880120
1005003955358329
1005005553077376
1005004835547544
1005003461751335
1005002425509526
1005007211365260
1005004853142066
1005006871571903
1005003202717474
1005007224887553
1005006956529984
1005007391906008
1005005542837111
1005007603832385
1005006967871479
1005005813965235
1005006804295921
1005005554407719
1005005238868910
1005007219000814
1005006489894629
1005006639428572
1005005761813977
1005004333560111
1005006875463499
1005006733998328
1005006734002290
1005006331728718
1005003400418570
1005005985188955
1005007560792691
1005004309550084
1005006047297733
1005001729358453
1005006855067185
1005006079610548
1005004800252301
1005007444059450
1005005813880193
1005007202059498
1005007368655717
1005007593687064
1005006041231412
1005006041355154
1005006237560179
1005006638515191
1005007561019436
1005006734079512
1005005877987265
1005007254155999
1005006678060616
1005007491812356
1005002089440419
1005005875221056
1005007109203049
1005003174585615
1005003937897490
1005006849425185
1005004669039840
1005003174739281
1005004835466652
1005007481203090
1005006120494887
1005006632431011
1005003461789159
1005004245402390
1005007429985140
1005007273750683
1005007645504229
1005007254536122
1005005133537479
1005006678854781
1005007573899033
1005005047739615
1005006880139612
1005006041285246
1005006471039003
1005007369010228
1005006312080676
1005005985348026
1005006854244059
1005005275026014
1005005886512663
1005007604130145
1005007602665950
1005005947695109
1005007424628059
1005007415516250
1005007254287624
1005004333536417
1005007609896837
1005005561977465
1005005761941016
1005007592258875
1005005985185858
1005006312642402
1005007503785286
1005006712294168
1005006894024571
1005004330443759
1005007499972945
1005006467784082
1005007500146573
1005006430590126
1005004852938937
1005007450271474
1005006039802965
1005006446972058
1005005537795060
1005005493837432
1005005248177673
1005006273216627
1005004850476302
1005006041267829
1005006749440678
1005006845638654
1005005681423137
1005003937898072
1005004669058752
1005007404044537
1005006899749644
1005005480172175
1005006754298754
1005005542175919
1005006134880534
1005005542970229
1005001729423045
1005006827998718
1005007254249799
1005002400278136
1005006465971277
1005005819172091
1005007467960706
1005005248960243
1005007419106742
1005006946886759
1005005205214707
1005005542842744
1005005638201180
1005005813793002
1005005029406387
1005007392241453
1005005763646807
1005007385830616
1005007309788041
1005007210271880
1005004715030577
1005004852796383
1005002529871966
1005007520992355
1005007422809752
1005005993484305
1005007548595579
1005007254217787
1005007438066426
1005007191528799
1005006273851964
1005007561087429
1005006881947549
1005007415142861
1005004333541163
1005006432098801
1005006305278904
1005005491130959
1005005494047164
1005004152261782
1005005773920533
1005003954550880
1005005816290492
1005007481160828
1005007189259847
1005007142720449
1005007560960375
1005002582646686
1005007395859903
1005003938055071
1005007579516735
1005007424348684
1005006274079460
1005006273944451
1005007470746623
1005006154783136
1005003389444321
1005006656545535
1005006916413474
1005006656793084
1005007610803217
1005007416271708
1005007465150493
1005007603044048
1005007437415312
1005002781637395
1005007328911692
1005005048017032
1005006896109211