1005007103954199
1005007234319128
1005007343337402
1005007346238047
1005003406150261
1005005201512140
1005007433159934
1005006176411544
1005005932254984
1005007054301354
1005006834076640
1005006988900545
1005006853765547
1005006858447659
4000188785403
1005004110049843
1005001758024053
1005005256681352
1005006435044805
1005007575163242
1005004207556345
1005007135369437
1005006129332825
1005003538899141
1005006968821027
1005007585410737
1005005617290459
1005007473939971
1005006129240561
1005004012776304
1005002992615952
1005004594005100
32875223409
1005006982800611
1005002382638202
1005007575105189
4001144133744
1005007159345431
1005003603881717
1005007011426371
1005002439728975
1005007333811757
1005004805406944
4001260851224
1005004803796909
1005001270108427
1005006137123343
4001282981779
1005004859043537
1005003898078736
32811836074
4001359616319
32811161396
33008706471
32811714206
1005007659508745
1005006100904852
1005006417553851
1005005485027152
1005006839647238
1005007295231507
1005005741632858
1005006719543872
1005006809833805
1005004659279759
1005005839468035
1005003536352011
1005006767772072
1005007657828749
1005007205026659
1005004383583156
1005007591200802
1005007661028643
1005001389653532
1005005334655387
1005007675514234
1005007243159300
1005007572954094
1005005684581577
1005004645255179
1005007538194999
1005007668921020
1005005970021180
1005004733291170
1005004714075597
1005007261211672
1005007637053591
1005004789840547
1005007687276533
32915091167
1005007611416800
1005007663048396
1005007626015312
1005004611371988
1005004373336229
1005007076799789
32989416794
1005007592200441
1005002503388217
1005007004903566
1005007657361256
1005001611430529
1005007564218293
32902434079
32891667156
1005007400055952
1005007546719119
1005007172416985
1005001395445426
1005007582477891
1005007620199935
1005004497242125
1005007542319045
1005007567217326
1005007547465881
1005005574925307
1005007401702124
33056083051
1005003751006572
1005005731550414
1005007611051679
1005006895741347
1005005086724678
1005006544392358
1005007665483334
1005004053541564
4000490571913
1005007657623316
1005006061340633
1005006216049972
1005007617938631
1005007049810888
1005003436222939
1005007622498968
1005007446814865
1005006362300809
1005007648424822
1005006260765623
1005002612779607
1005007672366939
1005007477541433
1005006388951847
1005006022181922
1005005083374391
1005007426015290
1005001894206636
1005007442605747
1005007090849087
1005006961441516
1005006745977138
1005006700539561
1005004305864763
1005007626535037
1005007427132043
1005002297340386
1005006640306830
1005007617944348
1005007664622351
1005004290929245
1005004090796412
1005005003248756
1005007654908361
1005007580996208
1005006305122519
1005007678016242
32808560712
1005007096453572
1005007660899638
1005007496791087
1005007103695502
1005006732322477
1005003215660452
1005007501305394
1005007578757379
1005006758381668
1005006854968051
1005007055873164
1005007360145528
1005007627602914
1005007213295294
1005007179548072
1005007799550102
1005007745295273
1005007245110963
1005003982745605
1005005348514704
1005004211453638
1005006246958268
1005004634823921
1005006844632754
1005005863380528
1005006858708127
1005005960767002
1005005631640524
1005005829435620
1005005192859130
1005007529916678
1005006019706737
4000552280184
1005007045802976
1005007046136427
1005003156584772
1005007661528592
4000552292055
1005003396257652
33022501323
1005004611577397
1005007702413760
1005007045793972
32980376903
1005007046080653
1005002770998803
1005007045388270
1005007607682040
1005007676674131
1005005793475228
1005007670625626
1005007673668573
1005007662906487
1005007478567468
1005007663717113
1005007669869414
1005007371801120
1005007605557278
1005007664398310
1005002312572502
1005003765018884
1005007679551525
1005005267984623
1005002231615690
1005003511626947
1005007636329314
1005007633045188
1005007631038454
1005007633547392
1005007199578499
1005007670595742
1005007286008294
1005006097038554
1005006254562382
1005002476464711
32796905511
1005006849684512
1005004768531850
1005004824979681
1005006007012809
1005004718006753
1005005858707663
1005007287887926
1005007167251800
1005005227207259
1005005222216650
1005006916415225
1005005221693161
1005007160040597
1005007267015025
1005005787024199
1005007324491874
1005005217922312
1005006844730067
1005007205033381
1005007036036805
1005007099708521
1005006027351520
1005005043487809
1005005770532053
1005007167151976
1005006362899214
1005005477502498
1005005971959710
1005007047978801
1005007145508807
1005006518045948
1005007342888361
1005007342856377
1005006354140561
1005006000786410
1005006348935958
1005007345519559
1005005372263782
1005007536660564
1005007536049089
1005004050145019
1005007785562527
1005007767162725
1005007735181993
1005007723407146
1005007723374840
1005007723414340
1005003899994562
1005006254134962
1005006473134543
1005006394149787
1005005725404350
1005006312682741
1005006712505967
1005006826582649
1005006647873624
1005005102206767
1005004573998847
1005006385100958
1005005996235517
1005006877398301
1005006020169177
1005006461646268
1005004510806749
1005007197264406
1005007016757443
1005006364215415
1005006831357182
1005007066387169
1005007151533171
1005002294164501
1005006626776561
1005007191878211
1005005640508755
4000401812056
1005004871462723
1005006983143973
1005006455661796
1005007614872434
1005007432791221
1005006814297660
1005005011268980
4001349493044
4001245089831
1005007330266384
1005007500859786
1005001835947450
1005005632522711
1005005301464391
1005007610162498
1005004967958828
1005006736278512
1005007095990986
1005006107851387
1005005121656013
1005007437652912
1005006543882174
32974840501
1005006557240938
1005005834987817
1005007567711090
1005004762916429
1005007440826207
1005005596653569
1005004128358388
1005005620744702
1005007589519605
1005007362165578
1005001644057761
1005007450259581
1005004105230212
1005003124267083
4000385186076
4001270264113
1005005187251215
1005001704598179
4000510437648
1005007235498185
1005001804628400
1005004625859831
1005007113755314
1005006850856415
1005006485987760
1005006698429889
1005006140859152
1005007384205803
1005006209680510
1005006782637181
1005006913356698
1005006783414795
1005006783594337
1005007419265346
1005007216728010
1005007273257002
32851509469
1005006734973127
4000077498496
4001035094046
1005004797827825
1005005196267148
1005002537008715
1005006493664224
1005004954054392
1005006156183678
1005006394612792
1005006019250974
1005006157052760
1005006548238542
1005006209693319
1005006778313401
1005006789012115
1005006783733066
1005006969017288
1005006788825919
1005007596910507
1005007506675286
1005007506634631
1005007506481704
1005007475384960
1005004645638465
1005006968176839
1005006974885142
1005006413094753
1005007557899473
1005007046672646
1005007655456152
4001196950582
1005007291872306
1005007036162578
1005006343846600
1005007351545185
1005006697610950
1005007315680570
1005005763095156
1005006895873862
1005006832840764
1005006969603099
1005006703083384
1005007167761660
1005006717722122
1005006775866369
1005006157099143
1005006548235548
1005006057038197
1005006814699972
1005007475689654
1005007506669282
1005007506627613
1005004646616014
1005006962438935
1005007096617057
1005007076106534
1005006415935158
1005006371298097
1005007554459787
1005006623749722
1005006972264963
1005005947932423
1005006618550922
1005006247878069
1005007586417041
1005007153371860
1005006257156355
1005006833532375
1005007083212020
1005007094083089
1005007091564063
1005006781288199
1005005708415327
1005006075659833
1005006505505295
1005006962355080
1005006783424114
1005006821650916
1005005928251860
1005007153497642
1005006682844443
1005006054074979
1005006836260819
1005007255150427
1005007139974929
1005006419994082
1005006025945268
1005007020607897
1005006054641881
1005005133429929
1005006860048145
1005005861016538
1005006892140271
1005006818103897
1005006768019127
1005006972625279
1005004907590015
1005005372833724
1005005061410153
1005007217628474
1005007017157944
1005006805980685
1005004183045638
1005006992231587
1005005489727974
1005007546852392
1005006973831273
1005002631819393
1005007641575710
1005007609804553
1005007443404142
1005002287826267
1005006943775758
1005006845030004
1005006578783902
1005006822564249
1005007209635582
1005006924251210
1005003913230835
1005006974090435
1005006973897181
1005007569998873