1005007312049564
1005005945579130
1005007446447336
1005002617146403
1005004373857582
1005004063574046
1005003412391639
32868561302
1005005591350235
1005006332020617
1005005576558185
1005005616131004
1005007383075689
1005007475863293
1005007324638929
1005007371463497
1005007626656753
1005007271442684
32708085851
1005006913663233
1005007479941785
1005007504986367
1005007627128315
1005006832184997
1005007574330317
1005007537963404
1005004058554334
1005007750258491
1005007720740049
1005007468954907
1005006105810054
1005003032269488
1005007018220472
1005006918821705
1005006202816854
4001118570245
1005007616332452
1005005039702805
1005004650390757
1005006419762862
1005007259012576
1005003572034442
1005007531792206
1005007161808426
1005006931882463
1005004908560293
1005007152696011
1005006718763027
1005007091918573
1005006856729500
1005006860035717
32966190522
1005005980193152
1005007097445916
1005007444687647
1005007579714376
1005006495425229
1005006504174451
1005005833879067
1005006373816982
1005006704214824
1005006801037322
1005007480652880
32364796815
1005004443895400
1005006329285449
32759924550
32652060820
1005005110590866
1005007375058867
1005005908974695
1005007541997891
1005007597433951
1005007650789032
1005007681865350
1005004694689811
1005007657632190
1005007655863529
1005007644503488
1005007612281144
1005007493221026
1005006846415972
1005007486261457
1005007217316542
1005006586584989
1005007580600594
1005007003618951
32951596119
1005005860217154
1005007584805362
1005005530363769
1005006046069616
1005004995686618
1005006767727083
1005002277501646
4001210001503
1005004028543085
1005006209170049
1005005209748716
33056904767
32879765176
1005006976917014
1005005575386632
32993915665
4001111585398
1005007419344856
32966396417
1005007180540364
1005006976677459
1005005615661502
4001243801552
4000378623863
1005003755542835
4001317520028
1005003957876137
32761570818
1005002633252870
1005003855849067
32969515921
1005006631173486
1005007382904099
1005006219654493
1005006158412443
1005007316272116
1005007208242195
1005006543214114
1005006656205283
1005007127770405
1005006255253778
1005006920042286
1005006454193754
1005006239796459
1005007010439826
1005005909629564
1005007338773980
1005007272858589
1005006978775009
1005006577991189
1005005876512444
1005005491895008
1005006179573013
1005006884230009
1005006367882370
1005007028404919
1005006219629828
1005006691245120
1005006148989007
1005007028551446
1005007293863951
1005006127562577
1005006367933623
1005007012072146
1005006856174094
1005005931644327
1005007017928221
1005006086573532
1005006020061990
1005007433144736
1005006437050450
1005006821543183
1005006341983059
1005007076239927
1005007061293973
1005005909357059
1005007173392215
1005006741580760
1005005790311685
1005006883808972
1005007434019297
1005007191047508
1005007320633521
1005007044853094
1005006462989357
1005007194057970
1005007245733236
1005007461398278
1005007479638060
1005006998713061
1005006813060214
1005006966964395
1005006789213157
1005005837798918
1005003786956976
1005006900906437
1005006845903072
1005007035585487
1005007227549061
1005007031471429
1005006148900524
1005007329235510
1005007464923148
1005006854911843
1005007324040986
1005001518039130
1005007513131135
1005007272780917
1005007032557238
1005004230856785
32876544990
1005007272933546
1005005584398929
1005003163892872
1005007471211491
1005007087381185
1005005715678964
1005002481656228
32859751212
4000496819864
1005005440953407
1005005567269070
1005007579492748
4000414487749
1005007438318926
1005005593567776
1005007552679797
1005006063482703
4000225628170
32898622390
1005007653891084
1005007324905122
1005006693941289
1005007640179001
1005007218269672
1005002657193002
1005005893665299
1005005549828965
1005007367848940
1005002624624304
1005005037651114
1005005292081356
1005007112723399
1005007602873941
1005001657325524
1005004544907823
1005005266472995
1005004468875753
4000787684798
1005007333956412
1005006518090275
1005006018429397
1005003800355167
1005007455479052
1005007142614843
1005007290552771
1005004702246279
1005004564339107
1005005387640143
1005005194703955
4000077211261
1005002624726281
1005005589242816
1005006670462253
1005007225632784
1005006116444549
1005006126821838
1005005819227682
1005003265255796
1005001906573698
1005004665697834
4000264503010
1005006672719627
1005006571461081
1005005114656626
1005005402343146
1005001385299451
1005006014302647
32700975019
1005007418977320
1005002220761069
1005006465424608
1005004016917154
1005005988296567
1005006794956493
1005006481582634
1005005178077603
1005004335044700
1005006237665847
1005007488046362
1005006109931210
1005006576781806
1005006216616114
1005006508372800
1005007048555456
1005005830208043
1005007091450135
1005003486022058
1005006890948842
1005004664940593
1005003473660005
1005007276664012
1005007565132792
1005004463906589
4001069516007
1005007021506874
1005003698687665
1005007577129118
1005003494584933
1005006228096030
1005006351423112
1005006396589330
1005003420943667
4001119646289
1005004786252405
32870266448
4001227126598
1005003945440156
1005006300565248
1005007409281945
1005005633972026
1005003791869711
4001345616960
1005004583352679
1005002918471925
1005007255744295
1005006449424809
1005001845320768
1005005268247201
1005005664255173
1005006423556329
1005007598409381
1005005882583825
1005006032764339
1005007560351223
1005007487820934
1005006444252051
1005007286548487
1005007308465395
1005005284729429
1005007567110512
1005006928220340
1005006544959187
1005006147220115
1005003936510389
1005006358568691
1005006477340382
1005005864372361
1005007318500798
1005007323809743
1005006029907226
1005006075855027
32641723268
1005004515467844
1005006508938477
4000696178723
1005007470411372
1005005937338459
4000147355883
1005005483159946
1005005305054356
1005005490825770
1005006096761945
1005006754541229
1005005630780212
1005007108537252
1005006610105284
1005003688251785
1005006874557575
1005005430511342
1005003969645415
32915269541
1005007169039130
1005007234458138
1005004068829562
1005007070435691
1005003269701937
1005006519679973
1005007362743779
1005005938050825
1005005596655099
1005005596677160
1005004353745799
1005006327495275
1005005372631157
1005004226932137
1005005787547109
1005006215601532
1005007445750988
1005007439284522
1005007280369000
1005007189209006
1005006133615490
1005007647338102
1005007662666639
1005007501381091
1005007335973716
1005007531643171
1005007552908681
1005007342179270
1005005307233506
1005007555450735
1005006724283357
1005007613490777
1005006877355763
1005007578385057
1005007655756893
1005007506076057
1005006120825881
1005007545129748
1005007097134150
1005007471250144
1005005306292259
1005002939966629
1005002468410380
4000323127338
1005007142906454
1005006530485404
1005006018510308
1005007376463900
1005004517502482
1005005982157725
1005003213893694
1005005723771831
1005007188419863
1005004513305265
1005004460024568
1005005954676628
1005006082782910
32533064735
32794546462
1005006888763374
1005006718392282
4000591300293
1005006417321722
32932166805
1005006301590071
1005003732632783
1005006764644825
1005006063768288
1005006731960110
1005006953119247
32959613642
32799138474
1005005737197091
1005005552467706
1005004560497981
1005006305039018
1005004346250186
1005006466281585
1005003969439521
1005006313850202
32945276829
1005004583157024
32845904577
32611274645
4001270220813
4000698869102
32611233542
4001283706451
32486832190
1005004455981969
32979055131
1005002970491735
32888143455
1005003294857449
32611326357
1005007570635953
4000204573989
1005001482446077
32955861236
32654393885
32612676470
1005007570778597
32366104889
1005007572341497
1005006119995882
32672410377
517320769
1005002745888302
32970617711
1005006659073744
32611330337
32957958064
4000805812080
32381685061
32435659678
32670329070
1005005779416679
32380742801
1005005780364411
32254046434
32254114917
32253897761
1005005687018207
1005007035624928
32254146368
32411234215
1005007714640491
1005007714579645
1005007714670181
1005004900005945
4001030720587
4001032612376
1005001373028442
1005003263243218
1005004791236241
32485433426
1005004426401666
1005005288235186
1005006505663947
1005002841992602