1005001407183253
1005002396701717
1005002206918490
1005002177860539
4000799895610
4000806431508
4000726401176
4000732925378
1005001986229152
1005006204778937
4000900423744
4000689541816
1005001288948939
4000709810287
1005004021781938
4000097706336
1005001289477380
1005006624391997
4000339593447
1005001478034002
4000338737981
1005003311642796
4001100260441
33057892067
1005002519491385
1005003758839242
4000198253806
4001220125966
4001229714136
1005003324168776
4000749236401
4000368919773
4001078629136
4000368831928
4000335759623
1005006045015641
1005006016095613
4001145875576
4000368547735
1005001568805707
4000023084994
1005001477890754
4000675212844
33058657085
4000801723647
4001257022022
4000198238194
4000217956160
4001185085628
1005002004544155
1005001899966063
4000218070107
4001256816990
4000652155645
4001331708037
4000661247384
4000810148025
4001057566853
4000010655932
4000662445702
4000805618452
4000916936082
1005002053069738
4000735992895
4001331053270
4000206565112
4000040495332
4000783102266
1005001858357238
4001331565523
4000899894093
4000677682877
1005003785196734
4000709946928
1005001302350578
4001226065450
4000661266894
4001145874140
4001103561535
4000801996036
4000205479885
4000680569205
4000126680725
4001100200507
1005006664226026
1005001890198650
4000118436238
1005002007748238
4000798118214
4000856723479
4001272341009
4000708549069
1005002506810202
4000340487816
4000272445321
1005001986390300
4000862934167
1005001644629259
4000310188109
4000118932250
4000097318115
4000197886417
4000928658063
4000097696188
4000097864204
1005004750831055
4000097663560
4000689524565
1005001293420224
4000217406613
1005006898168385
4000097539935
4001046547433
4000709100824
4000751454611
4001077790108
4000661263739
1005003353421028
4000334763571
4000713115175
4001218916075
4000865661024
4000330588619
4000333011086
4000891353786
4000029495076
4000331139304
4000683089838
4001274781993
4000679862760
4000850957145
4001269817378
4001047950620
4000271763660
4001185178157
1005005733222191
4000934854472
1005001504871444
4000932687298
1005006045273937
4000810096872
4001224857320
4000820685291
1005002274971565
4000339554284
4000333529505
4000708655096
4000772878294
1005001443076541
4000039944546
4000272495386
4000540106207
4000898169743
1005002011177050
4000734044808
4000315613102
4000164403046
1005002061836897
1005003349726736
1005001713306328
4000835406317
4000772148224
4000920166495
4000720340681
1005001858542130
4000272729999
1005006045160666
4001109461897
4000860325535
1005005346597404
4000726088447
4001237444905
4000924530541
4000670070082
4000331026253
4001002657081
1005002019842831
4000521329178
4000709461905
1005001647036006
4000643758825
4000097913064
1005001683702058
4000197912231
4000806253074
4000198599514
4000808460636
4000200811075
4000373685288
1005001892290434
4001272439024
4000315758108
4000933890918
4000338256206
1005003072302766
4000680859039
4000848617128
4000368481341
4000293404667
1005003755646863
1005002177624962
1005003039321071
1005006045070966
1005001288682437
4000727432307
1005002147918581
4000650256262
1005001288723774
4001256906873
4000895904846
4000015217691
4000876406898
4000340459293
4001225475488
4000661262421
4000625429878
4000682752662
4001114478399
4000924077018
1005001858276865
1005001296504223
1005002051903034
4000374273905
4000165246478
4001114708637
4000338752014
4000876538913
4000040094081
4000372577689
1005001814800222
1005002002203884
4000830673642
4001065586798
1005001869271410
1005003059285808
4001220336042
4000275728867
1005003758821268
1005001289603990
4000666350362
4000903616494
1005001912795688
4000834886482
4001047401452
4000630347208
4000922787626
4000152632303
4001047448490
4000709343934
4000806131773
4001239383619
1005003099174425
4000835129043
4000908470983
4000274573170
4000338051003
4001114337981
33060026192
1005001984780141
4000900092172
4000520076950
4000097505010
4000917342079
1005002147869071
4000274640397
4000338150604
4000275949321
1005001302569708
4000374821500
4001046415932
1005002051273623
4000809004660
1005001296405227
4000857616676
4000310300037
4000903824632
1005006128296557
1005001986042200
4000338422308
1005001686273733
1005003306111548
4000666266916
4000652095464
4000892168564
1005003365158821
4000675074550
4001275085380
1005004122632945
4000165354846
4001047340496
4000385330484
1005003188353472
4000143456939
4000740407917
4000680976115
4000276128879
4000932674278
4000138088926
1005001296584127
1005001559736502
1005001565140984
4000862690674
4000274930749
4000865392389
1005002071314410
1005001288643206
4001252580178
4000160079121
4000521123790
1005003364702854
1005001296415600
4000849807185
4000928533858
4001331048804
1005006204790797
1005002478348114
1005003980615224
4000659719835
4000272878847
4000314819914
4001218036957
1005006636499112
1005004389755716
1005005892622345
1005002830318377
1005006046027733
1005006757201647
1005004086674770
1005004433389623
1005006062048737
1005003818499784
1005004252676738
32842379355
1005004702725486
1005003849297167
1005004021955113
1005006302871892
1005006680044910
1005006749006765
1005006803856130
1005006029287536
1005006160009904
4000864241385
4000786115756
1005006520428531
1005001397992015
1005006756620286
1005005725427490
1005007099744113
1005001465300253
1005006103124458
1005006750965970
1005007472693504
1005006135413952
1005006141303404
1005006692545287
1005006294258291
1005006507279390
1005006019761019
1005006036960509
1005006011223248
1005006208180664
1005006730079130
1005004774120159
1005006005905021
1005006083102040
1005006064467275
1005006058370475
1005002480606555
1005007342763804
1005006335504882
1005006097080880
1005006917125710
1005006524093230
1005006146178561
1005004090579068
1005006082634753
1005007091257322
1005006969840223
1005006676935276
1005006102612655
1005006610757190
1005007092052107
1005007091577625
1005007090073311
1005006214942180
1005007292798425
1005007399792931
1005006364614812
1005007255576109
1005007484383179
1005006013691804
1005006351860704
1005004792732270
1005007465286343
1005006695501344
1005007621623858
1005007176729122
1005004895204961
1005004902256956
1005006777420958
1005007091687684
1005006027161498
1005006610266590
1005007536938085
1005007336738261
1005007028836369
1005006327669836
1005003506787631
1005005954010151
1005006832346399
1005006535676798
1005006157739998
1005007255378361
1005006014371670
1005007295153427
1005006944142133
1005006843954549
1005006352349425
1005007138109099
1005006495420428
1005007314784199
1005004981162700
1005007183777921
1005007430557396
1005003782495011
1005005069673100
1005006778607337
1005007082958284
1005006641709088
1005006491938093
1005006998584972
1005007087967107
1005007091871167
1005007394541621
1005004426754953
1005007562062594
1005006010395962
1005007100057145
1005005474063849
1005006054564605
1005007481954152
1005007083155966
1005007382695621
1005004281052067
1005007549322555
1005007548884700
1005003342470550
1005007194926875
1005006810475366
1005002748006344
1005006842746571
1005006114321588
1005006460852895
1005006209019825
1005006516477080
1005006259415437
1005006626351948
32983262809
1005007539907111
1005006717837189
1005007629078541
1005006019806181
1005007166780868
1005006641486141
1005003977714274
1005007562078781
1005005001512000
1005007340969748
1005006265453422
4001028026120
1005007545410605
1005007149345419
1005007039725154
1005006317391260
1005005035441366
1005004160857724
1005007460608495
1005007397378196
1005007382842990
1005006842959887
1005006333960543
1005005267196582
1005007007947647
1005003707970750
1005006867419801
32835224399
1005006761931610
1005006745882216
1005006673125881
1005006207981153
1005007395208233
1005006543559218
1005006071727608
1005007255535204
1005006589158602
1005006432892318
1005005293941142
1005007028804312
1005007399105309