1005007672386379
1005004343601292
1005004612814940
4001126710079
1005005007657204
1367236015
1005007131421500
1005007033160433
1005006229450631
1005007534879907
1005004492706904
1005007665067726
1005004440314116
1005005162992261
1005007642999852
1005007461581885
1005004187639727
1005007657588299
4001106883830
1357452555
4000584810433
1005007525626996
1005007031611145
1005006574324893
1005007589870911
1005001496405493
1367295551
1005007657887160
4000120633499
1005006165467234
1005007108887382
1005007534701248
1005006737024903
1005006737208395
1005007638795642
1005007532858766
1005007477247979
1005007621162224
1005007645820655
1005007642263230
1005007559052477
1005007643085176
1005007671843934
1005007680471810
1005004515679935
1005006693299831
1005006978014496
1005004454251153
1367284546
1005003473110710
1005007387109284
1005007548119972
1365689294
1005003849739101
1005006356135893
1005003632901694
1005007638606952
1005007091299769
1005004515691183
1005007665067893
1005005363588928
1005006966189154
1005007557483281
1005007307220113
1005005862815252
1005003877489486
1005007387015254
1005005985895524
1005007665111056
1005004489600770
1367258658
1005006892190304
1005007665207568
1005007668872100
1005003707385097
1005006055749462
1005003878186429
1005007539668549
1005007212331167
1005004741720406
1005005531725856
1005007617565174
1005007368606507
1005007472981929
1005004133953683
1005007661767753
1005007433386034
1005007170024776
1005006687409344
1005007405235130
1005006572647545
1005005266024983
1005007594652943
1005006728520729
1005007535431739
1005007643295228
1005007472079385
1005007577755157
1005006911753533
1005007386913476
1005007394447376
1005007366894110
1005002461326133
1005006123392073
1005007620538395
1005004151889301
1005007126265084
1005001782901942
1005001929801060
1005006719156167
1005004678983986
1005006614139170
1005007515332279
1005006844236306
1005004741465150
1005006859947090
1005007683220557
1005007682990960
1005007683245766
1005007683307829
1005005120224994
1005007653317311
1005004830727052
1005003298734460
1005007409782211
1005003988917228
1005007650278636
1005005544282507
1005005930017542
1005007158112616
1005007660100978
1005005615364275
1005006437363608
1005004758303192
1005006894768106
1005005615300513
1005005563513419
1005006848472824
1005005531888164
1005006754417424
1005007503070265
4001309427930
1005005753248832
4000459397146
1005006744382408
1005006756771203
1005006947590943
1005007491333771
1005007579103602
1005007209291526
1005007532874636
1005006729429110
1005007664405355
1005007004264222
1005007643572201
1005007511039019
1005007441752012
1005007125142820
1005006374363045
1005004678997943
32391728594
1005007550996615
1005007670399421
1005007244299332
1005004373674096
1005007509903080
1005003520875406
1410766997
1417077816
1005007641972603
1005005172880444
32818522335
1005005042235295
1005003675063688
1005007170111709
1005007261489766
1005007642403595
1005006391685481
1005003848979507
4000459064847
1005006888483520
1005007254398090
1005007683827778
1005004473752990
1357850141
1005007613283596
1005003599870429
1005002569392658
4001090813646
4000480810926
1005003671339919
1005007407387734
1005007469425477
4000777549196
1005001456122143
1005006499433181
1005005983338926
1005001424672676
1005007652342490
1005004587901040
1005003530548919
1005006683036083
1005006902407690
1005006588408490
1005007330697892
1005007600183134
1005007594075886
1005007045848224
1005007519320181
1005006759187748
1005007533110151
1005007628590601
1005007596417683
1005007636330144
1005007126315553
1005007437150685
1005007476521221
1005004743540333
1417077889
1005007210011546
1005003666460450
1417002092
1005007166737179
1417077847
1005007354936524
1005007244133326
1005007570441270
1005007653299232
1005004514504918
1005001369072705
1005006852187315
1005004581154340
1005004475286215
1005005019328037
1005005983342808
1005007576538628
1005005588641934
1005006156771494
1005004271894034
1005005482230949
1005004925493692
1005005939808384
1005001344907767
1005007719044009
1005007787238392
1005007787750159
1005007648120519
1005007784801524
1005007768809386
1005007799505030
1005007798500516
1005007742201450
1005007709959017
1005007787910288
1005007787815084
1005007794882573
1005007709670260
1005007787651669
1005007791730329
1005007702910202
1005007763705607
1005007763772398
1005007138474041
1005007571541362
1005006687641752
1005007378823394
1005007635069725
1005007513482277
1005005226552051
1005007533017365
1005007580340047
1005007600432982
1005007384466619
1005007563177518
1005001936016067
1005007227157188
1005007613411978
1005007621676181
1005007613586721
1417044074
1367232148
1367257734
1005007458403098
1005005588815169
1005007722917872
1005007791086717
1005007791957011
1005007793409229
1005007786597412
1005007791660206
1005007791770190
1005007780350957
1005007790381286
1005007787725922
1005007787663913
1005007787899049
1005007787325520
1005007784553353
1005007784687007
1005007784577351
1005007784602232
1005007784549357
1005007784416720
1005007784387874
1005007737161750
1005007770393328
1005005532551887
1005005532733319
1005007766307034
1005007770305760
1005007765930084
1005007769395753
1005007770270167
1005007521787075
1005007723432987
1005007726091441
1005007710002615
1005007733743256
1005007658870714
1005007658836811
1005007753816477
1005007567161281
1005007591540523
1005006687801229
1005007008668051
1005006973820239
1005007161325353
1005006153507634
1005007606557089
1005007039372067
1005007576745686
1005007589523773
1005007125142736
1005001942579262
1005007613811106
1005007519801223
1005007537825744
1417044115
1417062951
1357444791
1005007226742450
1005005565488419
1005007753770629
1005007753785548
1005007753729438
1005007753799126
1005007722760247
1005007740688599
1005007737836512
1005007730930511
1005007718005617
1005007724514200
1005007723062469
1005007714375199
1005007704121008
1005007714824341
1005007708362571
1005007705746946
1005007688428715
1005007692546029
1005007390758266
1005007498810384
1005007597745281
1005007597877692
1005007535511666
1005007485744745
1005005983461039
1005007502088215
1005007648546546
1005007137238550
1367236129
1005007226706441
1005007348007964
1005004091177859
1005006917987500
1367275659
1005007702332247
1005007702244989
1005007390790259
1005007461095645
1005006727049920
1005007659220990
1005007465210776
1005007433188094
1005007180390350
1005007169368058
1005007137247297
1005005565370484
1005007553254573
1005007390700540
1005007461122400
1005007356353768
1005006727113386
1005007606272385
1005007340242476
1005006153070485
1005007593994785
1005007132189423
1005005565414600
1005007403221614
1005006765124853
1005007355391119
1005006718683327
1005007575875455
1005006759341334
1005007598062111
1005007136050732
1005005588846085
1005007403349535
1005007315720927
1005006839071220
1005007535744239
1005006759391124
1005007615316780
1005006983640291
1005006684074618
1005006161396228
1005007342950873
1005007324749189
1005005983458063
1005007429417816
1005006421103276
1005006687157297
1005007371394627
1005007563150790
1005006680073195
1005007535125185
1005007169243808
1005007324580852
1005006682637234
1005006770245553
1005007343388327
1005007391441804
1005006682683116
1005006757031135
1005006693965859
1005007151021298
1005007108959513
1005007335622982
1005007330754770
1005007594057364
1005007259414726
1005006749937555
1005006731001109
1005007314943392
1005006673049623
1005007330680119
1005006960639104
1005007615202941
1005006673223143
1005007513845959
1005007057039229
1005007587234808
1005006668949249
1005007123345498
1005007560653375
1005007344126555
1005006668843445
1005007407419593
1005007331225110
1005007446018619
1005006679140325
1005007138286027
1005007502702859
1005007664903194
1005006679139325
1005007261189291
1005007315226061
1005007392282561
1005006678942960
1005007316062804
1005007344036501
1005006686240716
1005006684435947
1005007260982911
1005007349701279
1005007597084642
1005007334621896
1005006995432160
1005006687248039
1005007169057926
1005007257856594
1005006838862819
1005006082902646
1005006066814165
1005006727059467
1005007167946873
1005006687080445
1005006698927779
1005007167780862
1005007404704052
1005007465851888
1005006086535306
1005006731537403
1005007108990491
1005006145553258
1005006857703046
1005006086433396
1005007335003728
1005006730889488