1005007071552376
1005007219400605
1005007349973667
1005007427725962
1005007001174811
1005007219346993
1005007296943392
1005006554176435
1005006983301544
1005002775132300
1005007657432547
1005002278407788
1005007381654772
1005007657692517
1005006866699641
1005006146803303
1005006866283709
1005007451704045
1005005901185395
1005006048631170
1005007521044942
1005007071678188
1005006866522829
1005006983273721
1005007262879657
1005007208687831
1005007516745946
1005007554461322
1005007253855819
1005007313615751
1005007256750241
1005005373798618
1005007408766789
1005007067867686
1005006051182000
1005007121917515
1005006367063865
1005005902143226
1005007229841689
32869049266
1005006499681356
1005007532561230
1005007331071419
1005006091507869
1005007311456310
1005006331171901
1005007441332858
1005007455382785
1005005839271130
1005007532054483
1005006054510972
1005007155325312
1005007071339792
1005005900733771
1005005674839775
4000109961242
1005005283199015
1005003280503838
1005007531282618
1005007659882882
1005007244276400
1005003262668342
4001320987829
1005005669185567
1005004980370223
1005005680516605
1005003318624500
1005006928555347
1005006908258290
1005007537324565
1005007002188666
1005005170699152
1005005551662332
33000368577
1005004362171163
1005003664126991
33008112173
1005006924478960
1005002376400521
1005005884099295
1005007276582296
33029529901
1005007270091217
1005005965588131
1005007642148314
32971065248
1005006981040261
1005006053666645
1005007308726121
1005005485775442
33041859044
1005005170315236
1005003154759866
1005005467253071
1005006970841429
1005005721812429
1005006142927753
1005006737701124
1005001671482525
1005003006810786
1005002965891449
1005003708024802
1005007287763667
32917923524
32916314330
32831062320
1005004725388298
33031592880
1005007657082831
1005006132179930
1005004523646566
1005005173314379
1005005342334664
1005006185332852
1005005608651448
1005003579988182
1005003580308203
1005006923882902
1005006776571264
1005007521523138
1005007574465630
1005005768654379
1005006884549652
1005007657825505
1005007657783588
1005005615683778
1005007184030530
1005006049816896
1005006708225415
1005003919370626
32993220411
1005005168955356
33030467338
1005005467367001
32993135255
1005005438876317
33033854397
32831459049
1005003708758141
1005003708675522
32966229277
1005001355723065
1005007215678776
1005006964109403
1005007592741528
1005007073045092
1005007471423629
1005007024269252
1005007312737107
1005006014584806
1005006722849934
1005006403137853
1005007344183198
1005006903797241
1005007210249719
1005007514529566
1005007338448259
1005006808633043
1005007564945928
1005005394025851
1005005871986480
1005006732087801
1005007202016120
1005006767885090
1005007296679813
1005007205766037
1005007229906671
1005006819599777
33040038906
1005002908549790
33003275937
32832763923
32973009906
32976319076
1005007165992658
1005005091381390
1234584867
1261715252
32278369643
1005006921613893
1005006566486383
1236461915
1005003764821504
1005007078509337
1005007024503412
1005006270756619
1005006897865223
1005006826582989
1005005889032455
1005007456311102
1005006617493900
1005007581748749
32958692854
1005005298037872
1005007322504103
1005006693757174
1005006475665064
1005004913948510
1005002898678972
1005007184264918
1005006860814351
1005007359057804
1005007256008706
1005006998269586
1005006844783958
1005004823094413
1005007534713604
1005005909429674
1005007219640352
4001207874312
1005006763582601
1005005569630600
1005004841296164
1005003696442797
1005006116722934
32648491597
4000399141741
1005007305490911
1005001474437749
1005007169648728
1005005167307097
1005005845238183
1005006766293526
1005006731529832
1005006219885249
1005007486184282
1005007486155418
1005007278821550
1005006221214884
1005007012381170
1005006828249449
1005007050969384
1005007349749897
1005006956144917
1005005556667622
1005006529656444
1005006603658861
1005007488275834
1005005334579111
1005004771348851
1005006475577244
1005007280097167
1005007518719947
1005007458948502
1005005939343800
1005007336390502
1005003015252032
1005004065839744
1005007046141414
1005003218922237
32844034211
32844018554
32816497918
1802320975
1005007337946597
1005005622523381
1005006400229439
1005007337815893
1005007280084970
1005001948493884
1005005633012554
1005002621388929
1005007515725297
32717803052
32886575460
32770140872
1005007487058881
1005006344271654
1005005068805452
1005006673193793
32860403278
32863934611
1005002617548939
1005006058275807
1005006844227713
1005007537569867
1005007227192226
1005007319136536
1005007268400746
1005007134552444
1005006809440872
33009650155
1005005125810253
1005001876711078
32673050660
1005007351890533
1005007060622449
1005005878896390
1005005809038676
1005006361168396
1005006361015811
1005006710486209
1005006536944096
1005006320869766
1005007584573399
1005006366878067
1005007488674047
1005006878660693
1005006620542265
1005006815099393
1005006468162021
1005007342644660
1005006462895699
1005006318293095
1005005699565584
1005006321728819
1005007588042790
1005006602427923
1005006644690213
1005007380520117
32978963550
1005007459712451
1005007459901104
1005007459508813
1005007459511822
1005007502357760
1005007169852641
1005007288392675
1005006561917811
1005002448367033
1005006912963088
1005003558600900
32588024475
32471135139
1005007363877532
1005006447629231
1005006722356767
1005007411370109
32978490022
1005007459836195
1005007459658523
1005007459682500
1005007458124934
1005005889030486
1005002900682939
1005006357254255
1005007158792494
1005006855835664
1005007344292090
1005007343898389
1005007515274924
1005007411020982
1005007270350351
1005006823272757
1005007313852384
1005007256252929
1005007256401575
4000040380408
1005007239594954
1005007349779790
1005007349865266
1005007349734932
1005006674802820
1005006846208468
1005007266650266
1005007543083717
1005006568204783
1005006568392386
1005006123398538
1005006123383668
1005007443911911
1005007448053551
1005006156055317
1005006155953893
1005006079118024
1005007515205953
1005007381883136
1005007373728139
1005006233696767
1005007203279085
32445250274
4000021730652
1005007041950188
1005007263589336
1005006489131359
1005007458588029
1005007458487232
1005007458092931
1005006427738943
1005007505505303
1005007428381119
1005007349750829
1005007349690960
1005007443957025
1005007385665341
1005007649592556
1005007342625975
1005006551838672
1005005986507143
1005005835991769
1005006047950936
1005005371390579
1005007542544460
1005006889997503
1005007551835336
1005007655931826
1005007244356951
1005007276617914
32858363413
32856069967
1005007012311431
32899799843
1005006924447177
1005006118145159
1005006797580385
1005007218800497
1005006654678500
1005006457127295
1005007395281077
1005007458483191
1005007562123380
1005007497156007
1005006360791232
1005007362598120
1005006354494560
1005007387486830
1005006140981153
1005007320725030
1005006194169611
1005006115853656
1005006846247360
1005006752399274
1005007483999386
1005007350877440
1005007248581667
32847527112
1005006999627151
1005006348522721
1005007475737775
1005007273805204
1005006678036667
1005006022178305
1005005905852948
1005007097285816
1005005138860227
1005007649599573
1005003813118402
1005006862794731
1005006956410360
1005007649786096
1005007647289883
1005002877484518
1005007097524475
1005007099934201
1005006498868319
1005007578027185
1005007559491068
1005007248828045
1005007373667643
1005003731626221
1005007172589064
1005007138288419
1005007277067901
1005007533564068
1005007352626248
1005003596063513
1005007469703000
1005006989906902
1005006935689157
1005006109267621
1005005665231122
1005007373627256
1005005019117321
1005007338092212
1005006747351691
1005006325457135
1005007283773193
1005006884718746
1005007323168248
1005007649441924
1005007435282051
1005007384804259
1005007495515839
1005006035944950
1005007421340194
1005007607281108
1005007582102035
1005007344463478
1005007344338626
1005007431953955
1005001699602223
4000247469924
1005005809802916
1005005396661670
1005004627728076
1005001828641753
1005004634647531
1005007672605773
1005007527005368
1005006878063111
1005004952976503
1005006707121888
1005002991046736
1005003779471442
1005006677815741
1005002846363217
1005004855708242
1005004634392668
1005005834572749
1005005757047704