32879718951
1005002392706485
1005006904738102
1005003214468488
1005005674647425
1005007455349905
32934935935
1005007103721982
1005001506816223
1005002642034667
1005007084166237
1005007084494373
1005007084461531
1005007442174420
1005001299422784
1005006711361153
1005007567431302
1005006822597458
1005006712364674
1005006604441371
32766591119
1005005952516311
32817245678
1005007197501961
1005007074553123
1005006018338942
1005001900708249
1005006712255210
4001284409394
1005001291868257
1005006755698438
4001045379613
1005007458435157
1005006982226238
1005007612089316
1005007591944312
1005006078655277
1005007635096108
1005007576973936
32770196811
32798519077
32796592525
32796632276
1005007444236726
1005006793668442
1005007088326805
1005007426727281
32784586159
1005007433979384
4001346723367
4001045393532
1005007224730645
1005007083707812
1005007011098161
1005001706539528
4001346725362
4001159613711
1005002392697957
1005006530373617
4000711165616
1005001291788969
1005007108169374
1005002417642720
1005006820276913
1005007683477352
1005007676741393
1005007683573314
1005007663101744
1005007659042747
1005007660499440
1005007670296371
1005007665218131
1005006642641120
1005006348376231
1005007685210465
1005007683358380
1005007683028736
1005007668474568
1005007006323291
1005007285439995
1005007662357660
1005007669142401
1005007803538914
1005007803451625
1005007803310243
1005007801353626
1005007801263739
1005007801121954
1005007731435901
1005007699458431
1005007800723475
1005007800456916
1005007455793870
1005006722028481
1005007456191076
1005007591964293
1005007552430854
1005006439604452
1005007477192537
32796102924
1005005303551116
32796696237
32772603504
1005007613077487
1005006773603257
1005007116983776
1005007663700840
1005007660292560
1005007800356917
1005007798129438
1005007798285047
1005007800303658
1005007785785589
1005007797770497
1005007762266923
1005007754780765
1005007727498837
1005007795511183
1005007795081921
1005007795151320
1005007795120480
1005007791096117
1005007790961385
1005007790853972
1005007771427693
1005007765500747
1005007792582707
1005007757157250
1005007785291899
1005007721653968
1005007721682854
1005007776983657
1005007772674613
1005007708768767
1005007717084656
1005007767137479
1005007764772026
1005007764110936
1005007757166216
1005007757155183
1005007758104547
1005007758054171
1005007752118136
1005007694441276
1005007749410468
1005007749285603
1005007748279565
1005007748062415
1005007747926606
1005007747417751
1005007678890529
1005007714102585
1005007458187338
1005006859670577
1005007592050167
1005007456426489
1005006788603090
1005006745913072
1005007184753469
32795469730
1005001399433729
1005003152623234
1005001399496195
1005007197830903
1005006743229320
1005007011011998
1005007724964338
1005007714778878
1005007727397192
1005007715796235
1005007712769054
1005007699560951
1005007697484710
1005003767131489
1005007461544540
1005007147055384
1005007591945349
1005007610749056
1005007360122711
1005007611271638
1005007622185893
32796632644
32796592769
1005001399302966
32769537137
1005007456019386
1005006268810983
1005007591839771
1005007611993418
1005006760127957
1005007433760126
32798475614
1005007456201048
1005006228877031
1005007591778783
1005007202563529
1005007455896610
1005006078527935
1005006745764803
1005007457600282
1005007591882606
1005007445624745
1005006081455026
1005007456542856
1005007591891536
1005007202555537
1005006221525679
1005006082605462
1005007506841547
1005007591977266
1005006760416187
1005007385637778
1005007456698261
1005007591875578
1005005945640884
1005006464979943
1005007483960850
1005007573884786
1005006755965518
1005006220042296
1005006834141648
1005007591952283
1005007462074171
1005007312158367
1005007591769852
1005006432481418
1005006834058891
1005007466410709
1005007591919434
1005006032899483
1005007454952933
1005007467100602
1005007591885608
1005006220060173
1005007409421492
1005007591897557
1005007172410016
1005006755959536
1005007591876541
1005007338761668
1005007184964768
1005007484178306
1005006590158544
1005007484188266
1005007483931901
1005007484165346
1005007484282052
1005007484050642
1005006147893719
1005003682231948
1005006273804882
1005005399021685
1005007054611856
1005003151972072
1005007647675274
1005001303555795
1005007094837207
4000452115996
1005004848154956
1005006306245412
1005006182985130
1005006420607245
1005007509986723
1005006096351256
1005007538013983
1005006790562404
1005005631495687
1005005336301717
1005003470051873
1005007433068748
1005006112400968
1005004437613743
1005007129515821
1005007336946314
1005007647617105
4000805149126
1005007291958749
1005007050312158
1005006172994439
1005002944057203
1005007440190912
1005006119094681
1005007209754489
4000906139373
1005006888141721
1005006776681007
1005007085926096
1005007218252455
1005007536742531
1005007549589796
1005007161971222
1005007529130065
1005001421914591
1005006982113935
32597306708
1005007223893553
1005006487060863
1005006431438919
1005007335517769
1005007329674681
1005006130635265
1005007286204977
1005007463125502
1005004377364720
1005007420046970
1005007375823106
1005007109040873
1005007287571025
1005007536664553
1005007549847437
1005007653368944
1005007226475164
1005007569062344
1005007049206344
1005005892719742
1005007376627856
1005007322045608
1005006850544434
1005007108219319
1005007339829656
1005006737315731
32965034385
1005006980705629
1005006584583259
1005006991961462
1005007427099860
1005004715418388
1005007399918874
1005007267279713
1005001282377254
1005007008437135
1005006790712997
1005006990966025
4000093960929
1005007450102256
1005007291433394
1005007188259456
1005004166295456
1005007244535779
1005007286697069
1005007044754494
1005007217879890
1005007017374395
1005004051134602
1005007556883200
1005007088622372
32555269780
4001299633971
1005007640710825
1005007070786993
1005007246508899
1005007540820385
1005007407761005
1005005006033335
1005006781346523
1005003922298846
33010912267
1005004100737606
1005007202580192
1005005580207611
1005005242359224
1005007226299561
1005007418154446
1005005870356062
4000805646064
1005007542692149
1005007188666387
1005007258582444
1005007549793475
1005007432047171
1005007109648300
1005006865255509
1005007427845155
1005002465132366
1005007614670218
1005007602975383
1005007640404773
1005004661709706
1005006642585739
1005006919515524
1005007070934663
1005006064327650
1005007253111837
1005004306217127
1005005514741631
1005004244471972
1005005829423512
1005007164259320
4001066378153
4001246198176
1005003608197350
1005002465068679
1005005838358352
1005007289014853
1005007223638693
1005004217443685
1005006124365146
1005007546899293
1005006001608613
1005006843658064
1005001373660381
1005007097232620
32961170807
1005005325523071
1005006840865065
32295939759
1005007107174522
4001235892939
1005007544039341
1005005633386657
1005005631735941
1005002565593995
1005003022985820
1005005461086481
32881064137
1005005252180710
1005007454108872
1005006853125961
1005006777105142
1005004306552371
1005007573784483
1005003022939386
1005002465049794
1005005264133590
1005006515394124
1005007536464999
1005007594674422
1005007620261754
1005007077083436
1005007176523976
1005007325621752
1005007014075734
1005004306119003
1005006948060535
1005007071283123
1005006685422101
1005006990878268
1005005514624677
1005007011150076
1005007585133283
1005005324344465
1005006848325467
1005007630808132
32856984204
1005002465187149
1005005424288455
1005005471932172
1005007301737495
1005005310736632
1005006818791375
1005007336887312
1005007168985257
4001228406998
1005005215178382
1005002522901178
1005007317482997
1005006659914562
1005005829887822
1005007092059820
1005002293625097
1005006884345133
1005007431720044
1005007087037887
1005002206405835
1005005412633369
1005006996351701
1005003307246316
1005005428682006
1005005633630383
1005006755945016
1005007376839461
1005007083141079
1005007014241650
1005007320500423
1005002465087482
1005006203741006
1005002297726252
1005004443089272
1005006177787885
1005007640522713
1005005010249761
1005007014573025
1005001441545865
1005007480174956
1005007438960643
1005006492871366
1005007468912595
1005007597234677
1005007556582988
1005007565209904
1005007139858451
1005007330094948
1005007037911439
1005007325040368
1005007582904954
1005006844652224
1005007017004307
1005005418378232
1005007001869150
1005005428903149