1005004968588166
1005006610855508
1005004738378557
1005007571145818
1005006763408771
1005002468970787
4000033145058
1005005755393073
1005005529501263
1005003474188567
1005005002068615
1005005019235158
1005006326374956
1005004022441658
1005007089350332
1005005103124382
1005003078058997
1005007009335147
1005006147762840
1005005764839209
1005006020883863
1005007659484768
1005006784689819
1005003203703267
1005006873954968
1005004052310559
1005004374128308
1005004429685793
1005005829643325
1005005579014490
1005005834422179
1005002458174279
1005006024339733
1005005883540656
1005005642708049
1005006877843163
1005006373051537
1005004081611199
1005006182735052
1005006081628950
1005005748236957
1005006952463143
1005006213905135
1005006209887701
1005005809955101
1005005893503128
1005005914872395
1005005963417644
1005007052532330
1005007146898294
1005006807785752
1005006834579420
1005004334030236
1005004333892901
1005004622674433
1005007243575264
1005006485509497
1005007534024672
1005006083673532
1005006133348156
1005005341788081
1005005418073900
1005005340897087
1005006628583350
1005006392489058
1005006325526914
1005006324262422
1005006865903740
1005007124249428
1005006521905360
1005004970350388
1005004968423961
1005005783498248
1005006885439483
1005007439189076
1005007523782064
1005004270998972
1005004323345096
1005004271363837
1005006798205401
1005005346382524
1005006430400983
1005007523560684
1005007536904004
1005005397433886
1005005314723700
1005005437053786
1005006966079301
1005005119060728
1005002913064244
1005005393507919
1005004794783496
1005006748677969
1005004340938941
1005005394098200
1005007189029188
1005006895516439
1005006623484503
1005003659282656
1005005029004560
1005007408623855
1005006833240207
1005006871613183
1005006740824033
1005003658126420
1005003695892269
1005006446155831
1005006071815649
1005007456919290
1005006073252324
1005006081804189
1005004240190378
1005006081580210
1005004334865362
1005004086002414
1005007558741801
1005004320904073
1005007604490041
1005004616811787
1005005254519163
1005004822561589
1005004407528563
1005004820147826
1005004797197403
1005004616966970
1005005434155732
1005004966759035
1005006070200069
1005004817149533
1005007149737102
1005007331263845
1005007229218206
1005007185195071
1005004723323920
1005004655742272
1005004721290964
1005005432981368
1005005629719664
1005005662386220
1005007526630963
1005006266444887
1005004871609279
1005007615682409
1005007310353745
1005007310124618
1005007143131228
1005003629772630
1005007315677902
1005007475332516
1005007475278744
1005006132797922
1005006080004426
1005006831633122
1005006116777072
1005006143964243
1005007319529726
1005006533819980
1005007033600341
1005007052820373
1005004616090227
1005003965290440
1005005284236904
1005005469264914
1005007140956005
1005007235859775
1005004655701663
1005007160873242
1005004404314808
1005006258961249
1005004075112820
1005005422404343
1005006441327469
1005007355304875
1005004983976769
1005007197856613
606425897
1005005086889967
1005003091740098
1005006664803171
1005006636036632
1005007393845440
1005007066552174
1005006823224171
1005007632321559
1005005120530982
1005006995447858
1005007360526638
1005006851821871
1005006871395367
1005006877642905
1005006181546175
1005004862154883
1005006385655810
1005004862211424
1005004557255655
1005004793203226
1005005346582067
1005007063530043
1005006804835795
1005007185657070
1005007185345438
1005007081056102
1005006814055104
1005005825346245
1005006833439100
1005006075071539
1005005799480723
1005005749833324
1005005741146436
1005007560905907
1005007283460500
1005007234657165
1005006259486994
1005007527853012
1005006701964477
1005007130248276
1005006702459710
1005006903788502
1005005847713407
1005005563347496
1005006771730476
1005005295865437
1005005336107336
1005006291069901
1005005490656779
1005005818922287
1005007234554336
1005005417566519
1005006121244958
1005006947956484
1005005517639304
1005007490043158
1005006856872968
1005007458197679
1005006729351561
1005007301861161
1005006867520055
1005006103338902
1005007060533907
1005007060082002
1005005403408109
1005006121371964
1005005266186830
1005005232399191
1005007123112972
1005007386357181
1005003924095818
1005006924542839
1005006164927686
1005006164992070
1005007352480070
1005007211998923
1005006830874006
1005006674450921
1005006116659738
1005005787810980
1005007121480267
1005007097071967
1005007008747932
1005006667933993
1005006735793386
1005005293228932
1005005266882234
1005005806349960
1005005459931147
1005006337522872
1005005371729532
1005005673498354
1005005676543358
1005006841773623
1005004230048713
1005006787986201
1005006691005528
1005006690326296
1005006666369151
1005006454772335
1005004101787830
1005004277048890
1005004227015250
33037158594
1005006289038127
4000068058322
1005002312036751
4001120619115
1005005771433262
1005006255164687
4000147637653
33024401729
1005002283260667
1005003974284153
1005003777777039
1005002312028748
1005006285668859
1005005750815795
1005005526439406
1005005223929530
1005005644945999
1005005807631016
1005006509174144
1005007119050791
1005005194811902
1005006390350413
1005006335016500
1005004721199807
4000922261766
1005004105640601
1005005996998904
1005006189214261
1005006125824187
1005006117567761
1005006113549587
1005006140929547
1005002543278967
1005004277975176
1005006209996310
1005004508384375
32863476241
1005006703713633
1005007575669449
1005007531556667
1005005393627909
1005006703378386
1005006702643819
1005006702627528
1005006468328650
1005004407374619
1005006421683346
1005006828044397
1005005254323636
1005007534166339
1005006819678034
1005005809102020
1005006674266427
1005007576482489
1005004616880277
1005002480846543
1005005421874752
1005007583719045
1005006396656702
1005007346979857
1005007538782170
1005005219579811
1005007286921296
1005006117627422
1005006107461700
1005006107264973
1005006703800231
1005007533989740
1005006775004167
1005006431516145
1005007526691399
1005005835855225
1005007583557394
1005007558600620
1005004615742603
1005004807406843
1005006686020963
1005006119713240
1005006667778979
1005006731348107
1005004807538242
1005007577467632
1005007636265881
1005007536718604
1005007308710571
1005007308690884
1005006703013543
1005007308845910
1005006261952561
1005003378652401
1005007160372624
1005004068885885
1005006240584621
1005006855561746
1005005016898500
1005007526627946
1005003494528873
1005006330700583
1005007661875261
1005006430683600
1005005284258342
1005006325502229
1005006820097651
1005005284022235
1005006800975880
1005006959420156
1005006702786549
1005006703006145
1005006304026907
1005005628660156
1005007615718472
1005003924085778
1005006862845004
1005006774795599
1005005301438609
1005006426268738
1005007558636634
1005005303496888
1005007577319622
1005005215416669
1005007538049208
1005004616719719
1005006775105003
1005007623143664
1005004813449366
1005005694138611
1005004600224883
1005004069941111
1005004060408149
1005007558949223
1005004616806364
1005007392657023
1005005393608500
1005006846941932
1005007577517540
1005004553059881
1005007573383837
1005006335749921
1005006188707484
1005005639751514
1005006897287646
1005006508806426
1005006853134893
1005006337739630
1005005015790844
1005005736282199
1005006783573714
1005007278288730
1005006503666307
1005005977664471
1005005992246478
1005002543223498
1005005688103449
1005006673636798
1005004449562957
1005007336047993
1005007550410299
1005006326291973
1005004971114569
1005002543277389
1005006668376798
1005005739311791
1005007583512529
1005007526973046
1005006335057667
1005006404675342
1005005017733562
1005007123185668
1005004140028624
1005007160566236
1005007525293533
1005007546259612
1005007526955001
1005007534169297
1005005291440135
1005004069869577
1005004616880953
1005005226483449
1005006117915500
1005004795953099
1005005372660008
1005007577585411
1005004813450439
1005004068903639
1005007558671950
1005006862765320
1005005820184506
1005007026618069
1005005644900714
1005005254097106
1005005734464765
1005007294454311
1005007198103389
1005004600207394
1005005283973234
1005007160315576
1005007550942188
1005007604888895
1005006840930782
1005007122615917
1005007615667395
1005005923815566
1005005554856240
1005006828723291
1005007615850216
1005004635560132
1005005283182476
1005005925554659
1005007644559123
1005007615613858
1005007643919043
1005005821225906
1005004774338352
1005006105210366
1005006073234426
1005007615723329
4000074217046
1005006176390670
1005006748754517
1005006337510809