1005007428690805
1005001339501163
1005005656105460
1005006416309472
1005005993621935
1005007395759183
1005005735676088
1005006748633594
1005006793607102
1005005855095118
1005006436586312
1005006921598772
1005006854008433
1005007344859610
1005007317973116
1005007372097092
1005007434687443
1005006226544680
1005006776937010
1005006826509099
1005006450571206
1005006964093975
1005004131658377
1005007143260151
4001339623550
1005006766881889
32519726757
1005004898403534
1005007010049995
1005007250478338
1005006758972442
1005005961154672
1005002686685283
1005007427813216
1005005743354991
1005006505476795
1005005753562429
1005007441315165
1005006788402908
1005006343769507
1005004068707388
1005007211009179
1005006790389138
1005007244210329
1005006075634545
1005001505324556
1005005056171224
1005003980108447
1005007392840823
1005006905761616
1005006703794097
1005006954754030
1005007051627855
1005005129392909
1005006750118901
1005005683226333
1005006884822727
1005006421876294
1005006834799955
1005005803005611
1005003371950273
1005007171352010
1005006586954823
1005007219010664
1005006946569482
1005007320620937
1005007418254582
1005006957117245
1005006162216361
1005006247451165
32887805194
1005003108519716
1005006637433966
1005007255383006
1005006850404356
1005005865069792
1005002288123276
1005007345323520
1005007192819716
32846983807
1005006634851286
1005007160822079
1005004337219888
1005006308667578
1005007369458706
1005005881209237
1005007414369994
1005004910296688
1005007427035828
1005004200182239
1005006385183948
1005003016574643
1005007418432387
1005005298251321
1005006280366183
33028448415
1005005676049881
1005006948909332
1005006838281523
1005005638026671
1005005804978504
1005006419956923
1005005452568034
1005005340499225
1005004047867965
1005006871804514
32921895098
32824727051
1005007264970058
1005006748015669
1005005846942742
1005007426976926
1005005993795369
1005007037647239
1005006211773817
33008802291
1005007037922382
1005007459658187
1005006199465145
1005006962243054
1005006186147328
1005006533457276
1005006578243953
1005005263678574
1005006519342941
1005005775388810
1005007076920960
1005005771536140
1005006125172617
1005006832694053
1005005855601473
1005007010086661
1005007337040494
1005006672893318
1005007092524546
1005006942805651
1005006681080541
1005007438148825
1005005676059840
1005006232873310
1005006391529855
1005007275907734
1005007459574381
1005006891207665
1005006221418479
1005007369185792
1005007146076038
1005006807274810
1005006591575027
1005007444100185
1005006973602541
1005007137036822
1005005720709194
1005006850355897
1005007462340664
1005005994671419
1005003385541107
1005004723979974
1005006844669300
32888287196
1005006577342854
32956580082
1005007372110225
1005006525996285
1005004033733933
1005007167328208
1005007077304269
1005006111217048
1005007005166671
1005006025356427
1005007247015902
1005006804165330
1005007000572365
1005001844184568
1005004232086800
1005007371479724
1005006203767328
1005007254243579
4000989672271
1005006831117544
1005006852666198
1005004594977179
1005006816616912
1005005992047561
1005007457125666
1005007176156186
1005006771692231
1005006767126832
1005007258598400
1005005042870914
1005006826171863
4000062748927
1005005222321296
1005003459395377
1005007395289796
1005006848763137
1005007421318881
1005003476998330
1005004290016823
1005006592454634
1005006263285410
1005007465831643
1005004908650499
1005007344739805
1005003016538882
1005007044126325
1005006203130696
1005006877274528
1005006564916318
1005007427850869
1005006601093509
1005006078789962
1005007219766700
1005002342364208
1005006064728657
1005004526810783
1005007169621002
32257208428
1005006525997065
1005005979497182
1005007295066731
1005006515532666
1005006749296178
1005005483107131
1005007130149139
32990840660
1005005969626444
4001034032550
1005006382077615
1005007140683458
1005007440460543
1005007404373470
1005006563913562
1005007440253907
1005006748362178
1005006972771785
1005007052451188
1005007138120406
1005006259337921
1005007419130338
1005006599371471
1005006114514709
1005007411525352
1005006901969846
1005007095218701
1005002965502727
1005006609464065
4001279676224
1005005438932866
1005006749364297
1005002167997247
1005006893208509
1005007052892907
1005007036761550
1005004776328994
1005007384289171
1005003777165862
1005007404783178
1005005467449516
1005007459867859
1005007280891594
32892290196
1005006601741312
1005006357052792
1005007057900455
1005006767357101
1005006958666257
1005006348585354
4001261616120
1005007358274308
1005006150193449
1005006968307318
1005006826408645
1005006865763696
1005006389832839
1005007335619742
1005006684831480
1005004709910845
1005005543961797
1005006022701448
1005006034813870
1005006760137522
32990361509
1005006117462623
1005007465273916
1005006524823638
1005006681333019
1005006165300591
1005006638454337
1005006378772192
1005007006546365
1005004957600626
1005006864901979
1005007327154881
1005006987232941
1005007076170172
1005006981746840
1005006757102128
1005006277690833
1005006413046426
1005007088452302
1005006303077267
1005007218680569
1005006748065551
1005006525947164
1005005676267008
1005006219742762
1005007074830671
1005006022761028
1005007059417772
1005006952307380
1005007189996005
1005007305551077
1005006138142587
1005007327335585
1005005605700434
1005007369185452
1005006748320424
1005006653732110
1005006022680593
4000131553190
1005005899668716
1005006895808537
1005005958215553
1005005676285948
1005006825398198
1005006323701980
1005006546064139
1005005548251173
1005006165323529
1005006862013096
1005004246573918
1005003975000825
1005007395816001
1005006863786763
1005006857568513
1005007236196526
1005006607307571
1005006813430367
1005005888921485
4000453016917
1005006259008437
1005007343930589
1005002782677743
1005007051914912
1005007384173166
1005006826952903
1005005979175517
1005006842717930
1005001292723805
1005007380095472
1005006877307407
1005007437652894
1005004988054931
1005003083932352
1005006924264499
1005004827864551
1005007316049690
1005007463199478
1005007454280408
1005007449512139
1005006828532453
1005006806869452
1005007127714933
1005007201725268
1005006889027233
1005003016589499
1005005999088499
1005005980809261
1005006924287468
1005006022667651
32788240809
1005007193652372
1005006171080719
1005007095701695
1005007238166366
1005005663887489
1005007396927163
1005006664812805
1005007153428948
1005002577054835
1005006759052227
1005007149063007
1005006610019096
1005007426707981
1005006362052858
1005006858171874
1005001608379896
1005006355361638
1005006877308365
1005007273604675
1005006748956046
1005006569676319
1005006233511923
4001315607850
1005006232979538
1005004957722140
1005006901951936
32597855182
1005007118871861
1005005487046240
1005006022672554
1005006429335747
1005007308346406
1005006077873501
1005006963540681
1005001808162744
1005007176405546
1005004068306754
1005007075174176
1005007355627093
1005006976958029
1005006701682088
4000085507623
1005006207392601
1005006895351044
1005006563693827
1005006046875105
1005006930838718
1005006828030501
1005006727479159
1005007370097012
1005006890780180
1005007038046822
1005003518256451
1005007306632797
1005006950383446
1005006904707418
1005006303751620
1005007105288817
1005004600536922
1005006906492659
1005003434012516
1005005468529007
1005007063077982
1005002221950994
1005006722872968
1005004511671737
1005007288870900
1005006912282447
1005007335562048
1005003189858719
1005006754419887
1005006926391731
1005006606976859
1005007485212479
1005007489357209
1005007477808905
1005007488009999
1005007482888706
1005007484026441
1005007487802176
1005006441288127
1005007438549145
1005001947906802
1005007394274124
1005007134103399
1005007228967042
1005006683176826
1005007140240861
1005006290201905
1005002933037980
1005006362190517
1005007429389422
1005006219754875
1005007330750733
1005006964929849
1005006211082017
1005006995985957
1005006607397869
1005007333336907
1005007093790176
1005007010335607
1005006904440879
1005007095890438
1005007159835407
1005007170225245
1005007060256103
1005006582039488
1005007168763369
1005007010628037
1005007335458478
1005005676224183
1005007201828332
1005006019966775
1005006416327706
1005003523337759
1005004139119202
1005007012380226
1005006462371728
1005006619840733
1005006508821733
1005006117155044
1005006475539299
1005006269924948
1005005430367534
1005005859690570
1005006262349601
1005006168463455
1005006425829449