1005002277859326
1005006788756507
4000053418076
1005006113115711
1005006716851375
1005005796038842
32983664149
1005007121978717
1005007636169448
1005007587159626
1005004967573279
1005007567726359
1005007288661541
1005005094456802
1005007045847515
1005007295032879
1005007131619182
1005006912448687
1005007579604524
1005006897611507
1005007417146165
1005007417177122
1005006532997101
1005006511127461
1005005397201783
1005007518547322
1005007313737264
1005003096448633
1005001371027768
1005007530672563
1005006848442797
1005007046380756
1005006674846101
1005004533472070
1005001737332131
33020030531
1005007407391648
32944470641
1005007575831489
1005006821102322
1005007309211890
1005006037339912
1005006674954516
1005005880368587
4000293644996
32881902398
1005002426172570
1005007401077271
4000078678617
1005006706825846
1005007628094122
1005007431896302
1005006981414166
1005005824704009
1005006439922846
1005007095586995
1005007102869577
1005006600108214
32557352675
1005005237172489
1005006462921010
1005006111613219
1005005629458855
1005005397319181
1005007440266874
1005007451936434
1005006497980454
1005003803616538
1005007395957150
1005007417126190
1005005140455489
1005005032351595
1005006719491237
1005007265289112
1005007628065279
1005007625432435
1005005981939137
1005007550806081
1005007128046107
1005006462819821
1005006283812054
32844267195
32871702102
4000096542759
1005006723302248
1005007557143247
1005006304540891
1005005536524820
1005006912124674
32555981218
1005007309797558
1005007095915499
32844642303
33018076798
1005003455400301
1005007594799878
1005007165913334
1005004693103081
1005005397255248
32997084771
1005007419640708
1005001764632820
1005002317007685
1005007096096047
1005004062467650
1005003410372902
1005004512640370
1005004521658504
1005006789099847
32966691359
1005007477440336
1005007640488232
1005007588185574
1005005115267534
1005007417125115
1005007614659936
1005007552443659
1005007144734871
1005006723277386
1005003413819873
1005006286751433
1005005197761167
1005007372872783
1005003820053498
1005007440155568
1005007393591367
1005007131397481
1005007580725724
32917064881
1005006427755052
1005005307629600
1005006948665296
1005007416872811
1005007452846225
32948998979
1005005844710284
1005007101236727
1005007625433643
1005006177601612
1005007392276578
1005007438948732
1005001634122177
1005004452829181
1005007103167846
1005007625793794
1005005845017838
1005006676751179
1005007407489593
1005005307654249
1005007349495404
1005006814989251
1005007416781700
1005006287219577
1005005601966548
1005002314547255
1005005023835831
1005006924635606
1005006452576409
1005007461514593
1005005228926484
1005006653339049
1005003413125832
1005007395872041
1005007471187357
1005007494719002
1005007395660915
1005007625641228
1005007393745713
1005007407383808
1005006280355710
1005007402158180
32824990611
1005004512947976
1005001705620279
1005007106000870
33053438734
1005005816594689
33017365552
1005006280521334
1005003333518271
1005007594376374
1005005434404094
1005007581192932
1005002527363564
4000402286405
1005002434007452
1005006968818942
1005007402803886
1005006318813638
1005006152577537
1005006737726087
1005003495751545
32851259925
33047883000
1005006372402509
1005007586211802
1005004378049769
1005007335288566
4000126148604
1005005388346434
4000392556825
1005001834866560
1005007575313872
32826011794
1986007318
1005003803895002
4000202221398
1005005351234361
1005007417099129
1005007393687109
1005007396013195
1005007407387797
1005007551598112
1005007630619557
32881806943
1005006272485599
4000197277819
32871010853
1005007129433410
33018072697
1005007282240193
4001093686269
1005007615417163
1005006096525306
1005007023120405
1005007115988036
1005006710341507
32895485097
1005007306779182
1005005932725713
1005006912300661
1005006377291360
1005007417095536
1005005118338475
1005006102918397
1005007543720599
1005001961662619
1005001659477774
1005007412009589
1005006065671456
1005007295011628
1005007098357797
4000042883615
1005007393756093
1005002311733820
1005007046395669
1005007439854301
1005007315705020
1005007633249110
1005006499517086
1005007645779656
1005007425831054
1005007350071610
1005007416709814
1005007407389860
1005007407455830
1005007416680771
33020042186
1005005653669982
1005007137977162
1005005518359453
1005007501440905
1005004145034818
1005006432138634
1005006015879482
1005006286556615
1005007575563404
1005006921154212
1005007645682883
1005006361028905
1005004739801359
1005006275339183
1005005143452583
1005003646484842
1005006569998776
33048527596
1005004488586718
1005004575011479
1005006326174071
1005007033601913
1005005514998092
1005005725879815
1005007416684851
1005007646139050
1005007610411720
1005007083928684
1005007393868201
1005001834913267
1005007586676101
1005007391409896
1005006855864014
1005005621602366
1005007464991326
1005007416976659
1005007432532412
1005007419944275
1005007416630992
1005007570936526
1005007575567318
1005006326067669
1005007137872427
1005007393956038
1005006461731695
1005004512693218
1005007302870530
4000099524707
1005006963261285
1005007587382858
1005007392539807
1005006719364676
4001256093727
1005007316168894
1005007464658806
1005007594877651
1005005895142754
1005001615408268
1005005867180226
1005005936009942
1005007045558417
1005006315069212
1005006280382791
1005003423143215
1005003974316244
33044573746
1005006259171453
1005006871279008
1005007322042696
1005007378543480
1005007239500655
1005007409819662
4000392532829
1005007517664162
1005005874898675
1005005819481539
4000391830199
1005005209375977
1005007417017438
1005007395853681
1005007395627976
1005007417012563
1005007568428757
1005006326077461
1005007393658945
1005005549684865
1005003658475314
1005005353842147
1005006505498654
1005006912306012
32824874182
1005007438928768
1005006037502628
1005006870672515
1005007392492263
1005006788904278
1005005992767157
32462932130
4000078717086
1005007566813188
1005007599628292
33039675737
1005005315907363
1005007649708759
1005007629892903
1005005781387944
1005007133298114
1005007334917232
32916992812
1005007610792664
1005003534433697
1005007395604892
1005007417022550
1005007432500573
1005007407424634
1005007561023700
1005006326106393
1005007393740296
1005005034532433
1005007599478498
1005007242862456
1005005680416319
32855044413
32654890498
1005007298552395
1005007148729871
1005007567017533
1005004131347853
1005006231960868
1005006429997665
1005007458824276
1005006037506179
1005006825231118
1005007353929331
1005002661287413
4000400674492
1005006461724673
1005006012985738
1005006219203231
1005007553194463
1005005122921274
32888884411
1005005857196133
1005007282252142
1005004421626512
32845174395
1005005992307194
1005007618930253
1005007635089087
1005007511502127
1005002745242133
4000711902637
1005004881461881
1005005878196157
32846849214
1005007622547992
1005005472215050
1005007416744582
1005007395915109
1005007419752392
1005007407276925
1005007520209920
1005007137909248
1005006326121237
1005007599583418
1005007393525903
1005007316563129
1005007519528550
1005007137550861
1005007579682247
1005006827645557
1005007165713719
4000087018047
1005006280443070
1005002120999168
1005004424088366
1005007353921728
1005007334586693
1005003532960486
1005007614615893
1005007410607160
32855638649
1005004208611153
4000925956361
1005007409727428
1005007410372518
1005006963112622
1005005237166803
1005005122898850
1005007635059861
1005007419876594
1005006126415312
1005004761637386
1005007615160392
1005007539140579
1005006870430779
1005007649272036
1005006722569685
1005007420675236
1005006962075804
1005007320731291
1005006716158527
1005007640401688
1005003803269790
1005007413310427
1005007417138179
1005007407742003
1005007420261023
1005004521741146
1005006326093511
1005007129425815
1005007393666984
1005007599583223
1005007615064048
1005007328956747
1005007607919531
1005007607495987
1005007413289913
1005007526599982
1005007556451714
1005007640352748
1005006267654024
1005005680697117
1005007334450890
1005005448992549
1005007394079211
1005007607541573
1005007607416874
1005007535713925
1005005820078203
32967220170
1005007669290088
1005007660304919
1005007661603719
1005007654702212
1005007679275274
1005007663597195
1005007663346770
1005007655162601
1005007676818276
1005007678721853
1005007657106315