32967989804
1005005458266648
1005007490775542
1005007490664861
1005004987870796
32968593205
1005004838295552
1005005456672417
4000333425332
1005002523275987
32991215792
1005005459390306
1005006208515601
1005003375874300
4000119035890
1005005279127580
32987702214
32983713819
1005007490919143
1005007651927069
1005006524460388
1005005465557752
1005002244509901
1005007654024250
1005007654313551
1005007653673376
4000076997190
1005007657478721
1005007657545530
1005007477472284
1005007490957096
1005007460694480
1005007548683592
1005007477189705
1005007468378990
1005007445120775
1005003511495113
1005007644685532
1005003795665088
1005003968167684
1005007471983903
1005004060257391
1005003497087792
1005007580358345
1005007467481133
1005007183465059
1005006243829239
1005003430667248
1005005187651578
1005007644916004
1005007186488389
1005006449992076
1005006793549298
1005007490953080
1005007651690364
1005007477221692
1005002709589198
1005007490644906
1005007468083704
1005007647461998
1005007149760784
1005007183295458
1005007183481018
1005007470592416
1005007577368163
1005007470370388
1005007439420980
1005007288359319
1005007109813382
1005006930772015
1005006075068890
1005007644772086
1005007180903702
1005005065991366
1005006036261096
32836833952
1005006436456866
1005006789189446
1005007086689513
1005007456114750
1005007287819312
1005003606517110
1005005444307427
1005007470600696
1005007490602985
1005007468099699
1005007467725626
1005007467974912
1005007649211021
1005007477158856
1005007490995022
1005007180833811
1005007460618511
1005005474547835
1005003692813241
1005007472412167
1005007181249679
1005007545788713
1005006815725167
1005004987869674
1005003497074754
1005006780920840
1005007500667134
1005007313838979
1005007181157138
1005006838254767
1005006443072179
1005007546633957
1005007354734546
1005007288061193
1005003311469672
1005007480931631
1005007470458240
1005004796340671
1005006821095047
1005007460470896
1005004988151600
1005007490945126
1005007473824269
1005005506500521
1005007490725647
1005007467796559
1005007468422906
1005007467001486
1005007648204859
1005007490956089
1005007470267597
1005007183225599
1005007472109766
1005007460678401
1005007477411542
1005005124352924
1005006913572731
1005006820889737
1005007464982024
1005007039733886
1005007490683803
1005007490970073
1005003603705268
1005006697827280
1005005199670557
1005007460781303
1005007651468451
1005007605991442
1005006172663470
1005006938743282
1005006834432508
1005007546942227
1005007468647516
1005007466826757
1005007490924168
1005007477398509
1005007647288674
1005007044029034
1005007460501813
1005007490612995
1005007180704267
1005007279493268
1005007439643502
1005007490804492
1005007460923033
1005007490749596
1005006834220840
1005006282346105
1005007261266729
1005006809219362
1005003259049316
1005007473455965
1005006848754444
1005003723221769
1005006429200344
1005007510413831
1005003077955512
1005007651733283
1005007473695880
1005007490899199
1005007467959293
1005007468399944
1005007477574083
1005007011824843
1005007477104879
1005007473605716
1005006908001083
1005007460780309
1005007472168669
1005007369615876
1005003213647538
1005007546692830
1005005353911488
1005003265449633
1005007477532214
1005006884971988
1005006878744371
1005007546943237
32971169095
1005007481115152
1005005147045737
1005005506567021
1005006925368455
1005001619716457
4000334616112
1005007577920114
1005007466998510
1005007477268613
1005007460558615
1005007467675741
1005007477332504
1005007490688792
1005007468796262
1005007460785321
1005006725907054
1005006624823213
1005007654741089
1005007654661055
1005006777934607
1005007490678797
1005006848194455
1005007356400099
1005007477303607
1005007068827277
1005003242263444
1005006758878886
1005004426332751
1005007546861432
1005006363154615
1005005245439525
4000087568222
1005007356297385
1005006777872851
1005007368280255
1005007039741887
1005007577826323
1005007445173543
1005007128172038
1005007470917005
1005007477418489
1005007460436992
1005006721959224
1005007654739281
1005007490796482
1005007477576076
1005006778272534
1005006961913945
1005007468947614
32848297269
1005006791589686
1005007460550762
1005007361114275
1005005006740523
1005007464816109
1005006962005534
1005005123893455
1005003497195044
32866552535
1005007023418874
1005003497163366
1005003497217065
1005003221190801
32760110021
1005007490964061
32855793719
1005007279385827
32987630856
1005006739803191
1005005344485450
1005004210816784
1005007577685622
1005007467257401
1005007490925161
1005007040830341
1005007470713378
1005007477286594
1005007460486853
1005007490885256
1005006777210992
1005007460582665
1005007477391494
32983733795
1005007464700294
1005005506466560
4001204427595
1005007546897349
1005004072073893
1005007546956173
1005007546724795
1005001402209519
1005007547005080
32989131506
1005007546767633
1005007352699485
1005007630292835
1005007546757724
32989726668
1005007354332542
1005007546768687
1005007445372084
1005007460673398
1005007477317581
1005007477463363
1005007460913068
1005007460478941
1005007490650827
1005003912571683
1005007470318906
1005001993412676
32925938447
1005006719520525
1303501933
1005007546960183
1005007464536848
32986728636
1005007546794568
1005001994726601
1005003842671526
1005003497086754
1005005969606596
1005007546877357
1005007546812520
1005007546710785
1005007546797588
1005007546748721
1005007546995075
1005007577671574
1005007490684753
1005007460567614
1005007468670409
1005007460720460
1005007490826422
1005007460674486
1005006666375642
1005007546862385
1005007546850432
1005007546625981
1005007547006073
1005007468807132
1005007546925271
1005005969661049
1005003663561951
1005003497172197
1005007766808098
1005007800643929
1005007792138482
1005007785130693
1005007630268850
1005007747009040
1005007710696369
1005007703197038
1005007445348192
1005007460514708
1005007470425934
1005007490707774
1005007460559712
1005007490813435
1005007468781171
1005007710239347
1005007751290894
1005007710359013
1005007716038066
1005007715625534
1005007712345602
1005007721722865
1005007721761966
1005007710049907
1005007710032953
1005007710017000
1005007710006886
1005007710332065
1005007710171627
1005007710149659
1005007710045910
1005007710202533
1005007439727345
1005007460612546
1005007477526221
1005007439908044
1005007445201470
1005007460797202
1005007477350594
1005007444934963
1005007651897165
1005007052020794
1005007477127848
1005007490618952
1005007651611903
1005007460860408
1005007445375184
1005007651788203
1005007127996407
1005007445445029
1005007651495975
1005007460498755
1005007445084772
1005007466958991
1005007490635867
1005007490980043
1005007490854321
1005007490764545
1005007445114690
1005007467140585
1005007467252395
1005007444954950
1005007444952947
1005007445382114
1005007473689927
1005007445353159
1005007490946104
1005007439551783
1005007490753592
1005007439637484
1005007439912022
1005007490969050
1005007444983943
1005007490722701
1005007445396074
1005007490965068
1005006679810925
1005005130984157
32864153355
1005006165492272
1005007015629536
1005007076648626
1005007183781246
1005007118499242
1005007537119610
1005007556266042
1005007153600646
1005007488615848
1005007526540273
1005007393106201
1005007355468356
1005007258557051
1005007341105503
1005007364307893
1005007384006092
4000172832051
1005007573378808
1005007607285131
1005007457563861
1005006433707524
1005006850264561
1005006030304610
1005007187138987
1005007098423898
1005007318460866
1005007188239776
1005007187405347
1005007298966888
1005007308727877
1005007300728866
1005007240752630
1005007242742978
1005007216135407
1005007217743884
1005007510368523
1005007526264818
1005007335360379
1005007063004910
1005007611994191
1005007631106193
1005007519900131
1005007517928710
1005006280600000
32377899654
4001170681589
1005003643975143
1005006760103191
1005006762241499
1005006659115643
1005006107504406
1005006107721226
1005006107633432
1005006463600010
1005006792658749
32855709624
1005004990403905
1005005324541751
1005007576737362
1005006984326934
1005007019778988
1005006984842664
1005007176024862
1005007118690112
1005007140169170
1005007124726649
1005007181648927
1005007181542561
1005007174726071
1005007324720703
1005007321476728
1005007318630276
1005005067074420
1005003432084170
1005006108612057
4000123850029
1005006159746753
1005003232218263
1005002282928210
1005006159389935
1005005204786365
1005003207780319