1005003341979114
1005005200397691
1005006995084919
1005005946776969
1005005823719453
1005007360237071
1005004647148289
1005006435306505
1005007550420451
1005006881438652
1005006336080819
1005006864005482
1005006593316112
1005007332197984
1005005642670756
1005007406931666
1005007180515875
1005006366333845
1005007017660101
1005004403220760
1005006083674973
1005006875488033
1005004641419022
1005004182190595
1005006743177718
1005006108582023
1005007094129377
1005006974138444
1005006313762183
1005007310363997
1005007052333509
1005006304745051
1005005275399564
1005007576006762
1005004279521272
1005005827668128
1005006968779540
1005004933393986
1005006015439509
1005002612070061
1005004771016911
1005005828767067
1005006265759870
1005006341251452
1005007518698470
1005007585431705
1005007378608485
1005006011908748
1005007382415845
1005006430039063
1005004762867580
1005006399674204
1005006412681720
1005005127688797
1005006994451243
1005006724846561
1005006006057609
1005006640339698
1005006243152288
1005007531496067
1005005429562879
1005004150416926
1005007468174458
1005003500115266
1005006594140772
1005006780439887
1005002440178438
1005007532074944
1005005053438961
1005007523550744
1005005931886105
1005007382307602
1005006740833088
1005005758432130
1005007148453636
1005007210895459
1005006324649376
1005007136722695
1005006304757976
1005006348280396
1005007574287673
1005007175857424
1005003166022991
1005004967213973
1005006375238948
1005006309817330
1005004407572031
1005005823761577
1005007138574221
1005002116338999
1005006063490068
1005006120363677
1005006049400439
1005007197258936
1005006043593370
1005006412736650
1005006869073160
1005006336222940
1005006877017879
1005007326798791
1005007143227566
1005004728560425
1005004840432114
1005007374608066
1005006609176347
1005002327946104
1005006818486996
1005007093880751
1005005026220186
1005007431379056
1005006202814803
1005006412924471
1005007353877730
1005006185398634
1005004348050090
1005007332634689
1005007103221573
1005007332357822
1005007390417293
1005006744742803
1005004167300232
1005007045281983
1005006997189802
1005006160665554
1005006691142922
1005006304576973
1005006830708603
1005006597164707
1005005800727330
1005007260197108
1005005936594384
1005005481542681
1005006913307697
1005003144509751
1005004803078602
1005007168090713
1005004753577801
1005005823769245
1005007204835795
1005005989880426
1005006123191639
1005006046291956
1005007335386725
1005006912407436
1005006874842527
1005007653499754
1005007506280559
1005007278302499
1005004139085171
1005004110970999
1005004957646210
1005006903354174
1005007333396265
1005006144146058
1005006890696051
1005006586693500
1005006748672133
1005006203317762
1005006968351061
1005007103515266
1005006883002888
1005006466721262
1005007520599527
1005006771522403
1005007103331291
1005005513175335
1005005669421128
1005007123166590
1005006753949969
1005005758313813
1005006833552850
1005007444192339
1005005929879338
1005006170117669
1005007043856496
1005006830238524
1005007425324795
1005007266103826
1005007130653869
1005006917385312
1005003944228899
1005004832609207
1005006895136640
1005007050971010
1005004338447468
1005006236857921
1005006974667664
1005006878039825
1005005948747188
1005005969680488
1005006654940377
1005006845391349
1005007408242659
1005005853289586
1005007407839683
1005005906115510
1005006388576466
1005007316661411
1005006135944914
1005002388112571
1005003499832756
1005006421727248
4000459474118
1005006182263682
1005007182278187
1005006890073379
1005005142131623
1005007444821486
1005007096240101
10000000622785
1005007145348612
1005007101381181
1005005969614657
1005006993301918
1005007006759610
1005005942716395
1005006724697908
1005005805765254
1005005425083248
1005001929644240
1005006262758496
1005005757819203
1005006085777524
1005007531023300
1005007468527262
1005006670852852
1005005457245612
1005005801881256
1005006371133517
1005006279428031
1005005801293868
1005006743606044
1005006402450155
1005002884781769
1005004199775346
1005006335069035
1005005818492133
1005006381097753
1005007168143809
1005006860732773
1005007354008466
1005006863941662
1005007333741581
1005005906207115
1005003650750814
1005005012245268
1005006174138181
1005007050493947
1005005114816530
1005006167543964
1005002630274119
1005006772299654
1005006505572300
1005006860926899
1005006083671965
1005007625456204
1005007431596879
1005007097655911
1005007050517991
1005006999845198
1005006412796981
1005005929553142
1005006748455377
1005007448526133
1005006883264148
1005007103023581
1005007462771888
1005005169125185
1005007111432404
1005007582088411
1005007266764509
1005002110950249
1005006855772287
1005006792191114
1005006998038012
1005006789478045
1005005589803871
4000751776698
1005006368491056
1005003882100966
1005005136302810
1005003642942781
1005005648378210
1005007470665095
1005005901885570
1005006591930121
1005004634837224
1005007005120065
1005005804226397
1005006119520418
1005007536990243
1005006726542457
1005003596392730
1005007328455002
1005006134774559
1005007361248140
1005007268365850
1005007258209267
4001223215657
1005007421194999
1005007313640051
1005004295474213
1005007332398008
1005007572078259
1005007474196996
1005007116425661
1005007624038305
1005006978803264
1005006743549823
1005004909797473
33047108820
1005006284471128
1005007175220959
4001037463547
1005006108460818
1005006123519581
33011540974
1005007514354573
1005002346098457
4001038540536
4000985950981
4000992605369
1005007672408174
1005007734211376
1005007734085890
1005007733483816
1005007780618217
1005007710562805
1005007712026598
1005007689718680
1005003807671253
1005004334051012
1005003409545444
1005003316477724
1005006173000351
1005005703922926
1005007553127203
1005004603164472
1005002784540361
1005005717029202
1005004523400479
1005007622060358
1005007510209300
1005007621107956
1005005817500333
1005007239654030
1005007325011262
1005006190921550
1005007398273601
33043889064
1005006963243745
32947850596
1005007368561293
1005006641654186
1005005954171329
1005006366121485
1005006297876417
1005001447463318
33061386517
1005003154522061
1005003079593346
1005007301586422
1005007424690690
1005003688287947
1005004702470947
1005006374798624
1005006102598783
1005003400389699
1005003506380148
1005007099562935
1005005560062662
32601826067
1005004958511984
1005005210105499
32918436782
1005006807684101
1005006318170638
1005006148839812
1005006960328303
1005004610926022
1005006855902051
1005006582595426
1005002919789364
1005005928659876
1005004927331289
1005006363589130
1005007431795575
1005006067234086
1005002233835771
1005006879616217
1005005694646182
1005005881676050
1005006477571101
1005005342741113
1005006287790477
1005005742313650
1005005019653499
1005006248120240
1005004747768848
1005005699387259
1005006924036662
1005004255723577
1005007065311195
1005007500982759
1005004744854517
1005003243908010
1005006388602417
1005007288662028
1005007512383072
1005002916758978
1005004275424287
1005006152410332
1005003159895468
1005005944087709
1005006336398613
1005007617795825
1005004904997697
1005006457838382
1005005477839010
1005006859802635
1005005946857401
1005003171985797
1005004055989558
1005002206019671
1005007618039848
1005003248697951
1005005737246618
32875854530
1005002210084143
1005005730137364
1005003190888282
1005006165079290
1005006777320928
1005006213036373
1005007759093338
1005007758740948
1005007731414936
1005007723329142
1005007730761287
1005007713778812
1005007665620269
1005006354064782
1005003172007686
1005007489999995
1005006381564055
1005004791170772
1005004709740590
1005006816144926
1005003778914119
1005003127833928
1005007398681689
1005003656794364
1005007728342168
1005003127383526
1005006281725413
1005003170696366
1005003154900556
1005007122787872
1005003160565508
1005002666200879
1005007142963049
1005003912179051
1005004709529109
1005006748395652
1005002749140132
33053811440
1005003275650329
1005005458955481
1005004412786317
1005003556352538
1005004145346823
1005003494184692
32713822855
1005004587188516
1005006302499754
1005006439254122
1005002130021218
1005006273229627
1005005685860487
1005006055048016
1005005458144760
1005006743297123
1005005436130828
1005005969605053
1005005578295292
1005006016826753
1005003924656355
1005006472517591
4001209120082
1005006994431737
33056308888
1005006151308189
1005005278434593
1005004912740361
1005005278292972
1005005902311603
1005005796963160
1005006460096150
1005006309844576
1005006803463147