1005007382703774
1005005856490682
1005007393723681
1005005651573097
1005007442781338
1005001394558532
1005007362242947
1005006981915051
1005005897224379
1005002904276927
1005006978606733
1005007054282202
32884249551
1005005492902563
1005007455155990
1005005996628990
1005006583041128
1005007159685898
1005004936527441
1005007393645924
1005004920517507
1005006634871045
1005006065103794
1005006717480944
1005007464203160
1005006944450985
1005006873639215
1005006832112431
1005006560184174
1005004766680303
1005006583765406
1005007133033508
1005007140973552
1005007184885576
1005005965917490
1005005481620387
1005005720185819
1005005564516874
1005004691152807
1005005956002760
1005007198816972
1005006919214496
1005004251233540
1005006961379213
1005006967781352
1005007224589859
1005004488016552
1005006680074183
1005006641441360
1005007367604610
1005006594830782
1005006919719341
1005006858618166
1005005996603188
1005006919497942
1005007070240192
1005007087106618
1005006430326861
1005007149187957
1005006997275170
32962602547
1005007344868314
1005007081775273
1005006734369470
1005007004419844
1005006689225012
1005006855683137
1005006919589834
1005006925048148
1005005175412778
1005007030467184
1005007383111847
1005003630657296
1005007268110140
1005006831988930
1005006488711154
1005007026480921
1005006855913775
1005006997103975
1005006265812343
1005006486053842
1005007185118110
1005006855818597
1005006924822443
4000085852177
1005007264431404
1005001572386475
1005001548480450
1005005207448273
1005006750615729
1005007109544990
1005006036415388
1005006825949533
1005007066599105
1005007142429609
1005006589714289
1005006918869035
1005007255407012
1005006623484482
1005001309084492
1005006310261521
1005006839227957
1005007217268460
1005006976481347
1005005244990364
1005007453112316
1005006856064504
1005004595790508
1005004574462791
1005005763840026
1005005651563147
1005007206832417
1005007195825326
1005006743115029
1005001998971529
1005006904339939
1005007354329172
1005007208909316
1005006919933666
1005005754979912
1005006969647987
1005003770625757
1005006923986487
1005005956071042
1005006860531774
1005002348376419
1005006638432764
1005005455212330
1005001465004885
1005007393887600
1005003804039621
1005005617830918
1005004147705920
1005002324270943
1005004242416627
1005006657637259
1005006749574144
1005005729952628
32821136926
1005007252006464
1005005620786759
1005007161795046
1005006377470603
1005002016863634
1005005065052010
1005007007099000
1005007339663726
1005005916659252
1005006671358070
1005006859156960
4000376806764
1005004219848722
1005004550839246
1005005665515852
1005007174964908
1005007142554764
1005006331734246
1005006382194422
1005005471091227
1005007002892290
32754555425
1005006589710089
1005006924025890
1005006762315748
1005006284889674
1005004771160067
1005005687851049
1005005725378278
1005005828024587
1005007170366665
1005005458153040
1005007198540252
1005007019578689
1005006269836057
1005005508657378
1005007317467542
1005003271227581
1005006416653350
1005006879226321
1005007008155918
1005002491564841
1005007071935369
1005006886965941
1005005842369602
1005006406995380
1005006644286584
1005007100016127
1005006827120988
1005005791055013
1005006898775574
1005006786783722
1005006247005613
1005006856798416
1005006960233632
32808848219
1005006962425689
1005006975380321
1005006873163439
1005006766048556
1005006965896679
1005007327296190
1005007011177040
1005006165586314
1005006940400963
1005007103252800
1005006033856735
1005004007188343
1005006992938881
1005007296517100
1005006317917158
1005007226470986
1005005093755914
1005006371768611
1005002637407566
1005003909670464
1005006395475907
1005006722001923
1005006808976675
1005006989670447
1005006955413364
1005007340483546
1005007024190088
1005006147478892
1005006748183987
1005005988166887
4000154904874
32775120616
1005007297337787
1005006988885830
1005006866171277
1005006843380972
1005007218100889
1005006718514792
4001181185212
32982027300
1005005985726497
1005003027199302
1005004068805227
1005007075189233
1005007188083315
1005006978357562
1005007086624725
1005007223827877
1005006970516066
1005006821784179
1005005769130446
1005006775145508
32810548049
1005006629358125
1005004104765423
1005006914292772
1005005753163079
1005003101970409
1005005584306090
1005006768475282
1005007105281443
1005005811979254
1005006536943231
1005007317848038
1005006629681045
1005005910295879
1005007038159992
1005007189827682
1005007209031883
1005007339537165
32819477837
1005006127420448
1005007071805542
1005004063633492
1005007082751177
1005002680751936
1005006056324359
1005007317574601
1005006516085695
1005006838047373
1005006814728517
1005006140326430
1005007059137150
1005007220302065
1005005240814620
1005005192479346
1005004248132647
1005007481082309
1005006620651354
1005007004021660
1005006858042892
1005007257984564
1005007047005768
1005006889530316
1005006012325593
1005007067079709
1005004679109160
1005005882120943
1005007036825848
1005006104310983
1005006050671046
1005006849146331
1005007115482318
1005007352816647
1005006770113341
1005006851970946
1005007181084864
1005006955344543
1005006402638646
1005006706073123
1005007123663245
1005006042968012
1005006889409819
1005005407038219
1005006656102795
1005005227364117
1005005528248405
1005004550415460
1005007027038938
1005006998997888
1005007159940141
1005005609437504
1005006804189097
1005005685334808
1005007199125512
1005006187309593
1005006438865785
1005006604634632
1005007128615443
1005005869470505
1005005966666997
1005007021210829
1005005924222994
1005005537639473
1005004447757402
1005007071495777
32988845963
1005006752730735
1005003656633984
1005007061278809
1005006688214368
1005007084076568
1005006795561088
1005007022037514
1005004522820050
1005006820605525
1005005835463543
1005002311060691
1005005798393123
1005006837808659
1005006517559307
1005006963741908
1005007299136464
1005006473782039
1005006892542016
1005006128766724
1005006621054076
1005004870057088
1005001947641519
1005005725216901
1005004890546175
1005006843086144
1005004509613266
1005006833032136
1005004128795544
1005005648672007
1005006884209551
1005006149786036
1005006634906285
1005007282937377
1005006855240321
1005007126662271
1005004851896801
1005005472957160
4000072510022
1005006246885842
1005006659440637
1005005029610229
1005007151347303
1005007206198026
1005006116693015
1005006812088653
1005007410415954
1005006043428477
1005005309438631
1005006379958518
1005005971482440
32860880486
1005007246494868
1005007325474805
1005006870899800
1005004610271721
1005006940311746
1005006877023564
1005003381158224
1005006522473542
1005005960970190
32921686485
1005006981664977
1005002299503117
1005007125191276
1005006279315158
1005006472591185
1005006174363043
1005005585957714
1005005301479323
1005006847620178
1005007414826488
1005006824537936
1005006461049041
1005006973468680
1005007442377069
1005006634965666
1005005438833761
1005006903442808
4000864324015
1005006956901652
32842755262
1005005837916901
4000273818533
1005006307613422
1005007435109433
1005002430959290
1005006019824177
1005006953805360
1005005093601952
1005006980702114
1005006622064012
1005006842780784
1005007423482087
1005007339389247
1005006804908993
1005007073558932
1005006595690646
1005006694632300
1005006479949539
1005006631203940
1005006670630236
1005006361775933
1005006752472775
1005006980375255
1005006918564002
1005005649014276
1005005706997847
1005005818627910
1005006906420093
1005004691700636
1005006856779978
1005006712234269
1005007228875848
1005005887456812
1005006972690177
1005007156612778
1005006062319114
1005006499550579
1005007124988995
1005006367105873
1005004026460787
1005004615679426
1005007459351094
1005002139108865
1005001694616833
1005007051188157
32888731054
1005007375101581
1005005559979886
4000904152679
1005005984207261
1005003403960334
1005006634505938
1005007063206614
1005004638523250
1005001628718052
1005001441655909
1005007001721135
1005006866831234
1005006468803728
1005007034337295
1005007063187737
1005007171567159
1005007472952713
1005006169783834
1005007476632554
1005006530721655
1005002420147036
1005005070337596
1005006616027128
1005006623669067
1005004563645732
1005007247091283
1005006475640457
1005007335094940
1005003705490558
1005007259869335
1005007128302216
1005006594227510
1005003677675645
1005007169986516
1005007389817074
1005007322283972
1005003705765198
1005006770088515
1005006645634418
1005002717092297
1005002836572429