1005006854670796
1005003464804117
1005006592734500
1005006093131612
1005007075499824
1005005936167049
1005005600732810
1005007010002802
1005007424657301
1005007076202098
1005006965905594
1005007391074600
1005001757411672
1005005333994423
1005006318539937
1005007023182093
1005006016043738
1005007118459023
1005007187393102
1005005785155896
1005006969001595
1005004895182382
1005007002823402
1005007359062559
1005004694622212
1005007268187327
1005006674573045
33050773649
1005006881669009
1005007002995293
1005003506527211
1005006316748543
1005007117630894
1005005834563889
1005003887560931
1005002648357473
1005007435683260
1005002285827043
1005004277465425
4000837340396
1005006773070401
1005005725802375
33059442315
4000377315808
1005007557352991
1005006625956147
1005006689496792
1005005983674725
1005007255498867
1005004433068155
1005007144949259
1005004718992737
1005005261995548
1005007002088184
1005007549986315
1005007036846334
1005005983749295
1005006722965916
1005002074644067
1005004892647569
1005006610680317
32859505812
1005007198233393
1005007121075830
1005007561314909
1005003661821472
1005006300519838
1005006091458698
1005007426342691
1005007169517504
1005007586333301
1005006300512829
1005007535331838
1005007413215703
1005007095516489
1005007102442734
1005007082994174
1005006641067390
1005007104116093
1005006690387877
1005007252755760
1005007138175871
1005006757026598
1005006723340714
1005006690529062
1005006723109148
1005007065063725
1005007117544054
1005006534299043
1005006824369226
1005006722734411
1005006374809058
1005007116701052
1005007234892092
1005006722890011
1005006233101986
1005007052893826
1005006735223064
1005007130676247
1005007084209917
1005007211536682
1005007075113055
1005006232522830
1005007082287877
1005007121674876
1005006589746575
1005006592480021
1005005635928137
1005005389735302
1005006574788045
1005006217692484
1005007262846684
1005005910754217
1005007250382332
1005007407260397
1005003527658805
1005006319104633
1005004655920175
1005006243199859
32692490468
1005003351276669
32458997666
1005006634295606
1005006243090047
1005006831832391
1005006298683737
638827057
1005005801977325
1005007490831717
1005005621948829
1005006844893309
1005007432268326
1005007432001733
1005006567003575
1005007432143551
1005006625093987
1005007526538290
1005006181086146
1005007568491182
1005006780979850
4000316823499
1005007204111478
1005007685713700
1005007334152776
1005006161293171
1005006956442007
1005007304066993
1005007380767336
1005007455342833
1005007623488271
1005007277870425
1005004308183102
1005006584138437
1005003261553635
1005004397006098
4000639543636
1005004386660762
1005007566305651
1005005517109599
1005006162108395
1005007045017831
1005006162291270
1005004599947298
1005005829498479
1005003405619650
4000639511058
1005002424207434
1005001483791721
1005005404448161
1005004490903417
1005007541416215
1005006931854888
1005007316121202
1005005626387192
1005007479607256
1005007089646376
1005007385618548
1005007235458216
1005007248467014
1005007203343330
1005006505612181
1005006457900291
1005006023067207
1005006611273679
1005006965864919
1005005459207274
1005004453504930
1005004818602423
1005007027722107
1005005871051918
32863004779
1005002810976218
4000389887658
1005001322124478
1005005826851538
1005006258926731
1005007013134367
1005006947934098
1005007762762179
1005007762941308
1005007762672175
1005007672157417
1005005344123068
1005006349311020
1005005879188215
1005006388297470
1005004711435507
1005006041685230
1005004295189871
1005006608635098
1005005833752650
1005004836596511
1005005820947974
1005006824603432
1005003255084021
4001028262234
1005005137243195
33052516337
1005005969541824
1005001798523692
32958814230
1005006490375749
1005006365872117
32670428064
1005005791946493
1005006936745528
1005005095978999
1871502450
1005004073579960
32272000094
1005006035948082
1005003207764885
1005005076002201
1005004119151794
1005007182396303
1005005549775948
1005004873289650
4000986873938
1005004290897451
1005006263537673
4000790398402
4000988964842
1005005382794696
1005006814998024
1005005976205707
1005007548591273
1005006852000211
4000054894524
1005005942287384
1005005795408274
1005006372293929
4000076411825
1005007005459810
1005006453892548
32821807902
1005002895320859
1005004476583076
1005005437257128
1005004908958136
1005007198184190
1005004054791238
32912914384
1005006431227875
1005004230193563
1005002914990805
1005006947199276
1005005479326869
1005004088066811
1005006619978678
1005004518453161
1005005437331715
1005002091731940
1005006123828917
1005004752019115
1005004650846603
1005004083236854
1005003584021983
1005003935341207
1005003440760043
1005003830077511
1005004123568599
1005005392477485
1005001883275362
1005004707775246
1005006142547772
1005005976286995
1005006484497288
1005002927569494
1005007182984558
1005006941535456
1005006744052736
1005005889652064
1005005997064568
4000370068569
1005006744132145
4000052010084
1005005206147219
1005006055690244
1005004158099842
1005005200154749
1005001809465163
1005006483914475
1005004536439773
32714818611
4000810993720
1005002532615565
1005006107876924
32887358986
1005003410838234
1005004728115312
1005005105140290
1005006018760840
1005006845026398
1005005388058911
1005002631357733
1005005234544255
1005005053415827
1005002437496169
4001166433913
1005002637027737
1005006133409619
1005003155854775
1005005437208916
1005004113622910
4001259681239
1005002166652284
1005005904527969
1005004373125257
1005007002859029
1005006050755318
1005004497616231
1005003657697611
32760684555
1005003078277307
1005006988999906
1005007574528614
1005007368968932
1005005496314908
4000227903676
32969803459
1005001616318847
1005002040291654
1005007083286665
1005003978432140
32302629243
32723178301
1005004757912217
1005006848673330
1005005824666927
1005002935211323
1005003083975108
1005002649256067
1005002260786576
1005006449759462
1005004538389572
1005007487256963
1005005355152792
1005006519498828
1005005632319492
1005002848428444
1005006279107002
32659125405
1005004786593339
1005001626219112
33046108379
1005002965048911
1005001652473109
32739171431
1005004661006759
1005006956698160
1005001436826497
1005007567021726
1005004544737008
1005007364538795
1005002320711514
1005005226056296
1005002661826264
1005005644836692
4000395286838
1005007215498838
32988324496
1005002843207807
32219952466
1005004303905005
32931717110
32264073572
4000038875673
1005006234013399
1005005879636051
1005005707377823
1005005994643914
1005007259475587
1005004300556128
1005003602092191
4000005062528
1005004093368477
1005005494805477
1005006193210719
1005002828732843
1005007072735648
1005005840632498
1005004437506264
1005006114744826
4000250224646
1005001966308970
1005003370759780
1005007426446050
1005006326069110
1005006240226174
32984579845
4000850811192
32979456015
1005003136321445
1005003031476044
4000799625472
1005006696747907
1005002700648671
1005007068642868
1005004779512176
1005003740895451
1005005644946312
1005002848515706
1005007009487372
1005005667489711
4000930898509
1005006029280091
4000879273885
1005006366074273
1005007547977096
1005004518224193
1005006233930937
4000467825184
1005005437289313
1005001677951129
1005003978074830
4001189023397
1005002703323887
1005006005754399
1005006728293997
1005004088773562
1005003755173394
32854118418
4001180591412
32944393835
33059647467
1005004833118222
32982785671
4000926796945
1005005961893227
1005006620147235
1005001435660199
1005004108754250
1005006279107003
1005004893847975
32976583109
1005003006890387
1005003652143310
1005006845341076
1005007633267094
1005007653722184
1005005874667896
4000382850279
1005006584845464
1005006578633626
1005003834985502
1005006873525812
1005003477640971
1005007272149417
1005006748658196
1005007030415587
1005006475171408
1005006856617377
1005002685327774
1005005317514525
1005004775991959
1005006413673503
1005006263786059
1005004631761101
1005006599135684
1005005902974485
1005006444580797
1005006655456385
1005004942418420
1005006897224653
1005004609992299
1005007017808763
1005002836591158
1005007166579298
1005007124516030
1005006625371087
1005005221422972
1005003080837198
1005007032950507
1005006871251002
1005007135788143
1005004962592244
1005006328557954
1005006771876529
1005007368163399
1005006599295668