1005007584987140
1005006244665679
1005006488198515
1005005072603830
1005005847428954
1005006101770310
1005006762987459
1005001662204416
1005007360121353
1005007124286464
1005005510266672
1005004414031816
1005006411537011
1005005708339322
1005005676623749
1005005823276104
1005006950169093
1005004953301500
1005007326433294
1005004856449819
1005007436894826
1005004828243173
1005007046903001
4000433919724
1005004765429904
32926115196
1005005074902793
1005001774619642
1005004210825162
1005002340698374
1005004354980759
1005007096593004
1005004830067791
1005003016873350
32960396327
1005007535652108
1005006893850943
1005001968495238
1005007541523922
1005006393228364
32814337272
1005007482475534
1005006918148488
1005007211150873
1005007623771770
1005005906299671
1005006220495658
1005006058289061
1005006955685100
1005002661531402
4000510542317
1005006943798387
4000428739675
1005006917103214
1005006332818053
1005006337248642
1005005252978644
1005007556840728
1005005209015727
1005003983049546
1005006276829644
1005006253240855
1005007485703390
1005004147523169
4001065367767
4000459444439
1005004355197195
1005007634984390
1005004790606140
1005007634531098
1005006053216941
1005007428487302
1005004994831403
1005006423131134
1005001332318110
1005005392672154
32894216788
1005005763377688
1005001475625616
1005003344624538
1005003443441701
1005006038574631
1005006422595675
1005006482497760
1005007453490078
1005005974099335
1005003650019407
1005007424900441
1005002657481204
1005007372921669
1005004355168106
1005006053267094
1005005002996031
1005003721794735
1005002038460879
1005003103570796
1005007532912709
1005006949869069
4001154549739
1005006111987742
1005002332961816
1005007575180246
1005005722411513
1005007324247348
1005002345833500
32870419765
1005005166495852
1005004351661033
4000329116545
1005003716080055
1005006035417522
1005004308232513
1005006821575222
1005006917647780
1005007226482635
1005001824612024
1005005943981043
1005004355269485
1005007364015443
4000533016207
1005006046685232
1005007434886488
1005006756203311
1005004780016047
1005007533131058
1005003415005409
32829312741
1005007436063431
1005007635191629
1005001406064100
1005006148990445
1005006054167437
1005006398667796
1005007398928249
1005003714776915
1005006422612607
1005006943875206
1005006861952765
1005006949996730
1005006032230648
1005006226545516
1005006046300403
1005004450669822
1005005839554598
1005004813040534
1005004067499838
1005006131108741
1005006033131129
1005006918026824
1092262400
1005007474975633
1005006461402305
1005004374133661
1005005766559875
1005006882642054
4001227903448
1005006334964181
1005007547509466
1005006280493301
1005007633668477
4001151181906
1005007540912384
1005006966175851
1005006473439628
1005006141585183
32969316439
33063471548
1005003728742878
1005002758632234
1005004438543884
1005004308212825
1005006223111943
1005006129723352
1005007127449950
1005007582988225
1005007422148369
1005006058397616
1005004830171371
1005007653829579
1005007535147558
1005006949971842
1005007169902313
1005006397628111
1005006860703799
1005006017886964
1005007584257566
1005003742805002
1005007588316540
1005006366229054
1005006054305890
1005004940677575
1005005638999928
1005005604729069
1005004354853513
1005001644019992
1005007535651418
1005006198838703
1005006946428386
1005007364060589
1005007209552123
1005007532977557
1005002276575820
1005004180918051
1005006740700313
1005006151809377
1005007447813300
1005007475925323
1005002468687613
1005006895412427
1005006894379128
1005002051530665
1005004748563319
32956979676
1005003720537814
1005001653045142
1005004244484078
32926079225
1005004122256846
1005005953712693
1005004412727933
1005006403993493
1005004790570212
4000248264555
1005003400270175
32987192025
1005004210607452
1005005716370879
1005006867281443
1005004797782556
1005006844175590
1005007436191258
1005007397051245
1005006058191812
1005007553780848
1005007534327175
1005006395126066
1005007588254662
1005005935240108
1005006123866141
1005004822456492
1005006053216608
1005006375255205
1005006943672572
1005006907657208
4001116788229
1005006052037895
1005001324948407
32811639559
32624771010
1005004220269451
1005006913047840
1005001996957810
1005006129861536
1005001763076029
1005007535656162
1005006385232644
1005006586479766
1005005523762978
1005006134982958
1005002732063387
1005001445637073
1005002869609151
1005006336352653
4000766885970
1005003019799802
1005001762713215
1005005416742294
1005002563834138
4000870685387
1005004180342552
1005006943807613
4000926017013
1005006733101856
1005006837755183
1005001445744110
4000247856618
33016589553
1005006128347633
4000107922149
1005006823054488
1005005993029648
1005006322819827
1005003664387227
32252583666
1005007620800241
33020815813
1005006837514857
1005006276995296
1005005835436507
1005007654023229
1005006058283089
1005007428177947
1005007411122613
1005006398421719
1005005715470060
1005002275393298
1005006422740436
1005001555233491
1005006821648086
1005006889992011
1005005856603375
4001183274934
1005006837577907
1005002870494525
1005001727111835
1005006168472250
4000158685597
1005003471567652
1005006055933945
1005001380078181
1005006778982983
1005007071561320
1005006371176916
1005006771686345
1005006101621689
1005006048977375
1005004861201049
1005007625426795
1005007535633783
1005005342840882
1005002038410235
1005006916268976
1005006148332356
1005005619751869
4001332006519
1005007044949485
4000286826762
1005003761282617
1005005686618681
1005006845818211
1005005998549603
1005006955757226
1005002054086435
1005004753854303
32677120144
4001054248440
1005006042292237
1005004779231054
32897805232
1005002457060011
1005005057935645
1005007514687623
1005006890217317
1005005559793712
1005003991174359
1005007003804703
1005007428207916
1005007400280003
1005007413279445
1005006053292258
1005006054063991
32879534394
1005007448704547
1005006025365723
1005004609110146
1005006950190001
1005006188784603
32985214432
1005005078581446
4000930241013
33016027689
4001119344577
1005003563945418
1005006916908773
1005004308264041
1005006943751220
1005006276967428
1005006031190793
1005003468041630
1005006054339618
1005005685720980
1005006916556004
1005004622067405
1005006215784973
1005006054156505
1005006332931129
1005002551574615
32625563217
4001116807059
1005002527089524
1005005844969507
1005005646918442
32675297592
1005006046290454
1005006810220386
1005003468023138
1005006290049381
1005007530095844
1005004443096614
1005006053833600
1005003713736641
1005004032456387
1005005576488189
1005007217627294
1005004133243533
32495209140
1005007057740099
4000381603647
1005006140899880
4001119718331
1005006383297010
1005006134816894
1005007456388276
1005007560739344
1005007431788300
1005007554019152
1005006047182728
1005006837685162
1005006058434326
1005006821626143
1005005449592739
1005007052910298
1005006837628594
1005005686216287
32963412210
1005002205225993
1005005638984144
32625791674
1005006033838433
1005006822991233
1005006981455893
1005006276945590
1005006061366737
1005001689776928
1005006365565989
4000766868411
1005002511449404
1005006233438970
4000183252129
1005001763149352
1005006373411869
4001240946074
1005003424426190
1005001689264834
33040370536
1005006054310742
1005006996128084
1005003502094903
1005006607433103
4000436466078
1005004284445199
1005005824869427
1005006101653716
1005003868207473
4000077243403
4001197216068
1005005715390523
1005002136706623
1005004221561844
1005006243185399
1005006402368962
32997072326
1005006341961278
1005002205471527
33020903861
4001116767493
1005005843961084
1005005824667426
1005003518701661
1005007535582182
1005007442732894
1005007413342318
1005007372953431
1005006053313187
1005006943764620
1005005449466152
1005006837772212
1005006859481705
1005006056096004
1005005642956824
1005005684438907
1005001469947815
1005006046769113
1005005619963799
1005002205884253
1005004628913238
1005006249756064
1005003435380969
1005002205448105
1005006276935601
32675553560
1005004537057464
1005007493831842
4000182998849
1005005015221100
1005005232079357
1005001582590584
1005004204403883
4000183248542
1005004536688047
1005004299224698
32749783434
1005006276946595
1005001682401130
1005003070517254
4001296995554
1005006276875852
1005001795391934
1005006276937149
1005006368527213