1005007066174095
1005007286624472
1005007066250021
1005007066166119
1005006748853259
1005007504282513
1005006223254789
1005006446752398
1005006447768344
1005007329099367
1005006417810046
1005006417672606
1005006973440998
1005005222569810
1005002985801102
1005007394032609
1005007598752352
1005007340978865
1005005756739010
1005006944577587
1005007444170478
1005007593242171
1005007592488346
1005007223954787
1005006610729010
1005007510790135
1005006935506636
1005006514108443
1005006613774384
1005007011371885
1005006019816761
1005002337836628
1005007513090887
1005004603591887
32742102710
1005003662609136
1005003779754946
1005006890074974
1005006550094703
1005006546727595
1005007592891957
1005006974001925
1005007295187791
1005007343042115
1005007444106926
1005006366439647
1005007463499825
1005007463640529
1005007245114385
1005006826448944
1005006332065884
1005007538276873
1005006143481939
1005006513698785
1005005320227822
1005007273820424
1005001971615632
1005006794053419
1005006792752483
1005006521051021
1005006984330684
1005007592541965
1005007535565503
1005007593260177
1005006856778611
1005007130104293
1005007403607382
1005006739503780
1005006883535253
1005006883445161
1005007508596083
1005007535568979
1005004393049999
1005007103380142
1005007225053662
1005007077772024
1005007228843009
1005006779580525
1005006686922745
1005006856358860
1005006860525265
1005006856596144
1005007011257588
1005007660121307
1005006043951668
1005006423965697
1005007566878246
1005006417455723
1005006794061665
1005006560858981
1005004328338606
1005007593201369
1005006661325961
1005006643292599
1005007212444256
1005007185947957
1005007434089962
1005007427597742
1005007080224792
1005006803650868
1005006755438506
1005006772540263
1005007011741314
1005006757139733
1005007363151082
1005006254389516
1005006319310825
1005006007690052
1005007489271501
1005007544631983
1005007139508059
1005006773165869
1005006213648213
1005007098072150
1005007359414779
1005006798569179
1005007639607533
1005007634272861
1005007408180356
1005007417051012
1005006664103642
1005006315524087
1005007058518932
1005006844477713
1005007592495961
1005006670601781
1005007051018514
1005006634208866
32841003233
1005006904588752
1005006920230462
1005006249540654
1005006433910778
1005006498614586
1005007300741553
1005007488725970
1005007563656899
1005006237660604
1005006325298230
1005006663980514
1005007017726484
1005007223789531
1005006655781724
1005007184966125
1005007184303731
1005007177871982
4001024528178
1005007202322492
1005007137327167
1005005763121398
1005007335201487
1005005053028249
1005005986697391
1005007167471185
1005006895764685
1005006959795284
1005006754256174
1005006948891112
1005006998583348
1005006998205931
1005006056384996
1005007226211411
1005007171324842
1005007661208909
1005007445130284
1005006258562896
32970078620
1005007013537446
1005007010437776
1005006797834191
1005006691196594
1005006697886894
1005006671831367
1005006480468523
1005006421099297
1005006479543784
1005006336896576
1005006607201302
1005006168429542
1005007447932074
32993929562
4000328245592
4001024519345
1005007009328700
1005006768110063
1005007054484644
1005007147099639
1005006862480961
1005007218649065
1005006889188882
1005006792001680
1005006784235344
1005007211800892
1005003976018203
1005006647814256
1005005427043449
1005002159768851
1005004379242528
1005003028000332
1005007597136953
1005003878140494
1005006477772529
1005004942322236
1005006373717870
1005007090896320
1005006500172472
1005006712536325
1005006370090228
1005006316752887
1005006717751729
1005006890478446
1005007059683729
1005007082585215
1005006524135903
1005006429661007
1005007016814291
1005007016917215
1005007331368543
1005006737504985
1005005916568342
1005007594028997
1005007562899177
1005006852525183
1005006339783076
1005004179022113
1005007597457103
1005004941082439
1005005178875573
1005006257883125
1005006439312689
1005007102675155
1005007101844223
1005006944591541
1005006422219677
1005006390129390
1005006944337737
1005007030644900
1005006855957115
1005002711465568
1005006412706164
1005006594772031
1005004032106452
1005007262915475
1005007470263849
1005007470308669
1005006774108128
1005007376252546
1005007462865726
1005007453416692
1005005488017493
1005006013933231
1005007029430069
1005007117976350
1005006828810692
1005006815162500
1005002798639438
1005005475881521
1005006505633347
1005006439165357
1005006466093357
4000633000530
1005005261853618
1005006266234395
1005004379889008
1005007356995683
1005006980856124
1005005355806967
1005007333935789
1005007331514551
1005006789260819
1005007328719005
1005007235941967
1005006961078729
1005007302826369
1005007302194071
1005007098164555
1005007077668978
1005006209105300
1005007248238690
1005007178545343
1005007048320935
1005006610810445
1005006834413965
1005006891180865
1005007420018715
1005007199788662
1005006406991966
1005006406900289
1005007248245714
1005006436367389
1005006823773648
1005006849903017
1005007031212712
1005007036151999
1005007036232969
1005007031233935
1005006420380086
1005004899170964
1005006691814800
32970829669
32857981654
1005005573479851
1005005476212778
4000979562654
1005006962572885
1005006944689406
1005004874112241
1005005935398239
1005006917464881
1005006885115022
1005005941714400
1005005919511152
1005005900242791
32871735824
32766071747
1005006841149298
1005006829043057
1005006783835262
1005006813739674
1005006804426282
1005006762999463
1005006759774156
1005007487582697
1005006873953582
1005007402407232
1005006284760965
1005007248407403
1005007030328259
1005006991859547
1005004898391452
1005006751391979
1005006315419633
1005006196249177
1005006742040390
1005006719514325
1005006694409152
1005006251511571
32992072742
4000666576091
1005003803815438
1005001813535858
1005004107723243
32878227125
1005006459194294
32867363169
1005004328035096
1005003414296348
1005005367813240
4000979677424
1005001785263264
1005004418651177
1005002117401943
1005002412591972
1005006270601004
1005005780708792
1005005109447760
1005007317332724
1005007030423106
1005007683041586
1005007683414007
1005007682214981
1005006873138945
1005006724492252
1005006885344911
1005007032144831
1005007524245512
1005003610127545
1005006883075805
1005007030331446
1005007559976348
1005007097235073
1005006883193122
1005007592118941
1005007643471927
1005007032141501
1005007032307337
1005006795575662
1005006883781191
1005006849940855
1005006418567073
1005006838015357
1005007613447184
1005007633595982
1005006794128213
1005005952570899
1005006771352758
1005006340749732
1005007643198000
1005006949051053
1005007098160487
1005007513793594
1005007007387068
1005005941642861
1005006926236305
1005006885439185
1005007096800854
1005006743943893
1005006664726126
1005003161945984
1005006851617530
1005007442530602
1005007317241990
1005007255502969
1005007030260817
1005003416427307
1005007643560176
1005007646170708
1005006889610054
1005007086702031
1005006768777274
1005006944582556
1005005215544725
1005006930628947
1005006780817719
1005007122954019
1005006861709728
1005006207077603
1005007076002034
1005007248164993
1005006957034760
1005006822483324
1005007032175806
1005007344142381
1005006944674545
1005007544911232
1005006477612977
1005007611307746
1005006887928799
1005006771672045
1005007504506913
1005007592680225
1005007236466115
1005007592234836
32968766652
1005007344000533
1005006743995848
1005006779532007
1005006337130640
1005005616676571
1005007030481632
1005005081632895
1005006888087263
1005007281631784
1005007086358450
1005006487002464
1005007445591276
1005007513661924
1005005914505804
1005007163213672
1005006963241833
1005006885588769
1005006862622588
1005006795470141
1005005731776042
1005007592881076
1005007032986054
1005006888005582
1005007248114843
1005006708236428
1005006997371421
1005007077691909
1005006878716893
1005004742575966
1005006740933840
1005007066390607
1005007500202310
1005006752236867
1005006302451749
1005007355694620
1005006692283688
1005005131771588
1005006123440284
1005007513865398
1005006748781689
1005007098110598
1005007317943157
1005007003639020
1005006891321917
1005006792745537
32953074122
1005007096911572
1005006779216058
1005007081460012
1005005193232787
1005007269873068
1005006173887935
1005007433255432
1005006884494741
1005001970761226
1005006821475433
1005006888088282
1005007039261504
1005007066111530
1005007248197843
1005006885358891
1005006767580867
1005007346260644
1005006741209140
1005006211258078
1005007102366031