1005005171716394
1005004722233563
1005004906022529
1005001810266405
1005007477767001
1005004829959850
1005005228573389
1005007602268760
1005001937699110
1005007663817466
1005006873209490
1005007524452426
1005004796110136
1005006000428819
1005005982429218
1005005917160088
1005006089120432
1005007355033270
1005005438940176
1005006778543782
1005004785046761
1005004460701005
1005001841418618
1005006898130305
1005007355002850
1005006147261955
1005005828137154
1005005830984642
1005006001948785
1005006158289886
1005006088387202
1005005111704168
1005007433980474
1005005694866462
1005004746258770
1005005748803617
1005006090120872
1005004730443951
1005001841582670
1005001537664011
1005007504847721
1005002205535074
1005006835397613
1005007379289955
1005005938875107
4000061947139
1005006109885516
1005006949476105
1005003666660642
32844555568
1005006779041787
1005004755335774
1005007616077361
1005006945052847
1005007642968067
1005007395663723
1005007630662172
1005007638319187
1005004775765273
1005006085000002
1005003834164693
1005004145117025
1005007453332332
1005004842606426
1005006087925335
1005006945154027
1005005115989491
1005005966859836
1005003652650413
1005006012034877
4000187179117
1005006908423853
1005006822669951
1005002268976446
1005004823026412
4000454224944
1005001831168190
1005005769587137
1005004755613568
1005007542769880
33046310801
1005004684872253
1005006972927205
1005004793125926
1005007117598813
1005005181992044
1005001677823496
1005007334233297
1005006772258290
1005006923240210
1005004714378066
4000288017084
1005004796984811
1005006784797315
4001116799931
1005004897132159
1005005125121448
4000288021828
1005004723468178
1005003819093551
4000072531318
1005006095328258
1005006656520112
4000159999281
1005006741277033
4000461726961
1005004682726236
1005006262384469
1005006115288048
1005007110624109
1005007472802189
1005007608940052
1005003879064503
1005006086627326
1005006089382895
1005006919053471
1005006828180756
4000152804106
1005007116313882
1005004439601833
1005006086910763
1005004823639977
4000416704399
32985371289
1005005122720062
1005005695647116
1005004807923641
32891859844
1005006106086790
4000607548809
1005004975914064
1005006111504402
1005006052298550
1005005601671911
32978804033
1005002229006921
1005006121780403
1005003199507250
1005006001161074
1005005480625770
1005004696843157
1005006730801474
1005007426723275
1005004679278261
1005007183077366
4000062854829
1005006630118040
1005001989203923
1005006629843501
1005006091823204
1005002212121422
1005004690341898
1005002963935428
1005004888698129
1005005363591801
32864858600
1005007633989231
1005005112511010
1005007600460830
1005007184320687
1005006532360053
1005004888297110
1005006100133645
1005007471185113
1005001830242196
1005001688549614
1005003954491912
4000288131919
1005007472606508
1005006944977873
1005004133559480
1005003878790677
1005004147389822
1005007600453817
1005004145002837
1005004975628527
1005007177627016
1005004829863085
1005004830571943
1005007633950598
1005004501341329
1005006741627098
1005004730455327
4000069378347
1005006050109695
1005004723839291
1005006304136170
1005006078713584
1005001989368285
1005003326176749
1005006079058775
1005004847372819
1005004713651075
1005002204667854
1005006108051287
1005006654598602
1005006105556152
4000069306117
1005005108179416
1005004552436526
1005004707203573
1005007154665899
1005005142220275
32894295690
1005006104712753
1005005182799404
1005006123301416
1005003669154361
1005005025228933
32859720778
1005007764720334
1005007771953501
1005007783221465
1005007803085967
1005007803191648
1005007778323247
1005007783200438
1005007782581348
1005007789423953
1005007795698169
1005007773628303
1005007779048097
1005007778662223
1005007803614314
1005007733121046
1005007781418638
1005007781170273
1005007778179932
1005007485676532
1005006737795258
1005006091682514
1005004144260295
1005006088898602
1005003834064355
1005004975794278
1005007634057198
1005004246832704
1005006130968156
1005004496592119
1005002994322838
1005004683682099
1005004709127926
1005004719880990
1005003818569313
1005006103497079
1005006105785753
1005006099266667
1005005009728382
1005005179677943
1005004953577975
1005007623157238
1005007787301766
1005007790188304
1005007795920871
1005007796423341
1005007796987492
1005007797058892
1005007782059133
1005007779079068
1005007779037353
1005007778790182
1005007778295284
1005007778213167
1005007775310342
1005007775568589
1005007772389946
1005007696282060
1005007709119274
1005007694169357
1005007703889623
1005007732988322
1005007736476014
1005007764700413
1005007760676643
1005007711975419
1005007707173341
1005007732655434
1005007714426508
1005007714122164
1005007395680564
1005003134515940
1005004148061313
1005004144172742
4000767065892
1005006077911606
1005006079995171
1005006071532436
1005003887647823
1005006094829443
1005006106901948
1005006104511766
1005005035645332
1005005107721674
1005003418833590
1005007623094460
1005007771475045
1005007765857700
1005007763889891
1005007763289324
1005007759488339
1005007758066540
1005007756641828
1005007756398414
1005007754853855
1005007748878954
1005007748397703
1005007740005217
1005007395803575
1005003838229063
1005003843202873
1005006087747821
1005003825621714
1005004486817818
1005004472916529
1005006054299291
1005006131745252
1005003818349345
1005006105350388
1005006098675489
1005006102895910
1005007755696870
1005007750704560
1005007748419501
1005007747657626
1005007745640334
1005007745335049
1005007744382913
1005007740236638
1005007738384135
1005007735372082
1005003881812139
1005004134159896
1005006107336637
1005004488095952
1005006099609787
1005006099923022
1005006095237976
1005007739634589
1005007737975250
1005007719816469
1005007727808707
1005007711674921
1005007705540587
1005004653338552
1005003807911971
1005004662704049
1005003488258183
1005007698595716
1005007691521138
1005003774329587
1005003437404962
1005005944256321
1005006011468641
1005005778525781
1005006448969465
1005006201067814
1005005767691186
1005005835427048
1005006039739427
1005006231950219
1005006318026491
1005005675024003
1005006374975373
1005006371740123
1005005557726182
1005005835452287
1005007418362080
1005005778589254
1005007218038900
1005007072592666
1005006143566553
1005006132426396
1005005956867972
1005006243979199
1005005592959883
1005004458302198
1005005773759058
1005006097961939
1005002953911454
1005001470004356
1005006148371902
1005005593158217
1005006328316935
1005006158490817
1005005620778987
1005006067073306
1005004301083840
32991861584
1005003387330822
1005003534563902
1005005801916607
1005005925678131
1005006824621672
1005006161010352
1005006426757596
1005004784173671
1005005138493684
1005005217322982
1005004870140452
1005006394356831
1005005522944218
1005007370277781
1005007568832957
1005007569139311
1005005807608051
1005007437674636
1005005590905461
1005006881048519
1005007043183961
1005006808008467
32947121967
1005007488450648
1005006267050392
1005006278886850
1005006272423551
1005004268825767
1005005856386839
1005006075883426
1005007311071327
1005006645035011
1005004529313028
1005007400761278
1005007036002373
1005006716493906
1005007237697502
1005007431396942
1005007031537835
1005005768050713
4000773639669
1005006449684529
1005005875745522
1005007450461150
1005007309319660
1005003173492689
1005006119906007
1005005422268940
1005003102997311
1005006563632077
1005006424945823
1005007408277327
1005007409641048
1005003924632525
1005004905530146
1005007579630650
1005005193503341
1005006144420924
1005005461377561
1005007032086156
1005006771846809
1005006139084812
1005006852288894
1005007454139953
1005007184647594
1005007032844889
1005003065638336
1005007522750812
1005007578919292
1005007258924579
1005006867024485
1005006329451337
1005006528478186
1005006947872963
4000598423573
1005006319116722
1005003036089700
1005007311119136
1005006132026650
1005006808341113
1005001957991705
1005007184091931
1005007243897996
1005002144077591
1005006244920592
1005006241331447
1005006518374115
1005006166810943
1005006065861532
1005006163333975
1005007284660238
1005006874913738
1005006289850784
1005007308883797
1005003324685494
1005007185003666
1005006194922819
1005004582538800
1005005456955496
1005006908811792
1005006640874419
1005005214268413
1005005654387743
1005005637677217
1005007105254424
1005007468963661
1005006357002613
1005005423042030
1005005990035534
1005007569551859
1005005496710662
1005007368173429