1005002382828494
1005007479648492
1005001781297714
1005006723476724
1005003712544440
1005006528730889
1005005805557466
1005006293143943
1005003712309968
1005003712756132
1005003712554411
1005007247354258
1005002383091759
1005007348174290
1005005794212838
1005006739122753
1005006739266617
1005003472689742
1005007382713636
1005001387466601
1005007362478196
1005003472235240
1005006435436864
4000832590631
32811187747
1005003469456656
1005001298353665
1005001298161520
1005001298405336
1005001297787539
1005003472457348
1005007354091408
1005007479778162
1005007479730348
4000790365043
1005001387485639
1005007479641479
1005007478951328
1005003712641493
1005003503736044
1005002377031849
1005006434242221
1005003297782037
1005003641728159
1005007247501054
1005002383091728
1005001830560675
1005003712710298
32960624661
1005003303389949
1005006926419392
1005007104120051
1005003697762877
1005003723468833
1005007728841028
1005007709285508
1005006739176995
1005005654875009
1005005975460331
1005001298122805
1005007637279420
1005007479744299
1005007636731909
1005001297906621
1005007479870102
4000790344613
4000868396598
4000849200325
32823685311
1005003472251992
1005003460789634
1005003472517607
1005007442719488
1005007137952322
1005007384012891
1005005467589223
1005006065111845
1005007497709896
1005005352960403
1005005982090828
1005006698281585
1005007146375721
1005006853695231
1005005564905399
1005006771792142
1005007465571052
1005005564832755
1005007320717248
1005007186465898
1005005720862988
1005007483595252
1005007332028070
1005007427977161
1005007362181852
1005007630400460
1005006915223555
1005005722342757
1005007340719121
1005007321000743
1005007601216105
1005007483622170
1005007595192892
1005007605832191
32878614375
1005006772616928
1005007653641842
1005006961677594
1005007045433342
1005005227574536
1005006116264922
1005006462914469
1005005573419406
1005006787606760
1005004807211802
1005006411442890
1005005872405080
1005003489409213
1005003396936363
1005004377483227
1005005564615258
1005006678157137
1005004274587141
1005006289921172
1005003795288098
1005006612386969
1005005309781780
1005004640072250
1005004922251840
1005006266212730
4000562146615
1005005935898019
1005003588131235
1005005101898123
1005004702106210
1005005720939706
1005004045101370
1005006643796367
1005005697558542
1005006449291651
1005006537487950
1005007038817103
1005006139431011
1005005301179148
1005005412812047
1005006798614800
1005007395882965
1005006302470816
1005006812277780
1005005311192802
1005004921875432
1005006365492563
1005002947903989
1005006618940197
1005004770182671
1005002710607231
1005004418316561
1005006828693953
1005002287437421
1005006127648534
1005006348422959
1005004255054995
1005002356037000
1005007051635919
1005006160243407
1005003396753197
1005006404710337
32827888242
1005004736760241
32902764735
1005006976637340
1005006537284715
1005006534695245
1005002615716962
1005007667683825
1005006074919339
1005007256528982
1005003094017548
1005006068016120
1005003189627478
1005006895564816
1005002273046345
1005007306390624
1005006786748807
1005007433355474
1005006621026115
1005007059157803
1005004407898280
1005006017632167
1005007279855235
1005007518948288
1005006894939926
1005007561121715
1005007384262726
1005006421527727
1005007141841143
1005006213003913
1005006942180829
1005006170761892
1005007330541081
1005006712961748
1005007153801028
1005007170697215
1005004895994110
1005007542638683
1005003262894013
1005006833814684
1005006904507128
1005007531394845
1005007568351763
1005006422867629
1005006156919153
1005006379159410
1005006822365037
1005005934345260
1005005869676274
1005006312005640
1005006372090244
1005007246970807
1005005066592355
1005005587981102
1005007036514289
1005007542666346
1005005081499347
1005006679541327
1005007101110547
1005005201537961
1005006152237932
1005007324625256
1005003993875083
1005006127832617
1005007169174610
1005006530534117
1005007168903929
1005006920176192
1005006982742776
1005006881063582
1005006787039563
1005006067363010
1005007457789042
1005007582515031
1005006064504431
1005007324475121
1005006540526320
1005004021924703
1005005715670446
1005006788556346
1005007625626181
1005006021898906
1005006404188660
1005005949357295
1005006896600500
1005006463242154
1005007233044306
1005005791631346
1005007080637583
1005007052123093
1005006778324454
1005007574035326
1005004277406977
1005006969358132
1005007016202379
1005007052244380
1005006854247850
1005006530271502
1005003432557259
1005002752390796
1005006420107118
1005006370147102
1005007226073582
1005005936938219
1005007077908653
1005001393271136
1005007544991728
1005007091694390
1005007109594506
1005006624877949
1005007557939946
1005007324463775
1005007481994538
1005006418122973
1005007016582038
1005004543334341
1005007544755155
1005004101524542
1005007084580381
1005007475751984
1005006995952566
33004325909
1005006473733146
1005007545883447
1005007545793270
1005007144855678
1005006291949372
4001145651362
32788548843
1005007345270501
1005002679126500
1005006136498734
1005001754217405
1005006422711577
1005007199084278
1005005667440937
1005002386614960
1005007043103860
1005007488462805
1005003131238591
1005005715577065
1005002943710976
1005003386163717
1005005490957730
1005006225325324
1005004351682917
1005006843143944
1005004266443401
1005005504034815
1005005076473127
1005006431601849
1005004802823125
1005007066539337
1005006012378098
1005007375472688
1005002192090659
1005006895631459
1005002917875042
1005002810624082
1005007211600154
1005006284590115
1005006968969024
1005005055254985
1005005413875224
1005007102315083
1005006305400443
1005005295511474
1005005218019625
1005007258477917
1005005517922140
1005007124435631
1005006894585042
1005006488271280
1005006998805141
1005005316606298
1005006844528976
1005001985739722
1005007385703735
1005005133215404
1005007135629899
1005003931784129
1005004984879437
1005005805856423
1005006844198029
1005007218936920
1005005055058933
1005003668391575
1005004387695903
1005003666449272
1005007129439489
1005004678208217
4001322823366
32749896663
1005005687819269
1005003351735977
1005006866671058
1005007082155027
1005005828148952
1005005581727925
1005005866319676
4000558209909
1005003405368019
1005006606408002
1005007518045674
1005001873092800
1005001815830198
1005005714144546
1005006774783074
1005006256922183
1005006972775206
1005002061772231
1005005637543079
1005007418637579
1005001859894989
1005006832042695
1005005963452580
1005006832959854
1005002837229318
1005006959127501
1005003746084682
32750110608
32863460996
1005001815739766
1005004756854526
1005006922659589
1005003712373843
4000412361112
1005006890108206
1005006917321908
1005007287071797
1005005525471857
1005006285131592
1005006952670368
32777458689
1005004213764291
1005007169013777
1005006870035910
1005005875713993
1005007446602905
1005006381550617
1005006083284513
32922328293
1005006409384177
1005006981038668
1005006083978714
10000031012660
1005004922141978
1005004504452197
1005007294117699
1005003781432575
1005003097928013
1005003717484905
1005007188490250
1005007525271609
1005005245775708
1005005725095052
1005007413984454
1005004017061335
1005003481350167
1005001908252570
1005001566894892
1005007202670453
1005006468597592
32734903802
1005006882702000
1005006108988109
1005007620320564
1005007310588014
1005007128144582
1005007015239144
1005007587752050
1005007350516791
1005007348576408
1005007363074416
1005006655420480
1005007043277211
1005007587708195
1005007348537305
1005007562285603
1005007079907154
1005005866181036
1005004691592690
1005004792630013
1005004834586989
1005006303984795
1005004327307683
1005004040285755
1005004713965109
1005005489156440
1005007346250151
1005006954566257
1005007482302099
1005007341493492
1005007563901407
1005004080294329
1005005609381257
1005007344071270
1005007587454851
1005007262450862
1005006081970134
1005005303643685
1005004173694634
1005007343692213
1005007636465332
1005007655567183
1005007598067555
1005004787642014
1005004242378241
1005007576011982
1005005779303337
1005007542434807
1005004523089123
1005006553303124
1005006552918468
1005006777462156
1005007190189248
1005004729655074
1005006862067454
1005006095388585
1005004820505293
1005004553680524
1005005873019760
1005005873000297
1005007191387611
1005005610374818
1005004558674762
1005007557906821
1005007308295447
1005004333979280
1005004546168813
1005004820380885
1005003565081706
1005007677074487
1005007655322720