1005004016885983
1005005858740937
1005002963879827
1005007138950268
1005006335759853
1005007138909277
4000098521302
1005003750524506
1005006920096766
1005005137982660
4000051042248
1005006276790723
1005002747928744
1005005818388796
1005003829580739
1005006448230662
1005002695792409
1005003943130941
1005004854752699
4000498930084
4000348197419
33007286859
32835435265
32863813320
10000004743858
4000348278252
1005005605678500
1005005899120225
4000309867179
1005004046600120
32926095346
1005007320011715
1005003847163623
1005007555840813
1005007516428824
1005001620907534
4000965464105
1005005613914741
1005004291303034
1005003611743649
1005007226253962
1005007094066111
1005007137752458
1005005075438970
1005006947928100
1005006974079023
1005006920157702
1005001966071906
4000271739912
1005004573153457
1005002532974895
4000300341384
4000744946302
1005006912493695
1005007639966578
1005007016175720
32992351763
1005007393614489
1005003589705436
1005006450539903
1005006918354336
32901625354
1005003235429863
32966651431
1005007168502436
1005007261980614
1005007539755836
1005007016252592
1005007340696357
1005005142704561
1005005140612089
1005002323833910
4000529748390
1005005954573722
4000087866605
1005003141517784
1005007100996393
1005001624874847
1005006186331422
4000102729016
1005007399153286
4001361084031
32961518222
1005001561195994
4000504515739
1005007316122949
1005006642100276
1005006063958660
1005007586289846
1005004333559416
1005006835187415
1005006935056808
1005004502467538
1005006597824762
1005006880120412
4001264816099
1005006505135066
1005006362182870
1005005816411845
1005006123867457
1005006756707054
1005004100973975
1005004792607597
1005004019558877
1005007329827277
1005007335791907
1005005094347833
1005002516399364
1005004784557705
1005007505121481
1005007511110750
1005006582701277
1005007508838513
1005003247651995
1005007344126162
1005007519836151
1005005777137405
1005003462387562
1005004196009478
1005006331750259
1005007609617571
1005001451237452
1005004427736094
1005007254491562
1005006467960117
1005007620465405
1005006354280886
1005007550490961
1005007647494616
1005007363508512
1005002551194420
1005007227315687
1005006855279847
1005007145479349
1005005855059849
1005006467321585
1005007540014779
1005005477747524
1005007189744789
1005006477277689
1005006689445157
1005007032113287
1005006677688519
1005006288993409
1005005399561866
1005007564524548
1005007077362308
1005006609855341
1005006472266383
1005006845167681
1005007460327621
1005001742348590
1005004542704374
1005007008985567
1005006564672924
1005007204286887
1005007586608400
1005005546221853
1005002486689508
1005005973005233
32853583218
1005007496805674
1005003382879550
1005006550091286
1005007201793965
1005007497429745
1005001966395898
1005005617065386
1005005830786317
1005007352375273
1005005782815643
1005006838332377
1005005943276325
1005007360656936
1005006671143849
1005006600536263
1005006944833524
1005004930627864
1005006026651856
1005007262093222
1005002940062369
1005006073923795
33004543223
1005006121161187
1005005515217654
1005006949416612
1005002717095249
1005005993252041
1005006675930838
1005005413701364
1005005196577256
1005005449194625
33004082455
1005007053527558
1005007218758625
1005001436256452
1005007262253503
1005006806002733
1005007209862131
1005005402970400
1005006305943556
1005005218046197
32719444397
1005006305897735
1005006306813171
1005006165861925
1005004904818071
1005006305918630
1005005993377985
1005005126378389
1005007751562515
1005007706130135
1005007705814679
1005006305908711
1005006306001118
1005006305913646
1005006809591244
1005006305913651
1005006305854926
1005003390581410
1005002670171020
1005002354195042
1005002252748055
32238862715
1005006314359883
1005002495488735
1005002339804942
1005006959229396
1005007348391019
1005004646247672
1005006503660335
1005006903079718
1005007262332271
1005001552873199
1005004234573642
1005007340830991
1005001511584585
32706653362
1005005106860956
1005005736036721
1005002847865712
1005005865430248
1005005797897220
1005005584375660
1005006746227457
1005005237243263
1005005313792574
4000278651880
1005002256808637
1005007010196473
1005005947188738
32810733081
1005006224119621
1005002398382846
1005005833395166
1005005787930078
1005006479744834
1005005374948571
1005003323326555
1005005826136789
4000291338876
1005003200646578
32945807416
1005005939235766
1005006428701001
1005001341329479
1005006812616861
1005006071851242
4000882945191
1005005439384510
1005006338721935
1005005947708109
1005006039752624
1005005758521278
1005005329031785
1005006189800792
1005004459376113
1005002847982008
1005006328595155
32983356728
1005006646102851
1005005495123333
1005003599951582
1005006169576789
1005005753939869
1005001573573094
1005005313019043
1005001466427519
4000908192080
1005006019951936
1005006497442985
32840819716
1005005916400650
32949002724
1005005441570456
1005005926727572
1005005457503846
4001162849060
1005007307063465
1005003010602511
1005007011384168
1005005601706335
1005006733805788
1005006787782024
1005006950353564
1005006174247664
1005006056796734
1005006978307640
1005007577417533
1005007301210296
1005003703751687
1005007310058371
1005001810684230
1005005017035177
1005003595485469
1005002354101719
1005006373664987
1005005028044990
1005004830632980
1005007177723782
1005007036742335
1005005199816646
1005003579814030
1005004154617576
1005004792304456
1005004918224180
1005003007534414
1005007491987244
1005006504003924
1005005024897035
1005005921105547
1005005534617772
1005006436071450
1005006835283994
1005007587351081
1005002118941656
1005006782579240
1005007426359301
1005002090284494
1005006881994364
1005007179010795
1005007571056812
1005007509238727
1005007545775535
1005007553712144
1005007373390782
1005007373644568
1005007276516569
1005006702944384
1005007179198365
1005006314510993
1005007136227906
1005006660484831
1005007640824919
1005003027484535
1005007276221413
1005006185627183
1005006791081522
1005005490122105
1005007497870723
1005007549849293
1005001529189166
1005007032481419
1005007488322750
1005005828931292
1005007682496768
1005007680806225
1005007648783176
1005007803975454
1005007716559314
1005007703941193
1005007702408039
1005007689027826
1005007688034031
1005007697117929
1005007793189264
1005007791754511
1005007790014897
1005006851138614
1005007171947815
1005007571904160
1005006947028525
1005006692754059
1005006983238411
1005007567610213
1005005525595094
1005005953188700
1005003653434105
1005006314788452
1005007262602082
1005007687856404
1005007776919628
1005007687777608
1005007777156983
1005007777170581
1005007770167640
1005007734424117
1005007734440950
1005007730070880
1005007710276077
1005007751640441
1005007697485993
1005007703733997
1005007703999143
1005007689723399
1005006814138068
1005007611546210
1005007649431948
1005007521294187
1005007178685259
1005007521143855
1005007451608266
1005007641957571
1005007642077101
1005007502629417
1005006592864780
1005006311923664
1005007369337818
1005007657379949
1005007657608013
1005007599793650
1005007179159276
1005007521270159
1005007111748086
1005005929243429
1005006394106316
1005006169671440
1005006976927051
1005006119238339
1005006691082338
1005006384378363
1005006924673009
1005006655400875
1005006756350042
1005005621140814
1005006807482084
1005007279357395
1005006689477839
1005006789317787
1005006316888527
1005007124593378
1005002639121688
1005002740242501
1005006020641159
1005007205061368
1005006443828828
1005006783292645
1005007462300211
1005007096202895
1005005432612594
1005006851657822
1005005976755713
1005007505127294
1005007310769562
1005006989910213
1005006542294309
1005007251026163
1005002279133481
1005006967747334
1005007124634294
1005007116571396
1005006358463845
1005004646322162
1005004608508365
1005005914767995
1005005501975312
1005003891668804
1005006788449535
1005004973569709
1005006204804236
1005006599998489
1005006285313271
1005006500084769
1005005970012762
1005005818936934
1005005724366304
1005002055651452
1005006826810889
1005006156161012
1005001956487803
1005005973397024
32979644818
1005005694860363
1005004686828352
1005002917415775
1005006545801696
1005006505294008
1005006732087501
1005006577830892
1005007394313619
1005006241320597
1005006722485640
1005006722739020
1005006722597416
1005005482931456
1005007378466601
1005003123562218
1005006836995306
1005006105369382
1005005861265555