32558362677
1005006261416661
1268646525
32559951475
513766130
1716190815
1005006355583902
1636130193
1132885570
1716178684
32578609932
1005006449190276
4000926485061
1005001860081623
1658525643
1716518182
1005001794922937
32354494350
1716536433
1005002094996894
1005001493338647
32884185214
4000098033214
1005005305598462
1005007635281828
32968500686
1258603386
1005004295476821
632532918
1005006018390390
32613599959
1262904910
1005004295352507
1005005089834863
1005004669479532
1005005956134960
1005007150006786
1005007538247362
1005006147054931
1005006407692032
1005005918056810
1005006137014794
1005005697669436
1005005732896703
1005006610154110
1005005725536557
1005006690630103
1005004323792649
1005005923384477
1005007252835836
1005004194654143
1005006704223070
1005004569726800
1005007253216773
1005007253247635
4000909959718
1005007537723347
1005007253574145
1005007457560181
1005005556603378
1005007495132465
1005001493667741
1005004557869692
1005004167899630
32736815419
32696613479
32716050793
32696585091
4001086654109
1005005700390765
32697208768
1005003579179001
4001169900915
1005006613205635
4001163313090
4000183186839
1005005430058423
32880046491
32947764707
32891903343
1005003005688300
1005006809362060
1005007382009027
1005007487709028
1005005566751132
1005004357868931
1005006132566442
4000552394869
4000552378907
4001163195174
1005004704424760
32897708350
1005002035251374
1005003518061590
1005004357581099
1005007101060685
4000392988256
4000028043365
4001227008938
4000392812408
1005006119340163
1005007101527080
1005006395961234
1005004669528636
1005004423650432
4001316550254
4001322640643
2019221454
32822479622
1005005118503695
1005006292006547
1005005007652057
4001338368749
1005006299067548
1005006809088681
1005007024981571
1005004385236509
1005007204037280
1005007032262436
1005004375281143
1005005530310020
1005007404615689
1005006724390183
1005006727998551
1005005945655073
1005006813739943
1005001381983423
1005006076204819
1005006768212766
1005005201566151
1005006940996136
1005001619937901
1005006228482264
1005003883177293
1005006995339201
1005004523217989
1005004514112935
1005007468796878
1005005796128964
1005006385860525
1005007035753311
1005004407691572
1005005220463584
1005005038839040
1005002991921710
1005006404833266
1005006762170367
1005005902537458
1005007063917808
1005002361809690
1005006640926791
1005007183531151
1005006691363220
1005006105742907
1005007648887618
1005007022061128
1005006602869611
1005007532993545
1005007563771427
1005007563722184
1005007481605893
1005006942636781
1005006876767136
1005006100238992
1005007298171749
1005007465529264
1005007468479825
1005007100808829
1005007496085761
1005006873081652
1005007799091647
1005007336952319
1005007213265529
1005007213848495
1005007213016980
1005007137839643
1005007585519799
1005003116558313
1005005192408200
1005007273659701
1005007455279976
1005007460459634
1005007460684172
1005007460334968
1005007017323114
1005007475944960
1005007476026841
1005007476435033
1005005389817138
1005006258135685
1005007430141554
1005007430139535
1005007430017728
1005007509163563
1005007509111707
1005007509265260
1005007509246251
1005006680874666
1005006680821817
1005006680949494
1005007312292936
1005007353122445
1005007214150031
1005007214145038
1005007378098553
1005007351307105
1005007352144083
1005007597371526
1005007552331155
1005007552320941
1005007552510259
1005007552500819
32964378973
1005006216455018
1005007440663576
1005006717495614
1005007440728418
1005007527645860
1005005154875777
1005005100589585
1005005205439215
1005007004793371
1005007337135168
1005007317820830
1005007640194745
1005007440746392
1005006490031820
1005006201030102
1005007460645283
1005007460795015
1005007467145991
1005005284331466
1005007430219381
1005007138186146
1005007138081318
1005007138009455
1005007248231368
1005006681093261
1005006680824973
1005006681081297
1005006680909891
1005007552154993
1005005100553761
1005007164481481
1005005389712607
1005005103125455
1005007332120798
1005007476200572
1005006262735789
1005007640325306
1005007336775988
1005007597497253
1005007669252622
1005007669008319
1005007660964246
1005007661451471
1005006717394985
1005007583442768
1005007440457984
1005007381262231
1005007312393485
1005007412494218
1005007597339708
1005007343930713
1005007639312642
1005007585761212
1005005963608070
1005006205380093
1005007600583908
1005007010599152
1005005963593150
1005007801360760
1005007770023489
1005006743086905
1005006743284309
1005006759220762
1005007724632517
1005007722899918
1005006058287051
1005006495844942
32265519800
1005005232588664
1005006065778125
1005003031727962
32307667273
32877940216
32273098211
1005006024743666
1005006205718673
1005005982515481
1005005811982090
1005003981784312
1005007592294984
1005006432462905
1005004583593625
1005002137090824
1005006988581768
4000234807943
1005007553155603
1005007576441818
1005007537443259
1005004851345366
1005006795861894
1005006029399502
1005005800120787
1005007010818747
1005004821383567
1005006332217281
1005006793288520
1005006363274017
1005007009100178
1005007502767841
1005006881695917
1005007385433027
1005007543888696
1005006597961637
1005007254159481
1005005598777239
1005006191290543
1005005573788667
1005007454031683
1005006615313313
4000253416284
1005007197070444
1005007083852735
1005007519107307
1005007014774981
1005007593266840
1005006993804702
1005006995730844
1005007484088606
1005005698987492
1005007008706992
1005007367868654
1005007475143819
1005005247925765
1005007298419358
1005006429266764
1005006199491391
1005007373892716
1005004100862759
1005004622067033
1005005979621231
33027421701
1005004857881075
1005003429836330
1005007085622005
1005006314159880
1005007583039491
1005007679228526
1005006373501966
1005005948805743
1005003318575479
1005007571539371
4000587904423
1005006802628291
1005007535898003
1005007099064659
1005007176005344
1005006269965475
1005004904406472
1005001796955673
1005006799234699
1005007220296017
1005007220416499
1005005078149517
1005004749646593
1005004199136356
1005003112854582
1005006918402517
1005007285253521
1005007031852667
1005007615436637
1005007631479191
1005007631508217
1005007220435441
1005007549672201
1005006358007072
1005006421609331
1005005698903746
1005006100298603
1005007008298701
1005007492976032
1005007315609886
1005007036106528
1005007298566048
1005005906809767
1005002090246393
1005007487835147
1005007486247972
1005006212482885
1005006760520473
1005006357674938
1005007631457430
1005007631432722
1005007631296989
1005003116626597
1005007631434714
1005002002886645
1005007654714630
1005007086358553
1005006358241875
1005003762678225
1005005850508275
1005004764982618
1005007260787209
1005005078163167
1005007574348858
1005006199180723
1005004375982246
1005007634942741
1005003637483870
1005007018106272
1005006438856528
1005007317707387
1005003429815489
1005003828418074
1005006348608366
1005005209844533
1005005378809853
1005005934371092
1005006062980934
1005003305078527
1005006136067344
1005007569967465
1005007756956975
1005007790336298
1005007761575660
1005007762658415
1005007757035442
1005007803654649
1005007763034542
1005007752295756
1005007711164059
1005007739460129
1005007791868626
1005007244372912
1005007061545629
1005006803681461
1005007031063921
1005007594835546
1005007247492383
1005007505244476
1005007509448591
1005002084350745
1005006837784676
1005007210293460
1005006358193014
1005007631507186
1005007631447659
1005006806835495
1005007604488413
1005005078211107
1005007789486927
1005007705079436
1005007706185492
1005007793474375
1005007790319085
1005007773668617
1005007704351925
1005007783470175
1005007784229723
1005007783440228
1005007731530183
1005007775634267
1005007771290930
1005007776557588
1005007713311400
1005007780667146
1005007718241438
1005007706241294
1005007702533968
1005007704452554
1005007687588901
1005007774646170
1005007774501383
1005007741482004
1005007710452216
1005007733210242
1005007745629862
1005007756248754
1005007726494571
1005007749734786
1005007714857113
1005007703989072
1005007738218696
1005007723415448
1005007706311765
1005007545901349
1005007545815636
1005007545898278
1005006871093895
1005007031231352
4000585561228
1005007010737443
1005005734634532
1005007553621492
1005007631566124
1005006917518709
1005006062480162