1005005238361724
1005006602092235
1005007407294397
1005006027668403
1005002268739354
1005005904350940
1005005775083620
1005006744821619
1005002518327548
1005004187084056
1005005039477498
32995091263
1005007089796040
1005006861361168
1005006567227764
1005004045979554
1005003353235502
1005005399015397
32829138167
1005006808925316
1005003552068455
1005003666701190
1005004834116009
1005006182311245
1005001706641717
1005005429355310
1005006636304081
1005003091996115
4001269826754
1005005373385255
1005003007790954
1005005842948292
1005004536568631
1005007335808766
1005005929666651
1005004835160542
1005004781265965
1005004782874450
1005006445091153
1005006442815803
33011853189
1005006315269029
1005005641225749
1005006508749191
1005004727945546
1005007317129054
4000881625069
4000912963174
1005005847042457
1005006962139171
1005006808485020
1005003450095803
1005007480722389
1005005312825985
1005007593095830
1005005790459296
1005004831915512
1005006064439012
1005006038431136
1005002269020784
4001183837313
4000464544259
1005003091912824
4000905310296
1005007063408783
1005003087429597
1005003253204000
1005005212287575
1005002368841236
1005003775894416
1005004345084523
1005006394337211
1005001871225108
1005004871618278
1005006369838555
4000028135622
1005001637600806
1005004980822955
1005007335785889
1005005397795920
1005005802064739
4000928646180
4000906227918
4000941573318
1005007094873103
1005005327217720
1005004129473877
32841669535
1005007017037947
1005007011304966
1005007438295595
1005005489203555
1005005553390713
1005005878622797
1005007351313632
1005007449972575
1005006306665059
1005007654005739
1005007625656054
1005006197573096
1005001644664118
1005006659405544
1005007337632260
1005005780305069
1005005218279360
1005007529722672
1005005274177322
1005007355897439
1005007541820576
32851581438
1005007578877185
1005007606264300
1005005265411574
1005006537819106
1005007362430703
1005007340816630
1005007548599552
1005007556514500
1005007459544841
1005005275370397
1005007115096038
1005007614147509
1005007540231302
1005007512699199
1005007551664963
1005006046934923
1005006259195203
1005007030999687
1005007653791685
1005005383255687
1005007618210904
1005007433575147
1005007572050489
1005007252565236
1005006779557375
1005007175501355
1005007445046712
1005007438126366
1005007021697566
1005007352214976
1005005828703511
1005005622442560
1005005467761060
1005005513060227
1005006190955766
1005006136724805
1005006420302727
1005007451702571
1005007262153831
1005007117129653
1005005523146040
1005007264588136
1005004884045852
4000238670264
1005006399528953
1005005928602293
1000007208806
1005007474660523
1005005742920511
4000324594156
1005003338211422
1005003089151432
1005006360627899
1005005374440322
1005004128937873
1005006327135973
1005004488500359
1005004708752516
1005002003657253
1005007161773665
1005005640609942
1005005937339008
1005006761201166
1005004818319810
1005001439511779
1005005592916660
1005002838449480
1005002838525143
1005006782700836
1005002583030614
1005006866744480
32832177461
1005007040518999
1005006049732523
32828650864
1005006237810040
32254803090
1005007393678043
1005005945249188
1005006232316868
1005004481509480
1005005937395618
1005006141789275
1005005989180160
1005006081233871
1005003764899648
1005006931367811
1005007499709930
1005006458944770
1005005945468398
1005004182727628
1005006494714321
4000214299174
1005006138838392
1005006459020148
1005004126357082
1005006217762866
1005006123217901
32818842148
33010295815
1005005088697975
1005006499294550
1005006308886451
1005007341532848
1005004632780342
1005006317016693
1005006589945921
1005004788311142
1005007075782632
1005006316334412
1005005973354168
33044975832
1005006685014738
1005007170917979
1005004711463696
1005005920460684
1005007448139456
32457521829
1005006010203346
1005006908814469
1005004647626473
1005007357015363
1879322956
1005003654248946
1005005051740544
1005006232197273
1005006043220407
1005007628261591
1005006547755100
1005006430402205
4000549758846
4000555834807
1005007645869823
1005006815028140
32787991203
1005003886441867
1005007494850571
1005004455750664
1005005175166132
1005003714809963
1005003888509457
1005005585679726
1005006569048591
1005005924382076
1005004427326304
1005002554270134
1005005757436713
1005007429399473
1005004412671097
1005003449958875
1005007349896920
1005005655122974
1005007457206174
4000571761233
1005007128818079
1005006142988191
1005007128292575
1005005778368456
1005006126243293
1005005641976822
1005007391155827
1005007289106113
1005007244860989
1005007524827013
1005007445166792
1005007219734543
1005007038922726
1005006954546758
1005006309238630
1005006091427194
1005005872206620
1005007138209241
1005007597866977
33034309602
1005007440896020
1005006717773173
1005007538695793
4000434148497
1005006981400959
1005006814441044
1005005026279510
1005006227087056
1005006188559703
1005006855472700
1005006671811756
1005006049309465
1005007010729994
1005007106755949
1005006395132439
1005005072796553
1005006251960897
1005005968867773
1005006673730278
1005006850216908
1005006124757249
1005007264004280
1005007245209025
1005006439073625
1005007370834103
1005006997519009
1005006128997532
1005003836075145
1005006173608603
1005005719442439
1005006846025616
1005006783789454
1005007264059154
1005006087028987
1005007046835938
1005005999777946
1005005553269132
1005006428470093
1005007045977458
1005006139600379
1005007107000461
1005002571222430
1005007376442100
1005004164801580
1005007259999592
1005005105520767
1005006174538925
1005007020287258
1005007019344463
1005006769181412
33033324582
1005006234168355
1005007527413365
1005004914241421
1005007527957277
1005007668517032
1005007494213403
1005006843718276
1005007082635018
1005007075366747
1005007364129649
1005005493979109
1005003196384853
1005007209383722
1005007102415288
1005007583317829
1005007079795762
1005006882956967
1005006795445314
1005007804955845
1005002532045635
1005003280852212
1005004118847049
1005007456395661
1005003157025831
1005003238997505
1005007558505386
1005003730923645
32806847764
1005006317050043
1005006061120133
1005007316448878
1005007403900672
1005001714062856
1005005617978810
1005005589583286
1005004807583745
1005005433810338
1005006791417062
1005006582126419
1005004734176659
1005004911676501
1005006820890327
1005007473753804
1005007341661736
1005007347199871
1005007249583457
1005007585286199
1005007435617647
1005006719896280
1005005017689310
1005006543530824
1005004166684137
1005006860303455
1005006464912684
1005007162659119
1005006827174733
1005004523610012
1005005098942225
1005006923085420
1005003829458856
1005007333817013
1005007379440808
1005007652459061
1005003418042083
1005007379349824
1005007379476672
1005006974806072
1005006711378905
1005007805095485
1005007797795502
1005007758272498
1005007460657846
1005003349090113
1005002376176915
1005007043461484
1005004734216012
1005007353241443
1005007083449828
1005007568854799
1005006855506406
1005006582666330
1005006855232951
1005006859982107
1005006791315359
1005005338154192
1005006974063190
1005007379468513
1005006723878235
1005002851278878
1005007353069805
1005004734171614
1005006855707983
1005006582603811
1005005338144369
1005003433490603
1005003349021510
1005004795235831
1005004734151902
1005007347389096
1005003349136010
1005004082653581
1005004754228567
1005007342043555
1005007341925890
1005003341623715
1005003341540727
1005003502976779
1005007341901637
1005002375244142
1005002375338015
1005007043372823
1005003503130059
1005007347003815
1005007346939744
1005007346999962
1005004517045717
1005007258198811
4000103939364
33005877184
1005005402145209
1005007507725279
1005005402002897
1005003971986346
1005007238735222
1005006947037833
1005006414274852
4000055767121
1005007798474446
1005007802131813
1005007798859301
1005007799780253
1005006155502671
1005007440967964
1005007565724315
1005007526013402
1005004800659182
1005007558893590
1005007565812080
1005006303288300
1005006691989352
1005007032673213
1005006863941511
1005007622578113
1005004669570210
1005004214899007
1005005593645410
1005007212321650
1005006631779287
1005002125210792
1005002310465236
1005006218927414
1005006233883828
1005006940436042
1005006335725699
1005007109399282
1005003888535067
1005007329649203
1005006998057979
1005005972869236
1005007336762726
1005002612384043
1005005737346807
1005004584398718
1005007612612683
1005002673645995