1005006615057679
1005003652825719
1005007152551652
1005006368685492
1005006830952249
1005006737410233
1005003978507437
1005005197233365
1005005444103479
4001180544207
4001202174065
1005006621050357
1005001824741190
1005005327364197
1005006626501471
1005006580221542
1005005388227130
1005007393658521
1005006994136439
1005006239156583
1005001976506004
1005004114788424
1005006399296971
1005006497171594
1005006635388760
1005005142988616
1005007358861140
1005007445293765
1005006883232577
1005006209155461
1005006390835780
1005006451380562
1005006575241859
1005007017274432
1005006417428506
1005006689087030
1005006310288835
1005006534165364
1005005366728926
1005006695394587
1005007303714182
1005006543483709
1005006398910027
1005006916071073
1005005288006521
1005007210635423
1005007481889846
1005005730871643
1005005143274356
1005007485746346
1005007484598200
1005005187538270
1005006431700657
1005007476726774
1005006533735998
1005007471782288
1005007482761800
1005007478574537
1005007484213873
1005007488090631
1005006356433498
1005007441097460
1005007459430913
1005007486620934
1005007486583657
1005007477758490
1005007138173705
1005007210484437
1005006402627208
1005007470111676
1005007451328202
1005007448977758
1005006189143672
1005007451271577
1005007447438376
1005007482477121
1005007449956431
1005007470190383
1005007466630497
1005007461515441
1005007448287232
1005007474812549
1005007465700298
1005006361316451
1005006460847657
1005006627618144
1005006688980158
1005007420127405
1005007472221730
1005007465881100
1005007466856844
1005006490618251
1005006726662669
1005006344979283
1005006565519724
1005007109321681
1005007446620086
1005007464832366
1005003683724234
1005003665178596
1005007446905901
1005007441198140
1005007447243111
1005007461200188
1005007466048296
1005007459443772
1005005296847857
1005007402638292
1005007441380123
1005007412261591
1005007451124490
1005005149133241
1005007459688361
1005007443505719
1005007057374458
1005006448281372
1005006417228642
1005007451965972
1005007451390631
1005007440948912
1005007451365352
1005005187517611
1005007445927572
1005007445971941
1005007441486021
1005007370377692
1005007447943513
1005004063324844
1005007440738110
1005007438221433
1005007443466478
1005007444662236
1005006357918533
1005005143358293
1005007380827171
1005006557937502
1005006619071680
1005003913235953
1005006101757314
1005006468851523
1005007091956119
1005006468657114
32805484642
1005006408332690
1005005227850844
1005003767521075
1005006613104031
1005006361377033
1005006370930906
1005003726104784
1005007261003181
1005006150235640
1005004961938163
1005006880028527
1005006480137118
1005007343306702
1005003574921647
1005007337774975
1005006861378026
1005007334136384
1005007447427259
1005007018797683
1005005178196245
1005006993204892
1005006380258752
1005006416112988
1005007349151585
1005006402436214
1005007447328073
1005007441593023
1005006677819032
1005006658839589
1005006608091969
1005006555049541
1005006446717343
1005006446592870
1005006412751404
1005006313963881
1005006339165296
1005006301806303
1005005245146637
1005003715017087
1005002342364524
1005004441031939
1005002291389396
1005006816150404
1005007089139606
1005006827166330
1005006436979162
1005006556567810
1005007035340425
1005006916374810
1005006723856305
1005006583865248
1005006487633909
1005006729587908
1005006362928142
1005006867685354
1005006430886218
1005007429030542
1005006902745000
1005006673846784
1005006577416075
1005006869759402
1005006396333480
1005006591656871
1005006366278525
32486511784
1005006108148800
1005006727160599
1005006602420747
1005005334140113
1005007440742893
1005006310387264
1005007145744857
1005007447276253
1005006602239978
1005006305197467
1005007000540782
1005002219307904
1005006588668806
4000748259196
1005007226907772
32840512021
1005006534131462
1005006439999252
1005006301494856
1005005242319758
1005004979809009
32795750078
1005003820609316
32695228663
4001246520094
1005005497751806
4000695381497
1005005919282151
1005004875512220
1005007408771631
1005006636269631
1005007409000869
1005007484105638
1005006636238766
1005007440905746
1005007447539683
1005006691972661
1005004643374017
1005005947306684
1005003284880568
1005004332994265
1005001756364833
1005003435011107
1005001756048572
4000811907464
1005001738514153
1005007308727161
1005006825548728
1005006733392879
1005006844253244
1005006061720267
1005004503684578
1005007031809779
1005005894254171
1005004503740234
1005004187015698
1005006727194376
1005007031793308
1005007444160331
1005006743418206
1005003672782293
1005004762280929
1005006015967100
1005005821896950
1005006821387597
1005004488159908
1005007015987061
1005005431044752
1005006307806249
1005006858367969
1005007156667641
1005004511836630
1005005124116069
1005005806574216
1005005012466841
1005005012523469
1005005012548529
1005005012521564
1005005673133329
1005007135888116
1005006199220117
1005004016594803
1005005547902554
1005004338349465
1005005261551869
1005006952498108
1005007418741679
1005005997533914
1005004514095554
1005005012250617
1005004836366073
1005005998306492
1005006129082930
1005004484176082
1005006077621122
1005006216858616
1005006589129467
1005007188088773
1005004918549491
1005005343071144
1005006116330014
1005005958543993
1005006582892232
1005006953450055
1005005244903481
1005007067154573
1005003975907883
1005003748577623
1005004437778819
1005004392659374
1005006959644131
1005006565585765
1005006582935539
1005005343044407
1005006195025665
1005005856887871
1005003821367324
1005004038917351
1005007489334870
1005007488603918
1005007471610292
1005006918653890
4000549220481
1005006405087151
1005006815771578
1005007015663394
1005006865852279
1005006229896624
1005006282217218
1005005239564703
1005006820345877
1005007322995160
1005006102878584
1005006194724242
1005006447358804
1005005862142033
1005006471467170
1005005814759417
1005005681011008
1005004009224597
1005007457174050
1005006021841645
1005006979999933
1005006737667680
1005006197027322
1005002520172225
1005005900500464
1005007342318740
1005007308007997
32899112816
33053166730
1005006157577054
1005005859220301
1005007317173101
1005005758285489
1005007204995384
1005006829835781
1005006424229627
1005005279953818
1005006281909465
1005007345705488
1005006456958304
1005005776837110
1005007060252335
1005007048155235
1005007368620751
1005006200700401
1005006873067080
1005006148224924
1005007083524059
1005005475658455
1005006835677234
1005005864811271
1005005639119195
1005005226624972
1005005859458015
1005006949714715
4000293854966
1005006691062970
4001286218845
1005007011109280
1005007183209356
4000933402790
1005007222072236
32966180937
1005006477935061
1005006367931159
1005006950524392
1005006705236866
32856630958
1005006579942049
1005005845203288
4000315405958
1005007244632853
1005006733153615
1005005242541020
1005006536831288
1005005819362656
1005006883970026
1005005517083036
1005006909071667
1005004019896292
1005007189997035
1005007440095901
1005006835277386
1005006782861529
1005006751907039
1005007197917779
1005007010003586
1005002247701020
1005006739078896
1005006802988403
1005005891843470
1005007464125604
1005007308785086
32576287046
32965531723
1005006176353259
1005007048755519
1005007199658540
1005007094483589
4000768329217
1005005845139771
1005006992461183
1005004991147247
1005007422368968
1005007329319467
1005006740117302
1005006015283877
33005548284
1005007122478628
1005007010103870
1005006305935166
1005006344773133
1005003409938858
1005006012454737
1005002264520903
1005006981506990
1005004308352379
1005005607940925
1005007293936881
1005005397170411
1005006995383705
1005004031337433
1005007267029664
1005006995890948
1005006096987227
1005005796866213
1005007182355604
1005006412409864
1005006362247793
1005007267502853
1005005742925792
1005007400046093
1005005876285268
1005007010005668
1005006975149148
4000538347455
33008534633
1005006157228535
1005006878148009
1005005882022624
1005006211784922
1005001993372559
32977706471
32404708469
1005006466762396
1005006994477402
1005007168713313
1005004472600085
1005005896125381
1005005709215583
1005007151396479
1005006974255716
1005005666888218
1005007315767675
1005002592925206
1005005877561243
1005005620454155
1005005421261493
32972610252
1005006286208896
1005006745838482
4000011348879
1005006989103741
1005006825787466
1005006697584700
4000205466275
1005006827974475
1005005775358848
1005004787736173
1005006586861974