1005006456547669
1005007434164346
4000927872477
1005007621297222
1005005478563165
1005005869091141
1005006555919727
1005007139233264
1005004343546629
1005001788874175
1005004308828821
1005002342153421
4000341329943
4000131316942
1005003110547785
1005001456907686
1005006636102658
1005007149710920
1005004935276471
1005007098517892
1005002778784840
1005005056584224
1005007161114705
1005007205188502
32876168589
1005005951961473
1005006756925788
1005006140407431
1005006265150668
1005007124815182
1005005791033217
1005007336855387
1005007166763879
1005006000355816
1005007145076677
1005005057389750
1005007176207507
1005007245111632
1005005872213764
1005004314934504
1005006385876827
4000287868714
1005005191565582
1005007499223013
1005007543686175
1005005930496647
1005006626302153
1005007392058340
1005006224238154
1005007121149469
1005005944671802
1005007259017012
1005007209534844
1005006899623250
1005007001065235
1005006976055815
1005007187692276
1005007029195704
1005007500853829
1005006012873593
1005006103312103
1005006972398329
1005006976295231
1005006976262324
1005006894228067
1005006976311078
1005006976044570
1005006972385339
1005007051809652
1005006972232780
1005006757146091
1005007495642159
1005007385715155
1005006851161624
1005005713514319
1005006103367518
1005007464049787
1005007293494376
1005006782113698
1005007620266578
1005006972405293
1005007636013734
1005007000645966
1005001999669503
1005007345548718
1005002261168141
4001146526661
1005001462455057
1005005672127820
1005007676734170
1005007713306373
1005007793646358
1005007788421141
1005007752638170
1005007771997952
1005007771615896
1005007742050490
1005007738139130
1005007739036603
1005007499107796
1005007536145265
1005007498151833
1005007446993292
1005006756900795
1005007245641191
1005006212407078
1005006362105112
1005007592059423
1005006757154122
1005007649548097
1005007165697686
1005007128177902
1005006546414565
1005004417349578
1005004417390163
1005004417341653
4001146391982
1005001478230326
4001139746595
1005003571472441
1005001475310051
1005001461817859
1005001377121903
4001138635202
4001142013435
1005001447754971
4000913172318
1005001399454909
1005001393464408
1005001398997881
1005001392186075
1005003572439613
1005003615470358
1005007538444778
1005003299878837
1005006075132737
1005003615444994
1005007360845106
1005005388290646
1005007552959692
1005006950379166
1005007555697008
1005007507191282
1005007082130225
1005007389178861
1005005945763764
1005006404526576
1005004850170646
1005007068195458
1005003632157303
1005007421004043
1005007226984982
1005006166269900
1005007542618508
4001028994381
1005004823105749
1005007499988555
1005004432952443
1005006306220128
1005007302293775
1005007257021997
1005006588153001
1005006587384072
1005006587487991
1005007123541384
1005006305597068
1005004956818810
1005003684001026
1005004961131832
1005006131498810
1005006201864809
4001025698210
1005007038176264
1005006175872274
1005005838596399
1005005930020509
1005006599939737
1005002608545259
4001039814142
1005007524894701
32909785080
32909749200
32730566723
32913515056
4000969302106
1005004141577566
32911582843
1005003609357105
1005002630892772
4001252135445
1005003609256616
1005006994948043
1005007803089907
1005007579776327
1005007749742083
4000969390928
32758404582
1005006046962480
32884314267
1005003609357253
1005005231764116
538062312
1005002645932972
1005004091475417
32950793667
1005003319965106
1005003320005489
1005006049141839
1005001302040682
1005002630775536
1005005231690415
32643090616
1005006049192514
4000969646322
32803692529
1005004133632907
1005003419581497
1005005249091740
32711517047
632457825
32821317161
32818468661
32818522227
32818544138
4001031407156
4001031992556
1005005243494011
32560074436
32803482284
32817442530
612874669
32592110836
32668438648
550857753
4001032023908
633123671
32841993631
32846243160
32818488349
32773068493
1005004247251549
1005004247226215
32634076189
1005004053194944
1005005226913653
32825350047
4000969467185
4000970808287
4000745686088
710030053
4000970753517
4000970704103
32576274798
4000970669932
4000969998021
1005003319852960
32729168863
1005005544055064
1005006330733397
1005007620623077
1005006399502257
1005005887797367
1005007418830757
1005005009127872
1005006053277803
1005005482679444
4000673411033
1005004138713954
1005003589353908
32843024563
1005006574286933
1005006366550121
1005007431078931
32851258117
1005006190212283
1005006052602057
1005005759824333
1005003800316307
1005006679663325
1005002669016260
1005005100064285
1005007300600328
1005007479074493
1005007518910817
1005007384962092
1005007480139126
1005007366493746
1005007146056086
1005007468955543
1005007468123066
1005007376519513
1005007590403348
1005005710365887
1005004218962672
1005007346908527
1005003790695967
1005006284261782
1005005200900693
1005005632219850
1005005377808385
1005002542354920
1005007145622458
1005007514109504
1005007559592871
1005005730728768
1005005475453529
1005007575432453
1005005945291454
1005007674740080
1005007477312416
1005004034844977
1005001414024428
1005006672647414
1005006638649983
1005006524957157
1005007145886135
1005006887071922
1005007369102717
1005006887458697
1005006527325621
1005007355104277
1005006115231752
1005007400951472
1005005583003111
1005006186293160
1005007482074785
1005005503227923
1005007802797832
1005007700896529
1005007747851222
1005007687379910
1005007698107140
1005007710224681
1005007727268866
1005007751207498
1005007719653410
1005007714307697
1005007529123697
1005007145646680
1005007631434783
1005007473467000
1005007476220569
1005007749987384
1005007716073077
1005005929451529
1005007574803948
1005005979258038
1005007604105092
1005007575095942
1005007391693465
1005007542329944
1005007578021405
1005007123478739
1005005987501201
1005004769362153
1005007368437633
1005001705753092
1005006906440173
1005003624622894
1005001685926736
1005007015546096
1005007092053467
1005007541243978
1005007610740904
1005007016910063
32757500724
1005002270534644
1005006653403153
1005005789191424
1005006196254094
1005002258221922
1005004213912946
1005004043716913
4000670266448
1005005667797192
1005005372053109
1005002452624563
1005004975284170
1005004377338961
1005001587518055
1005001589007103
33014682908
1005003317933857
1005004580064392
1005005971871749
33053796546
1005001817200425
1005005487357175
1005003733046945
1005006039099952
32902172691
1005002423917248
1005004619160839
1005005591369265
1005006955578837
1005003113929711
4000833000792
1005001415576326
1005007416440248
1005007083767119
1005006617849508
1005007494658809
1005007481124515
1005007480727697
1005007457637462
1005007421508463
1005007416806192
1005007417887207
1005007416311008
1005005499303412
1005005504305113
1005005501474006
1005007204301641
1005007171053826
1005006871598649
1005007264746555
1005007087491872
1005006472994505
1005004925355979
1005006127948143
1005007291415329
1005007291489165
1005007291544049
1005007020195729
1005007171512193
1005007049684559
1005007610416385
1005007040813202
1005007258144939
1005007235712537
1005007416796521
1005007406104890
1005007428898602
1005007081936869
1005007224419695
1005004449274717
1005004449462472
1005006879108252
1005005504199645
1005007207861294
1005006295718893
1005006928476943
1005007416779517
1005007417560591
1005007291503144
1005007021307332
1005007032630238
1005007408422286
1005007061550276
1005007408397020
1005007256241030
1005007255049459
1005007237803354
1005007285641514
1005007419106319
1005007190956865
1005007160820032
1005007172323254
1005007421562431
1005007199487367
1005007421837580
1005007085632554
1005007086277190
1005007206839501
1005007081978840
1005007079950342
1005005501119413
1005005513077136
1005005499240318
1005007378540335
1005007743408850
1005007742144855
1005007742136938
1005007691881115
1005007415997302
1005007416171734
1005007029245905
1005007024293945
1005007028184378
1005007021732292
1005007021375992
1005007063021820
1005007023885420
1005007019753972
1005007276793210
1005007062231439
1005007034622582
1005007252298739
1005007238359658
1005007212514966
1005007050282670
1005007035382083
1005007275698393
1005007053278682
1005007191098604
1005007227568815
1005007421469469
1005007421585328
1005007027788480
1005007445418480