1005004351278808
1005003024668816
32839994981
32847490642
32890183042
1005003803318485
4000518495930
1005004567756274
1005005081441658
1005004577670563
1005004567063273
1005001321857930
1005004148950827
32983332038
32962776796
1005004460585969
1005004468756787
1005004798893431
1005003203281397
33057384231
1005005227364258
1005004541398029
1005003958355266
1005004856776395
32597738374
1005001922773856
1005005171853827
1005002954995221
1005004421970764
1005005091927154
32818886055
32979569193
1005003406302649
32978284652
1005004582278914
33041875699
1005004860819736
1005004966617500
32981543684
4001323283338
32822616480
1005005446361669
1005002017672930
1005004539173221
1005002931694667
1005004764312053
32947696230
32387816014
1005005099781177
1005002752280607
1005003047517842
1005004408578770
1005002510321498
32958434159
1005005308451611
32836207825
1005001577447453
1005002602987823
1005004515165336
1812869576
1005005213518168
1005002984465937
4000028619887
1005001305155337
4000338739866
1005003957621878
32848987499
1005004697167693
32825381120
1005003286500366
1005003760146484
1005005254006834
32853938230
1005005651253870
1005003539668047
1005003681958604
1005005235115649
4000906909456
1005001304160410
4000025437136
1005004410345067
2037934408
33049689423
1005004030981433
1005004226859371
1005004348573702
32913205994
1005002824155295
1005005217731313
1005004192925815
1005004528350447
1005005640492170
32829770464
1005004305529678
4000035863115
1005005167080043
1005004359825479
33006287158
1005004377410881
32863559417
32978831259
1005004347568645
1005004591380802
1005004665891880
1005003573424631
1005003168646902
1005004212566496
1005004225735940
1005003491143961
1005005340400940
1005003167647257
1005005256917606
1005002362587043
1005002859111621
32919249991
1005004627104286
32827587878
32916941680
32945468607
1005002551316932
4000288639608
1005003773721915
1005002593404417
1005001486829279
1005004489516750
1005003286784065
1005002588496499
4000316037930
32723558021
1005004460283989
32846046054
1005004744906012
1005003463448395
1005003990236062
1005003581050753
4000347040352
1005005396568840
1005001279936680
1000001352001
1005002905502953
1005004750133247
4000210957114
1005003155597030
4000187325451
1005002547213847
32845888202
4000148196753
1005004044951903
1005004608870237
1005004261319051
4000387291903
1005001841066210
1005002629918899
1005004783118016
1005005563673254
1005005005051573
1005004909356426
1005003744560398
32845330931
4001050619990
1005003727078792
1005001356129373
32868070081
32700763045
1005004318946611
1005001299545955
32836282823
1005005111943169
1005002809559011
1005004230478265
1005002215320195
1005002421040426
1005003617687121
1005004983963505
1005002019371072
4001069161665
1005005434884904
1005004853783183
1005002440858167
4000150209505
1005003627283728
4000029468234
32862869103
1005005188875184
1005003658221636
4000246332774
1000001126728
1005003793541150
1005002906524993
1005004883709998
1005005271827482
1005004174347043
1005003589075938
1005001869343878
1005005352587514
1005003441323762
1005001439722223
32884402497
1005004882240067
1005004932715045
1005004135071488
1005004327844618
1005004115502747
1005002567598123
1005002904683607
33035139824
1005003662058007
4000580810808
33013764477
1005005103154770
1005002721344816
1005004235868717
1005002879684034
1005004936478964
1005005048798563
1005003562470542
1005004709420261
4000966347897
32856583826
1005005106862324
1005003594648967
4000372298549
1005001288826142
1005004023641656
4000777989672
32839964851
1005003146719710
1005003259044531
1005005454370894
4000353891295
1005001840394914
1005005100371093
32876931977
4001189360406
32944880876
1005004620981433
32768169123
33044528291
1005005630915101
1005001677794100
1005003932539219
1005003317922799
33049836231
1005004172078560
1005004349864122
33010295815
4001166383892
32823033360
1005004775857170
1005003807521609
33047196318
1005004138401122
1005004721251922
32662765786
1005004836232263
1005002125717905
4000269723336
32835664927
1005003410393702
4000597785465
1005002470569264
1005004909306036
1005003524136848
4000507212817
1005002836460751
1005004599159557
4000028415708
4000846296716
1904754775
1005004221166759
1005003407827752
1005005320819749
1005004595827315
1005002004364865
32950013966
33017623991
1005001300507777
1005005102587439
1005004658437581
4000908292022
1005004285888200
1005001398253001
1005004615999493
1005002882676643
1005003486803675
32956014598
1005002950420721
1005003630353626
1005003227305858
1005004670710687
1005004039275723
1005004865340932
1005004373078377
32849604267
1005001567632621
1005001714272313
1005005452732719
33054509741
1005004588498921
1005004709379673
1005005007965810
1005005510645282
4000570299586
33015478164
1005001954199023
1005004511715483
1005003879811379
1005005025176211
1005005504111789
1005004458241657
1005005261029099
1005003496126812
1005005142137504
1005003728713035
1005002710141895
32472637318
1005002367583042
1005005418363872
1005004204924327
1005005639574293
1005005578805697
32987857926
32725575817
32799353372
1005005003242000
1005005323735681
1005002313603099
1005004062976203
1005005302295849
32916297729
1005001697474530
1005004541384513
1005003462624591
1005002261825380
1005005362310783
1005003578857533
1005004307259943
1005005021107003
1005001300283005
1005005665899263
1005004508559617
1005005098748295
1005005667872758
1005004290138045
1005004201645683
1005005291682642
1005005306149228
1005003440032243
32650613596
1005004328823717
1005002055242904
1005003156291574
1005005380431173
1005003589453687
1005002124473780
1005004599501788
1005005485973914
1005005130367479
1005005192285082
1005002438773237
1005001948434911
4001131458566
1005003766499481
1005002728528431
4000390838553
1005004022135737
1005001971954508
1005004844820574
32789017811
4000585962665
1005005003580457
1005001958002059
1005002258227876
4000037266323
1005002618458560
4001328664408
1005001932934978
1005003783968963
1005004741298954
33024531754
1005004338155973
32824153180
1005004752048431
4001222789448
32837453444
1005003314772171
1005005377343340
1005005110032396
1005003526492063
1005001494535082
1005005121720432
1005003742132830
4001159804800
1005003762227133
32612850680
4000112845273
1005001320810127
1005002998072234
1005004184099081
32880994297
1005003138744802
1005003704250290
32910987416
1005004497926275
1005001321967015
1005003156563230
4000314183471
1005003553328565
4000194281850
1005004590633202
32220344515
1005004320364899
32955802289
1005003639414834
1005003098561480
1005005277198655
33044472118
1005002490766328
1005004517082540
32706903274
4001175630812
1005004222289570
4000035819241
4001145553291
32846752106
1005001705163836
1005005516583596
4000567671885
1005002363301495
1005003751927728
32827019106
1005005417652601
1005003597385245
32921484985
32918779303
1005003191372332
1005004907222694
1005004917340897
32846087104
32557485473
1005001823671601
4001325265808
1005004011802388
1005005014996831
1005003286257059
1005001862667397
1005005079769494
1005004959843132
1005005403988279
1005003409300523
4000229756642
4000994158406
1005004174245779
1005003719625125
1005004275472952
1005003187596915
1005005393716704
1005005398456285
1005004342510301
4000469061251
1005004746778125
1005004683549418
4001283658018
4001178609999
1005004884422476
1005004880428909
1005003157950753
1005004706553107
4000598566077
1005004422933935
1005004543091745
1005003486232074
1005003329481397
1005003175243401
1005003229050502
32877820155
32991731419
1005001923418828
1005005673460338
1005004903550402
32655047603
32834791956
1005003937919157
32824735271
1005002515590431
1005005112785915
1005001865344023
1005004260732381
1005004913468939
32828301067
1005004891960555
1005005517294441
1005004200919780
1005004588027800
32741275120
1005003699734963
1005002220238963
4001351784072
1005005008900085
1005003664531206