1005006887922230
1005007038770650
32462929363
1005005191750182
1005007536168076
1005006737159458
1005007467266061
1005006070220532
1005007347301420
1005005470170896
1005006860069578
1005004969809658
1005006853832694
1005007539671964
1005007511942023
1005007539980938
1005006826849454
1005002362551230
1005007393816208
1005007393710010
1005007615292223
1005006989724043
1005002362477395
1005006935686025
1005006883150751
1005004945325349
1005005590467230
1005005490873155
1005003436611291
1005007036566502
1005007382240357
33007498526
1005006858962776
1005005786833067
1005007456540896
1005006850085075
1005002362260485
1005007638199039
1005005487349860
1005007209890983
1005006357398305
1005007614848329
1005007494889934
1005005499149964
1005005499111332
1005005490626323
1005002362510345
1005007031079057
1005007194771931
1005001272001980
1005007393619454
1005005589954397
32904712207
1005007001158354
1005006726690804
1005005991039428
1005005990984882
1005005990987889
1005007677931828
1005007680454139
1005007709936731
1005007704152022
1005007703480955
1005007694696993
1005007696873855
1005005938195879
1005007537286148
1005007443447938
1005006151909838
4001068015096
1005006244712046
1005004093693243
1005006123503994
1005006285544049
1005005928417044
1005004853641009
1005006030645577
1005007469711029
1005007138499910
1005005630331021
32995127464
1005007012046595
1005005056892303
1005006269451080
1005002602807996
1005005643758061
1005004574491547
1005006290226781
1005005726299781
1005006018546079
1005002857544888
1005007558326017
1005007073696861
1005006118223695
1005006210051880
1005006118238741
1005005709462578
1005006474338618
1005006202305457
1005007418941743
1005007615261437
1005006851900321
1005006283045113
1005004517669409
1005003121150895
1005006973360542
1005006342795933
1005007251558853
32254743026
1005005362088239
1005006192902725
1005005560482727
1005003101065377
1005003114927184
1005005784360943
1005003099573018
1005005814661473
1005007339253510
1005005793183576
1005001614172843
1005006106165839
1005006234521607
1005005554593014
1005006117897511
1005006139023797
1005007013759433
1005007615631263
33027429323
1005005784736248
1005007507630586
1005003099425733
1005005799969143
1005005793333006
4000393113916
1005006229098524
1005007011873785
1005006231151108
1005006350299832
1005007109775190
1005006387122774
1005007205429412
1005007403376197
1005007597965941
1005006854216686
1005005875518245
1005007440439805
1005005041334412
1005006792396858
1005006655046294
1005006770584846
1005006348468136
1005005885581645
1005006425972295
1005004411158397
1005006627968953
1005006803399166
1005006323730774
1005005888099516
1005006408240317
1005007178085117
1005006705236020
1005007350585201
1005006159538755
1005006160946823
1005006146924214
1005006383763724
1005007651889590
1005007241059987
1005006249750952
1005006195978951
1005006011714393
1005007163644045
1005006388503163
1005006003592001
1005007805672325
1005007805513084
1005007804592878
1005007804753020
1005007769123650
1005007157664227
1005006112263087
1005006309038851
1005007083909519
1005007163135649
1005006383865558
1005007804861057
1005007804498976
1005007803483882
1005007799023106
1005007758010085
1005007558396921
1005007558462763
1005005714968611
1005006124334392
1005007647828284
1005006302300250
1005007794291011
1005007802693118
1005006310271920
1005007647825818
1005006160703648
1005006131525474
1005007769067232
1005007157320469
1005007157172493
1005007083869359
1005006287930015
1005006160280407
1005007677298227
1005007558473584
1005007157472474
1005007084090341
1005007084617049
1005007757518679
1005007757675866
1005007156907885
1005005936470825
1005006168505275
1005006161749319
1005007769204558
1005007157330686
1005005791739981
1005005819928722
1005006099176431
1005006135498297
1005007678144104
1005007769240400
1005007558253709
1005007157442030
1005005937179279
1005006099173482
1005006305197447
1005006305035817
1005007676364042
1005007769214374
1005007757687754
1005007757531258
1005007558416821
1005006099103572
1005006136230889
1005006310115829
1005007558637343
1005005973103862
1005007157079687
1005005829636548
1005006305442370
1005007757329974
1005005806085293
1005005815577855
1005007677678111
1005007769066674
1005007769257210
1005007757562666
1005007157305739
1005007678051148
1005007558662266
1005007558360422
1005005905964847
1005005973140649
1005007157240585
1005005805928619
1005007677975430
1005007676231134
1005007677990131
1005007769103321
1005007769036505
1005007768984761
1005007673563569
1005007673609419
1005007768945800
1005006278121901
1005007673846716
1005007769001488
1005007673272825
1005007666148581
1005006282474652
1005007666463244
1005007654742160
1005005796780751
1005007652511881
1005006200245144
1005007652975894
1005007658583045
1005005906075159
1005007652086133
1005006151822578
1005007702151429
1005005796795739
1005006151856381
1005007702716407
1005007702790345
1005006278214349
1005005806123004
1005007701569093
1005006169922615
1005007702535957
1005006282565148
1005005758591109
1005005791682475
1005007702449089
1005007702270510
1005007702330338
1005006132276932
1005007702204327
1005007701093889
1005007701586087
1005007701296894
1005007699800082
1005007699652653
1005007698824778
1005007698992199
1005007698833215
1005007698869170
1005007701065820
1005007701303103
1005007694068462
1005007693560672
1005007693354740
1005007364501978
1005006071405317
1005006635826337
1005002754500396
1005007095707660
1005006994507892
33057921248
1005007352252075
1005006766390011
1005007007698790
1005004109947924
1005006860063761
1005006067491921
1005006855444991
1005006960139383
1005007541452424
1005007371160220
1005006612744615
1005007513792257
1005006962831246
1005005958662156
1005006288238999
1005006493961332
1005007021311996
1005002069911042
1005006514685825
1005006548417155
1005006612693635
1005006962729356
1005007000775379
1005007441672481
1005007354453885
32962865731
1005006321473632
1005007138655562
1005007014323602
1005005794703332
1005005472662466
1005006037070048
1005005287039679
1005005049705052
1005006960143348
1005007493303815
1005007291288650
1005007438342834
1005007613572980
1005007135217831
1005007057489843
1005007124969424
1005007518133895
1005007451766299
1005007444433629
1005006890727472
1005007014235952
1005007642565510
1005007636226293
1005005787362885
1005007640711986
1005007632006002
1005007303476851
1005007671231635
1005005706044648
4001107912176
1005003765820782
1005007678856395
1005007803167870
1005007801808926
1005007806206479
1005007795015266
1005007785016163
1005007780485945
1005007776485082
1005007764388958
1005007761765841
1005006612911397
1005007000971223
1005007519693655
1005007460022560
1005007451714306
1005006898759299
1005007001345440
1005007138715492
1005007740765540
1005007728359715
1005007716975374
1005007796354909
1005007707700178
1005007001444415
1005007734965188
1005007734929570
1005007689679355
1005007688492603
1005006962837094
1005007518414135
1005007014481248
1005007518111921
1005007518276756
1005006962644673
1005007352101287
1005007444543598
1005007354354279
1005007382035216
1005007513564071
1005007550391006
1005007519608188
1005007512857455
1005007392213995
1005007428654365
1005007431093009
1005007001171790
1005007444267795
1005007444552677
1005007451854190
1005007392209502
1005007370978786
1005007513125346
1005007430865920
1005007519542762
1005007442132246
1005007422822365
1005007383128203
1005007419291095
1005007519927535
1005007392232117
1005007353353980
1005007451715393
1005007550467113
1005007550190361
1005007354298021
1005007451851019
1005007348389077
1005007429246535
1005007353349773
1005007550100418
1005007460355077
1005007382036809
1005007444513186
1005007008594924
1005007390036628
1005007512676323
1005007451825069
1005007383051484
1005007513957015
1005007391967461
1005007418763916
1005007430691945
1005007549132022
1005007454198627
1005007514245011
1005007391932904
1005007512969912
1005007548688369
1005007518830467
1005007513102601
1005007255960082
1005007371279097
1005007392741094
1005006898669728
1005007575005813
1005007382062952
1005007371176482
1005007371433088
1005007574135553
1005007512564642
1005007451604683
1005007512562729
1005007369052174
1005007451881049
1005007451809066
1005007392285392
1005007371113552
1005007451494837
1005007368972166
1005007468049756
1005007519577131
1005007575115265
1005007381878687
1005007444088739
1005007504855813
1005007514308008
1005007574042608
1005007512857786