1005005431386188
1005004328151411
1005007610460599
1005005928745575
1005006498364011
32839966396
1005007209446908
1005002965500785
1005007168442598
1005007447955200
1005007581365065
1005007288170280
32856873438
1005007606091022
1005007609789782
1005004618770688
1005005116367574
1005007376815875
1005006880021085
1005004920346791
1005006816406150
1005006163546608
1005005495282586
1005005972167284
1005004086299212
1005007059178557
1005006888271677
1005007400081336
1005006314214713
1005006954038163
1005004562583312
1005006167950892
1005001664012825
1005006966574912
1005007541781239
1005002678826471
1005006462402356
1005007376932876
1005006767135313
1005007264315422
1005006676584799
1005007171952261
1005005485577281
1005007058637493
1005005564790545
1005006436046245
1005002358593733
1005006839371659
1005006440472329
1005006981017052
1005007058546481
1005005427159816
1005005633282138
1005007586918665
1005003930030956
1005006430586505
1005007622904424
1005006232075839
1005007376958409
1005006900244936
1005007226619546
1005007302055214
1005007217618641
1005005557189928
1005006961313578
32835038250
1005006216851090
1005006890583875
1005004496805036
1005006729760198
1005007550415798
1005007459427212
1005006379343729
1005006478523742
1005007293620696
1005007243503610
1005007603653251
1005006864507943
1005006430215426
1005007059935070
1005006676525439
1005007259246771
1005006447974584
1005007243695564
1005007465960617
1005007351803422
1005005952414917
32825647177
1005005381231192
1005006647375077
1005006195958519
1005006379122588
1005006314071926
1005007059216587
33009858691
1005006647270720
1005005633251254
1005007351774627
1005007254594003
1005007415705431
1005007531807311
33009998050
1005006527455899
1005007603696165
1005005543535518
1005007266578989
1005004621830955
1005007268245686
1005007574037719
1005004860601705
1005007661889973
1005007655247246
1005005381198314
1005007679890353
1005007266684895
1005007657857446
1005007669038504
1005007658476955
1005007669900154
33006076664
1005007655902644
1005007670424540
1005007675389671
1005007660967840
1005007683703578
1005007654942358
1005007678110162
1005007662155290
1005007413034855
1005007673019153
1005007412229091
1005007412457341
1005007412237845
1005007487563944
1005007667169471
1005007673623044
1005006619152172
1005007685466494
1005007657153979
1005007658692895
1005006770371356
1005006216847016
1005007416062021
33007886292
1005007412402771
1005007669407987
1005003820148752
1005004183471327
1005007663328545
1005007309200884
1005007722087451
1005007712127425
1005007803030611
1005007802471911
1005007801194798
1005007745615324
1005007802155299
1005007797288244
1005007801870628
1005007801713710
1005007801497975
1005007801647164
1005007692688776
1005007799618003
1005006777140484
1005007798043816
1005007758012883
1005007798606168
1005007797772430
1005007798150481
1005007797999620
1005007734648250
1005007797424780
1005007796515707
1005007789922532
1005007796397914
1005007708001000
1005007796423198
1005007792931164
1005007794362398
1005007794207188
1005007792654993
1005007418060673
1005007425452629
1005007426680119
1005007792176053
1005007791873394
1005007665189215
1005007789977858
1005007768810224
1005007790382254
1005007789216971
1005007755476047
1005007755523633
1005007755581458
1005007788525827
1005007784806758
1005007784799819
1005007784123561
1005007783672253
1005007783532080
1005007783222597
1005007783092443
1005007782013217
1005007760031899
1005007781202620
1005007692607677
1005007781243196
1005007780362344
1005007779315377
1005007776383445
1005007764073820
1005007777997349
1005007757679022
1005007701843959
1005005999072903
1005005989885006
1005007768005586
1005007768200358
1005007766594784
1005007766393878
1005007765950530
1005007764068814
1005007764492241
1005007764364641
1005007763670843
1005003646255682
1005007705835443
1005003646298398
1005007762765721
32712261167
1005007715293719
1005007721019428
1005007750390565
1005007756851898
1005007757990648
1005007663361154
1005007662280543
1005007757707813
1005007733733019
1005007727515379
1005007757241594
1005007755596171
1005006966022998
1005006966183272
1005006919081994
1005006919325231
1005007755053179
1005007752884471
1005007752897911
1005007752946541
1005007751960915
1005007750375533
1005007750229796
1005007749666512
1005006350488393
1005007710313954
1005007771650727
1005007808334402
1005007806011474
1005007767077083
1005007714319254
1005007765156249
1005005989487359
1005007804600741
1005007705008176
1005007698266744
1005007803962793
1005007703848226
1005007703804431
32857316572
1005007291016890
32714639002
32799753785
32785866858
32792723467
1005002744245143
1005002690097003
1005002744222308
1005002699030205
1005003374580151
32995446654
1005002933354777
1005002985787985
1005002947858478
1005005759393644
1005002496894541
1005002496933585
1005002496929222
4000618145994
1005002328360142
1005007441754714
32887153729
32639040916
1005007618255592
1005007095717470
1005002668416710
1005007511369359
1005007165206324
1005007149879764
1005007143921668
1005007419418752
1005007059309544
1005004192463598
1005004907985295
1005007165241398
1005007084364003
1005002660756074
1005007216471745
1005006895078979
1005007140023056
1005007524966046
1005007651116343
1005002351570346
1005007513072594
1005006213266072
1005006412821184
1005007216796124
1005002715296704
1005003092627506
1005005901811979
1005003196929046
1005003057688703
1005007482632685
1005007575390528
1005007530567941
4001334135326
1005003746021162
1005006707890190
1005004682039466
1005007280359291
1005005384604854
1005002490690361
1005005909104295
1005007320841421
1005004875142786
1005006866589348
1005007558034869
1005006694016792
1005007052756293
1005005940187511
1005005018098217
1005003196748887
1005007013809520
1005002123523729
1005004682040447
1005007317146157
1005007505471536
1005006532547760
1005006794855247
1005004890326298
1005006935246835
1005004297534119
1005006635392524
1005007074333910
1005007216653377
1005007439540847
1005006795258482
1005007572774343
1005002220387443
1005007482673574
1005007017862725
1005007245353034
1005004515067331
1005005670014327
1005006857624214
4001149847632
1005004070566412
1005007199566740
1005006504813363
1005006796749486
1005006794955148
1005006983219380
1005007409458757
1005005498488128
1005005501498133
1005005641270959
1005003378899761
1005005604277108
1005004050529598
4001089586393
1005003169566181
1005007245418909
1005004915955285
1005004665497827
1005007445955130
1005003917645543
1005006413552100
4000570682094
1005005630725816
1005003685731388
1005006186164508
1005006794859883
1005006038486789
1005004628132685
1005006236253957
4001208271764
1005006413165696
33008478774
1005006655229612
1005006795130078
1005006843987121
1005005850633140
4001253028533
1005006413496076
1005005614516641
32325739022
4000883898248
32496982985
1005006658478888
1005006657600886
1005006655085947
4000270501649
4000257451052
4000357836118
32687693252
32688532009
1005005384431702
1005006949979257
1005003735269196
32621020509
1005006819434345
1005007170366626
1005007051340686
1005006009662879
1005005380762407
1005005881325207
1005006925543577
1005006056866783
1005005777968107
1005007534250762
1005006398031911
1005007274334739
1005004681638876
1005007322830282
1005006948727213
1005006964368593
1005007579701307
1005006871722512
1005006931740439
1005006994686584
1005007330477200
1005003739426604
1005006805260438
1005006857410569
1005007214998139
1005007463618551
1005007463751284
1005007184412315
1005005688385334
1005007225509074
1005007191793521
1005006467935486
1005007579437961
1005007579679399
1005007025993294
1005004256536748
1005006453089190
1005007528771088
1005007151391585
1005006683287786
1005007464159614
1005007128581445
1005006958087035
1005004151483124
1005007528411773
1005006856762927
1005007471460999
1005007266955166
1005006557999869
1005007529943076
1005007199560514
1005006964409409
1005002640522315
1005002416185600
1005004413492184
1005007464387336
1005007552618962
1005007579670377
1005007579517847
1005007464094674
1005006515641846
1005002709827821
1005006971022696
1005006451735999
1005007464101680
1005006852938597
1005007296796841
1005007184513117
1005006461226746
1005007464204626
1005007493922957
1005007579642475
1005006452573759
1005006964373533
1005007535926772
1005003347125106
1005007579658435
1005007604302758
1005007562051983