32436469972
1005007543851609
1005006710902241
1005004309251545
1005007280463989
32888083167
1005006411358196
1005006896645190
1005007148533269
1005005864756893
1005007092847584
1005007092729412
1005005509501146
1005007035857346
1005007075866961
1005006754598108
1005004849558301
1005005346687485
1005004388406176
1005005538419524
1005006335357311
1005006227704703
1005005009013213
1005006854619308
1005006961924830
1005005591819302
1005007003651148
4000723556492
1005007628671000
1005004568894107
1005003675615528
1005006630449711
1005005555096125
4000799144705
1005007096180055
1005006903743250
32968977537
1005006761798461
1005007063882004
32993505502
1005006514467948
1005006765579467
1005007205546012
1005006806723395
1005005585161605
1005006300415676
33060012874
1005006329088499
1005006896868990
1005005664557014
1005007137990846
1005006913289337
1005002271786711
1005007135827507
1005004611360018
4000947930921
1005006814882800
4001324088217
1005007542084147
1005007352878250
1005004155404973
32812394779
1005005590178118
1005006848583517
1005005233592859
1005006306245924
1005005876976538
1005004189844456
1005007242008886
32923808095
1005003678148559
1005004233761358
1005005827511224
1005002467560213
33025377252
1005002599758308
1005005303415364
1005006876867197
1005007452598963
1005002275512981
1005005658486503
33060212184
1005007059315083
1005007062711503
1005005028492685
1005006364966842
1005007103278637
1005005296784116
1005007099470310
4000927188024
1005007099435335
1005005219638943
1005006910520377
1005007032004847
1005005604246111
1005007099144687
4001054110769
1005007115526460
32798385545
1005006729194786
1005007133780116
1005007261232287
1005007161486991
1005007059439931
1005006057503747
1005005507667356
1005007099026785
1005005344777281
1005006339885868
32665180474
1005005764009042
1005006807036521
1005005544923661
1005006911974815
1005006977458129
1005002878458565
1005006736402222
1005007239884710
4000354678367
1005007575637436
1005007552582632
1005007244236893
1005005232998794
1005005341312774
1005005502585515
1005004797155657
1005005493313155
1005005344632336
1005006493241319
1005006865790917
1005003594429199
1005004842608667
1005006477200560
1005006846695579
1005007546256916
1005005765242894
1005007332327412
1005007277608232
1005007440731729
1005007162626466
1005004769983419
1005007241315611
1005007296445999
1005007296379972
1005007433641496
1005007228470649
1005007331762251
1005007332346414
1005007163195242
1005005778045594
1005006279773171
1005005121417521
1005007387361753
1005007302744367
1005006487093258
32671289386
1005006516956156
1005007578010680
1005007203753564
1005004227878396
1005005397658171
1005007032999800
1005005407139019
1005007092505659
1005007343323718
1005006628272007
1005005971714686
1005007275648779
1005005209752748
1005007092893092
1005007004643693
1005007275637105
1005006784874867
1005004720440451
1005005925020569
1005004770020050
1005006011915967
1005007332592172
1005007411510375
1005006627859860
1005007514799583
1005007196727792
1005007393333403
1005007193400333
1005007463587203
1005005094343336
1005006918356486
32945041883
1005006698701465
1005006507610569
1005006752248619
1005006962170574
1005006932326196
1005006775608316
1005004902089636
1005007320352562
1005005273235410
1005006219105531
1005007640785905
1005006780724568
1005006057697577
1005006754948523
1005005302849304
1005006953041782
1005006346698687
1005004138276347
1005004706510910
32945900034
1005007482117772
1005004972607129
1005005964929984
1005006970210167
1005007096634405
1005006996559248
4000175847020
1005007092844582
1005007096116245
1005005032294987
1005002039071359
1005006673491799
1005005626508911
1005004663552404
1005005064026681
1005006367446492
1005004128538933
1005006844917125
1005007608221895
1005005595086554
33051508666
1005004383272566
1005007069332715
1005006743815139
1005005991471492
1005004542180212
1005007608298247
1005007182506432
1005003180500098
1005006925534509
1005007020655772
1005005422807766
1005005844457258
1005007037371031
1005005433407000
1005007102762908
1005007082355924
1005007275755036
1005006753526891
1005007627998447
1005005662785494
1005007575208855
1005006711242045
1005007647763207
1005005317423024
1005007641630957
1005006868720133
1005007095793641
1005005125040594
1005005657712138
32905560568
1005005743919596
1005006524400295
1005007027801362
1005005590063456
1005007100844976
1005004603561767
1005007097704540
1005005463086194
1005007608361859
1005006171067313
1005006484698097
1005006723662588
1005004759953132
1005005421446517
1005005591796277
1005005334630122
1005005781490948
1005007590052243
1005005538522093
1005006366709192
1005005464627268
1005004612403619
1005005968994593
1005005444894132
1005005322536789
1005005450132723
1005004108117775
1005006870383374
1005007170007396
1005002071774417
1005005681881858
1005006982682007
1005007474998834
1005004477832234
1005006953683786
1005007135657104
1005002452492368
1005006653691092
4001200858469
1005005540900085
1005007556989075
1005005260751617
1005006895161021
1005002516881446
33040157456
1005006766177947
1005004997094346
32903269243
1005005861151898
1005003086749899
1005005240073349
1005004344413463
1005007378837948
1005006966168642
4000886236867
1005006095861928
1005003928223043
1005005367880797
1005002660632123
1005005444449974
1005007386164679
32971626675
1005005824850939
1005007117458315
1005006984303090
1005005778521972
1005005219758222
1005006446608309
1005005287748458
1005005541565142
1005003876148496
1005004099718075
1005007176779198
33025953608
32852932690
1005004345590581
1005005312335859
1005005956024482
1005004508887296
1005004267200394
33044614592
1005004303278938
1005007512701621
32872910835
1005006053782892
1005006872050375
1005006275654163
1005006327813418
1005007351751088
1005005715475684
1005006327816302
1005001707803703
1005003370921604
1005006865393242
32910376775
1005007625128861
1005003889302191
1005007174450398
1005007605275133
1005004778776818
1005003436095758
1005007275652910
1005007632171862
1005007481560652
1005007084593210
1005007572039099
1005007650936076
1005007558775857
1005007632615306
1005007632037734
1005005711259920
1005006981571703
1005007638043497
1005007614774377
1005006521292561
1005007614134027
1005007021407637
1005005475685182
1005007651331102
1005006963487302
1005007220538449
1005007638013399
1005007513639911
1005006721938807
4001090771055
1005007126144974
33000221981
1005007251888197
1005007092590012
1005007650134037
1005006641269610
1005007646931414
1005007632428739
32885781255
1005007354765844
1005007637926529
1005007619745034
1005007580452567
33048727727
32861428268
1005007263341262
1005007649591843
1005006641313800
33045501100
33048638121
1005007203807534
1005004306475893
1005007641817240
1005007354786501
1005007616147340
1005007581725548
1005007650889595
1005007577613917
1005002803465239
1005006074373348
1005007649885850
1005007096340642
1005007564656771
1005007652026983
1005007033076687
1005005268568621
1005006963352607
1005007649945374
1005007033133577
1005007649998820
1005007650089377
1005007564399469
1005005052897989
1005006827227257
32965739595
1005004683785000
1005006593163030
1005007146556049
1005007527879212
4000309813676
1005007650747276
1005007649208591
1005007585672446
33037893569
1005005529154879
1005006233095794
4000687545407
1005007564666258
1005007362458219
1005007619963348
1005007564543706
1005006769222233
1005007565656017
1005006762225366
1005007355654406
1005007034156908
1005006963283819
1005005361749693
1005007650911077
1005007639502778
4000982446570
1005007035325227
1005007651629289
1005007484078655
1005007141540198
1005007650624677
4000299911776
1005007626553493
32886192131
32874578879
1005004447916474
32524312423
1005006606894647
4000678158343
1005007087753881
1005005675878995
1005006733484313
1005003796141854
1005006550234789
1005005801063481
1005005417862528
4000865134488
1005005584064543
1005004211066245
1005004346001858
1005006783578785
1005007121948050
1005006735902133
1005005270267604
1005004571360788
1005005481261565
1005003111252765
32988738143
1005003188006747
1005006967644813
1005006689165779
4000852886991
32878324287
1005005257563855
1005004150627192
1005006866769285
1005006912740805
1005005687141174
1005006820940323
1005007143787959
1005005526772588