1005007255204412
1005007255101621
1005006922659854
1005002655674645
1005007478741990
1005001590932213
1005007255989015
1005007450179956
1005007455531874
1005007458210696
1005007455642631
1005007091282848
1005006710427532
1005004802610426
1005002398395700
1005003649574637
1005006748573603
1005006766008467
1005002324637035
1005005320840748
1005007356082287
1005005358476217
1005007096645472
1005007444183266
1005007431832992
1005007441531426
1005003923487840
1005006446004157
1005007286722547
1005007119976570
1005007465438026
1005004438512338
1005006661379166
1005006393484915
32713670905
1005007111120752
1005007099179007
32766131751
1005003306373823
1005006513749980
1005005752856012
1005007018341407
1005006847659164
1005007459884244
1005006860921894
1005007004552471
1005004862381013
1005006978589210
1005006608409736
1005003706747365
32988316254
1005006519851090
1005006026616350
1005007337373977
1005006653695475
1005007259423588
1005006153342793
1005005413988329
1005006682282806
1005006760140429
32345122064
1005004910102499
1005006270237428
1005004705688770
1005006494808657
1005007345052250
1005006494345338
1005006809344302
1005007109904987
1005002945477021
1005004239812553
1005007266603848
1005007052837909
1005001349065378
1005005440028838
1005005049987919
1005007243421086
1005005041194154
1005005544785615
1005002245753622
1005007308433293
1005006448050127
1005007408213955
1005006508842511
1005005310102063
1005006402540084
1005007027286658
1005007081974950
1005004886773105
1005007218741125
1005006198516890
1005006217322232
10000039724560
32673295449
1005006584047300
1005006491746303
1005006713739352
1005005262432286
1005005495424481
1005005923948226
1005004031923470
1005006247638411
1005006754707108
32671602325
1005006033392106
1005003936991812
1005005965594484
1005005698244749
1005004091173754
1005006103494931
1005006620258461
1005004071442936
1005004349381605
1005005648392716
1005005656674422
1005006118119320
1005006625284803
1005006776221960
1005005042688764
1005005237927925
1005005585746973
1005007162782284
1005007244243306
1005005236255717
1005007154410075
1005007103030372
1005006725098630
1005004961058867
1005007401480379
1005004113294070
1005006333021198
1005007125101668
1005004398939880
1005003016570527
1005006355988115
1005006896416616
1005007235426330
1005007273955885
1005005909771875
1005007390175593
1005005815978176
1005005170646646
1005006666902577
1005005488326719
1005003829478640
1005006990889521
1005003733278362
1005007257027707
1005005429006011
1005006568831687
1005006498807698
1005007054102547
1005005923807888
1005006635822333
1005005648981752
1005006042548770
1005005750554905
1005005679707271
1005004441833050
1005006366872145
1005003681588320
1005006387459918
32947951775
1005002749409759
1005005913309040
1005006134798531
1005005700296438
1005006224006316
1005003311766528
1005006948331756
1005003896784436
1005006199785025
1005005124341210
1005001838426408
1005006362564486
1005007321797759
1005007401817976
1005006134713090
1005005254298733
1005006891809845
1005006728900431
1005006096264973
1005007141663679
1005006239678429
1005006994107953
4000055713274
32656456051
1005007344874677
1005005060384072
32945404437
1994843187
1005002746497416
1005006925202596
1005006896350696
1005005532757508
4001241225446
1005006841247285
1005002084265105
1005005144957789
1005007059105496
1005006499033649
1005005943342842
1005003594745983
1005004883511883
1005006298711609
1005006467365312
1005005585922347
1005004892402549
1005006653662449
1005005250360106
1005002737180238
1005004723647618
1005005849087254
1005004543062509
1005005292961882
1005005681404714
1005006163580442
32726875895
1005006041420839
1005007317699989
1005007008141485
1005005885769391
1005007309839716
1005005782664985
1005005847855658
1005004177784180
1005004505552849
1005007369928872
1005004996069013
1005006971112073
1005006862791864
1005007013584114
1005006751175429
1005007030088964
1005004218939760
1005007407954521
4000886073244
4000193922722
1005003769184717
1005005321770811
1005002848242925
1005005321857251
1005006150133113
1005005254034376
1005006079209389
1005001353962997
1005007356097482
1005007002177274
1005006346729749
1005007471139121
1005006658735017
1005006595102521
1005007459647361
1005007454764023
1005006739054468
1005007440317705
1005007440325643
1005007433911493
1005007387616883
1005007261508411
1005006623891132
1005006693816678
1005006790697092
1005005534557056
1005006776643178
1005005273376716
1005003469248123
1005006833397602
1005006770590700
1005007337718393
1005007253676590
1005005187434717
1005004154899427
1005006255949295
1005006254509008
1005006172082590
32968479687
4000515984058
1005006599999847
1005005996671897
1005006435020835
1005005890666258
32912917341
32885102705
32777698239
1005006797478097
1005001709401312
1005004227856376
1046063429
1005006096820689
1005001808374282
1005003426077677
1005006424533969
1005004307055867
1005005501390238
1005004598581130
1005006472599766
1005002352818475
1005004447894569
1005005779027107
1005005391194997
4000164024060
4000704148013
1005005390703496
1005006483727397
1005004580170856
1005005897777767
1005006195646719
1005006410965729
1005003136369406
1005005411063650
1005001381800659
1005004452029329
4001196904263
4001196988018
4001196972308
1005004611600545
1005001632798495
1005004611620205
1005006329457230
1005006642226165
1005006148435795
1005005132465104
897714468
1005005603021333
1005004209749217
1005003809321617
1005001570731594
1005004652174992
1005001773544867
1005004986568249
1589728886
1005005114005516
1005005499272217
1005005007541013
1005006402778602
4000021450586
1005004743605232
1005005996633685
1005007451216007
1005007206377776
1005007206427651
1005007423885468
1005006797315928
1005003711574467
1005007346534727
1005007209697459
1005007208138103
1005003882776913
1005005773401622
1005007048947109
1005002221933672
1005006595170840
1005006725693666
1005006610662806
1005006871691043
1005006869544276
1005006358403989
1005006808400340
1005006724391288
1005004598552363
1005004278183385
1005005387594731
1005004947497994
1005005388141314
1005005995620549
1005005902177994
1005005901402289
1005007175921101
1005005997616312
1005005715036206
1005005273249423
1005007037859222
1005006095268629
1005006366530040
1005006113769567
32933143708
1005006368099306
1589770047
1005005779032190
1005006343234969
1005006241053066
1005007078725190
1005007488732387
1005007430730037
1005007276014942
1005002044487704
1005003673586940
1005007257436043
1005006326471775
1005004538449660
1005003593124426
1005003863586497
1005007456425126
1005005236005206
1005006813168476
1005003767470062
1005005033297076
1005005195890257
1005005259346678
1005007364586173
1005006264246360
1005004526455570
1005006316534570
1005007052644559
1005006850184229
1005005957848717
1005003439295025
1005007481020260
1005006640993988
1005007397049640
1005006629987031
1005006802449549
1005006539068473
1005007397085139
1005002022687253
1005005996826483
1005006315847433
1005006823055673
32991022325
1005001429273066
1005007121066719
1005001357538616
1005005262620957
1005006693026592
1005003334047612
4001021328128
1005007342502239
1005005526271949
1005004981009584
1005003844095998
1005007397073263
1005007029451538
1005007345268389
1005007019241443
1005006968929025
1005005816610052
1005007203767719
1005006826690292
1005005321333135
1005006209080355
1005006130806192
1005007193484671
1005006768293782
1005006802655231
1005005534688653
1005007290861297
1005006483851940
1005005981571991
1005006956095351
1005006894942560
1005007472714806
1005005472714229
1005006144202634
1005006446349366
1005007472495671
1005001329880209
1005003597829092
1005007122306839
1005007423360410
1005004669726107
1005007488876530
1005007488728448
1005007488144130
1005007259372286
1005006051610206
1005005843134271
1005005368180701
1005007427376808
1005006943995769
1005006378673627
1005006744418364
4000194979678
1005004034234302
1005007258493444
1005006000317009
1005005783456604
1005007285671497
1005006208122262
1005006374524987
1005007285273465
1005007159763335
1005007391267274
1005006370003248
1005006480947438
1005007393425970
1005004579852218
1005005888649762
1005006135995074
1005007262321479
1005003411961200
1005006782986980
1005002115566963
1005007316112177
1005006998286355
1005003786212916
1005006767869596
1005007465478137
1005006647916184
1005006300822825