1005007586354562
1005007197719972
1005007640435419
1005005923322716
1005006060510799
1005005957852815
1005005767865782
1005006958693588
1005007544864213
1005003783518867
1005007627213727
1005006411606328
1005007087276896
1005001793057699
1005005999326215
1005006361413447
1005005598998027
1005006321160251
1005003543076362
1005006734404622
1005003381299034
1005006370930939
1005006335767905
1005005609729251
1005004049489027
1005003713204163
1005006707668806
1005007499679659
1005005501464643
1005005718638538
1005005458581166
1005001350291018
1005006896351853
1005006904272730
1005006042488851
1005007330127794
1005006893983770
1005007124112290
1005004717796560
1005006588363359
1005007436896781
1005006732944055
1005005706219381
1005006367516841
1005007582342136
1005002289804043
1005006997198382
1005006692986824
1005005936580009
1005006713712749
1005006352386667
1005007533203480
1005002673199713
1005005897779459
1005006485362297
1005006990712927
1005005250882772
1005007444611640
1005007021080246
1005007187903397
1005006066515902
1005006317072823
1005003772179049
1005005925702340
1005006412031697
1005004102079423
1005006314638283
1005006157394786
1005004544386468
1005004731644637
1005001385886730
33001347734
1005006138037804
1005004913225538
1005005532613044
1005004486618906
1005005462375077
1005005829627780
1005006901221584
1005006689288028
1005005690309578
1005005917020600
1005006788071964
1005005390990507
1005007444829075
1005007552153628
1005005352979960
1005006507261188
1005005576740444
1005004133632143
1005007442257792
1005006739660022
1005006420142551
1005007609689604
1005001885540127
1005006157660888
1005005542644662
1005006989304649
1005006464985602
1005007223903961
1005007437346581
1005007038668166
1005003269725085
1005005377655426
1005006542500637
1005007115562545
1005003177342752
1005002400503359
1005007431262509
1005006385329751
1005005407497127
1005003395990630
1005006989393952
1005006895178975
1005006296493611
1005005424941603
1005006385594338
1005005636789797
1005003026355499
1005006181067951
4000295890714
1005007316039607
1005007207881168
1005005852684590
1005006425499863
1005006959345740
1005007526750250
1005005459431444
1005004133875431
1005006958606174
1005005961415293
1005005391147921
1005007604996269
1005006948433344
1005004650371619
1005005395776613
1005005102178938
1005007138376246
1005007259627810
1005007283883546
1005006860053971
1005006166112521
1005005295335346
1005007369026969
1005005333605009
1005007382906873
1005006939471050
4000018348971
1005006583000241
1005002753971247
1005006029066210
1005007354570531
1005007232503017
1005006808564473
1005007537277862
1005006284791061
1005007136993518
4000009465278
1005005489719919
1005006833353268
1005005691544129
1005005071566174
1005006298876698
1005007775591306
1005007269409205
1005007269790542
1005007219412132
1005007091315551
1005007202466613
1005007219783130
1005007269652844
1005007269747723
1005007090853995
1005004525977368
1005004330412371
1005007486892435
1005007606363703
1005006831138595
1005004870328637
1005006127303468
1005006012929222
1005007408242359
1005003738332211
1005006913593361
1005007408181479
1005006913529679
1005007603952408
1005006732538134
1005005345907073
1005006735008595
1005006720475963
1005005785770383
1005007274571205
1005006374398899
1005004394119603
1005006327608751
1005006668680502
1005006267170963
1005007105376056
1005006198580200
1005005222078515
1005006610069703
1005007185218333
1005007597562454
1005007655202695
1005005222134422
1005005292701969
1005007439238697
1005006995960566
1005005117930998
1005007408257837
1005005501156240
1005006533064996
1005007246499308
1005006400025597
1005007135544586
1005002325251509
1005006995496040
1005006034881442
1005007074496362
1005005130739809
1005007089548204
1005006268901352
1005007368041085
1005006885966573
1005006457126743
1005004422156477
1005007218028104
1005005991953158
1005006433576541
1005006923345765
1005006194975151
1005006732360751
1005005809350161
1005007456547408
1005006104861089
1005007261784467
1005006744794027
1005007310312665
1005007380180197
1005007377072693
1005004724064606
1005004219928644
1005007434849219
1005007393956214
1005007621344878
1005006368573585
4000252181171
32925943757
1005004217124687
1005003035784718
1005007426709678
1005006775753808
1005007464721344
1005007391011950
1005006223375193
1005007459885890
1005007004503744
1005007004676429
4000828009880
1005007435667440
1005007508235035
1005007309111961
1005007342829573
1005003495225639
1005001375451915
1005007427351749
1005004769384822
1005006579662980
1005006662161182
1005006114220002
1005004857262638
32919597458
1005005889753863
1005003735524791
1005007338430612
1005007338780065
1005007004527682
1005007004722044
1005007328646134
1005007313339031
1005007161995964
1005007439108977
1005007162298465
1005007313222598
1005007162368446
1005007292412491
1005007120564980
1005007292502443
1005007162364469
1005007313239512
1005007313098987
1005007295849124
1005007324047307
1005007004361850
1005007004602604
1005005558489647
1005005450296621
1005007449749929
1005007296056647
1005006447130382
1005006123761220
1005007161558973
1005006085259256
1005004704461395
1005007420709330
1005005876483937
1005004537136700
1005007144539734
1005005099574318
1005005327684507
1005007008891651
4000763313902
1005005715831196
1005007386956467
1005006365804947
1005006713644485
1005005958733652
32908203309
32885656056
1005007207972646
1005006988927084
1005003434352686
1005007488107397
1005004674892375
1005006883987301
1005007354189566
1005007198973147
1005007180586382
1005004354693160
1005006956193085
1005006169871765
1005007586922856
1005007479328649
32869986561
1005002868391299
1005005950352001
1005001891343308
1005005910372578
1005005885390330
1005007271829104
1005007408596173
1005006635460154
1005006247289557
1005003822441001
1005005906386880
1005004439144240
1005006466810707
1005006919668016
1005007437408788
1005005932583071
1005004004709612
2021722797
32887093500
1005003075886561
1005002292623509
1005004863822323
1005007121362220
32961336988
1005006896853698
1005006877952893
32495477364
1005007053380355
1005005677219506
32893204981
1005006457835065
1005005648617519
1005004635805521
1005006855843714
1005007472687232
1005004439045117
32867637153
1005007090977524
1005004891675885
4000670974336
1005005306635815
1005005909401202
1005004973842409
32863695798
1005004354841901
1005005264601842
1005006844339178
1005006913403168
1005007549976014
32820705177
1005006690830149
1005006131691203
1005002441163778
1005007084245559
1005005549956331
1005003531810328
4001126908184
1005005071470236
1005007486227332
1005004251181566
1005006063951966
1005005617440214
1005004518113672
1005004391385562
1005004909239360
1005007039241853
1005004863681857
4000269345422
1005006254159993
1005006778592674
1005006014262001
1005007647287175
1005004248525902
33018082964
1005005394500080
1005003238326125
1005006608795028
1005006281999957
1005006090882995
1005005898997400
1005006649146388
1005003376548638
1005003958182698
1005003635576930
1005007345948798
1005004766638771
1005004221210760
1005001998752768
1005004526227406
1005004071564476
32897137924
4000678504767
4000205914187
1005006207922933
1005007550259622
1005007436904091
1005005024580706
1005003861732477
4000599514201
1005007202129089
1005003958114855
1005007226765907
1005006702676464
1005006989787790
1005006803505372
1005004833473553
1005006994420490
1005007678440028
1005007678396025
1005007678356134
1005006173539794
1005007436551708
1005004443094770
1005005017105898
1005004779616799
1005003617666396
1005004155342981
1005004241305115
1005004071460929
1005004442207681
4000593802231
1005005963239083
1005005899030461
1005002552051059
1005005602074083
1005004525666688
1005005267380610
1005005267596007
1005002667119819
1005005869286680
1005007574024902
1005007571804307
1005004766960291
1005007196747742
1005004455610677
32985050457
1005004766673123
1005007201662568
1005003583228347
1005007201520830
1005007201719494
1005007597752915
1005006733732858
1005006177142409
1005004551335423
1005006856399294
4000848240921
1005004744156759
1005005495236841
1005005497421031
1005006586096024
1005004883739863
1005006801116990
1005006068844395
1005001652441787
1005006039332424
1005006147104625
32805079615
1005006410112735
1005004923952067
1005006023530717
1005004180133063
1005005945095174
1005007227464827
1005006734844838