1005006344665932
1005005547139287
1005003173168836
1005007533260986
1005006956726017
1005003547123638
1005004834116290
1005005051881394
1005002637324630
1005005986059780
1005003683271001
1005003463401146
1005007760483399
1005007801338141
1005007801132712
1005007799493185
1005007799371886
1005006305499564
1005004803443078
1005006331094803
1005005253022239
1005005734095819
1005003733264671
1005007792757315
1005007786264039
1005007559759455
1005007760359988
1005007684776872
1005007715897720
1005007715769891
1005007715792648
1005007702671987
1005005267479749
1005005275113198
1005007389766785
1005005267496569
1005005255958221
1005005278180795
1005007173726200
1005007674793126
1005006986492701
1005007302550034
1005007455235019
1005005641587492
1005006198078240
1005005718497390
1005006239016823
1005005719306939
1005006370928622
1005007334882034
1005004058915457
1005006973854552
1005006659224279
1005006126372697
1005006354549872
1005006902482782
1005001883778887
1005005868590876
1005007198267578
1005005973057299
1005007070557681
1005007439431543
1005007344804258
1005006856856134
1005005933217142
1005006236140976
1005004598710866
1005006750463626
1005004873220577
1005004303418673
1005005787780534
4000874293102
1005007175795015
1005001840150914
1005006340465104
1005002377494920
1005007404390119
1005007355833651
1005007544295263
1005001949618269
1005007597246821
1005007315862253
1005007392284765
1005007273873925
1005007375946200
1005007612432687
1005007329843158
1005007359110309
32843252342
1005005279558668
1005007144559776
1005007531644342
1005007099098250
1005007468683663
1005007664378568
1005006070307183
1005003310416687
1005007626006358
1005006224892778
1005006173494697
1005004316468940
1005004055723486
1005006960656659
1005006834183484
1005007022563369
1005006144226024
1005005921983779
1005007334418973
1005004358877668
1005007478426782
1005007535809138
1005007564283772
1005007539209813
1005007495582105
1005007539221818
1005006261012051
1005007456946161
1005007676653609
1005006385472703
1005007421242504
1005007520489762
1005005961179490
1005007172551275
1005007597397659
1005007759563955
1005007644660259
1005005932231545
1005007334772270
1005007694975603
1005006273707306
1005007361302010
1005007636881251
1005007209892447
1005005514636841
1005006260819992
1005007196340676
1005006137291136
1005006997388817
1005007095543712
1005007579877905
1005007423911985
1005007252574555
1005007420252331
1005007316251596
1005007311186779
1005007596339959
1005006480604563
1005006855623880
1005007747887378
1005007310468909
1005007479391904
1005007217252891
1005006143506647
1005006003544599
1005006372077484
1005006327622857
1005007418710256
1005005952506774
1005007008194349
1005007016647648
1005007506657371
1005007256933814
1005007421520048
1005007784373836
1005007581669721
1005007792867125
1005007218577587
1005007254093732
1005007623522286
1005007420341130
1005006035286077
1005006124044553
1005007755370489
1005006420378912
1005005669949422
1005007541833793
1005007088319208
1005007577031890
1005007639150797
1005007485340101
1005007549712508
1005007329890149
1005007173263881
1005007423598023
1005004072625681
1005007461149387
1005007164408396
1005006889396371
1005007328508985
1005007355299444
1005007016379064
1005005962878076
1005007530742741
1005007201986808
1005006640240656
1005007196786569
1005007656090870
1005006897015831
1005007532201693
1005007413123998
1005003849187388
1005007523700391
1005007425543439
1005007484989912
1005007581930102
1005007097879405
1005006273642589
1005007187342137
1005007011056580
1005007170595596
1005006385474687
1005007432426985
1005006112391956
1005007374796489
1005007500894949
1005007470579658
1005007181374205
1005007007379706
1005007101829029
1005007199094436
1005007328748461
1005007169808960
1005007249832417
1005007606450067
1005006744703097
1005007407349514
1005007407615535
1005007442804617
1005007553213705
1005007456432055
1005007469233842
1005007469066481
1005006162417542
1005007537001946
1005007684162087
1005006112404530
1005006109613594
1005006761999925
1005007686634071
1005006259212156
1005007579627175
1005006119587215
1005005549153431
1005007095847663
1005007261961012
1005006823362456
1005007596921582
1005006203729077
1005007421568685
1005003637245611
1005007698019796
1005004416894851
1005007676639581
1005007653913082
1005006882032599
1005007535200696
1005007712165981
1005007115004820
1005005505800957
1005002190285279
1005007348666150
1005006449631754
1005007425160029
1005002565831360
1005007295136933
1005007131501246
1005007539663260
1005006425853230
1005007602735587
1005007313990999
1005007209660722
1005007471363000
1005007516472875
1005004826591552
1005006801818741
1005007236364732
1005007204180445
1005007485276165
1005007484347367
1005007011512791
1005007596669144
1005006236366394
1005007649613992
1005007430956704
1005007016085074
1005006850925259
1005007007694171
1005007336323866
1005007394719766
1005007597032468
1005007371465113
1005007588010474
1005007124325985
1005006060789391
1005007560818515
1005007556880403
1005007593493129
1005007247056251
1005007436503283
1005007315629022
1005004845342032
1005007497741228
1005006619991662
1005007295087465
1005007499339744
1005004307452166
1005002857195347
1005006210308891
1005006532126678
1005007102415925
1005007418780888
1005007036395856
1005007545334949
1005007530129248
1005005510431612
1005006006694728
1005007486433058
1005007173299995
1005007479951582
1005007457364040
1005007651231169
1005007580753695
1005007679310361
1005004276744816
1005007089573952
1005007122378139
1005007560782726
32850641762
1005007057820072
1005006997748309
1005007311653056
1005007494144900
1005005549120314
1005005848897387
1005007507927817
1005002565205890
1005006352328066
1005007571143028
1005007210677963
1005007011288026
1005007252785602
1005007345168389
1005007536267901
1005007010083207
1005007097617884
1005005770847272
1005007273886498
1005007497860454
1005007287867220
1005007421554013
1005007250180077
1005006639082754
1005007664271521
1005006899040639
1005005930720280
1005007527059004
1005007423682316
1005007015674777
1005006855076990
1005007217722315
1005007004215834
1005006676210436
1005007038787306
1005007604792321
1005007137405340
1005007637449948
1005007472952969
1005002385211341
1005004828665183
1005006406970594
1005006380112500
1005005346003381
4001050054153
1005001453056055
4000168791483
1005006145576550
1005006390643284
4001061139394
1005005762206792
1005005621531777
1005005319203146
1005005376743096
1005003213903059
1005007695472795
1005007683395895
1005007792773728
1005004970495412
1005006081341433
1005007116727934
1005006916147560
1005007725356686
1005005952538522
1005006438257416
1005007576495999
1005007173136871
1005006151594845
1005007302362852
1005007038345551
1005007565185359
1005007439759272
1005007348285487
1005007473602075
1005007497003965
1005007321323310
1005007595353244
1005007131632704
1005007182755586
1005007431554240
1005006613771937
1005006866488815
1005007347721578
1005007009872339
1005007391203883
33034010962
1005007398961035
1005006474953955
1005007765453595
1005007668643998
1005005250793122
1005006840585764
1005006120283270
1005007348620771
1005007614444966
1005007182905538
1005006068062017
1005006765231166
1005006108989863
1005005858454094
1005007764623729
1005007793908781
1005007775258621
1005007030985541
1005002258992329
1005006312403362
1005006115415939
1005007668747831
1005007765939955
1005006955438071
1005007410712145
1005007710462805
1005007750300312
1005006391589653
1005007668761823
1005007787837512
1005007617562554
1005007052089828
1005007057526226
1005007542273708
1005007785791946
1005007246859611
1005007794974578
1005007559012733
1005006509166243
1005006903919529
1005007344040699
1005007423554849
1005007030792348
1005007189908177
1005007420601541
1005007581996454
1005007288004596
1005007611328108
1005007748228734
1005007724859780
1005007690406530
1005007686065207
1005007784737949
1005007685881247
1005007440003337
1005007710364594
1005006810757313
1005007173505515
1005007695569199
1005007497892699
1005007543409150
1005007723083272
1005007518806053
1005007672606948
1005005765665176
1005007213920222
1005006398650340
1005007668414028
1005007594349467
1005007017282234
1005007545387596
1005006149467926
1005007398310897
1005006431181376
1005007541257585
1005007090957410
1005006317597847
1005007579611190
4001180138518
1005006243274825
1005007052089912
1005007125960055
1005007601670029
1005007095667723
1005007473450399
1005006734194574