1005005108997106
1005007269434214
1005007192936103
1005007031790656
1005003178525710
1005004694407373
1005007197703276
1005007103012785
32855436548
1005007394147871
1005004565253117
1005004054774334
1005006202509973
1005006833112848
1005005254635751
1005007340818727
1005007130888545
32857535018
1005003432994315
32910513246
1005006123052886
1005006959814153
1005006127154110
32916266409
1005007337817357
1005007077365644
1005004282936506
1005006297831707
1005006959796579
1005004565150879
1005007281790025
10000016191237
1005006926294342
32886482205
1005006433873238
1005005433687352
1005007098708179
1005004565144943
32713002670
1005007279039453
1005006926360004
1005004287535776
1005002086128016
1005007279191168
1005002683947590
1005006959902188
1005006957741928
1005007132789772
1005004565240090
1005006959805450
1005007337674436
1005003291216795
32884689980
1005004837577470
1005007449425242
32884769419
4001008235068
1005003310968518
1005004287538520
4000497720518
1005003408601058
1005006031301762
1005002754747655
1005002572772112
1005004562532288
1005003408013833
1005003381671464
1005003310966520
1005007040314960
1005006956647579
1005001885541991
1005005919010738
1005002767231529
1005002667859375
1005007123332567
1005006998132744
4000810405969
4000996842792
4001017980210
1005007664197787
1005007741220267
1005007741185322
1005007741167188
1005007741190158
1005007787214465
1005005985588268
1005007192645393
1005007127023185
4000559760270
1005004562500588
1005006957727922
1005007717474055
1005007470836640
1005007337771399
1005007470847600
1005006957959146
1005006959546805
1005006686203013
1005006917903319
4001106539016
1005005057314484
32845596566
1005006041681375
1005007573561862
1005006737495798
1005003775914659
1005006839472643
1005006300306603
1005006839230213
1005007073717000
1005007651268331
1005004042954886
1005007633095508
1005007175924125
4001092223375
1005006626033385
1005006053818700
1005007267042087
1005007022423490
1005007640127365
1005006057498727
1005006108647045
1005004506964026
1005002577571935
1005007349284663
1005005639335643
1005005874300425
1005007021651342
1005005779984337
1005003158294044
1005003304832209
1005003240569827
1005005422586800
1005002588955431
1005005488350512
1005005352102282
1005005491536085
1005005273651572
1005005423783945
1005005474821828
1005003098740660
1005002577665198
1005003152965325
1005004502002248
1005007348732037
1005007180044888
1005003158325064
1005007169858192
4000170429440
1005007169727182
1005003153131851
1005003158217775
1005007370715944
33030951550
1005007170157306
1005005529640088
1005007343583975
1005006025547562
1005005874268894
1005007343981310
1005005231972737
1005006782274524
1005007330674206
4000150289674
1005006187937114
1005003664704257
1005007179638412
1005004992023197
1005007724144126
1005006950389385
1005002577632534
1005006771405731
1005005459811963
1005007442295387
32893215562
1005007239136620
1005007114881483
1005006104994181
1005007121688210
1005004921807862
1005006036374873
1005006503182330
1005006412283516
1005007571244610
1005007494384639
1005007342606771
1005007132535880
1005005672745168
1005006885918959
1005004943033351
1005006809181856
1005006539335475
1005006045829547
1005004244495209
1005005684811364
1005005968381087
1005006035387195
1005002862205576
1005005935553574
1005007394892036
1005006416830813
1005005354879093
1005006576671091
1005005949237646
1005007596766522
1005007427716140
1005006067352163
1005005775152670
1005007052094271
1005006750295895
1005005020008629
1005006249197933
1005006344435841
1005006391138851
1005005761045782
1005007578249982
1005005110600172
1005007462947728
1005006391159564
1005003697512770
1005006968797246
1005004086446732
1005005200232951
1005007493733754
1005003963167686
1005003826113652
1005007639855431
1005007236242585
1005007237342373
1005007238030085
1005007237898427
1005005121275255
1005005381430006
1005004872957474
1005006130738087
1005006452095723
1005005761145058
1005005775150679
1005006069051614
1005007418647430
1005003470721906
1005006383793470
1005007316706675
1005005833061307
1005007355983526
1005007099495115
1005006343865251
1005007464869939
1005006973874033
1005007126044222
1005006649654243
1005005326828914
1005004114570937
1005007126083125
1005003967404762
1005005312423033
1005007343096010
1005007151539303
1005007418646874
1005006739535559
1005007355918401
1005007147740232
1005007152296306
1005007001175816
1005007030019735
1005004428810782
1005006044656007
1005005110536901
1005005501934032
1005006746174615
1005006979976772
1005004646611392
1005007151734360
4001063737243
1005006940998026
1005007175681112
1005004726247142
1005005022152984
1005004242347141
1005007076663325
32919176767
4001138800530
1005006060176168
1005004110059902
1005006042746201
1005005895148768
32907321192
1005007515727444
1005007237070472
1005005906734283
1005007686319594
1005007632280753
1005007317123608
1005007574405251
1005007574178730
1005007368806256
32974433600
1005002751981065
1005005849775753
1005006806489582
1005005928366873
1005007251037966
1005006115310456
1005003504522796
1005006122698286
1005005534800973
1005007017959023
1005006239433831
4000133647384
1005004499742982
1005005835087535
1005006961500207
1005005544335940
1005005649466315
1005003572066644
1005004261507327
1005006225305817
1005001571857655
1005003307680044
1005005419880372
1005006384873324
1005004691912740
1005006084015867
1005007010196897
1005007022041422
1005006259094018
1005004499586820
1005006548135502
1005005932248329
1005005227334633
1005007564268214
1005007568015155
1005004354990502
1005007552010211
1005005786904410
1005007271189928
1005007574293104
1005007245528847
1005007510162771
1005006954920382
1005007549818024
1005003327270909
1005005868747417
1005006402539849
1005007482532630
1005007149044023
1005006988757348
1005007545184371
1005006963458591
1005005770997459
1005007568072588
1005007667488401
1005004716243107
1005007648303336
1005007582821995
1005007435694547
1005005333718735
1005006315756864
1005006791196021
1005007307302508
1005005334869088
1005005429781415
1005006947155719
1005005302124443
1005007115972330
1005005367055335
1005006084746801
1005007636735586
1005007652766771
1005006888594014
1005006866788403
1005005844029740
1005006769913333
1005006042692332
1005007285011366
1005003149235327
1005007081913759
1005007513795240
32955821055
1005007809218023
1005007808342928
1005007753386207
1005007082297030
1005002605816990
1005007082191097
1005007082282044
1005004193985129
4000443021468
1005007081779916
1005007081982707
1005002616015517
1005006482761435
1005005952138238
4001077064522
1005002608769282
4000107163067
1005006350483830
1005006001552580
1005002615931834
1005006186976595
1005007081855906
1005006021970570
1005007579344488
1005007355540935
1005007580080791
1005003053892914
1005007292581799
1005007218582730
1005005647309697
1005007369029738
32983602011
1005004245693354
1005005475175017
32963928844
1005007391718050
1005005196111031
1005006645887014
1005007589380690
1005006303656070
1005001356268247
1005007495340397
1005007218620684
1005006953345244
1005007567025095
1005007125287117
1005007098735160
1005005276377736
1005007441426017
1005002945142517
1005005090749617
1005007568522869
1005006645732596
1005005647412149
1005007569901617
1005006349928733
1005007530161905
1005007485894268
1005007559214643
1005004197573336
32998511809
1005006987040793
1005004697894907
1005006045988006
1005005034386711
1005007570000386
1005005830803185
1005005928250353
1005007568543167
1005005837430170
1005006765779132
1005007421255572
1005007537992527
1005007399420883
1005007607200659
1005007443535774
1005007568039998
1005005794564071
1005007329726204
1005007335278719
1005007575705006
1005006078836459
1005005995954599
1005006978395804
1005007460779051
1005007107749117
4000299654052
1005005547684073
1005005414190966
32972195248
1005001631124298
4000191074999
1005006994125581
4000307685653
1005005951675784
1005006684265846
1005006202287876
1005005976080185
1005007383955468
1005006326912214
1005005955510500
1005006868661238
1005005967133517
1005007111595272
1005006345913774
1005006450378899
1005006956207818
1005006991272570
1005006169192219
1005007592772661
1005004459381834
1005004568249922
1005007035240995
1005004417219625
1005004532654688
1005003766343791
1005003773784154
1005004031965361
1005007130333819
1005007473722760
1005003775464273