1005006783350941
1005006143212706
1005006875641732
1005004224502227
1005007086359488
1005006152651929
1005005667509619
1005006417475124
1005006288863275
1005006494830556
1005006495081421
1005006877983148
1005006825058470
1005005397751588
1005006822598726
32820592789
1005004370052623
1005006478329549
1005006913110664
1005006767675908
1005006061241802
1005004114841748
1005005960103650
1005005548194572
1005006413874825
1005006570084528
4001002099589
1005007131852561
1005006964556108
10000374377155
1005006040160854
1005006744858528
1005003176697155
1005005948973992
1005006219988033
1005006626555408
1005005977596655
1005005698846341
1005006844862268
1005006463805131
1005006944700252
1005006749600881
1005006809115551
1005005505597801
1005005311028184
1005006798133107
1005007266987991
1005006577702053
1005005009639023
1005007127834524
1005007096756376
1005006845168605
1005006980721139
1005006339360095
1005006659538173
1005004574710270
1005006365332687
1005006494318069
1005006621435134
33023606111
1005003175523216
1005006442231119
1005005798386164
1005006623304836
1005007485026406
1005007483717728
1005007483722921
1005007485317003
1005007484007285
1005007483964405
1005004295963475
1005007470300306
1005007482042825
1005006778811181
1005007468182171
1005006392493789
1005007442679790
1005007466188114
1005007451013209
1005007315594316
1005006953130082
1005003328946236
1005007449303987
1005004109920629
1005004109947924
1005007428087715
1005006540644218
1005007428162536
1005005959257036
1005007189330900
1005006963281975
1005007384131122
1005007275351983
1005007383503023
1005007383280582
1005006021171225
1005003937101619
1005007383375438
1005006878079997
1005004334426454
1005005725557026
1005007379794742
1005007366420500
1005004818201218
1005006027561526
1005003725823920
1005006657104837
1005007344906499
1005007118991745
1005007078681632
1005007063296117
1005007121567232
1005007341190318
1005003979284939
1005007074563232
1005007036352177
1005007325131758
1005003647678091
1005007325000545
1005007322846605
1005006533523260
1005006546254014
1005005735092655
1005007322953257
1005007301571053
1005006948304140
1005006717994242
1005006534155752
1005007270251730
1005004409196617
1005006420491007
1005006420470057
1005006438016729
4000622911669
1005005584718049
1005007204840596
1005005436240825
1005007185439759
1005007179476982
1005007178038482
1005007180128046
1005007159111657
1005007154253340
1005003937059693
1005007117519056
1005007117334353
1005007125178236
1005004750396603
1005006482530151
1005006482458557
1005006482379993
1005006482479441
1005003679053785
1005007066677210
1005002919061191
1005002918989754
1005002918982731
1005002870732536
1005005815902380
1005005815876514
1005006912586110
1005006912545303
1005006912407943
1005006102519167
1005006101835953
1005007270221998
1005004255725717
1005006342720414
1005003588706672
1005006583093168
1005006801217792
1005006801528908
1005006216081434
4000770399659
1005006611699234
1005006611676241
1005006517771434
1005006549290547
1005005628123142
1005004284226185
1005003765820782
1005006374672484
1005006279372318
32671539781
1005004222583009
1005003300177810
1005003889159480
1005002894959816
1005005523004349
1005006440818511
1005006042253861
1005002894997544
1005006440778746
1005006440840446
32819755533
1005006582912257
1005006582621583
1005006582586650
1005003060630295
1005004870769437
1005006478225992
1005006485459924
1005005339104872
1005006538993019
1005005383698170
1005003922992403
1005006026924278
1005006442170260
1005006442187199
1005006440897165
1005006440876295
1005004144909679
1005003911681469
1005005884663595
1005004625389301
1005003493534039
1005005429467630
1005006814117990
1005006413863939
1005006555294341
4000595238582
1005006548875815
1005006380819380
1005006734843110
1005007337005619
1005007335813167
1005007243883015
1005005880845909
1005006729212986
1005006317896433
1005007367869817
1005006843790479
1005005786797913
1005007423631877
1005006182621413
1005007259082319
1005006237139718
1005001333144574
1005007252689413
1005007354958373
32835393130
1005007374948038
1005007354682862
1005007275600831
1005002518433171
1005003913033732
1005007362043372
1005003663063197
1005006852435589
1005006038118804
1005006916352362
1005006727374445
1005007401549739
1005004110203400
1005004587201477
1005006635475924
1005007362046617
1005007103211776
1005005888430010
1005007429355843
1005005333672988
1005004181710127
1005005552243990
1005007112655036
1005007367966843
1005007426169334
1005006233675607
1005006949691649
1005007287333376
1005006069958297
1005007426410042
1005005239472721
1005007210993607
1005007347980454
1005006405636780
1005006678259396
1005005979189666
1005005439834748
1005006598299685
1005006680395240
1005006833725961
10000064314079
1005007453036345
1005006813139820
1005007354059496
1005007453114789
1005007450711692
1005006358546924
1005007191982157
1005006813543135
1005007144808923
1005004866963830
1005006022419398
1005003330098451
4000434031434
1005007450764540
1005003367919355
1005005578695152
1005006441540430
1005007145348597
1005007185728737
1005006813334965
1005007156951132
1005007178605371
1005006749965436
1005007185387963
1005007112471147
1005007119513914
1005007025130010
1005007058054881
1005006569239885
1005006266334800
1005007145349408
1005006127554505
4000691213750
1005007447326436
1005001856980954
1005001395466339
1005004698756336
1005006103138182
4001204932078
1005007175686997
1005006562778857
1005006106656355
1005006548913856
1005007096077212
1005006182486461
1005006426284495
1005007047498775
1005004069231082
1005006318537786
1005005741674082
1005005857565449
1005006303480243
1005006348279009
1005001630781217
1005007040541227
1005006923092023
1005006869818417
1005005245972526
1005007134595644
1005007059430386
1005006139797727
1005007104686108
1005007065109303
1005007040109609
1005005867206142
1005007253320961
1005006270742829
1005007039064278
1005007155073908
1005005967189923
1005006426031665
1005006124353774
1005006077481582
1005006303511096
1005004690842870
1005005650121123
1005007449488680
1005006463208882
1005006782808841
1005007324620010
1005007051084885
1005007105721769
1005005950651188
1005007002937399
1005007226588929
1005006338941527
1005006925373078
1005007324695981
1005006102534746
1005005865622654
1005007229345988
1005007065017174
1005004076988790
1005007039968184
1005007040089768
1005004060099649
1005006116906880
1005005167970711
1005006846114453
1005005950468753
1005006892336398
1005006178718350
1005007047284517
1005007061809645
1005007191730672
1005006505052869
1005007025616096
1005005580337677
1005006165551750
1005006815503800
1005006309126475
33053202410
1005006015945984
1005005580058240
1005006289704265
1005006903322590
1005006543682058
1005007267301966
1005001484349409
1005006548707985
1005006869355888
1005005786843710
1005006135165938
1005006270365238
1005007151156670
1005005973075519
1005007216473205
1005005747690487
1005005245917185
1005007137305080
1005007273344296
1005006194627317
1005006106646504
1005003676066871
1005005544414706
1005007059634884
1005005720865874
1005007378480207
1005006962001829
1005006386724039
1005006386480905
1005006796634791
1005007204293108
1005006796937254
1005007161361502
1005005976711456
1005004697515916
1005007128793484
1005007315571207
1005007253326888
1005007228406146
1005007066568361
1005006312830536
1005007060483102
1005007002330210
1005006144446372
1005004890373027
1005007236028896
1005005715084824
1005006105307789
1005006441659451
1005007137466898
1005005033709881
1005006356094531
1005006578293187
1005007350489203
1005006997344087
1005006234474446
1005006077562310
1005006303356881
1005005387152640
1005005319203926
1005006796828626
1005006162396223
32812113504
1005006982501544
1005006532173687
1005004878890146
1005006287455592
1005006075725855
1005006867127532
1005007186609093
1005006827508694
1005007094408990
1005006140464320
1005007312130483
1005007063046772
1005006738123049
1005006279431367
1005006209286000
1005007076896642
1005006533193154
1005006043678473
1005005995008268
1005007263685532
1005006918158653
1005006396156973
1005006608860336
1005007281504197
1005005555399297
1005006451464918
1005005994981205
1005007211373910
1005007054776712
1005006195953244
1005006285813204
1005007111441662
1005007370611932
1005007255124224
1005006753383503
1005007077580779
1005005489245628
4000759701116
1005006245435440
1005007450073067
1005007356441472
1005006915486243
1005004519036276