1005007208367966
1005006782295133
1005005565187022
1005006440067416
1005006422603001
1005006416403665
1005006279595214
1005006099576180
1005006421813926
1005004806133298
1005006814985825
1005005718500667
1005007132316973
1005006252282239
1005004835276296
1005006956676868
1005005977975801
1005006880848659
1005003021746577
1005007430472528
1005006120208756
1005005522462686
1005006520563761
1005007143736642
1005006034388692
1005007272485294
1005007272524148
1005007112264599
4001180075243
1005006651447263
1005007011778149
1005006476517402
1005007089954395
1005006064817074
1005005345067861
1005005570322421
1005005796011053
1005006724140345
32779864533
1005006497760135
32854204514
1005005955375956
1005005908328964
1005005634286067
1005005812434261
1005005872099556
1005006080181604
1005006269319396
1005005509793982
1005005710696457
1005007107608331
1005006389394393
1005007184155430
1005004264967564
1005005608097150
1005002620035056
1005003178265854
1005007658212821
1005007153738617
1005005760951352
1005006872743613
1005002787462343
1005007663033220
1005006074846080
1005005690520420
1005006083985345
1005003912102535
1005005928907511
1005007001050744
1005006179426203
1005006179308222
1005007004416693
1005007120891366
1005007293388760
1005007142433346
1005005955112075
1005007404503225
1005005083264215
32793144478
1005007472632145
1005004254796070
1005006191970732
1005003756409341
1005006746067206
1005006058206450
1005004207927436
1005007454784443
1005006054721889
1005007471812593
1005001800660906
32914447735
1005006568488599
1005004599594640
1005002297860907
1005004037664658
1005007268558186
1005004851174137
4000640557578
1005006757464325
1005005107247679
1005005821116795
1005003739408874
1005007433477340
1005007570058286
1005007043692944
1005007386610187
1005007355476323
1005003270942428
1005003464443104
32642897895
1005005879421941
1005006597359245
1005007524454072
1005007573564457
1005006306091548
1005006195174683
1005007635886656
1005007532112891
1005007424027781
1005007238356566
1005006225066601
1005005429737334
1005006684565619
1005007587605519
1005007301157533
1005005243638303
1005007566878698
1005005974763022
1005007137943555
1005004064569083
1005007398906056
1005007089509796
1005007550554081
1005007293547797
1005006026263884
1005007641678665
32823615577
1005006195676626
1005006828814936
1005006682269655
1005006536913369
1005002856408895
1005007095903297
1005006808376066
1005006634899074
1005006152759618
1005004766552771
1005006776435137
32809556484
1005006195831679
1005007544231373
1005007089529669
1005007183063327
1005007549501306
1005006942627707
1005007627154501
1005006201060406
1005007556343416
1005007181569484
1005007306702642
1005007137564904
1005007627216174
1005007346595363
1005006375331503
1005007193792051
1005006089844402
1005007092810576
1005007061528297
1005007567148094
1005007370274166
1005007306377575
1005006331297688
1005007393697694
1005007317337679
1005004653686990
1005007380750506
1005006976276071
1005007146418363
1005007332116554
1005003259852084
1005005203708244
1005007051868507
1005007464640064
1005006344339159
1005007581026941
1005007301122243
1005004682258420
1005006853103833
1005005242886394
32997653664
1005007535619751
1005007037036404
1005007207459907
1005007335084682
1005004883471910
1005003270962833
1005006462216339
1005006157045469
1005007446634359
1005007357402286
1005006518429679
1005003922360344
1005007586900874
1005006896087414
4000500801845
1005004947968817
1005007126537831
1005007588586852
1005006516173633
1005007145262111
1005007336255350
1005007378432663
1005004513675230
1005007443338505
1005003259769708
1005005016238756
1005005296471900
1005006269770640
1005007092137040
1005007419970655
1005007569536767
1005007405399276
1005007535477977
1005007517730185
1005006966356113
1005003972165915
1005007205881631
1005006869094743
1005006184536374
1005003627802606
1005007168088718
32469178722
1005007356767036
1005006870161829
1005007428087459
1005007641099842
1005003409797099
1005006987184374
1005007517958056
1005007264596022
1005007605631989
1005005637412979
1005005123607825
1005007015487020
1005004802955985
1005006572320465
1005006763114664
1005006876350826
1005006818746585
1005006918060713
1005005848496664
1005007418527965
1005006839302501
1005005737232916
1005006876356763
1005007000842195
1005007175470910
1005006691464323
1005007438830358
1005006794231890
1005006689734980
1005005834807628
1005006856286070
1005003846162580
1005007138732455
1005006698070498
1005006442581226
1005004146113152
1005006212203509
1005006440073046
1005007420763393
1005007121478779
1005007330054553
1005007355645110
1005004836460631
1005007137831156
1005005962846250
1005007137139864
1005004410576654
1005006903009691
1005007377476360
1005005214537522
1005007641012789
1005007354358071
1005006609189422
1005007570482435
1005007406264889
1005006193987616
1005007542887938
1005007315873762
1005006688341334
1005006239761670
1005007213083050
1005007513007985
1005007033914436
1005007294530508
1005006207619868
1005007022010833
1005006529206309
1005006408850259
1005007557354969
1005005338772404
1005007548338844
1005006166028673
1005005541006109
1005007163176797
1005005999782131
1005007577022996
1005006877710829
1005007577123141
1005007144873708
1005003464480048
1005007354157491
1005006810052875
1005003276069453
1005007182906580
1005004185633711
1005006127326398
1005007431491723
1005007535716545
1005007464092057
1005007294754327
1005007212112044
1005007305806269
1005007358870771
1005006331761680
1005006869757383
1005007164657389
1005007585298117
1005007044423075
1005003744820600
1005007328522149
1005007066396019
1005006117431225
1005006008570842
1005002748053179
1005005751262423
1005007320523224
1005007104491482
1005007505551659
1005006336226709
1005005936776819
1005007360426787
1005006203236126
1005005751217175
1005004448434318
1005001622509865
1005006698355568
1005007275686017
1005007164542814
1005007586962407
1005002064865781
1005006011979019
1005006601534719
1005007137469142
1005006056340050
1005006400151193
1005005973026944
1005006775707567
1005007351359089
1005007315602357
1005006589642704
1005006589419813
1005006277827989
1005006896023642
1005006339823097
1005006053464353
1005006760879286
1005002995479652
1005007329030887
1005007309112479
4000083690000
1005006664702356
1005007425932924
1005005202216682
1005004494084792
1005002072614715
1005007337440973
1005006759988476
1005003767718451
1005005604447654
1005006678029348
1005005100195272
1005006630680090
1005007123133009
1005003898805933
1005006966905960
1005006539797329
1005006131583106
1005006494615538
1005006926760003
1005007528697117
1005007285176748
1005007175912571
1005002834663921
1005006019204533
1005007558169023
1005006911937302
1005005844434021
1005007389826618
1005007002737072
1005006712783014
1005006211985443
1005006298359967
1005007556363580
1005006874882659
1005005362722105
1005007271530933
1005007524382490
1005003890270928
1005006988131344
1005007132012625
1005004187196380
1005003468561573
1005007132101857
1005006909898043
32865926162
1005007353131714
1005007329418888
1005006386367739
1005007577125701
1005006683401231
1005007602777516
1005007518161499
1005005230942990
1005007072036901
1005005427822224
1005006760662198
1005007045404483
1005007350745350
1005007044207996
1005006965664459
1005002926454531
1005006484869066
1005006955887978
1005002191521429
1005005454423623
1005006308842235
1005006219918937
1005005190950807
1005006589834318
1005007182665073
1005006118942251
1005007075666633
1005005788421283
1005006275634466
33002220138
1005001793237091
1005006861601978
1005006918910229
1005007107228398
1005007251645100
1005006099180499
1005007090173689
1005006577786031
4000166517702
1005007045705880
1005006959408422
1005004279273581
1005006340587922
1005007169717065
1005005853536569
1005001785423967
1005007032308270
1005006568416545
1005007125625034
1005006850825188
1005001732350149
1005007285522789
1005007125045566
1005006397802140
1005006236235237
1005007308556089
1005007342480093
1005004310065356
1005005257050825
1005006971778891
1005006159968497
1005006495004999
1005007550968898
1005006734932314
1005006317781064
1005006361594451
1005007641936111
1005007317105452
1005007394000152
1005007426339886
1005004065539226
1005007371188447
1005003799316783
1005005758659063
1005006015632648
1005005446087929
1005006716220655
1005004427980313
1005007411439977
1005005809688788
1005007334340916
1005007094401228
1005007421706518