1005006233235614
1005006068527996
1005007618173567
1005006499151341
1005004418442539
1005006678840541
1005007393738562
1005006016410746
1005006370171025
1005007079325384
1005006159812321
1005007131991316
1005007553262777
1005007649490698
4000839143752
1005007233579179
1005006461237251
1005007094980526
1005006198843776
1005006191093960
1005006677463475
1005007570071214
1005006586254780
1005005894036970
1005006896340821
1005007594577293
1005007615980361
1005007218659851
1005005954691266
1005007078690461
1005007004243894
1005005604140918
1005006966691234
32881574339
32904631613
1005003968271418
1005007666878976
1005007669808554
1005007391162636
1005006913212856
1005007142786344
1005007599020413
1005004987774138
1005007084107030
1005007485837462
1005007508251584
1005003606945474
1005006022775892
1005006781473863
1005007156124046
1005007612581851
1005007085326115
1005007433435606
1005004473028471
1005007619724245
1005007576175991
1005007076420054
1005006145924125
1005007433554505
1005005862427676
1005007103683341
1005007421745031
1005007068111814
32883130611
1005007403050366
1005007476772346
1005006291908281
1005007076082765
1005007072131184
1005007465330134
1005007150779169
1005007625800585
1005006281066654
1005007437908780
1005007532868413
1005007508091229
1005002862730278
1005007614802286
1005006436492247
1005007456082030
1005005948312722
1005006011471267
1005005338163318
1005007071149932
1005006215608955
1005005929822416
1005005349721143
1005006690617557
1005004613303965
1005007556687354
1005006547820441
1005007674756181
1005007383620298
1005007393296869
1005001423341235
1005007082481043
1005006010712082
1005007278779130
1005007578890558
1005006047164187
1005006907678543
1005007402989532
1005007538114496
1005007102832402
1005007533034182
1005007625304333
1005007170414785
1005006008601910
1005007057185016
1005007372386142
1005006684318440
1005006054639438
1005007644918016
1005006636836313
1005007248668307
1005005317757095
1005007573295716
1005003503719743
1005005949898755
1005003638964968
1005007503032717
1005006861095067
32892987919
1005006064084144
1005003095922667
1005002142566827
1005007344825606
1005006612431796
1005007560386080
1005007617073980
1005007669616942
1005007669084710
1005007670440452
1005007668923852
1005007673147627
1005007673243319
1005007684668293
1005007684609368
1005007684340884
1005007684670211
1005007681553361
1005007691144150
1005007815440379
1005007789468618
1005007757039447
1005007756868696
1005007731447236
1005007731523143
1005007731405563
1005007733152541
1005006588534784
1005007052664478
1005006254610737
1005007530818017
1005007167018474
1005006197858252
1005006363175062
1005006620372795
1005005738814349
1005006808243204
1005007337138304
1005007038269821
1005007433440745
1005007078276356
1005007389347783
1005007372374081
1005007787025502
1005007742426250
1005007784919449
1005007738698972
1005007794895714
1005007794609014
1005007796288018
1005007762766152
1005007762791054
1005007760363342
1005007758935334
1005007754194703
1005007772481312
1005007808055200
1005007733820798
1005007761797653
1005007734402302
1005005338533158
1005007799113759
1005007804973783
1005007755736886
1005007689934392
1005007738735618
1005007803459153
1005007787122441
1005007787132138
1005007784000946
1005007720046984
1005007779142735
1005007777017089
1005007772991384
1005007772275968
1005007762419683
1005007753650098
1005007753223350
1005007738724742
1005007740062171
1005007537491041
1005007061270742
1005007537667042
32842070903
1005006233210253
1005006693374328
1005007378643396
1005007738938701
1005007730478972
1005007729740149
1005007728211893
1005007728168856
1005007723976599
1005007723342206
1005007799515861
1005007799489008
1005007796644194
1005007792832276
1005007781569383
1005007755369015
1005007706318005
1005007775084696
1005007773435289
1005007753332100
1005007707313350
1005007695012097
1005007729656202
1005007722297448
1005007751048111
1005007738193964
1005007729907815
1005007730068301
1005007729916775
1005007730095189
1005007737651452
1005007737755080
1005004773307657
1005007695476603
1005007692986209
1005007692911359
1005007627787041
1005007204589310
1005007751680485
1005005470829164
1005006195108043
1005007532045263
1005006897547409
1005007434240637
1005007477909880
1005007538140459
1005006718855906
1005007606085672
1005007076283650
1005007662088710
1005006186973107
1005006999232565
1005007453585568
1005007733726407
1005006358864857
1005005458336416
1005006587972122
1005007432024308
1005007662538029
1005006306169822
1005005964565904
1005006591628243
1005007182562427
1005006919165608
1005007379542936
1005007143466501
1005005466906304
1005007369742089
1005007077593487
1005005933159026
1005007143117767
1005007077946136
1005007167935459
1005006976041317
1005005972772381
1005006869252166
1005007317704519
1005007010891421
1005005965247850
1005005969418523
1005006956173422
1005006467400185
1005005953907456
1005006467325531
1005006262945832
1005007478986183
1005006423989333
1005007586723859
1005007198945500
1005007142498035
1005007271654029
4000437824252
1005004621241735
1005006989188154
1005007330641685
1005006392626000
1005007535379798
1005006984096461
1005006989933595
1005007067731881
1005007137095007
1005007321783591
1005007104763195
1005007065473347
1005006086188382
1005005965871289
1005006334772616
1005004661082648
1005007044399078
1005007036012270
1005007205615578
1005007470396748
1005006713499833
1005007342987613
1005006166457037
1005004903058804
1005007464551634
1005007393284026
1005007410389131
1005007612759974
1005007386134652
1005006989924178
1005007268845879
1005007524847278
1005007346625456
1005007078955390
32903054501
1005006169541819
1005007463865957
1005006240767375
1005001452526734
1005006988625956
1005007454491191
1005006822049375
1005006783763746
4001214216890
1005006839414894
1005006451080010
1005005368515757
1005007392664319
1005007503311099
1005005885293504
1005007615695557
1005001664841359
1005004980526140
1005007554667040
1005007753506942
1005007748507596
1005007728704009
1005006526550935
1005007301985419
1005004591108327
1005007500039830
1005007392483931
1005006877781329
1005007615315739
1005007615256968
1005007049394278
1005007022737366
1005006733441175
1005007614893178
1005007391423083
1005007439531031
1005006928931832
1005007014675326
1005006995256034
1005007611858600
1005006038654099
1005007039685526
1005007175272500
1005007295054886
1005006362261202
1005006310123274
1005004443220648
1005007261707594
1005007246344362
1005007205311593
1005007593876954
1005007370651122
1005007616176534
1005007196667390
1005007630946507
1005007371100348
1005007535753361
1005001879101036
1005007480393021
1005004251833104
1005003984748727
1005002430710629
1005007093329301
1005007535903829
1005006719368581
1005006309107708
1005007360741749
1005007096010825
1005007067944495
1005006122956856
1005007823715494
1005007760521198
1005007181678740
1005007287993862
1005007014184976
1005007468885501
1005007124474009
1005006755818176
1005007212141430
1005007760806635
1005007760800908
1005007683978281
1005007776977036
1005007805133231
1005007716737186
1005007803076879
1005006996168767
1005007781228412
1005007685791359
1005007745185453
1005007724118702
1005007708027981
1005007681273835
1005007681403657
1005007641272143
1005007032946008
1005007129505123
1005007058923538
1005007008297944
1005007464601484
1005007058728873
32882779885
1005007379339358
1005007402752474
1005007032913321
1005007423282167
1005007032872378
1005007198956494
1005005510810406
1005006241680092
1005006467747313
1005007123935170
1005006972123207
1005007123295950
1005006861010095
1005007329044309
1005007553129682
1005007374402777
1005006307244294
1005007329269025
1005007247065501
1005005766436958
1005007437234085
1005005735664269
1005006190527881
1005005750177271
1005007138170698
1005006900548424
1005006878130498
1005007333892128
1005007258213936
1005007424324254
1005007258658677
1005006624886595
1005006519695757
1005005809643827
1005005270512094
1005005857505612
1005005857524502
1005005857602055
1005006849544491
1005006641582887
1005006917560781
1005006850884646
1005006676155862
1005006918684282
1005006918645288
1005006809418012
1005006850295685
1005006942886181
1005006765878688
1005006766246299
1005005471269135
1005004747457692
1005006565165229
1005006103111397
1005006709314477
1005005339567982
1005007129141845
1005006703245984
1005007129381229
1005001985793296
1005006641427815
1005006703384259
1005006703011907
1005007144666766