1005007354201849
1005006953680962
1005004647746960
1005006035908218
1005007253167978
1005004224520436
32967316469
1005007591483513
1005007603835858
1005006099074916
1005007098029072
1005007268381287
1005007521745865
1005005729662438
4000410599681
1005005391958454
1005003440809945
1005005946661705
1005006140243174
1005006424026900
1005007585793509
1005007612618558
1005001588599090
1005007097271981
1005006815302320
1005006768308855
1005006749946311
1005007071231639
1005005883576136
1005007036869282
1005007346923244
1005006795493331
1005007383535224
33041919191
33044204524
4001167521346
1005005801140992
32313615046
1005007485818409
1005003292886695
1005005239437613
1005007086245852
1005006609227340
1005006318785504
1005006768333869
1005005883613826
1005003440455829
1005006731086986
1005003750739164
4000115007292
1005006178514430
1005007349332630
1005005736384428
1005002559221974
32732448996
1005005965808329
1005005883872193
1005007217523437
1005005883617748
1005007647271420
1005006140462955
1005006222804074
1005001345450350
33052399110
1005006902268732
1005001510664059
1005005727782024
1005001469312226
1005006731249526
1005005716195859
1005005951479151
1005005716245801
4000539537864
1005006709908280
4000774285490
1005006795507332
1005007036458947
1005007639012628
1005005883590450
1005006718619351
1005005883683982
1005005883705106
1005005883514106
1005005941641077
1005005815177764
1005005778012570
4000299497476
1005005826860184
1005005803372410
1005007607985026
32844698867
1005005807866647
1005006857260536
1005004870171740
4001157233405
4001082715832
1005007670736139
1005007670166038
1005003772547072
1005003288610234
4000127913453
4000598468715
4001082519071
1005006731409007
1005006614828915
1005005716296583
1005007647416915
32843317874
1005006731060996
1005006374836595
32389604852
1005005433972846
1005002483103508
469096371
1005007421051952
1005006902610459
4001048742088
618126375
1005006864931564
32507848911
1005005716293646
32967109757
1005004647788561
1005004647791793
32388079430
1005005987087265
1005007402502018
32770825668
1005006731395064
1005001469242965
1005004647807671
1005005991956143
1005007586774242
1005002004793218
1005006078251575
1005006795555140
1005006731117841
1005005883736963
1005007366703909
1005005883775430
1005005883773519
1005005804735333
1005005806424396
1005005808011846
4001082566510
1005005685227435
1005005686255914
1005005685040690
1005003772434387
1005007423477910
32513726651
32369342727
32973688153
1005005226869057
1005004647868236
1005006995140457
1005005047818821
1005004933950819
465421692
32515112205
1005005941678287
1005004145108464
1005006924660808
1005004647844383
32535188708
1005006676342327
1005005940009229
1005004647861424
1005004647823311
1005003772479314
32574667082
1005004803093997
1005004016712380
1005003717416423
1005003772428596
32422345793
32751040776
1005004483775682
32749734336
1005001333432129
32783787649
1005007475450315
1005007478287480
1005007657876784
1005007669118379
1005007669342516
1005007335153087
1005006768249965
1005004133173098
1005006953811382
1005005899816438
1005005883574854
1005005883800250
1005005826753264
1005005807968764
1005005816115804
1005005813114209
1005005403148684
1005005685228043
1005006354121993
1005006864955522
1005004647871162
1005004647827611
1005007133529091
1005004647808686
1005004647783897
32369342477
32515275757
1005002911374878
32785305512
1005007657988521
1005007684838892
1005007649007762
1005007684416595
1005007123129830
1005007820002969
1005007814427849
1005007814290275
1005007807372897
1005007806183383
1005007784048662
1005007726362953
1005007784661957
1005007708552460
1005007768764899
1005007756472751
1005007711022261
1005007748149460
1005007750304448
1005007713565374
1005005955656063
1005006926241378
1005006746996451
1005005883396634
1005006917855377
1005005883607823
1005005883542427
1005005816066308
1005007623320215
1005005807762891
1005005807995144
1005005803551231
1005006924633566
1005005924699263
1005006864845748
1005004647880181
1005005933193828
1005007153620312
1005004839692499
1005006917724813
1005005883560479
1005005883589281
1005005883127669
1005005826997050
1005005804511983
1005005815472055
1005007472267045
1005004649474043
1005004648732771
1005004647749985
1005006924571928
1005006680553403
1005006768693094
1005005883505594
1005006958412533
1005005883760988
1005005506034468
1005005808121466
1005005826871750
1005005808053152
1005005826973098
1005004647797698
1005004647807385
1005004647828253
1005004649340213
1005005883531776
1005005883679632
1005005883628669
1005005883678896
1005005803424953
1005005813025784
1005005804958227
1005005813040741
1005007021518605
1005004649361341
1005007471960544
1005004649468282
1005004647813411
1005007430765742
1005005883550717
1005005883664670
1005005883658921
1005005883637542
1005005805982067
1005005810345419
33048475412
1005004649358289
1005004649337242
1005004647823109
1005005171587732
1005004243983483
1005007265684890
1005006958351731
1005005883563364
1005005883588870
1005004647789822
32800301940
1005007472193348
1005007257412007
1005006953833231
1005005883877265
1005005883816547
1005007390451861
1005007354376136
1005005883701823
1005005883626990
1005005883896159
1005005883713069
1005005883732243
1005005883565648
1005006917974012
1005006953839199
1005005883644861
1005005883660631
1005006590669072
1005005883701736
1005005506318071
1005005883686949
1005005883527788
1005007355773588
1005005883737228
1005005883696742
1005005883655722
1005006953708801
1005006953890044
1005005064358345
1005005883711054
1005005883732660
1005005883573650
1005006953778526
1005007516576431
4000159006811
1005005387405425
1005005297652791
1005004616203487
1005004616196618
32795297287
1005006315210030
1005006696505991
1005006073874583
1005004879567698
4000532728331
1005004595454424
1005007011596817
1005006129164442
1005005398584818
1005002354116902
32828278562
1005005725865034
1005006135081440
1005005835646398
1005006094016846
1005006062062460
1005005552177866
32773256018
1005005578598976
1005002406182402
1005007026321126
1005005374507168
1005005992930587
1005006747804041
1005007674711489
1005006062057531
1005006135073488
1005001856163244
1005006891662136
1005002824548535
1005007123821748
1005003675232082
1005002042949683
1005003767817331
4001191520574
1005006370880546
1005005888447695
1005003571731386
1005006855362988
1005007111949973
1005006880019394
1005006379524815
1005005400720403
1005007090792318
1005004229916948
1005006798874836
1005006966245173
1005006838340168
1005004403832329
32869200802
1005006287898980
1005007392744556
1005004436840304
1005007051079828
1005004314874913
1005007292926975
1005006334850535
1005006861375357
1005007539189010
1005007031896011
1005005317159881
1005007112456103
1005007393705938
1005007457430729
1005006865701933
1005006478379703
1005007422925871
1005007016497021
1005007398759863
1005006341630391
1005007475625223
1005006324703380
1005007253877275
32807622347
1005006949778163
1005007386394526
1005006557652780
1005007046309383
1005006695795457
1005006616199787
1005005918675264
1005006692871038
1005007175267592
1005007064869536
1005007342667131
1005005485076963
1005004084198812
1005006640755297
1005007178230477
1005006355628344
1005007142643400
1005007647311184
1005005962944444
32952011869
1005007112280480
4001043315114
4000478203469
1005007029156514
1005005890578311
1005006866059374
1005007044384577
1005006798758961
1005004698742346
1005006007659811
1005005721824316
1005004060183885
1005007500294634
1005007468365319
1005005312872807
1005005310901477
1005006199857697
1005006697143924
1005006797757924
1005007255523002
1005005179782874
1005005024622332
4001265819459
1005006007960041
4001266044756
1005007625868627
1005006004327602
1005005601109701
1005006865755892
1005007556222320
1005006417627284
1005005965994074
4001265745864
1005006022615388
1005006855148617
1005003347935550
1005006969622712
1005006015082534
1005006005817468
32671218485
1005005932430753
1005006740387531
32829972460
1005004091771154
1005007176229834
32800629398
1005006022687892
1005006020011573
1005004045229548
1005002342851092
1005007252939093
32310839523
1005006480495635
32863323968
1005004390987824
4001045032854
4001092544134
1005005963156395
1005006052284984