1005004987523752
1005007578698826
1005007502838502
1005006545324495
1005006011647978
1005006011277686
1005007657213995
1005006362231943
1005007597324562
1005007501872872
1005007300076504
1005007407545048
1005007353241475
1005002751721807
1005007331490697
1005007768664214
1005007768643240
1005007768452889
1005007095669879
1005007458531094
1005007329372219
1005004488100744
1005007402560032
1005007730499543
1005007685286287
1005007741662598
1005007685823128
1005007769151167
1005007769076381
1005007769043551
1005007730631133
1005007684857036
1005007705403678
1005007769199385
1005007685508155
1005007684545577
1005007645992748
1005007586153459
1005007663675885
1005007231703515
1005003377021109
1005004698457482
1005007780346958
1005007785403660
1005004394713061
1005004394631906
1005005862774152
1005004394682121
1005007053322121
1005006332265619
1005007585641088
1005006449325428
1005004215519736
1005007537917279
1005006990121336
1005007512990315
1005007667632590
4000770640034
1005005578762420
1005007537409068
1005006386242087
1005006812711538
1005006766754098
1005006680666280
1005006220117515
1005007604745144
1005006011158509
1005004246967589
1005003998205527
1005003453297481
1005003809294365
1005006697175296
1005004433712780
1005007088371681
1005006991316158
1005007524998221
1005006260658977
1005005197022211
1005007260423036
1005007224993359
1005007821891077
1005007813479864
1005007812301573
1005007804137563
1005007800304657
1005007799813331
1005007799475517
1005007440531275
1005006996886813
1005007614546416
1005007287872043
1005007536849086
1005006975830252
1005006840031828
1005007113885694
1005007532140680
1005007223064599
1005007657237910
1005007657550475
1005006445893235
1005006871890014
1005007657516435
1005007534954143
1005007121592042
1005007059377608
1005006779243411
33033714200
1005006939328071
4001305300225
1005005071599889
1005005324008884
1005006911798665
1005004913714043
1005005174560127
1005005353821199
1005005589115451
1005007667372496
1005007425647231
1005006729827435
1005007320162983
1005007488270545
1005003868815917
1005006979177267
1005007360791066
1005005391751188
1005006740242418
1005007138815500
1005005627848733
1005005921564412
1005002803635743
4000474184405
1005006382415188
1005007103184550
1005007178119507
1005004992666327
1005006896814652
1005007423076593
1005005425167144
1005007549091995
1005007011346687
1005005253431222
1005005373172587
1005006898545228
1005006451950705
1005005395674730
32995015038
1005007497372089
1005006839614388
1005006880559050
1005006863894013
1005004353367900
1005007520748082
1005004913614188
1005004140242222
1005005554474619
1005006766999661
1005007635576705
1005005557886043
1005006810395324
1005005525749583
1005003978931422
1005005592795261
1005004140994242
1005007270922881
33008699165
1005005617568005
1005005457707308
1005005599808181
1005006693515077
1005007055809473
1005006867165741
1005006982826235
1005006862299621
1005005811050549
1005007283428768
1005007132910644
1005006867211384
1005007501903276
1005007275993544
1005006935481216
1005004345238125
1005004848663630
1005005290467757
1005006697562043
1005005266070334
1005007289968455
1005007641567226
1005007485213971
1005005011213659
1005007445279040
33042471529
4000860388414
1005006909887234
1005005477732456
1005006750309450
1005007112212540
1005007063093855
1005007218892294
1005006960480890
1005006965657596
1005007262806030
1005007050035685
1005007158648348
1005007162453872
1005007124467259
1005006179497543
1005005747693990
1005005398099234
1005005922424715
1005006164137359
1005005555978702
1005005555530480
1005007498749075
1005007436670244
1005007081577908
1005007102340226
1005004375281029
1005007621466065
1005006480731973
1005007204085585
32901736365
1005005736570560
1005002538804442
1005006637436354
1005007276606123
1005006623723057
1005006619037248
1005006760053876
1005006811509600
1005007379325792
1005007294091157
1005007438788929
1005005693872685
1005007448333444
1005006993666948
1005006827011522
1005007112527336
1005007067227136
1005007515448188
1005007440507312
1005006431819230
1005006833536526
1005007384205208
4000992544428
1005007258956712
1005007169188889
1005004650754399
1005006448141320
1005007101586030
1005006783380804
1005007174706817
1005005392856129
1005006833481435
1005007310610027
1005007342139422
1005007505619612
1005007059269497
1005007059181901
1005006692232516
1005006783594065
1005007051381320
1005006989855932
1005007015076965
1005006766946209
1005006836862900
1005007197783174
1005006860714667
1005007204414974
1005007518035598
1005006685492630
1005007269713863
1005001586216475
1005006645453344
1005004310950007
32839867234
1005002771280569
1005007283590190
1005001449808173
1005006774856914
1005006870807623
1005007293430383
1005005784599037
1005006576587731
1005004345958638
1005004958947547
1005006891041336
1005003077128257
1005006758740806
1005006865618565
1005006879061697
33047546689
1005004013132148
1005006901771552
1005004766927982
1005006837425018
1005001456467833
1005007056157310
1005004411626847
1005006880368650
1005007503421128
1005007189982213
1005005903193391
1005007092426323
1005006778519270
1005005357462599
1005004944360851
1005007289238187
1005006839502466
4000834214352
1005006680230425
1005006754247505
1005006764886337
1005007146794862
1005005746781682
1005007263231770
1005002009278467
1005005464033092
1005004635495553
1005006833958150
1005006816796404
1005007203217407
1005006881955598
1005006379632387
1005006626764862
1005006976908165
1005004773659322
1005007601192611
1005007477713585
1005007264177708
1005007232267684
1005001614096598
1005004358394397
1005003800840690
1005006609534452
1005005407961601
1005007309789590
1005007793743545
1005004139965864
1005004284328012
1005005099855440
1005007458204828
1005005562055893
4000069238790
1005006319465495
1005004990745851
1005007560184656
1005005646740735
1005007004740982
1005007789008777
1005007722808047
1005005580594578
1005007414090753
1005007221261771
1005007425976940
33022476113
1005007688933829
1005004343565517
1005007593839893
1005005857015964
1005005859267612
1005005389244986
1005005526530040
1005004361576338
1005005188374954
1005006942071631
1005005823812277
1005006741081653
1005006642931673
4000829972932
1005005314323142
1005007255211462
1005004141017327
1005007117326171
1005005393098790
1005007521438531
1005007479751757
1005004113196259
1005007541824518
1005004269588062
1005007223888170
1005006932783283
1005006426853607
1005002221746324
1005007412428095
1005007545018271
1005006571496458
1005007668052935
1005003651313679
1005005394043611
1005007320080433
1005007088024452
1005004401721798
1005007216419918
1005007087598820
4000133241389
1005007246692720
1005007678961821
1005007038767928
1005007673597748
1005007612600764
1005006430811042
1005007169726308
1005007680242727
1005006795225854
1005007668266687
1005007514646712
1005006877907467
1005007650872305
1005007594134379
1005007393187497
1005001981620540
1005006647285714
1005007234383534
1005007668243605
1005006865933340
1005007625790570
1005006719580516
1005006935506720
1005003673374855
1005007397827988
32946416047
1005006619052480
1005007243081001
32967509621
1005004356187593
1005004614531418
1005003754549149
1005006348414107
1005001873693235
4000261216440
1005004977807362
33001111696
1005006448655732
765793400
1005004553273894
1005003003894150
1005004422084216
1005001708656764
1005002316867676
1005001803864273
4000857851303
1005004626346516
1005003534067927
32794024192
1005004666199828
1005006528653027
1005004728681080
1005002406422351
1005005564543099
33005289404
1005001489732651
1005006729732159
1005006974776440
1005005835095476
1005007196548490
4001062979635
1005006080507797
1005006140043579
1005005290830633
1005005704129105
1005004719194373
1005004061288622
1005006071916789
1005002006138822
1005003581260889
32918673315
1005006777947751
1000006370355
32770824973
4001161536953
1979427858
33057225841
1005004142864872
1005006312045617
4000337559498
32491170263
1005006423796332
1005005827564127
32963387267
1005006140370095
1005004143399846
1005006423816589
1005006699746323
32974090790
1005004040154389
10000060616679
32793462439
1005004204918336
32920723793
4000529660100
1005002760621027
1005006423734730
4000540430101
1005006423765797
1005004117237824
725605481
1005004929335967
4000261717930
1005006164385157
1005003652094431