1005007385090050
1005007065707481
1005007055709483
1005006529370972
1005002024100789
1005007109772102
1005006717079733
1005007225961702
1005006953881461
1005007591699870
1005006040803605
1005007650509701
1005007066788548
1005007244704472
1005007020495148
1005007321181148
1005003276668568
1005007489393177
1005007041747473
1005006851176923
1005007131513373
33060870973
1005007190879773
1005007593358353
1005007380967334
1005006040819814
1005007462268354
1005007159816211
1005007597774529
1005005151037505
1005007357024142
1005007601114657
1005006398948047
1005007577181434
1005006956637264
1005007819861632
1005007815794451
1005007814259793
1005007814352191
1005007814248339
1005007806819912
1005007773891298
1005007794445332
1005007772518232
1005007772566054
1005007766542720
1005007711869418
1005007715922043
1005007762476064
1005007690068126
1005007317546119
1005007756627500
1005007689988196
1005007689754630
1005007697525467
1005007710590302
1005006510275785
1005005932776112
1005007733715271
1005007697888141
1005007698156306
1005007575558046
1005007575513168
1005007575272694
1005007702982075
1005007702326799
1005007491223754
1005007609293661
1005007483896453
1005007444696497
1005006981567705
1005006139053398
1005007094706443
1005007106544662
1005007612444675
1005007606413305
1005007075964930
1005005527793938
1005005769017446
1005005768908628
1005004526694211
1005005956382617
1005005956024023
1005006771646581
1005007719211918
1005005743274291
1005005894697256
1005005896887337
1005005796747973
1005006364716759
1005007581369032
1005004042456584
1005007629214628
1005006364815231
1005007011154980
1005005611548294
1005005930783594
1005005136940275
1005005136867298
1005007324596984
1005006364719737
1005006364754416
1005007233282450
1005007026487033
1005007233807066
1005007233061803
1005007224085447
1005001972117923
1005006305763085
1005007540614232
1005007540409852
1005006058871116
1005006676811201
1005007233529069
1005007233427239
1005007223847855
1005006764523845
1005007233201000
1005007233274996
1005007233737183
1005005136996036
1005006200174911
1005005883821987
32823354653
1005003139201084
1005006838849969
1005006235611782
1005002495558251
1005004377610080
1005004883470740
1005003063377697
33035066850
1005005104718271
1005005045588386
1005002613285547
1005005131717982
1005005556848455
1005007259395804
1005007180027385
1005004829812063
1005006584134071
1005005607955088
1005005885153464
1005005696665462
1005006535135604
1005007575446916
1005006176933509
1005007582077278
1005004740265352
1005006612332104
1005007582542096
1005005765687837
1005006023287014
1005006050085752
1005007257067139
1005006480083010
1005006955292292
1005006571829125
1005005880883638
1005006793966701
1005007485653194
1005006117509550
1005005564395164
1005005885137562
1005005888034999
1005006394767359
1005005982008826
1005006410660324
1005007481905138
1005005900374533
1005006411497924
1005006922438988
1005004732388609
1005007429746437
1005006445914150
1005006386703040
1005005602388313
1005006515743280
1005002501112885
1005005993627570
1005005896125702
1005007111496986
1005006815505730
1005007635382526
1005005896092833
1005006290118013
1005007427757764
1005006015675814
1005006480158598
1005006484230270
1005006457520102
1005005664499231
1005005896088778
1005005319885183
1005007488233927
1005006317676271
1005007488431491
1005006583477254
1005005742379333
1005006534133445
1005005844284812
1005006408687185
1005006572329536
1005006494508051
1005006574152859
1005005929739950
1005004474166787
1005006778402932
1005006589270888
1005006915871710
1005006814006858
1005007349446975
1005005635940842
1005005428859295
1005006814548838
1005006435919255
1005006955245969
1005007247247737
1005006760734572
1005005882584966
1005006762045039
1005006467531569
1005004080528682
1005005466172208
1005005621170083
1005006989039464
1005006497172800
1005007050265244
1005003356034632
1005003345733333
1005006500113959
1005007156619677
1005005749088090
1005005695988214
4000917689600
1005001893920303
1005006516977091
1005005517885733
1005001829498940
1005002272821256
1005007496509729
4001137759955
1005006954507676
1005004770714407
1005007372485102
1005002121887374
33034508533
1005003172122934
32962023082
1005004721019936
1005007173091320
1005005074817493
1005003895662158
1005005753902600
1005003933943843
32876278174
1005006368042198
1005002434921764
1005006119925694
4000802347438
1005004642754600
1005003198099154
4001190793523
1005004911861194
1005005338112418
1005005982567461
4001276017533
1005007449125611
1005006973779834
1005006985003328
1005006988832396
1005001949359397
1005003781942984
1005003209426758
1005006980310744
4001024798087
32714767508
1005006076223623
1005006076132293
4001024782093
32808466692
1005002319090728
4001109939982
32796837989
32771493728
1005003934048620
32910595720
32908814143
32814801626
32795229442
1005007686636775
1005007780665579
1005007816940305
1005005236628989
1005007790160021
32805913989
1005007750268468
1005007750011942
1005007739139901
1005007729182466
1005007716115267
1005007713199008
1005005720208558
1005005720152521
1005005289442218
1005006984793894
1005006980605041
1005006960875217
1005006960504492
1005007449666191
1005007449569310
1005007449318563
32773534148
1005006980481544
1005006969107298
1005006980286781
1005006960476855
1005006984939515
1005006960752860
1005006980393333
1005006984958472
1005006969047578
1005006969223095
1005006980489197
1005006973799661
1005006300641051
1005002462399344
1005006349158862
1005006207407299
1005006219538875
1005007674508051
1005007649509613
1005007659322417
1005006056400143
1005007424843268
1005006967476254
1005006182795443
1005007598106496
1005007462736767
1005007577485350
1005007424405300
1005006904300724
1005007397144841
1005007630310019
1005007037676480
1005007670580514
1005005333147946
1005005243769045
1005004190895414
1005006486356228
1005007656731315
1005007577205166
1005007470712577
1005007587463746
1005005562005293
1005006363671211
1005007567886368
1005007544337302
1005007622171210
1005007486415449
1005006780972895
1005006768148473
4001081127193
1005006625611707
1005005956905081
1005007206068319
1005007217949621
1005007218677470
1005007217313155
1005006148145751
1005005986915989
1005006058495996
1005003673574014
1005005009696574
1005007216385123
1005007218004079
1005007218511146
1005007217311595
1005001570420104
1005004020724201
1005002623088785
1005005725403507
1005004282670552
1005005066838354
1005005412388215
1005006345078476
1005006771065750
1005005514932868
1005007043438364
1005005958701277
1005007406412431
1005004939731658
1005005876734076
1005006139558010
1005006924741773
1005003186039816
1005001803295854
1005005872205540
1005007226529563
1005007277468390
1005005076785879
1005007277074028
1005001978245090
1005006783599606
1005007233722215
1005007024337051
1005007096544877
1005007197682609
1005006393702274
1005003069109091
1005003887540166
4000505493199
1005006470285624
1005005864880655
32838897603
1005005586540823
1005004235819906
1005006924928227
1005006890441177
1005007513920824
32972620810
1005003839752454
1005007202279340
1005004252137091
1005003610296598
1005007270967245
4001279972947
1005006484279807
1005004823151106
1005006395195393
1005006239664479
1005007146736299
1005007334926662
32900439975
1005006770654525
1005003882723951
1005002707322874
1005006127618668
1005006415546918
1005006564880696
33007381626
1005006439368615
1005006766867654
1005007401888525
1005007286722232
1005004978506253
32961479888
1005006366360136
1005005827447491
1005005605698153
1005007373900308
1005005952032204
1005005925947103
1005005411337222
1005005492135294
32231964084
1005006425344848
1005006787205789
1005005575359662
1005006139322918
1005007319982978
1005007127655407
1005007399063364
1005007307988130
1005003943780356
1005007288791977
1005006170235484
1005006478411378
1005006802440598
1005005808878544
1005006989761601
1005007451271444
1005005489313159
1005007538406451
1005006465492949
1005007528361288
1005007089414006
4000498301827
1005007088895951
1005007446450520
1005007089071728
1005006788464437
1005007434421332
1005006640992778
1005007032650047
1005006200001251
1005007593018230
1005007611153735
1005006195644628
1005006676470424
1005004860357089
1005007469229101
1005001816589170
1005006616895450
1005004179376068
1005004489492814
1005007641002370
32951897380
1005007408285129
1005003246754588