1005006712584843
1005006240322253
1005001895603512
1005007348902228
1005007240776244
1005003611908950
1005004865402828
1005007264422024
1005006626846925
1005006418095391
1005006742821143
1005002382680767
1005007246057036
1005006729185863
1005006746264297
1005002450277734
1005007314892198
1005007620009663
1005007081847992
1005002963281631
1005005714403931
32398709812
1005005932972730
1005004858265507
4000581360790
1005006248053649
1005007434097030
1005007459007115
1005007380380765
1005005924709336
1005007250072729
1005007570007065
1005007439601693
1005006358269773
1005006719916341
1005007576816125
1005007456483598
1005004854261422
4000854956336
1005005070224523
1005007599240273
1005007438456745
1005007546482479
1005007564629644
1005007418455152
1005007437687435
1005007240814188
32398437080
1005006479117242
1005006861542370
1005005650013879
1005005917035412
1005002363566031
1005002068981806
1005006758026029
1005007439293436
1005006431317288
1005006389155201
1005007564578736
1005007134006978
1005004561141976
1005003163941490
1005006220612553
1005007290459397
1005006905639959
1005006412556031
1005006893651962
1005007570249010
1005006445316227
1005007418332455
1005007572485963
1005006417837417
1005007574182791
1005006729616582
1005005619721704
1005007456756317
1005006969526858
1005004218642154
1005006159951842
1005006729418425
32356989583
1005006169940138
1005004685399029
1005004834212001
1005006954607934
4000542703541
1005007130383023
1005005930290701
1005007671966634
1005004112291916
4000955131294
1005007243992255
1005007215683117
1005006719938426
1005007527930425
1005005542937657
1005007198389475
1005006050743107
1005007219041783
1005004904218823
1005007418136733
1005006894057137
1005007530416418
1005002553879067
1005006289068298
1005006719940117
1005007634446986
1005007565714805
1005007130068641
1005006647855020
1005001770305250
1005004844621996
1005002565819860
1005006783073318
1005001699354108
4000955112551
1005006703767134
1005004091646168
1005006461806573
33057543622
1005002740005612
1005005109598117
1005005714627098
1005007261239333
1005007218138674
1005006919483307
4000576511364
1005007498645828
1005007594452791
1005007570053875
1005007615727180
1005007261216407
1005007458599091
1005002739572388
1005007097059483
1005007170035037
1005006368875936
1005007639129713
1005006196122994
1005004464113410
4000955099673
1005002724424696
1005006034280386
1005007130070831
1005006135708030
4001177726618
1005007301490924
1005003663681215
1005007103745993
1005007463039112
1775514562
1005007516366728
1005004879950186
1005004310988319
1005006339818396
1005002320680442
1005007402172506
1005007418562227
1005007383197286
1005007594713644
1005007437951096
1005006738385658
1005006997612959
1005007555714345
1005007130254287
1005007546472187
1005005272969965
1005007625089398
1005006693157478
1005006937500935
1005006199195558
1005007456648482
1005002248468314
1005005486766626
1005003222129453
32711346896
1005006266367873
1005007642155230
1005004267520296
1005004424729473
1005005714489666
1005006923681637
1005002034580787
1005005714515430
1005007570782563
1005007129865442
32808376195
1005004844684411
1005007421502508
1005007376658298
1005006257489102
32971768255
1005007591906647
1005006051126529
1005007257558852
1005006051022161
1005006729507850
1005007456885121
1005006035504196
1005007413616793
1005007130317157
1005005892524369
1005006371533133
1005007564650565
4001271436986
1005006346276428
1005006690093127
1005006071032213
1005005449389257
1005005030968481
1005007564802099
1005006070878754
1005005703146792
1005006467295504
1005006210320168
4001059165705
1005005944962935
1005002971354324
1005007038544300
1005006050907847
1005007520017217
1005006867280081
1005007555750314
1005007437943446
1005006086700360
1005006467207928
1005007232629359
1005005475450253
1005004880621068
1005006849283319
1005003094336354
1005005947059801
32953005208
1005004110341196
1005005870336339
1005007088411453
1005004256390927
1005006147871914
1005006215379336
1005005192102021
1005006218638588
32997995142
1005006609771703
1005005925703147
1005004718658998
1005005849895950
1005007793928070
1005007794018702
1005007793917123
1005007806415669
1005007793916033
1005007815591813
1005007823964222
1005007815643792
1005007755868753
1005007731858640
1005007805120484
1005007755962191
1005007755920400
1005007791709557
1005007810856843
1005007755632000
1005007791875242
1005007731732848
1005007791624736
1005007763016886
1005007762990605
1005007728475934
1005007806507273
1005007768570873
1005007714062313
1005007713771806
1005007768202746
1005006692114849
1005007587972105
1005007574191769
1005006729516842
1005006719855183
1005003039149540
1005003057766204
1005003074094624
1005003057069495
1005006975757497
1005007793779432
1005007793742582
1005007756081067
1005007755913669
1005007755800993
1005007736642287
1005007795812436
1005007795705694
1005007790999432
1005007736489841
1005007795803337
1005007795795091
1005007729097360
1005007728997780
1005007729106325
1005007729054547
1005007805266317
1005007805212472
1005007768762308
1005007768817133
1005007805312075
1005007775597310
1005007813302674
1005007763054133
1005007823439332
1005007807043207
1005006633077891
1005007495826984
1005006385169296
1005003057108112
1005003070526549
1005003070661094
1005007666331989
1005007795750581
1005007795734247
1005007795664908
1005007729039589
1005007729021677
1005007729004675
1005007768784231
1005007728461924
1005007768679713
1005007806954548
1005007806944455
1005007714314606
1005007769821036
1005007753175369
1005007714109728
1005007734329062
1005007732743316
1005007823357371
1005007732751364
1005007795717429
1005007732651989
1005007725519738
1005007757703176
1005007757909004
1005007791378162
1005007757635492
1005007791331127
1005007701782348
1005007701677965
1005007716155563
1005007716014611
1005007723278321
1005007723315377
1005007821996185
1005007813158000
1005007820760399
1005007773943070
1005007820723355
1005006522836263
1005007820596072
1005007820410668
1005007781361795
1005007813540548
1005007819619296
1005007819403904
1005007168873190
1005007130104262
1005007418457418
1005007261101739
1005006363238550
1005007795764764
1005007795725597
1005007795709567
1005007795684840
1005007757468833
1005007757677571
1005007757463975
1005007728977872
1005007819457543
1005007817642843
1005007794176144
1005007819060109
1005007806631057
1005007806565426
1005007658787819
1005007730202859
1005007701897537
1005007708033297
1005007707940937
1005007817704771
1005007804152774
1005007815886312
1005007818042366
1005007684260081
1005007817014079
1005007816682677
1005007713933559
1005007764572086
1005007816651904
1005007759808585
1005007758354120
1005007807941646
1005007758030078
1005007817661874
1005007803594819
1005007766289092
1005007816784000
1005007805886585
1005007714632188
1005007765641076
1005007818334833
1005007817495476
1005007817895580
1005007703699841
1005007815911122
1005007708652321
1005007728996695
1005007794892977
1005007640004997
1005007795691426
1005007548693810
1005007730315589
1005007700769235
1005007809291788
1005007813449887
1005007813436811
1005007804132727
1005007707393998
1005007694203244
1005007811876005
1005007527320947
1005007772445082
1005007772287764
1005007772349510
1005007772227941
1005007772360328
1005007772258726
1005007772415043
1005007772218904
1005007764726144
1005007764657667
1005007764559803
1005007764554451
1005007703786881
1005007794252035
1005007798304678
1005004005138488
1005007490079233
1005007251472113
1005007801563434
1005007801284132
1005007801660537
1005007753021357
1005007726355452
1005007715983785
1005007748130579
1005007736629561
1005006972904764
1005007730169099
1005007730005283
1005007730529236
1005007794976697
1005007755964086
1005007755989090
1005007730175381
1005007749433236
1005007658845532
1005007697632373
1005007532837788
1005007594666777
1005007772381350
1005007772400118
1005007764539177
1005007685470171
1005007687241053
1005007772175031
1005007220549894
1005007776356233
1005007753323968
1005007778493707
1005007714401893
1005007527414869
1005007660234118
1005007770676468
1005007771786931
1005007759568425
1005007767016536
1005006454557830
1005007764794926
1005007755956368
1005007765207607
1005007527615221
1005007489938603
1005007489903689
1005007524934258
1005007726868750
1005007751853733
1005007729173220
1005007489825889
1005007527580415
1005007527562369
1005007524839612
1005007489993473
1005007668605596