1005005062838177
4001055438412
1005006950653103
1005004565031966
1005007508809307
1005004594851899
1005006293354272
1005007502363745
1005006645339465
1005004787428947
1005005821412368
1005007644176855
1005005289672355
1005007508764717
1005007502400748
1005006350769778
1005007674122914
1005007327849428
1005005983194011
1005005698405246
1005005832317032
1005002352882896
1005005339190677
1005004729781928
1005007589620246
1005007515107533
1005007508934141
1005007644212659
1005007644497013
1005007589214872
1005007644510130
1005007644412303
1005007608570755
1005007502542443
1005006667402310
1005003397453257
1005007644167665
1005007502362842
1005005025291644
1005006413706237
1005006307910787
1005006958563760
1005003064536018
1005006117123590
1005006474644403
1005007105265880
1005004777451417
1005006112552598
1005007438633400
1005003285219753
1005005982031479
1005007666671333
4000463885470
32943929995
1005007389359809
1005004834295215
1005006413587601
1005006706398281
1005003397543151
1005007514917692
1005006024282640
1005004604707597
1005007674029230
1005007644233657
1005001948961012
32763698970
1005004938563472
1005005840194004
1005007545845686
1005006421776804
1005005974370496
1005007502644134
1005007509009018
1005007508643966
1005007589595083
1005007795321479
1005005485640233
1005007686103671
1005007686135758
1005007686674673
1005007380727516
1005006160545799
1005007255035008
1005007791640360
1005007206088692
1005007789733401
1005007788735860
1005007174475893
1005007784039459
1005007783758667
32866713221
1005006326385005
1005002733299881
1005006906901509
1005007724752412
1005007701728647
1005007461333947
1005006200320205
1005006914423256
1005005565997306
1005005890441040
1005005257977054
1005007744648971
1005007744737504
1005005996099702
1005007244335983
1005005098814997
1005007502311997
1005005257859999
1005004668106905
1005007644296730
1005007502450581
1005007502646129
1005005062796698
1005007781745161
1005006478543122
1005007009652247
1005007514956594
1005007420852530
1005006163491678
1005007508713909
1005003721952144
1005007070774075
1005007508711817
1005006405920573
1005007508721823
10000256830741
1005007627336080
1005006087651716
1005007639787218
1005006092315755
1005006645646162
32936600691
1005004072202708
1005005080674690
1005005931554406
32869062792
1005003119921554
1005006749419766
1005007508806531
1005002260332166
1005007508624998
32858305835
1005007508646967
1005006124284376
1005004558023321
1005007589432664
1005005257958118
1005007644246851
1005004833697597
1005007502630203
1005006264166766
32788308564
32942856402
1005001690638772
1005007652071305
1005005648408592
1005006749414464
1005005961223881
1005006363697234
1005006751622396
1005005243656853
1005006751618226
1005005980727434
1005004127085297
1005005983009082
1005006280560381
1005006162315638
1005005806292511
1005004515163806
1005006647257304
1005004920164178
1005004929924629
1005005287657513
32861592342
1005006315249055
1005005100347789
1005005980452829
1005005980637484
32971502777
1005006914413697
1005005421218889
1005006413803051
1005003447068456
1005005981672245
1005006914354929
1005004693211364
1005003016364759
1005004501385841
1005003010076984
1005007502334917
1005007589685028
1005007644089975
1005007608709484
1005007589466469
1005007589650148
1005007508799488
1005007502603262
1005007502498637
1005003054320362
1005004639131033
1005007589604106
1005007589511427
1005007105461648
1005006413726091
1005006413629453
1005004728371956
1005007589427705
1005007608726414
1005007502493641
1005007644180790
32852518375
1005007644366408
1005007608735447
1005003833076597
1005007589520291
1005007608704466
1005007589560322
1005004550142622
1005001420877258
1005007589388579
1005005982998196
1005007608691569
1005007589521366
1005004946037503
1005007589684092
33034809109
1005007644315530
1005007502744016
10000304470427
1005007589337640
32841845537
1005007502548543
1005007502616266
1005007644450122
1005007608735433
1005007502650146
1005007589372666
1005005289446749
32856521581
1005007589220951
32818058282
1005005879704990
1005007644324463
1005003581086122
1005007644346431
4001145159588
1005003352893908
32861241315
1005004989038405
1005005960200915
1005007608547782
1005005459848000
1005007162527940
1005007162772547
1005007247448582
1005003654001337
1005006751665270
33019451105
1005002309475351
1005003757831993
1005003161599282
1005005039179640
32581333856
32862650027
1005005257904613
1005004967585372
1005003031416771
1005003621113081
1005007475893371
1005007126374293
32988282614
1005007246297341
1005007463355894
1005005844831802
1005007589526325
1005005008536345
1005007434085323
32826716784
1005006724265729
1005005646310264
1005007105319840
1005007644237721
1005003693828758
1005006167862091
1005005764452366
1005007494413256
32967839765
1005005045635628
1005004688661523
1005004647670580
1005005786903556
1005007519014885
1005007205853943
1005006914380656
1005007513104669
1005007206765582
1005007514936828
1005007310937195
1005006191335994
32864920257
32870414723
1005007588416524
1005007019288259
1005007620497109
1005007644243805
4000216517367
1005007657163209
32986829119
1005007024475845
32840085078
1005007387775059
32799717306
32959768199
1005007644311294
1005006256742435
1005006224474190
32554128863
1005007380707570
1005006181801604
1005004294921080
1005007464713807
1005007540318822
32841568136
1005007476921659
1005005320893751
1005006809344489
1005003016104581
4000465010568
1005005992534318
1005003898878311
1005002254606418
1005005241079911
1005007019024991
1005007589325838
1005007502367840
1005006413630443
32856992317
1005007446349724
1005006431931188
1005007533966800
32829689216
1005007589626034
1005007644343490
1005001587453316
1005007620124921
32964155522
1005006453595083
32849407635
1005003923592428
32826981339
1005007310042811
1005006160583556
1005001520854121
32846016388
1005005564287852
1005007172358617
1000007634903
1005007528544700
1005006914158552
1005007463353866
1005004831182611
1005006602272279
1005006571522642
1005006429278495
32694872878
1005006859488505
1005003031057529
1005007589576123
1005006413677192
1005007246191417
1005007502513526
1005007446513434
1005007540737501
32914297055
1005007415067303
1005007446331762
1005007539720161
1005005046290361
32836741011
1005007644228872
1005007631004468
1005006321940769
1005006413437757
1005003732124949
1005007515339600
33008586588
1005006078504437
1005004804332361
1005006023623837
1005007178062971
32962647349
4000341438844
1005005237746065
1005007019149812
32909953589
1005007519225128
32908481742
32863477825
1005007657235037
1005007533895678
1005005989863032
1005007621060454
1005006367402560
1005005016477532
32842784102
1005006341929197
1005006783494008
1005004833266441
1005007387520915
1005004824617873
33006727640
1005007167836072
1005007097173038
1005007387743229
1005005133061847
1005007548710764
1005005940490645
1005006144217591
1005007364097337
1005007376638234
32891253591
32829794737
1005007494353453
4000051472745
1005007661977411
1005004484614397
32851860034
1005005972355972
1005007657190112
1005004771730546
1005007512416106
1005006852092739
1005007019160813
1005006022935275
1005005265906858
32968412205
1005007502497448
1005004992475676
1005007446561409
1005007613532919
1005006033408529
1005006073355509
1005006478465922
1005005454850085
1005004600756572
1005004895731538
32840960740
1005006376900806
1005007024397892
1005005257855745
1005007380793027
1005006637357029
1005007019326158
1005006409499695
1005004638752947
1005005981735993
1005001311103411
1005004014880826
32846187960
1005007441806337
1005005301334432
1005007257190725
1005002861192352
1005006727320296
1005006432190301
1005003246546617
4000608803001
1005003755591405
1005007424705779
32957362304
1005006079130948
1005007502502523
1005005957396406
1005007595134615
32698992820
32870145763
1005007723166514
1005007594867233
4000813744948
33026437500
1005006078312802
1005005981655860
1005007508853342
1005003755417202
1005006759831459
1005001703988047
1005007224857880
1005003463184212
1005006756508039
1005007654631236
1005007461219862
1005006340521593
1005007298385379
4001057178370
1005005944482643
1005007675206393
4001307474864
1005006419313770
32728043176