1005004840871843
1005003307858670
1005006457159731
1005004708692157
1005007009595090
1005005529515115
1005006704603694
1005004056928665
1005006701904715
1005005708434946
1005005373921912
1005006546031468
1005002315280885
1005005444444910
1005007288191644
1005007076850505
1005004392072755
1005006503512745
1005006320766415
1005006436077361
1005006449859302
1005005471667172
1005005532351411
1005005709768603
1005006576402877
1005006628243663
1005004604783810
1005007013750781
1005004431495438
4000329019774
1005005809233859
1005002232937389
1005005750914530
1005003946297576
1005006039479362
1005006080635987
1005006064791083
32817596380
1005006578354656
1005005697758873
1005002074323531
1005005654401749
32942867707
1005006321529964
1005005072866882
1005006264261041
1005004050919914
1005003243706604
1005001676691514
1005005830769406
1005007131467081
33006512830
1005004771056013
1005005543048584
1005001493653235
32606811793
32889402688
1005004295093269
1005006134682914
1005004239554769
1005006409362915
1005006360742507
1005005714605400
1005006063102791
1005004981344943
1005006923509492
1005006417145340
1005006369208376
1005006473367173
33051934893
1005005909906649
1005006306151370
4001021097980
1005006615290989
1005007258231273
1005006102191522
1005006413648391
1005001357375023
1005006801458587
1005002364675363
1005005309286513
1005006457007398
1005005931777339
4000026574502
4000078091613
1005006096341133
1005004981419421
32949213381
1005006995178552
33052413278
4000344320583
1005006385802549
1005004504622034
1005005426023174
1005006478328442
1005007076627344
1005006960487002
4001041766709
1005005561437081
1005007048699413
1005006358273664
1005007003170739
1005007169501910
1005007161795449
32843525926
1005005626431351
1005006374614085
1005006203231499
1005005864842695
1005007032022618
1005007319772992
1005005825293476
32801316151
1005006498029632
1005005472393658
1005007096677780
1005005991416245
1005003510769376
1005006666815603
1005006620815684
1005005561276985
1005006981411417
1005006271388883
4000427608760
1005003572231034
1005006457275902
1005004899426521
1005006818671822
1005005885082588
32808300160
1005005495283471
1005005227687210
1005005523171423
1005007132473188
1005006588050320
32916165601
32860090685
1005005325270338
1005007055288200
1005006579274984
1005007312227692
1005004578213837
1005006523713041
1005005940610646
4000083101920
1005006404847354
1005005927794281
1005006034825366
1005003381810999
1005005978428588
1005005533703319
4001159367703
1005006497283987
1005007089511377
1005006833232361
1005005464035669
1005005966772201
32889678252
1005006023580861
1005006159881724
1005002693056847
1430910173
1005005885027911
1005002661810965
32990869513
1005003003676716
1005004836305215
1005006603892042
1005006777730909
4001018813333
1005006016364149
1005007298656407
1005006010560188
1005007338726205
1005003907685947
1005006186104698
1005006924718253
1005006273379842
1005003800721487
4001193766796
1005007005688092
1005006181616869
1005005670035624
1005005575327758
4000112327641
1005006861141376
1005006421121195
1005006968922194
1005005702698883
1005001693797027
1005001665936645
1005004313248321
1005005985191716
1005003623681403
1005004277546125
1005006776660112
1005006522506915
1005006194712929
1005006199884493
1005006573362249
4000561539677
4000131648818
1005006845074348
1005006466062502
1005003578977428
1005005951580685
1005007130950337
1005005417920333
4000415762751
1005006153989018
1005005925923239
1005004013107683
1005002320205666
1005005445083950
1005004325697158
1005005780789059
33062115721
1005007058155722
1005007204386380
1005005972171147
1005004708508815
1005005945525949
1005004933373187
1005003251216669
1005005875243575
1005006466249859
1005006805015229
1005002553828276
1005005069627415
1005007176005917
4000879978215
1005005730784279
4001275542430
1005005962823492
1005006379232968
1005006070686218
1005006913707081
1005005296789269
1005005962836373
1005003094443579
1005006498951306
1005006046690554
1005006239697471
1005006699283067
32843657137
1005005925137808
1005003507332530
1005006467945434
1005005777328769
32848862384
1005005996501574
1005006679917721
1005003308253778
1005005761480258
1005001761606284
1005003754740750
1005007191620612
1005005786620797
1005006725384320
1005007087824940
1005007035660965
1005006346884354
1005005792604190
1005005797983124
32901862560
1005006732191762
1005007063975105
1005006470155721
1005006884558268
1005006243852245
1005006743328087
1005005250238983
1005006190274333
1005004071037167
1005003390259767
1005006395876566
1005006625645158
1005005080352024
33036468068
1005005962776729
1005007004411381
1005006470594296
1005006391120367
1005006165595971
1005005561355088
1005006247519283
1005002315385518
1005005962837361
4000829829489
1005006514334220
1005006109602058
1005003936922831
4000028079144
1005006631185777
4000450420800
1005006909746376
1005006761286756
33045609100
1005006915849424
1005006068184308
1005005984584642
1005004536801608
1005005833014328
1005006140078226
1005007353788738
1005006426393249
1005006614782493
1005003102285800
1005005797965227
1005005951581130
1005007145296763
1005003305021925
1005003968399913
1005006471233121
1005005951550785
1005002624051579
1005006470582877
33006540136
33000948775
1005006006916896
1005006102394054
1005007203569762
1005004813058940
1005006870476762
1005005871747746
1005006856916339
1005006498535342
1005001942230165
1005007385882780
4001140213060
1005006003155516
1005005797453308
1005005858483470
1005005792582312
4001204291675
1005005951730573
1005006836255352
33040825670
1005005968766238
1005005798042087
1005006191189244
1005006110013427
1005006426357434
1005004799535602
1005004658563256
1005004250650132
1005006764402783
1005006745754748
1005006811015267
1005003760229930
32960301830
1005005515376237
1005006855345997
1005002768982756
4000323915788
1005003238248603
1005006016860717
1005005792502738
1005001924465164
1005005786307925
1005006746600860
1005006717380017
32439554192
33056184988
1005007136725763
1005005792461970
1005007090710296
1005006850891597
32894435637
1005006409718665
32905125174
1005004848065387
1005005941871876
1005005470964175
4000245258226
1005003450220687
1005005798098004
1005006766145786
1005003741333899
1005004873694986
1005005778634015
1005007001732431
1005005890081951
1005006399611304
1005005097699769
1005004861910966
1005007184343716
1005006539505164
1005003027218163
1005005538030642
1005005368173103
1005003687852022
1005006947011328
4000373439399
1005006140196239
1005006029251594
1005006263957040
1005007252447932
1005005232872413
1005005555979027
32845456455
1005005534388023
1005007071849544
1005006156981498
1005003931806032
4000396642996
1005005382762963
1005005497053973
1005006444387039
1005006222713085
1005003163113537
1005006335283763
1005004874876097
1005005808458406
1005003395032759
1005006288775945
1005006581177120
1005006738855811
1005007273454326
1005002710952362
1005006370528911
1005006278307247
1005007023414700
1005007017351986
1005001939288055
1005007124961055
1005003990184407
1005005088683686
1005005265678802
1005006376023194
1005004005678544
1005006002160680
1005003523788049
1005005447881758
1005006381090790
1005006365643729
1005006039624851
1005001646140153
1005004853384225
1005007359965593
1005002599092112
1005006441301310
1005005005610465
1005005647479388
1005004400739901
1005003207009545
1005007355140335
1005006127157374
1005004986514769
1005004596711983
1005007261497223
1005006437713321
1005006202194487
1005006331769972
4000405409327
1005005857874465
1005007077726204
1005001854430655
1005007310924722
1005005381863913
1005003572695168
1005006467550601
32990333451
1005006294034067
1005004983362084
1005006173086263
1005003395738148
1005004686216185
1005007122066474
1005005071671802
4000263754109
1005006037869379
1005005110998511
1005004351750004
4000379323649
1005007106983334
4000350134626
1005004826569751
1005005225741145
1005003935879698
1005004533250210
1005006471166148
1005007487903446
1005005163384223
1005005835017050
1005007484206269
1005007482880045
1005007482088100
1005007484004806
1005007475418322
1005007477811371
1005007484239386
1005007477372832
1005007482034465
1005007470580925
1005007456016900
1005003026907298
1005002395944322
1005007468589380
1005007468792090