1005003585121419
1005003644666177
1005006055750192
1005003368252909
1005006769518447
32838699025
1005005542821738
4001010157924
1005003965087652
1005007664596214
1005001304278437
1005004234636057
1005004566742612
1005006774392790
1005002062032227
1005001785288537
1005007264969024
1005006862912635
1005003153907297
1005005865776794
1005002081279449
1005003301740596
1005004165564284
1005006466919110
1005005059735345
1005002054992906
1005004080356655
1005003717902592
4000982905317
1005004279522849
1005005218886305
1005007257514861
1005001500739918
1005004838503001
32991738000
1005004053927951
1005002296624458
1005005954356126
1005004067362523
4000936524484
4001050041241
1005003312240459
1005004645209407
1005007642724661
1005007347719585
1005003312165853
1005007294774930
1005002722896287
1005007488274886
1005006570699173
4001275670679
1005005221061740
1005004173796950
1005002868895355
32917326759
1005001279761695
4000898836419
1005001556605183
1005007428544419
1005002835285689
1005003938126178
1005003922845202
1005001793364867
1005003855716836
1005004085714713
1005003301675805
1005003296137364
1005003747320073
1005004143680552
4001363826035
1005002863106215
1005007452569563
1005004703834754
1005003935237908
32910255279
33049778788
1005002430794551
1005004142111855
4000700088881
1005007545589439
1005002957788581
1005005485821425
32892298759
1005006358038915
1005005600163905
1005001329988156
1005001670747976
1005002863048069
1005002049637463
1005003547268315
32893699922
1005004448505608
1005001823694653
1005007380138650
1005004580081508
1005002894298536
1005007704707471
1005006186870164
1005005599203910
1005005409648786
1005006374130258
1005007216845140
1005006154233118
1005007376112875
1005006485246971
1005006485332346
4000071499338
1005004197611801
1005004644006161
1005003855677836
1005004082448028
1005004937731358
1005006357971668
1005003580701359
1005006644300299
1005003125979109
1005002863999547
1005004467910404
1005006894437632
1005003942127806
1005002011074762
1005007202193668
1005006849848408
1005003312173970
1005002346827446
1005002835186932
4001321218794
1005007545664470
1005002711986764
1005002270706205
1005007355324498
1005004619878741
1005005472019150
1005007642801486
1005002830178778
1005004011509526
1005002107539523
1005001997658612
1005004072291376
4000187051096
1005005184965055
1005002919591345
1005003996231372
1005001816552130
1005006459841976
4001069680674
1005003886841695
32969723109
1005005649998853
1005001413441678
1005004079295238
1005004672293556
1005006374162720
1005006969446381
1005005409960854
4000176590082
32996122208
1005005163408211
1005001823663756
1005004003363604
32968322417
32948727580
4001069685906
1005007588883584
1005005513012549
1005002084589460
32981796389
1005007202471199
1005005410004515
32952113829
1005003387176318
1005004012269427
1005006057946132
1005003578940255
32952073815
883314041
1005001823781417
32504257329
1005003167629510
1005003875394251
4000394056304
1005002115478169
1005001277932316
1034704558
1005007514830554
4000386475414
1005004782492523
1005001823766767
1005007798354348
1005007688578087
1005007000687004
1005003243464629
1005004669510739
1005004431241647
4000370597343
1005007825036369
1005002646237494
1005003035623716
1005003539093772
1005003631309430
1005003332701499
1005003674146100
1005003673938952
1005003167697465
1005003332661882
1005003081301573
1005003332731437
1005003673974806
1005003674072362
1005003635906335
1005003635959063
1005003332776365
1005003635943207
1005003635771993
1005003674010683
1005003332718625
1005003674162050
1005003008397009
1005003595546591
1005002028327153
4001346419730
1005006808070689
1005005824804291
1005004953119058
1005003787873316
1005006252541019
1005007168839364
1005006797884444
1005003771396622
1005006787037515
1005005962669860
4001216879953
32819722180
1005007040705489
1005002039162221
1005005884038081
1005001273805006
1005005345881684
1005003037253920
1005007569492697
1005005765238080
1005004925179803
1005002899285394
1005003161541217
1005005874692957
1005005719632699
32852993367
1005004242420860
4000305761670
1005006134547106
1005003236521755
1005007265577736
1005006062197847
1005007334539837
1005004785106748
1005006458504559
1005006831599555
1005007651560053
4000295204977
1005006258826454
1005003630505166
1005007499342021
1005006807683870
1005002749715839
1005004455029436
1005007225691333
1005007432145005
1005007216456897
1005002890552281
1005004203082629
1005002504342132
1005006865586097
1005007412589186
1005007427360826
1005005834710789
4000808236706
1005007402032865
1005007611150490
4000005210148
4001119418968
1005005533470191
1005007246195325
1005003104038282
1005004008579619
1005006883089636
1005006844273596
1005002971664736
1005006047039969
1005006455852421
1005007208408609
1005001721966051
4001252036636
1005007180186426
1005007391189815
1005007596733988
1005003077541338
1005007182755435
1005007181768457
1005003949381365
1005004432634092
1005007172900787
1005007215779476
1005007187355626
1005007181767871
1005006953769577
1005004804092435
1005004987545790
1005005260482493
1005004022012233
1005006830981784
1005006859294851
1005005885986037
33036071141
1005002651218273
1005005159558288
1005004981239496
1005004047943064
1005004112131775
1005006421381516
32819719256
1005005654405544
1005003349371301
4000179832650
1005007250367551
1005003027742697
1005004520130804
1005007187860192
4000185299225
1005004195975566
1005003103756812
33016255399
1005005450189776
1005007200985803
1005004674402214
1005004033181077
1005007354041265
1005005511427976
1005005217123477
1005007051604262
1005004201614458
1005007186724067
1005007472861285
1005005023671897
1005006433808654
1005005311044274
1005007448104512
1005006989101614
1929366102
1005006219269121
1005007174734013
1005006266983862
1005003143278237
1005006753195999
1005002118895333
1005003152955595
1005002278246929
1005006049115752
1005005453740964
1005006480310742
1005005914546518
1005005185738223
1005004537835655
1005004666508503
1005002631229555
1005004043572734
1005006286608569
1005004513225252
1005006390352363
1005006120178035
1005005528880013
1005005023435455
1005003707988207
32992468967
1005004100539026
1005005941646953
1005002006968496
1005004807586278
1005006225831654
1005004683708667
1005006112276739
1005007797002915
1005001650918340
1005007678994937
1005006883185009
1005005977486612
1005003352640440
1005006455917502
1005006512166034
1005007258582323
4001094952073
1005007517714142
1005003484960200
1005006663969297
1005006663780354
1005004894883701
1005006490140760
32972752141
1005005977614059
4000857544069
1005002728347110
1005002608845225
33010707162
1005006850420813
32828176158
1005006511957881
32737314091
32834066964
32830420667
1005006272572329
1005006849955453
1005006070132251
1005007385953378
1005006890031615
1005005291773130
1005006512092055
1005006828451330
32839007988
1005004322371836
1005007180265201
1005005168981183
1005004417275690
1005005746270637
1005003057706529
4000516408777
1005003637526250
1005003205863553
1005003103294312
1005007386441678
1005006627569399
1005007176418621
32962288882
1005006753357282
1005007646540405
1005006810689389
1005005945038703
1005005218798175
1005004802441824
1005004156997281
4000098807145
1005006896796756
1005006663896427
1005004593801264
4000970936675
1005007254530357
1005006512043361
33009239725
1005006810735129
1005006810479820
1005006839357049
1005007147789892
1005006663518754
1005005505028237
1005004594606822
1005007188941272
1005006890007834
1005007034167804
32897381600
1005007273338750
4001016497700
1005007017319982
1005002286010330
1005007795700719
1005007474820644
1005007772530809
1005007772395982
1005007758525384
1005006740699520
4001281018765
1005007508396227
1000006209839
1005004596508416
1005001884444258
1005006615349030
1005007168507296
1005003030008784
1005005920738485
1005006115131550
1005006888839144
1005006042610908
1005006220120947
1005006307803871
4000154174743
1005003050221251
4001283932646
1005003486426221
1005007088854046
1005007004249262
1005001900470313
1005006911094090
1005007346791286
1005007413751092
1005004880403148
1005006773430555
4000982938835
1005007346767816
1005006512003288
1005003819822654
1005006883474465
4001363697715
1005004290362813