1005004771817906
1005004910746544
1005006468570191
1005006115799484
1005006727780168
1005005557884287
1005007031644358
1005005557800120
1005007176381085
4000839816984
1005005529381501
1005005046591159
1005006857521621
1005007078784326
1005006852581274
1005007172045455
1005007184518570
1005005316934719
1005006527637101
1005006782077156
1005006461515827
1005006278853921
1005006784297126
1005006788984690
1005006093827548
1005004560545403
1005006600432193
1005007301186093
1005007301302341
1005006775692368
4000648895602
1005003918443667
1005006963892770
1005006070275241
1005006801932082
1005003775820694
1005006462224602
1005006495825692
1005006618458339
1005005872771151
1005006919090575
1005006846320073
1005006500590404
1005006890588788
1005007392224820
1005005762206467
1005006062768380
1005006428676598
4000076901006
1005007016091953
1005007306508287
1005006698571462
1005007319853374
1005007393877246
1005006117811536
1005005429738846
1005006888910099
1005007036351038
1005006473142362
1005003376916472
1005006175886217
1005005484825106
1005006302561792
1005007075134486
1005004489548028
1005002219810048
1005006541844975
1005005416349225
1005006052680182
1005007197657044
1005006681774603
1005007047891790
1005006910233549
1005007386683516
1005006860973286
1005007160457209
1005006860795116
1005006902584755
1005006808621740
1005006640806330
1005006877792854
1005006693548357
1005006872688887
1005004027041642
1005006605560574
1005006349463893
1005006869378728
1005006462488352
32872303375
1005003233176124
1005006191982548
1005006460966848
1005005274898685
1005003251137745
1005006869957490
1005005253645252
1005007076778262
1005005862642610
4001014897222
1005005428967834
1005005249285996
1005005996442952
1005005530842227
1005005871096902
1005005333621847
1005007107367358
1005006645558923
1005005537682015
1005003812477055
1005006009163550
1005006584930960
1005006027439670
1005006858456652
1005006749153862
1005005834881296
1005006328799479
1005004409057089
1005007107267418
1005007046994155
1005005879757343
1005006040098015
1005002682519813
1005005563534280
1005006969071659
1005006827505026
33002187922
1005005826453966
1005005736230890
1005004767116623
1005006186580077
1005002370250691
1005006896055007
1005002477006137
1005006102958614
1005007078926930
1005006690254683
1005006673702426
1005006625915765
1005001846547171
1005006827535587
1005005895986118
1005007017292459
1005006956524681
1005007209622939
1005006466144355
1005007125713631
1005006815290119
1005006820092682
1005007052723054
1005006300588151
1005004140379633
1005004282099780
1005002808614080
1005007070287384
1005006984976840
1005006604610820
1005007188228857
1005006085661578
1005005818535556
1005006235825749
1005005949753607
1005007201136990
1005007188593203
1005007112059503
1005004995315067
1005007450383105
1005007229591186
1005007419404765
1005006655174798
1005005768358853
1005005698598783
1005005888439812
1005007002285016
1000006620180
1005007207022735
1005005932026091
4000266558674
1005007318748502
1005005105053243
1005003506408617
1005006039188621
1005006425278762
1005002591890690
1005006832640514
1005006095497304
1005004612953073
1005005875838413
1005006757337816
1005005025810545
1005006304058579
1005007173195351
1005007354139984
1005007448816544
1005007359795999
1005007417355579
1005007165801656
1005006373516646
1005006885944407
1005006094802082
1005006789952837
1005006971621409
1005006094677460
1005006847593839
1005007341085404
1005007336158913
1005006917403690
1005006932488509
1005007349108634
1005007449005065
1005007174595213
1005005547972274
1005007081208938
1005006884707277
1005007043618833
1005007448992477
1005007294193974
1005007350170148
1005007197611674
1005006998355062
1005007257053804
1005003375026753
1005007448636599
1005007143763887
1005005445841336
1005004199496861
1005004027191627
1005006802094562
1005006990977942
1005006165047174
1005006164138593
1005006764514309
1005007145540782
1005006899916259
1005007143349863
1005004794005719
1005007167032204
1005007348639288
1005007412949933
1005006985847242
1005007100717523
1005006098474478
1005006461614778
1005007084092592
1005006917882899
1005007102365172
1005005277907433
1005007084830236
1005007346461923
1005006923306539
1005004180079736
1005004193548528
1005005300794238
1005007121638214
1005006366386992
1005006399239652
1005007359242887
1005006757566252
1005007260759274
1005005754175824
1005001877656236
1005007116326528
1005007409157993
1005004417188965
1005006894103899
1005004708666372
1005007188992568
1005003258639752
1005006904942787
1005005552992580
1005005260649946
1005006889606817
1005006942911836
1005006787512227
1005005865788086
1005007199145225
1005006035114295
1005007169352589
1005007166756532
1005006008135416
1005006100419084
1005006458997934
1005006476453342
1005006469066420
4000203772538
1005007489098849
1005007488798393
1005007486088195
1005007475837781
1005007487566456
1005007487011256
1005007473815809
1005007481831737
1005007023944231
1005007125993639
1005006935534013
1005007196808687
1005006100492044
1005007063653228
1005007062249492
1005006391607483
1005005501913251
1005006729578850
1005004754483326
1005007218258281
1005006164943389
1005005123643785
1005006228941572
1005005608965868
1005005505254244
1005003322497520
1005007082966576
1005005231333906
1005005298855346
1005006313605296
1005006919240954
1005007232812814
1005004446564474
1005006243423977
1005006390111157
1005006641333062
4000002589619
1005003510700573
1005005921758406
1005006546147377
1005005889122887
1005004719580330
32918821563
1005007039542076
1005006034067817
1005006679620626
1005006356929246
32949643394
1005007345586544
1005003049109836
1005004802269928
1005005617406221
1005006386222759
1005005575773833
1005005401682252
1005006596394214
32950466447
1005006538294574
1005004161165072
1005006306009675
1005005913374157
1005006559344054
1005005875599064
1005004399647530
1005006138272804
1005007174174076
1005006615357569
1005005873935459
1005004443715815
1005006121491565
1005005817563075
1005007311557496
1005007173052174
1005007354854595
1005006346571151
1005004686667238
1005004021063605
1005005384367611
1005003761283295
1005006209988317
1005006107670182
1005006042206498
1005007183313203
1005007334010280
1005007282637508
1005005855148569
1005006123688247
1005005649588747
1005006297260600
1005006997498583
1005004153270703
1005005307076197
33000563717
4000111905432
32956233718
1005007402074582
1005007140848217
32936635260
1005006157538201
1005006886601194
1005007474764361
1005007473652704
1005006903287838
1005005130744251
1005006454579727
1005006890070134
1005005795028839
1005006627169471
1005007470617269
1005007470466833
1005007470813025
1005006474741538
1005007031193562
1005006834458854
1005006968141948
1005006956593378
1005007451808204
1005007346521648
1005007188648610
1005005321304037
1005005133073265
32797979297
1005006548224842
1005006060544364
1005007140601377
1005007140291711
1005007139915456
1005007003045995
1005005433998525
1005003151322048
1005006725134207
1005006724978883
1005003346548218
32926342514
1005006216360798
1005005901704124
1005005387985865
1005005481874657
1005005954824961
1005006301159631
1005007336549443
1005007015008095
1005006366634987
1005005786269083
1005005708738334
1005006832494342
1005006925193789
1005004406488427
1005007210206542
1005006864148321
1005006953948749
1005004827586089
1005006716425284
1005007333253628
1005006224341364
1005005384409908
1005003532254413
1005007205366883
1005002476064881
1005007090729591
1005002476242741
1005006971467580
1005005214955589
1005006462770470
1005006035371809
1005007274328326
1005002947502930
1005007207435110
1005006622645602
1005006447515782
1005007441271763
1005007477802458
1005007437938752
1005007220085308
1005006448294755
1005006929239463
1005005807703385
1005006344340662
1005007131095110
1005005413600615
1005006653683490
1005006190571661
1005007135185912
1005007132286488
1005007135311696
1005007481476034
1005007481283378
1005007261098146
1005007394594767
1005007453915096
1005001698272062
1005007135437023
1005006949924309
1005006973572283
1005007104573232
1005007405856389
1005007441215204
1005007434539885
1005007437591652
1005007438402633
1005007437970290
1005007428145922
1005007406164860
1005007440821822
1005007132304432
1005007061250596
1005007459830762
1005007447163771
1005007453783279
1005007459807252
1005007459683360
1005007454752268
1005007447053445
1005007434824014
1005007434895165
1005007005606168