4000364301071
1005007420338220
1005007347025004
1005006229829085
1005006697364881
1005006802490778
1005006330774831
1005004547256169
1005005921769233
1005005115745149
32812883371
1005004280534752
4000987074220
4001163366835
32871511779
4000868173863
1005003171014385
32812751479
4001174680789
4001191928040
1005004622296410
4000960186312
1005004608528373
1005004622177856
1005001855163529
32870150101
1005002357108086
32855906770
32861466558
4001206981916
1005001997746825
1005001286209647
1005001500740287
1005004175781759
1005002541576183
1005004791027481
4000837629097
4001289869043
32860748311
32822868944
1005004697354329
1005002776861758
1005005767009111
1005004359944165
1005006132854550
1005005631803427
1005005702793505
1005007554536893
1005006682508715
1005003495188751
1005006955036552
32916724834
1005004379946721
4000589590977
1005007223678580
4000990364240
1005005670674011
1005005930659873
1005006365725051
1005003631345100
1005006016782897
1005006359606781
1005005790059638
1005004719830538
1005002475526845
1005006016950003
1005006177279330
1005005766992683
1005007091870533
1005001484005081
1005005196945455
1005006127368002
1005006468532600
32994487533
4000626998319
1005003942935270
1005006071120858
1005005439445924
1005001949773235
33054357883
1005001483686949
1005007386070934
1005007355492772
1005004540847972
1005004121708599
1005006774131710
1005007116872447
1005007306471197
1005006488253939
1005007617969668
1005007632451524
1005006970607284
1005006890520663
1005006281029655
1005005492356349
1005005949125986
1005004234485316
1005006995594480
1005005772825106
1005006559489316
1005006176810205
1005006712988697
1005006679351089
1005006040187216
1005006643892175
1005007513136895
1005006515242930
1005007488603051
1005007447432003
1005007488352611
1005007550136175
1005007412454008
1005007509031404
1005007403758370
1005006220912124
1005006908618402
1005007469857205
1005005896954712
1005007592615851
1005004917786147
1005007607533804
1005007482438933
1005005361636491
1005007507624769
1005007607660486
4000313259489
1005007607840463
1005006958638478
1005006892553787
1005006883084136
4000040972320
1005005741304175
1005006862718105
1005007278111127
1005007047684181
1005005737393909
1005007421870033
1005006474314377
1005007575977085
1005002452366868
1005007054113479
1005006386102588
1005006728063178
1005005859389585
1005006003351064
1005006882852135
1005006643675073
1005005046271092
1005006107474623
1005005722866431
1005006045628879
1005006110908699
1005006901620395
1005007067362158
1005004873339796
1005007535104172
32790033011
1005006895996807
1005006034696648
1005004167345525
1005004068965648
1005006390401162
1005001779240961
1005006479093318
1005004708237285
1005005513431928
1005007261838015
1005006792485545
1005007575640314
1005001629619252
1005003781281521
33049081867
32852072265
1005004031376691
1005003262367799
1005006386417403
1005005897979634
1005007475476963
1005007550885889
1005001587376352
1005005548508503
33006570667
1005007088045733
1005005886955361
1005006266648401
1005003970504999
1005001859757558
1005003261976004
1005005972234994
1005006479189175
4000551653417
1005002772407013
1005004325826046
1005004519367390
1005004521170199
1005005227624225
1005006860059605
1005006326329444
1005001629334953
1005007520214445
1005007147267875
1005004521178618
1005006071206271
1005007328983051
1005005004868534
4000111015254
1005006972998920
1005005215166133
1005002958014208
1005007516664700
4001234257813
1005004519003915
1005003922379807
1005006896344720
1005004856145382
1005007675127930
1005007675500138
1005004685042702
1005007669283603
4000803221026
1005006433415851
4001120180477
4000776434334
1005003082268525
1005005261979762
1005006353580879
1005007446504196
32850064788
4000290664983
1005006116605526
1005004570320608
1005006427913907
1005006882669856
1005007650087386
1005007266739114
1005004855933608
1005007161553873
1005006435772691
1005003261900890
1005002039481017
1005002751829591
1005007218722247
1005006550404633
1005002095379189
1005007285583876
1005003902724201
1005006260898553
1005005244729383
1005004093253709
1005005245870201
1005004181967817
1005003950134504
1005002095355550
32820309141
1005001328828970
1005001328911117
1005005743866893
32740636289
1005001922719637
32494831861
32734281261
1005002854888045
1005007800437281
1005006312687391
1005004684746639
1005003814180819
1005005053203798
1005003996717005
1005005189124309
1005004670457352
1005004877136105
1005007286582622
1005005286142713
1005003415138379
1005005957514707
1005005561292447
1005006573602547
1005005713778981
1000002864009
1005001314113864
1005007588526997
1005004667821858
1005006078272910
1005005972458979
1005003671479044
4001323389622
1005007593030825
1005007537140412
1005002657226308
1005007439457854
1005007206240687
1005006865158801
1005005186843690
1005005130347963
1005006442395783
1005007425234829
1005005910020224
1005005857946520
1005005858038009
1005006902689926
1005006902662975
1005003114335357
1005006367675075
1005006318467963
1005007213523138
1005006164091344
1005006913438320
1005006491133110
1005005929960144
1005005817391000
1005006670467459
1005005285868642
1005007473147667
1005006902805438
1005007102972292
1005007403637611
1005007370958955
1005007679428560
1005004033251266
1005005554167887
1005006022630504
1005006645500606
32988926869
1005006237466204
32989650267
32990423218
1005006384865952
1005006384959511
1005006450785786
1005006888576574
1005006464766225
1005007473033043
1005007647389228
1005007081316874
1005006900552954
1005005901826847
1005007472527589
1005002394955196
1005007208438193
4001340635410
1005007581014112
1005007202452067
1005007439470454
1005006609556077
1005005343315432
1005007467098265
1005006813590695
1005003712020127
1005006261118352
1299902732
1005007158172028
1005007656581751
1005007431434549
1005007355081840
1005006164742361
1005007575300001
32693554113
1005007469073426
1005007208179384
1005007705882325
1005007705510356
1005007705113452
1005005325384052
1005007371321684
1005007084511730
1005006691141578
32811834929
1005002433966081
1005006978971992
1005007647796264
1005007424749482
1005001387225370
1005005523443302
1005007479866908
1005006200135880
1005006421991227
1005004275825634
1005004251300893
32312577825
1005004570398622
1005006500193403
33042590074
32838068213
1005006879412018
1005004059508512
1005004927596566
4000479438210
1005007533243970
1005005538798584
1005006939496370
1005007122718998
1005004216761109
1005005060731685
1005003532223842
1005003750364110
1005007058310746
1005003671364486
1005004908787798
1005006029312362
1005005968296342
1005005362900968
1005003578764068
1005003354998551
1005003827227468
1005006326760437
1005006501071822
1005006761608999
1005005256667061
1005006242796870
1005005669867382
1005007421535690
1005006679471468
1005006679900529
1005006759548242
1005005879520550
1005006994018281
1005006828214485
1005006689037897
1005007293665512
1005004816394350
1005004199961099
1005005674306634
1005005510843092
1005005722135357
1005006684947274
1005007532374411
1005002679405898
1005002084333185
1005004158256119
1005007458386842
1005006928190586
1005003651435683
1005006246490083
1005006027497431
1005005310118486
1005006919452370
1005006919246991
1005007576203533
1005005979623960
1005005949036685
1005006202868537
1005007658033621
1005002717156398
1005007018796697
1005007202511354
1005007474746583
1005006941111314
1005007609914022
1005007061678789
1005006203344478
1005007813350055
1005007816199562
1005007787053604
1005007693301146
1005007760355666
1005007760429312
1005007760461040
1005007760414340
1005007695272561
1005007716059865
1005007265422911
1005007037604946
1005007170818695
1005007576202618
1005007566524359
1005006751032840
1005007633353892
1005006164115474
1005006897427711
1005007116639317
1005007576349258
1005007577117509
1005006727658422
1005006925450496
1005007265608037
1005007576358224
1005007023582467
1005007576369692
1005007167464153
1005007024902062
1005006954636136
1005006711472891
1005007576273429
1005007116616480
1005007512819923
1005006086108456
1005007576410107
1005007132608287
1005006466067203
1005007576040930
1005007656775486
1005007609801663
1005007657495469
1005003463221198
1005006524553539
1005007074110513
4000200941894
1005007204344760
1005007098463126
1005004968461257