1005005969893065
1005004787539193
1005005297120426
1005006344332787
1005006163422245
1005005240702946
1005005782835732
1005006517747898
1005005824425687
1005007104111056
1005006061818403
1005005562171502
1005004467485844
1005005969564959
1005005966450638
1005006762658430
1005002845282142
1005007074767910
1005007015997424
1005007599542015
1005007504885887
1005006684884491
4001103498044
1005007590028155
1005007260520775
1005007292044623
1005007608496219
1005007565881341
1005006942815013
1005007655735817
1005001675185079
1005007571698557
1005004350447684
1005007293643824
1005007496237958
1005005763946069
1005007219877424
1005004825369248
33061122255
1005007505189320
1005007496476208
1005007560133869
1005007495704986
1005006849700865
1005007445164158
1005004320213693
1005007310946171
1005003584548499
1005007656746546
1005007573487260
1005007599323702
1005007595663161
1005006400709377
1005007589766877
1005004321088983
1005004339944664
1005007616165903
1005007635747684
1005007662325177
4000222961979
1005005979957668
1005003671089816
1005006063416203
1005007668728467
33016788503
1005005989065314
1005005199127773
1005007660814182
1005005977977442
1005007591274098
1005007124047207
1005007335476360
1005007425128290
1005006400615272
1005006134549911
1005006049763948
1005005611925203
1005005756699039
1005006179867061
1005005199188263
1005005199176215
1005007391933720
33047489981
1005007386525236
1005006856000452
1005007432573190
32976014309
4000935297270
1005006749609235
4000741282034
1005007425227815
1005001960011905
1005004881440329
1005006869446807
1005006806843436
4001171597263
1005007425541131
1005006415336385
1005006931649824
1005005606704946
4000302850198
1005005421503437
1005007536821382
1005007023071364
4001061747783
1005006931790048
1005006063254849
1005004744478503
33019315032
1005006733457856
1005007334864739
1005006388646725
1005006771566118
32998829230
1005006459436478
1005006942405232
1005005929742617
1005005538732961
33016288953
1005006314756074
1005003505578197
1005006420404242
4000907820514
1005007391605191
32961597153
1005005334959586
1005002317390052
1005007183837389
4001171517416
4000223175258
33016572344
1005007246927223
1005006548747427
1005004410767795
32997421563
1005006711142776
1005005925389088
1005005649662649
4001102841499
4000000797720
32963670092
33014825122
1005006479255886
1005003594100861
1005005431363251
1005007315033678
1005004501696507
1005005068186077
1005005868536738
32982698818
1005004338436304
1005004749874199
1005003487719739
1005004198459608
1005005584512443
1005005854098875
1005003369100392
1005005086198180
1005005725667301
1005003466737115
32958680476
1005003510426161
1005004751922220
32725547598
32723712285
4001306718242
1005003499860420
1005004769715010
1005007149908597
1005006400791372
1005006641493844
1005006868871891
32834191097
1005004294106622
1005007105446323
33042209752
32979992481
1005006400669269
1005007257463881
1005005664471282
1005004590451291
33057878217
1005004424214338
1005004789063455
1005007394928135
1005007386553730
1005007510017408
33012029463
32991087442
1005007571677704
4000431587714
1005003775864232
1005004321188512
1005001694250320
1005006432526270
1005007380704816
1005003773014993
1005007195350855
1005006400878152
1005006216351046
4001084890300
1005006344096520
1005007503220662
1005006399558542
1005003548465574
1005005816883611
1005003397471270
1005004337004637
1005006222640173
1005006811710558
1005006319390948
1005003510834074
1005007537245258
1005006319454382
1005003511658477
1005007335609386
1005005918832947
1005005503981718
1005005782143581
1005006860323184
1005006744242267
1005005587900572
1005004374398531
1005007116729770
1005005443470414
1005002339002851
1005006141771407
32845257749
1005007595752060
1005005842773574
1005007528811039
1005003751770443
1005003671083434
1005005986836919
1005007395499157
1005007258028906
1005007496306840
1005003024512923
32989773024
4000931290540
1005007563901338
1005004053764551
4000100487909
1005003775500576
1005007195193782
1005005503801248
1005007382674116
1005002961164357
1005005395351024
32879300668
1005006064585042
1005007335199228
33025963880
32872687134
1005006399773618
1005005929782013
1005004457593937
1005006346978231
1005006064361167
32813579535
1005007528132689
33012074595
1005003544644468
1005007250646998
4000935563011
1005005972848119
32992168328
1005007627396859
1005006266421748
4000709612369
1005003511269975
1005001717282085
1005007334841350
1005007260943553
1005005959576816
1005005979306723
32790723429
1005005393626639
1000006354532
1005004332662330
1005004518612621
1005005817028005
1005005008587152
1005007168383445
1005005476561198
1005005551469971
4000762358150
4000857708914
1005007455612545
1005004665861762
1005007395399540
1005006730351529
1005005971018550
1005007502021014
4000931266124
32992431120
1005007563329636
1005007425446944
1005003542225462
1005007334790383
1005004371414556
4000403308662
1005001324840181
1005001697514184
1005004944448651
32992174247
4000223090772
1005003666351053
1005005938483194
1005006770733000
1005005586638875
1005006216275584
1005006786813302
1005005776294927
1005004416054405
32720397962
32869557339
1005005305249072
1005006344791897
1005005969107697
1005007334777383
1005006947825256
1005007565531008
1005005496020376
32872587227
1005007261094936
1005007599367672
33005004284
1005007393850684
1005003393812284
4000003043480
32640485616
1005006371785157
1005004324595619
1005006309053202
1005003663594400
1005005495599790
1005006699088881
1005007419330159
1005004431100322
1005006372591279
1005004321186116
1005006291731916
1005005927952271
4000755040275
33004388999
1005005145183873
1005006815521142
1005007621279065
1005006395298325
1005007071791588
1005007330486936
1005006972223945
1005005426168485
1005007330547051
32514368020
1005007601079232
1005007544466516
1005007102845840
1005007082152027
1005001807590798
1005004940629039
4000804373056
1005005628673943
1005007720638118
1005007022061446
1005007670477660
1005005894706307
1005004943098035
1005007805082102
1005007806073122
1005007801547704
1005006828354109
1005006825226228
1005003721684856
1005007500816409
1005006848368897
1005006825076679
1005007666098017
1005007037582783
1005006371996116
1005006907771906
1005007283345611
1005007437506811
1005007588839223
1005007044636441
1005006345787769
1005007437474995
4000269987096
1005006314914823
1005006692645546
1005006401168221
1005006834403769
1005006000789137
1005007638542513
1005004790464718
1005006235575743
1005007773716414
1005007177280841
1005004584124037
1005007449891268
1005007177564249
1005007320035457
1005007404796619
1005007104084959
1005007592710503
1005007376131419
32861350067
1005006136234072
1005007480994075
1005007337183078
1005007715066655
1005006718346619
1005007473519671
1005007557198214
1005006618142749
1005007666302786
1005007092888225
1005007360447857
1005007501110798
1005003692119752
1005002788057475
1005007766312011
1005006377078045
1005007457099193
1005007484850994
1005004684825158
32871470267
1005007322130539
1005006475389194
1005006685934976
32962413452
4000967824617
1005007347652474
1005007348234153
1005005777751873
1005005306682365
1005005368027503
1005005935186184
1005001623407319
1005004616820939
1005006136312501
1005006850805110
1005005721706175
1005006227886126
1005005537947074
1005006850481918
1005007573190364
1005006290608465
1005007561438110
1005005682620970
1005004626490848
1005006980640291
1005006962133311
1005007210517177
1005002369035086
1005006586964967
1005006832267736
1005006318351065
1005005144991191
1005006444399116
1005006689340690
1005004595885868
1005007268180515
1005006821416220
1005006760902734
1005005969838281
1005005558124845
1005007381982034
1005007294102507
1005007100773385
1005006358036919
1005007008773220
1005006288678183
1005006033865795
1005007154500544
1005005486891226
1005006960671287
1005005815149241
1005007347821260
1005006045477893
1005007356191532
1005006203198236
1005006528451396
1005006348897708
1005006112319905
1005006905801771
1005006177204773
1005004854483136
1005006159928280
1005007341813407
1005006079275835
1005007492193822
1005007542332602
1005007533120235
1005006468358415
1005006112499066
1005006149601648
1005007314836812
1005007776978288