1005006477066661
1005007082988530
1005004448915059
1005004519783060
1005007082826658
1005006789296238
1005006798243035
1005006209608949
1005007082794710
1005007073359297
1005004698767560
1005006802314814
1005006850240234
1005007078925160
1005007079917890
1005006798138378
1005006800188045
1005007080009727
1005007083222202
1005006798000569
1005006817936972
1005007082771714
1005007078566532
1005006781734022
1005006797971678
1005007070982769
1005007082728846
1005006802841670
1005006800314092
1005007082880641
1005007071000764
1005006800097202
1005006800484273
1005007082966561
1005006797978964
1005006863870186
1005006864420996
1005006861682161
1005006800545086
1005006798589137
1005006850307021
1005006802788820
1005006800316878
1005006802397581
1005006798000565
1005006812965921
1005006860229880
1005007450320992
1005006800102203
1005006798710486
1005006864431905
1005006863863710
1005006813002761
1005006818038602
1005006802811723
1005006813108700
1005006798591112
1005006861660217
1005006818091389
1005006802460301
1005006798802148
1005006800057858
1005006798528321
1005006800308103
1005006850174274
1005004284952991
1005001493370706
1005006068091641
1005004929085636
1005005978967417
1005002498730968
1005005996574187
1005005979068220
1005005671555402
1005007384446139
32978512195
1005002667769325
32780343339
1005007346377665
1005005883696578
1005007376691961
1005006944673490
4000169745428
32858976049
1005006445596785
1005006642315491
1005005097012328
32994033598
1005006676827524
1005007334670333
1005007511310471
1005006400716613
1005007130332709
32835238904
1005006417764366
1005004844692307
1005005911378003
1005007379721896
1005007170725217
1005007301966430
1005006674794045
1005007039393780
1005006640737241
1005006791536024
1005005584802555
1005005584347161
4001248162350
33026618779
1005006684159451
32834480079
1005003617162064
1005006629327880
32802300775
1005006123402891
1005005916604145
1005002281386615
32855160097
1005004366797182
1005004399728575
1005006423081762
32830793953
1005006521259181
1005006486947523
1005001633884401
32955117005
1005005622837570
1005005613928368
1005006352463139
4001123147434
1005005923509492
1005006160339180
1005001399275531
32753780975
1005004970839823
32817565301
33008101903
1005004527071717
1005007481080015
1005007669153416
1005004376203501
1005007384840044
1005006041888005
1005002265476631
32967172220
4000826561678
1005001678972903
1005007794388619
1005007742082120
1005005596396696
1005006003769094
1005007045471988
1005005534268695
32771552633
1005006642394280
1005007615531049
1005003095457830
1005006227212785
1005006764556523
1005004612509780
1005007384859461
1005007449202996
1005005235465888
1005006037867091
33003156439
1005003750004108
1005007256932447
1005006389169713
1005004977797750
32631482749
1005006642666090
1005004712438016
1005005884703407
32842684673
1005007391332204
1005007360711573
1005004729675505
1005005930570731
1005006423188514
33047286586
4001248347332
1005005660662332
1005007482314422
32854733208
32835242639
1005007609208933
1005003553073899
1005007040089347
1005007345104616
1005005534939537
1005007416204801
1005005809678574
1005004522250946
32975543883
32627056372
32889180216
1005007321541250
32815616123
1005004881836630
1005006288107761
1005004534172253
32730404277
32794794721
32810915637
1005007246384200
1005006771783708
4000080750717
1005004564822407
4000199063925
1005007034695060
1005006197503170
32723156937
1005004844825737
32878605003
1005006530282293
4000010562854
1005007472829664
1005007554714663
32833617160
32720880910
32961559366
1005004332618433
32861665808
1005003482995815
1005007554280762
1005007696651778
1005007424960596
32768272982
1005007276332374
1005004854344199
1005006084536308
1005004009356218
1005006263080660
1005007380177684
32857664994
1005005566030051
4000918707311
1005006737238331
1005005508921409
1005007080993076
1005006593132487
1005007053344740
1005005949076574
1005006602860548
1005005829655621
1005007696722583
1005007737747047
1005004996761499
1005001528431113
4000111235361
1005006848983061
1005007621058122
32874461123
33030245891
1005005107291266
32761354521
1005006990428558
1005006495781325
1005004645975654
1005007331276092
1005005513411096
33001489081
4000111796748
1005006658223105
32755645986
1005004813380487
1005007737765067
856667993
1005006660668496
1005003773796305
1005007054269592
1566985432
1005005934267640
1005005584824346
1005007454764850
1005006324875615
32310763185
1005007329682178
1005007327600490
1005007130272946
1005007435224478
1005006166013673
1005005565666847
1005007662596088
1005004532559408
4000919609553
32857389709
1005005236259940
1005007334648192
1005006535641344
1005007737823012
1005005131418098
1005007355430043
1005006824741766
4001108045933
1005003419716835
1005006990400976
1005005509165025
1005007385201452
1005004395483136
1005005509227737
1005006529364348
1005004770842314
1005004120994203
1005001399268664
1005007298489426
1005007446496431
1005006912382300
1005007345700321
1005006796825160
32969434600
1005004044991230
32836912295
1005005647642981
1005005131420645
32956727042
4000052211642
1005004602672304
1005007014643034
1005007733138105
32959966635
1005006875733033
1005007301844233
1005007819905614
1005007822050092
1005007820469736
1005007816916791
1005007813633069
1005001493523303
1005001493749209
1005007501872230
33002204314
1005006967779811
1005004044885638
4001108047735
4001139154266
1005006791366654
1005005897930750
1005007804736584
1005007801814382
1005006628025291
32835690070
1005007363653199
1005006846613150
1005007063402930
32836879379
1005006136607152
1005006805306066
32890262721
1005006627822490
1005006529986675
1005007026437633
1005006080852640
32833609055
1005006627959461
1005007435306366
32835230902
1005007364505075
1005006810913777
1005007296248700
1005006676400909
1005006864687875
1005006737111414
1005006840792712
1005006737119453
1005006690741388
1005006678526326
1005006753257596
1005007604972136
1005007558455307
1005006736870979
1005006734196231
1005007550808321
1005007579758373
1005007508062671
1005006969242613
1005007046707086
1005005508910445
1005007007732983
1005002786685090
1005006450539936
1005007474759635
1005006404932324
1005006548602674
1005002307589616
1005006016432316
1005007038332240
1005007038491738
1005007427459479
1005007678152848
1005005020979047
1005007089874360
1005007359068369
1005006313706257
1005007054309333
1005007150160495
1005007457487845
1005007027587343
1005007242442381
1005006600033958
1005006298215806
1005005755315705
1005006370582557
1005007280531003
1005007135063047
1005007325044104
1005007331398146
1005007259548083
1005006468197553
1005007141907746
1005007204083388
1005006219075395
1005007419370401
1005006892040637
1005006770169924
1005005854229956
1005006184636440
1005007273499861
1005007331395142
1005006879939778
1005006858687921
1005007494692357
1005006337848513
1005007183371196
1005006405176401
1005007368502751
1005006925673657
1005007125428176
1005007491784794
1005007234198574
1005005976775044
1005005648298526
1005007244927403
1005006903637533
1005006642387398
1005007047247871
1005007475979080
1005007226315423
1005007293691596
1005007264478354
1005007006061167
1005007393434152
1005007324397628
1005006737397066
1005007383353918
1005007225068359
1005007520066708
1005007582445234
1005007322571079
1005005728290450
1005007554951675
1005007160607541
1005007386281730
1005007225830222
1005006388196412
1005006911803662
1005007319916344
1005007464252313
1005007391400714
1005006759541695
1005005507426345
1005007378114388
1005002538253984
1005007507481373
1005007222753595
1005005383566148
1005007047239991
1005007439569541
1005007252695104
1005005848960971
1005007501070732
1005007243774999
1005007573609585
1005005802708987
1005006330521452
1005005868099138
1005007271253224
1005007536803602
1005006388778784
1005006266208204
1005006973078173
1005004262225057
1005007313354841
1005005969640423
1005006246727269
1005007141476878
1005007315238299
1005006900382915
1005007586519274
1005005935149751
1005005999055963
1005007257879237
1005007098078564
1005007319975046
1005006849407720
1005006786865591
1005005731986826
1005007090475443
1005007210408454
1005006771933434
1005007466716114