1005007787385244
1005007787286866
1005007797379523
1005007701699747
1005003674229938
1005006091391386
1005002679668012
1005006480109128
1005007754230859
1005007804009537
1005006004918574
1005007781575137
1005007804038404
1005005265698054
1005007054712536
4000814941972
4001146075411
1005007783098157
1005005452036272
1005006898783499
1005006361992482
1005007390386328
1005006463383548
1005004943236829
1005006479888459
1005007115846473
1005003246201621
1005007050774854
1005006587753151
1005007797127912
1005003699008655
1005006026568061
1005003083246309
1005007456537171
1005005931153889
1005003732877889
1005005800222640
1005003669348302
1005006479838882
1005006600663125
1005006432410227
1005006454691507
1005007804154007
1005003719524192
1005002712943224
1005003615632566
1005007328988051
1005006394414540
1005007781377857
1005006831699020
1005007792755407
1005007804908636
1005006454709222
1005007796434948
1005004813953359
1005006479950756
1005005521050634
1005006432248540
1005007265172362
4000100630256
1005007258645240
1005006482024219
1005006106042070
1005007059798138
1005005840698870
1005006801427907
1005005303962161
4000151215055
1005002510989816
1005005931216740
1005006898798391
1005005802071098
1005006075297067
1005007196006537
1005005013765352
1005006374563867
1005003192598633
1005005283617888
1005006454622755
1005006510731332
1005006026392497
1005006454604888
1005005735545649
1005005081385553
1005005235659936
4000044056495
1005006219596563
1005003769551249
1005005931231675
1005006246857108
1005007467821323
1005006461367731
1005003203233682
1005003668694541
1005007642438644
1005003732678837
1005004991788942
1005007812669132
32989610778
32991391047
1005007781861733
1005005428889632
1005007591957796
1005006287612650
1005007526255555
1005006412143868
1005006185731742
1005007653915866
1005006826806473
1005006240629625
1005006641806816
1005007775981843
1005007759842812
1005005115204712
1005006327193496
1005005627794064
1005005688673879
1005006086980961
1005004432746372
1005006800648669
1005007183763434
1005006582781942
1005006656717315
1005003111551765
1005003286677576
1005003042546312
1005007792635365
1005006000036274
1005007796442325
1005002886658885
1005004784651982
1005005521036727
1005003219577677
1005007782232545
1005007796289734
1005007796413668
1005006791101714
1005007790584828
1005006317696038
1005003732877060
1005007796333761
1005007224261785
1005003742779946
1005005848094609
1005003005450496
1005003677823817
1005007796478422
1005002506936930
1005004847786025
1005007790668774
1005002603265764
1005007437225535
1005006019109599
1005004813971066
1005005518454312
1005003619107640
1005003176023644
1005005009784151
1005007739787743
1005007741756009
1005007790793336
1005006404601651
1005003032906261
1005004802932083
1005005965507034
1005007792657447
1005004848622110
1005006227475709
1005004029894032
1005003678714149
1005005518461270
1005007325014187
1005003676007890
1005003192999288
1005003287398376
1005002513278424
1005007258505534
1005007757330305
1005005690936953
1005006361913765
1005006404564288
1005006219780123
1005007807375867
1005006479894696
1005007790557790
1005007721771316
1005007243810026
1005007055921412
1005003486157044
1005005894087513
1005007560143117
1005007272448308
1005006706523127
1005003638455574
1005005844675601
1005005844201469
1005004847622681
1005004616060191
1005004612303716
1005005724424054
1005006640614558
1005007243858418
1005005847985281
1005007713417105
1005007111614650
1005003765706400
1005007757139092
1005006449795636
1005003614678473
1005007095448194
1005006525304628
4000043007397
1005003784704233
1005004918704338
1005004892757390
1005007074997875
1005007790199602
1005007669669899
1005007425070542
1005007205416338
1005007712538850
1005002639139182
1005006226600742
1005006776101638
1005006808589316
1005006761803579
32960297941
1005007136565129
1005006422106643
1005005638452208
1005005736167622
1005001704068825
1005006117117268
1005006351316405
1005006845957579
1005006202285456
1005007669524589
1005006079145340
1005005481696457
1005004763496072
1005007110759424
1005007601137140
1005007534092775
1005006440247765
1005006286699303
1005006140617879
1005005271587877
1005004978724888
1005006841714458
1005006795335844
1005005631039422
1005005975112324
1005005271770703
1005004592053054
1005003680476915
1005007597547223
1005006918909288
1005006813204405
1005006063755286
1005005866389032
1005007280262816
1005003801682905
1005005699604117
1005003638518209
1005006556888942
1005004816957052
1005006270138273
1005004826318731
1005007195476960
1005006437003188
1005005861929125
1005006432315569
1005007743730039
1005007467883117
1005007561439729
1005007232532731
33051492265
1005003936370341
1005007534403649
1005003633588320
1005002814290167
1005007742348571
1005003619118860
1005006432066782
1005006461202584
1005007217294326
1005007796498331
1005007115581828
1005005031141532
4000042992281
1005003614970226
1005004616267293
1005004553261900
1005005887914049
1005007058839910
1005005795272695
1005006167504872
1005005180225328
1005006054792158
1005006871166813
1005006736149416
1005006734938267
1005006346856907
1005007496294900
1005006165458093
1005006021629433
1005004547833712
1005006351484279
1005004289561020
1005007444255676
1005006073041320
1005007138083698
4001098496557
1005007353593166
1005006752056662
1005007081300961
1005002321394083
1005007640618294
1005005789407539
1005005787912469
1005007616229503
1005005167915776
1005005987502416
1005005559339310
1005004784992863
1005006911598238
1005004645846490
1005004788959431
1005004040989917
1005006259572671
1005006486145314
1005006354428773
1005007059154747
1005007336011587
1005007431220664
1005005976022268
1005004568577207
1005007234987757
1005003696398827
1005006859953289
1005007503807500
1005007556689429
1005006788704327
1005004666470771
1005005908589034
1005004560552453
1005007495822109
1005004892512356
1005001591623873
1005001598709633
1005002655171197
1005002731045320
1005006957721583
1005006479023527
1005006749333617
1005006313802784
1005007615459964
1005005233713806
1005007512991206
1005006924221830
1005002634866883
1005001863508741
1005002629186975
1005002912659949
1005002788914866
1005003628673062
1005006884792491
1005002264069042
1005002252214701
1005002340918054
1005002344732416
1005005935500585
1005006039766678
1005003764585126
1005004186933070
1005003504876970
1005006251781567
1005006172733626
1005007182436209
1005004439744250
1005002603997004
1005006498751878
1005003193043446
1005007627912756
1005001719230725
1005005919181030
1005003933410596
1005005914289544
1005003761437777
1005005081227447
1005004616100343
1005005753312315
1005006052496939
1005003668322395
1005004866413108
1005007787157794
1005007038455198
1005004229573898
1005005525055753
1005005059498335
1005002758125753
1005002840667453
1005006504832239
1005004568592002
4000027771495
33039972029
1005007367818352
4000576251922
1005006776068505
1005002897301675
1005007369718056
1005006997274154
1005004177646489
1005007004874896
1005007460750787
1005006868764632
1005004816751360
1005006842465273
1005006852848534
1005003697275334
1005007562315280
1005007402974502
1005003634496171
1005006996226405
1005006605351485
4001120416398
1005006588796242
1005004701230183
1005004039169275
1005006801424923
1005006539224685
1005006472145585
1005007311531614
1005006173679035
1005007095840049
1005006268164092
1005005954629740
1005007628429336
1005006141130658
1005003175963502
1005006216271884
1005004615964739
1005006531334295
1005007484890733
1005006337627558
1005003636265393
1005007699406553
4000553447058
1005003633461756
1005003636866933
1005007785107111
1005006908493014
1005007473069943
1005003330081106
1005006233487166
1005006853942762
1005006240013746
1005005978155582
1005005398487460
1005006367058879
1005006557253587
1005007074913339
1005007073438728
1005007574991669
1005006611804971
1005006556403788
1005006457197234
1005007066840368
1005005348371675
1005007550797779
1005006836793043
1005007758121097
1005007469023642
1005005918092288
1005006355593470
1005007298614959
1005006426898328
1005006452664798
1005005974626025
1005005989786032
1005007704798629
1005007494652306
1005007393619030
1005006221548901
1005007785009845
1005007285935019
1005006368732258
1005007798914291
1005004346279044
1005005011237080
1005007720479853
1005007781965285
1005007551948664
1005002745263674
1005004381739934
4000529239842
1005002562421099
1005006915622470
1005006487790985
1005007021880121