1005002271588398
1005005620147539
1005007408665914
1005006849684470
1005002382263908
1005007356981803
32987510571
1005003556588383
1005003156849704
1005005287322869
1005003047428683
1005005766428062
1005005075855039
1005002665967556
1005002665990177
1005006215093775
1005005281758071
4000860624226
1005004927423918
1005003307613355
1005003247691014
32916441229
32867400306
1005003545660645
33012912768
32955334436
4000251648046
32856854804
32856522584
4000583705061
4000235103468
1005004927619119
1005007714718750
1005007797824978
1005007797710470
1005007797674142
1005007795099911
1005007791818302
1005007790439390
1005007697684350
1005007773784147
1005007766575973
1005006063245956
1005006063143494
1005006063247477
1005006063123366
1005007724168696
1005007724202249
1005007693199590
1005005448646842
1005005092009955
1005005074793974
1005005074658436
1005005075516440
1005005075092847
1005005084953750
1005005075772330
1005005089919381
1005005075331443
1005005091841388
1005005093144627
1005005083149466
1005005250620967
1005005075644990
1005005075877851
1005005092767241
1005005092149360
1005005088413678
1005002665829998
1005002665906671
1005002665955600
1005005074975041
4000313595679
4000237283260
1005006063622041
1005006063392630
1005006469084180
1005006469042208
1005007572207570
1005004684451311
1005005964786934
1005005029808669
1005004192879316
1005005881197713
1005006471076864
4000829673645
4000817782697
1005005942233006
1005006091885772
1005002758735692
1005006897181186
1005005552691473
1005003722900279
1005006876269467
1005006194201831
1005007537620972
1005007609266006
1005007475128573
1005007672853671
1005007572677085
1005003413039830
1005004480363499
1005005881203653
1005007023821129
1005003501007270
1005007127240143
1005007355366703
1005007590200591
1005007496676464
1005007445759892
1005006304199523
1005007510894441
1005003301984492
1005007590129776
1005007567228521
1005007474365799
1005007537741868
1005003473315627
1005007513252816
1005007509204349
1005006784511066
1005007127360507
1005007102269661
1005006479289107
1005003100228042
32906365876
1005003380339199
1005005576038287
1005005562198116
1005006669056890
1005007477597639
1005007114963853
1005007540093727
1005006589331438
1005007538513350
1005007070814291
1005003656060469
1005006702930074
1005007183605388
1005007569344191
1005007454669168
1005007100837165
1005004601162039
1005001479265718
1005002730269726
1005007201676986
1005004989134957
1005001698840879
1005006971688801
1005004478484411
1005004170653237
1005007305913615
1005007709524731
1005003468451113
1005007584220429
1005006051801276
1005007498242646
1005007421796578
1005007626896849
1005003412325306
1005001324589910
32913195705
1005003635009795
1005006900566175
1005007346729091
1005007259277541
1005006761630103
1005005976240874
1005003747699201
1005007738975050
1005007515511248
1005006101915171
1005004596108296
1005007540214433
1005004806883039
1005001753232213
1005005038475000
1005006971886059
1005006597561299
1005007540414965
1005007401405193
1005007666622008
1005007635045059
1005004845570522
1005007115373234
1005007731235147
1005005478672694
1005007717645755
1005007707819742
1005006853508312
1005004776528321
1005001575849581
1005007742421649
1005007718787639
1005007742276737
1005004783138555
1005007781705971
1005007781575657
1005006140364733
1005007753106255
1005002442495415
1005003156840459
1005007477799269
1005006898093907
1005006148380466
1005004368441197
1005006655250280
1005007450968909
1005007070586022
1005007070385403
1005001836281501
1005002679585608
1005004781513772
1005007817314734
1005007641321975
1005007534063606
1005006788062177
1005007278547567
1005007443182233
1005007414172668
1005006504533181
1005007443101190
1005007534061626
1005007559286581
1005006417231588
1005007414276347
1005007414060815
1005007414221932
1005006437954163
1005007300091945
1005006424929538
1005006973509389
1005006925345219
1005006903428214
1005006713448938
33029758298
1005005036650282
1005007451327005
1005003923720269
1005007626468299
1005007690230890
4001297665593
1005007223465822
1005004775606298
1005007449730077
1005007156898416
1005007728941835
4000623524311
1005007266292229
1005007008218335
1005007721134447
32788423068
1005003956518822
1005001603035519
1005007411868451
1005004008832090
4000073653198
1005005086163632
4000898191747
1005003689573016
1005005325666480
1005007714402528
1005005987785316
32897761275
1005002602633589
1005004709781218
1005006110725821
1005007060101045
1005002378969871
1005004457491674
1005003677602327
1005003821661404
1005004333282735
1005001426703199
1005007517003501
1005003385973590
1005004038914549
1005007403123400
1005005968763102
1005006459034731
1005007456923510
1005006809946837
1005001952901026
1005007058816721
1005005559123408
1005007401907979
1005005084308823
1005004090048706
4001231073015
1005007604961191
1005004509541958
1005004694446236
1005006860439914
1005006922524310
1005005751118027
1005007705787661
1005001484713402
1005007334783777
1005007168694076
1005006918499196
1005007533291766
1005005896153525
1005006870625499
1005006976626760
1005007374281437
1005006157530774
1005003607031583
1005004815646507
1005007556290058
1005006214395943
1005005196167494
1005007548918233
1005006922808064
1005003282760597
1005003250709794
1005006636148956
1005001445079636
1005005756820973
1005007626331622
1005006909502098
1005006131603363
1005007455305322
1005004570172653
1005007548681554
1005004908271251
1005004812804938
1005006925392024
1005005938665631
1005002058480950
1005006500411084
1005003688160704
1005007422518905
1005007551372908
4001007529217
1005004096129112
1005006236168938
1005004210233230
1005006492421040
4000079346825
32950856624
1005005971569770
1005005315834029
1005007755876434
1005001385417999
1005003303467618
1005007423701630
1005005284520947
1005007424216978
1005005961117988
1005004626429669
1005007578763928
1005007455417218
1005007485229108
1005007487095090
1005007551497656
1005007174774756
1005001878438040
1005006105515463
1005007401628040
1005006651699019
1005007389838840
1005004574347246
1005007656301068
32921310153
1005006767592009
1005001680184312
1005007334814541
1005006974008322
1005006758471772
32822532950
1005004762434340
1005001792266282
4000077677343
1005005585787777
1005007564733514
1005006856411166
1005006308465149
1005004871436282
1005006400144449
1005007523781748
1005006136008169
33042697075
1005007643783115
32889701794
1005006865771686
1005005578749722
1005007467912603
1005004182205385
1005007472946551
1005004697267622
1005006214193566
1005005921159978
1005005251991690
1005007346943684
1005007112420003
1005006427421682
1005006177829230
1005006456904329
1005005771431957
4001033559790
1005007052364385
1005006072935667
1005005105417302
1005007650875075
1005006781282349
1005006923264703
1005006864690537
1005007523624418
1005007338162617
1005007539886238
1005006844130279
1005003952597744
1005002759113959
1005005965604963
1005007547035030
1005007513720156
1005007076881851
1005006760234570
1005006573915043
1005006208690681
1005006681324186
1005006647916233
1005006914236535
1005006715575585
1005006379453789
1005007582725329
1005007520229608
1005007365475075
1005006631471418
1005007511506527
1005004249873298
1005006860906637
1005004533644762
1005007059934891
1005007314278107
1005006126802359
1005007661456892
1005006008765124
1005005945911375
1005007359727495
1005006276724680
1005007257737700
1005007004872514
4001316922900
32819275515
1005006053439675
1005006949279178
1005006284902263
1005007793079273
1005007269401334
1005002727878695
1005005924598707
1005007202708670
1005006912119350
1005007337456552
1005003424257703
33003117467
32951094356
1005007233499185
1005007246349093
1005005960163513
1005007217960703
1005006483851312
1005005913805162
1005005544402742
1005005201228640
1005006031933346
1005007403004047
1005005985217869
1005007317730378
32639381123
1005007342756349
32348447746
1005006319034349
1005007188631415
1005006413000631
1005006903411033
1005007359465340
1005007337411619
1005007389482489
33020685427
4000241842019
1005006000033394
1005003914900222
32966339265
1005007383772401
1005007216840074
1005003181047044
1005007377395179
1005007552253923
1005003626917436
1005006217428414
1005007205835757
1005006902932086
1005007094813064
1005007301754277
1005006262673931
1005006261926075
1005007356985735
1005005601395292