32856535243
1005007570546319
1005006646958677
1005004705032304
1005005908511376
1005003980733649
1005005269679730
1005003671378355
1005002266549640
1005006207005470
32833000206
1005006120302449
4000987580369
1005005289225468
1005004323004952
4000257219321
1005006036838563
1005005216015663
1005001997411374
1005005961995133
1005006770672940
1005003332395661
1005006781417183
1005004577567355
1005006839021701
1005006839128185
4001295175963
1005005322535080
1005003218020485
1005007597918268
1005005062642431
1005007336050000
1005005336746424
1005004393037870
1005005183237799
32933253582
1005004895667249
1005006669837263
1005007681829600
1005006353063459
4000533893651
1005006097755508
1005006971457784
1005005280133709
1005003693332546
1005005982684496
1005005688321638
1005006336413928
1005007555274970
1005005907237232
1005002271607256
1005007556285049
1005003693389472
1005006118190923
4000987656852
1005005322305407
1005006044451764
1005004147907097
1005005183308150
1005003768720489
1005005062930309
1005003920215382
1005005877068374
1005006026911186
1005005867154199
1005005076083460
1005005259314924
1005005189821094
1005005183293072
32947642545
1005007387195572
1005006360144751
1005006723511209
1005004055039040
1005005687646910
4001242389526
1005006200191119
1005002541072362
1005005273668376
1005005425966107
32945277283
1005002518019438
1005006849060804
1005002306375213
1005006309047565
1005004025476663
32981976355
4000800260017
1005007392269590
1005006118108439
1005004055699922
1005005389987450
1005006017105873
1005006890484921
32921456574
1005007614627872
1005005802384205
1005006157911746
1005003671908223
1005003982040358
1005004032191217
1005006168813848
1005007443498368
1005005357672426
32933584999
1005005922960850
32921612186
1005006439115480
33027250611
1005004847628540
1005005409846404
1005006997240429
1005005398508373
1005001686749052
1005006160820165
1005006331088134
1005007189149690
1005003980730962
1005007588318793
1005004880405305
1005006043080300
1005006344734066
1005005195992976
32910421039
1005004300536657
1005005465673775
1005005267464072
1005002604247095
1005005981541910
1005004759507989
1005006051537113
4000280073506
1005002469667819
1005004240252752
1005004552950093
1005003693322772
1005005477469415
4000800682543
1005006231377716
1005003923985583
1005006566819079
1005004539788613
1005006062923672
4000284993316
1005001747931166
1005003671937060
4000286750130
1005003516494662
1005005276097830
1005007573963988
1005004759610218
1005005453951543
1005003447018732
1005006695369570
1005006861846719
1005002342355091
1005005949845966
1005007744681053
1005007785485334
1005007796156712
1005007476072138
1005007817516519
1005007704469295
1005007779532840
1005007781421186
1005006703200776
1005007817367496
1005007799989156
1005007799972130
1005007799686314
1005007798454811
1005007796493941
1005007771859576
1005007793663750
1005007514979810
1005007783341089
1005007782007075
1005007780535316
1005007779351950
1005007777894314
1005007776194210
1005004943065061
1005004926873330
1005005903003785
1005005232494118
1005005189494431
1005007764672614
1005007759962464
1005006926274915
1005003629860121
1005007723332879
1005007707221767
1005007691477528
1005007711178683
1005003082218651
1005007476107407
1005007708579367
1005007707776462
1005007597683731
1005005449572675
1005007255459673
1005006309965249
1005005084031378
1005006679711685
1005007173340491
1005007606155574
1005007532353550
1005006331060767
1005006752664205
1005006333791303
1005006374448765
1005006132177380
1005003435636973
1005006368965913
1005006770024047
1005003449237297
1005006328888293
1005006749957201
1005002462026964
1005006852223755
1005007530071988
1005006059494863
1005002406148017
1005003095799677
1005006093241883
1005005026882511
1005005992557673
1005005926191433
1005005133494274
1005006596322747
1005006592480363
1005005482955268
1005007446228380
1005002643907246
1005007552937716
1005007606250300
1005002726690419
1005006328856550
1005002717923589
1005007636159136
1005006835399880
1005006238911106
1005007296286907
4000417166928
1005007197203126
1005002625023629
1005002731746831
4000688732333
1005002677975753
1005007034784189
4000043783038
1005007205555564
1005007099075036
1005007657644274
1005004153747891
1005007459276176
1005007205511426
1005006344747267
1005007557698963
1005005413303264
1005004121468463
32826949265
1005006925982361
1005003016187232
1005002804199577
1005004998674589
1005005134251060
32837145771
1005006723756356
32827890029
1005006802618610
1005005075978441
1005007666726527
1005003751683996
1005005947603836
1005002286771921
1005007031465786
1005007034247813
1005006331035818
1005004998580877
1005007206758038
1005007164957197
1005004336256500
1005005967189362
1005004727650423
4000326670136
1005007467524112
32946429471
1005007189250666
1005007026292894
1005002185145831
10000202854387
1005004796707441
1005003931569258
1005006708072311
1005002803820837
1005005013655533
1005003529862343
1005007661455462
1005007825083911
1005007770733344
1005007813836686
1005007783352197
1005007794593319
1005007779488115
1005007792567272
1005007783145804
1005007766337749
1005007733074515
1005007725447887
1005007669277347
1005007710142594
1005007709963567
1005007703058381
1005007703082327
1005007703194048
1005007606202757
1005007302470113
1005007063615315
1005007209363413
1005007196692934
1005007565519121
1005005992549765
1005007446916178
1005007421343984
1005007437636481
1005007278784430
1005006453527915
1005007383572960
1005006808426613
1005006889732795
1005007262032475
1005007144965416
1005006783536433
1005006224921105
1005003508276645
1005006074835452
1005004839744494
1005006166528129
1005005599290276
1005006412631177
1005006892258706
1005005178929886
1005005555173532
1005005071608671
1005006440681837
1005004566305654
1005001875638695
1005006075287725
1005007261084379
1005006826143138
1005007084478743
1005007058996828
1005007004323709
1005007473200616
1005007461822255
1005007022122675
1005006787795634
1005007438830297
1005007530301081
1005007253136810
1005007423345971
1005006145608880
1005006095187737
1005006841756167
1005002326720955
1005007484932205
1005005307902897
1005006953233126
1005004153636861
1005004359438928
1005004584058070
1005006881681669
32867991046
1005006168384253
1005007428279359
1005005548941674
1005007595273310
1005006317362647
1005007109261287
1005004132434435
1005007587178854
1005007038097449
1005007634365294
1005007640206084
1005006785972610
1005006924828939
1005006542996975
1005007028644769
1005007501993908
1005007007789919
1005005078725364
1005006955315606
1005007059034551
1005007153664413
1005004937848378
1005007130610914
1005003800907462
1005005921461483
1005006830936685
1005005831310780
1005006968025457
1005007404935518
1005007521688871
1005007281835541
1005007243164062
1005007034665191
1005006974112737
1005007192876659
1005007538994853
1005007587627646
1005007188410122
1005006327225612
1005007109218096
1005006850522596
1005006250975170
1005007037355889
1005005649351837
1005007023773236
1005006996264741
1005007211481297
32911527739
1005007556826429
1005005429783220
1005007466646718
1005006975900260
1005007048119957
1005006200920710
1005007673971528
1005006840559825
1005007061345321
1005006700346899
1005006686181705
1005006783761240
1005005513741779
1005007683237088
1005007470138666
1005007192764406
1005007588859598
4000192505312
1005006905845396
1005006165449345
1005006865592349
1005006067706459
1005007034077157
1005006123547491
1005007674580429
1005006136318851
1005007546640133
1005006092491587
1005006123560769
1005007383725070
1005007464426452
1005002639099329
1005006601280488
1005005006274342
1005005837875645
1005006841692133
1005004765124805
1005006464423645
1005005388121963
1005006904801530
1005007066764183
1005005764672305
1005007032572067
4000467871296
1005004595061938
1005006876672528
1005005977425985
1005005355633562
1005006026790273
1005007184184974
1005005866623073
1005007604803516
1005007557362577
1005006200898428
1005006119881231
1005006119575832
1005006123587744
1005006120008280
1005007424531343
1005007352786181
1005006841617578
1005007066742262
1005002615778361
1005007223212868
1005006631611387
1005007094494703
1005007519738718
1005002336335329
1005002201165903
1005007026530042
1005004609890666
1005006166631307
1005006996091451
1005005066897478
1005007031365353
1005006543158379
1005007033893620
1005007349769389