1005006773831950
1005006497119733
1005004898418165
1005006271752141
1005005382488493
1005004331187717
1005006479966408
1005006497159578
1005007520335474
1005007495674132
1005007344954501
1005007070230368
1005007637233967
1005007792423165
1005006788589495
1005005440208317
1005007716800414
1005005439950970
1005007770473727
1005007422231173
1005004309305264
1005006882408537
1005007518161640
1005006465718797
1005007638097923
1005007603621110
1005007468281173
1005006968388383
1005007327851970
1005007460903658
1005006865533340
1005006794073203
1005007323047286
1005007236525554
1005006497327003
1005007236088914
1005007008922737
1005007206968116
1005007723884028
1005005667381844
1005007701603618
1005007715282422
1005007759030606
1005007718595207
1005007711394983
1005007162543315
1005007795208188
1005007620696613
1005007136834490
1005007536425416
1005006000239636
1005007553304323
1005007138128617
1005006723717497
1005007515194367
1005007432510265
1005007176251272
1005006834023696
1005006922026846
1005006471063346
1005007236567223
1005007731613087
1005007731072338
1005007236762745
1005007000817590
1005007709299813
1005007709518150
1005007711415920
1005007694091282
1005005732166129
1005006647093867
1005003245186798
1005007711638268
1005007264242384
1005007383946042
1005007711626310
1005006428384900
1005005906799707
1005007711720034
1005006788959807
1005007700747779
1005007008985484
1005007548410570
1005006996211400
1005007236611876
1005007711414942
1005007787185510
1005007739240865
1005007775444195
1005007733780278
1005007696073599
1005007696003661
1005007703104961
1005007734091496
1005007718543876
1005007709952646
1005007782771650
1005007710707910
1005007788330935
1005007780479347
1005007685724524
1005007726592368
1005007797648883
1005007797679703
1005007695273377
1005007789339898
1005007772174631
1005007794865755
1005007695136857
1005007768474414
1005007784476389
1005007771249493
1005007739480638
1005007753552885
1005007735273110
1005007718808398
1005007738719006
1005007697253461
1005007735041774
1005007737785441
1005007737867285
1005007732773055
1005007732695435
1005007771248704
1005007720609436
1005007455753362
1005007345651825
1005007553232659
1005005993090311
1005006492980060
1005007609305236
1005007582877957
1005007616153258
1005007630981525
1005007030217692
1005007113753853
1005006911306870
1005007712412800
1005007784584259
1005007689889466
1005007796406059
1005007796235487
1005007776335267
1005007732939993
1005007694332024
1005006045789287
1005007693966328
1005007758321998
1005007237057536
1005007711442906
1005007694068078
1005007642427790
1005007338039250
1005006716712252
1005007466522155
1005006888053402
1005007562399166
1005007487853042
1005007256497205
1005007763664513
1005007764356600
1005007236596662
1005006457470241
1005005921182232
1005007588086902
1005007614859811
1005007685683276
1005007756906807
1005006133714601
1005007703114340
1005007085724970
1005007694325047
1005006132058490
4001137676546
1005006755101548
1005007321916485
1005007711672161
1005007794329284
1005007781874095
1005007350966213
1005007523996900
1005007476057103
1005005722271706
1005007233877296
1005007618171330
1005007246283112
1005007792430724
1005007810579914
1005007811104003
1005007817077180
1005007808161837
1005007818367028
1005007814363844
1005007813770298
1005007812749613
1005007812865567
1005007602274124
1005007176053369
1005007540137659
1005007233440142
1005007292627121
1005006015137959
1005007023724773
1005007812480762
1005007812288927
1005007812597053
1005007809619198
1005007808008287
1005007808235783
1005007808193909
1005007808169388
1005007807533231
1005007807396648
1005007805822199
1005007805976463
1005007805011199
1005007804992332
1005007804811539
1005007804919202
1005007802783948
1005007801692202
1005007801699109
1005007800963413
1005007800902456
1005007661736282
1005007471646443
1005007350667949
1005007657642813
1005007621089877
1005007657145205
1005007620205083
1005007657113303
1005007602336881
1005007160941154
1005007618810625
1005007641562976
1005007394999034
1005007579890104
1005007526944442
1005007590281362
1005007414511591
1005007643958731
1005007657067410
1005007642463154
1005007659014511
1005007460187033
1005006953901542
1005007421756704
1005006998908939
1005007533921270
1005007455532869
1005007524116560
1005007421419386
1005007644609280
1005006848235425
1005006929473770
1005007026541724
1005007327111863
1005007641534150
1005007515300327
1005007277162108
1005006716517848
1005007251166560
1005007234435854
1005006947467429
1005006947881659
1005003292624431
1005007518508319
1005005380064777
1005007245072783
1005007620098253
1005007524932182
1005007309692899
1005007536603037
1005007431798765
1005007375062849
1005005773585623
1005007236791918
1005007537235400
1005007377304065
1005007236731809
1005007345442992
1005007553188778
1005007308072608
1005006876150413
1005007264536600
1005007665641216
1005007450419383
1005007113820779
1005006505230156
1005007461105239
1005007316666787
1005007648938589
1005007235961973
1005006246355566
1005006259257993
1005006354543026
1005007196919423
1005007160364757
1005007336594982
1005007008891474
1005004898393241
1005006215563217
1005003823525575
1005007053708662
1005005614255179
1005007734804403
1005007716116118
1005007021033975
1005005614177463
1005005614225337
1005007032683938
1005005614139697
1005005614277038
1005005614082901
1005005614134703
1005005614066815
33032086056
1005002136837952
1005005258252328
33033859391
1005002116537094
1005002116634218
33033843501
1005006593479812
1005007504833928
1005007504825927
1005007342382481
1005007437669015
1005007481168126
1005007445820130
1005007345235060
1005007758174149
32664268228
32725252159
1005007589097480
1005006980060290
1005007439357724
1005001918403141
1005007052545543
1005005220216822
1005006379214709
1005006277494146
4000382835961
1005005937125522
1005004202044188
1005006190390114
1005006981511008
1005006127646968
1005007607398820
1005007320444662
1005005482069378
1005005721153654
1005007580761467
1005003777002804
1005006439857880
1005006350160049
1005002625135126
1005006832227508
1005007553319913
1005001652040674
1005004988620086
1005006019052081
1005006188880053
1005006848864234
1005003890537805
1005003890588582
1005006388826722
1005005890797931
1005006134379202
1005007502082325
1005007436277347
1005006287797014
1005006425940852
1005006856239758
1005006350100256
1005006003060706
1005007512752055
1005007385558031
1005007439744522
1005007427669138
1005006243507230
1005007279514320
1005006960078952
1005006168538235
1005007457533134
1005007398735328
1005007127706352
1005002235783041
1005007438896686
1005006614009135
1005006350084518
1005006350045769
1005007622396104
1005007459370493
1005007100555121
1005006429508060
1005005914663657
1005007432195044
1005007489485892
1005005818868647
1005005643796968
32844814208
1005006525142254
1005006354036932
1005007553429863
1005007614638604
1005006102435751
1005005721254245
1005006284481926
1005003384417298
1005004176566928
1005007445917257
1005005136917466
1005004246442050
1005007553606331
1005007553561617
1005006980753759
1005007438763615
1005007427331714
1005002439715958
1005003282835199
1005004054948375
1005007319495980
1005007446076682
1005006014696232
1005007553645007
1005006163411858
1005005553166789
1005005880248877
1005006387870647
1005007202743601
1005007089073005
1005006883088397
1005007196668754
1005007499116180
1005005721133792
1005007553537739
1005007553521751
1005007427646163
1005006166494145
1005006610314737
1005006610189975
1005005954936710
4000837398192
1005007439271033
1005007553797332
1005005292652150
1005006935444556
1005007572536741
1005007224951441
1005007009732033
1005003961167838
1005006753265611
1005006175948407
1005006472688910
1005004054834078
1005007574573117
1005007052675294
1005006946522029
1005007730230544
1005003737137395
32979768670
1005006244482172
1005007108434649
1005007348603000
1005006849622622
1005006738695157
1005003739349762
1005006693266852
32818413238
1005004330744955
1005006220453481
1005007604369560
1005007205286426
1005006869628364
1005007359820884
1005007553524931
1005005560037806
1005005185649991
1005006102467635
1005007553627357
1005007257931465
1005003279633905
1005007785504229
1005007784814106
1005007751011875
1005007713486681
1005007676301552
1005007641803537
1005006523933354
1005007044116584
1005007751075480
1005006337525631
1005004258266802
1005007369920918
1005006467650835
1005007279819702
1005007734558096
1005007716322013