32831832700
32788248401
1005006117776814
32954627125
1005002897664647
1005004286971882
1005006040450244
1005001729742598
1005006762796196
1005005540994730
1005004136854754
1005004182522975
1005005478722860
1005005468984564
1005006047210405
1005002238209606
1005006075923036
1005003233227248
1005006632336313
1005002235543492
1005004851200077
1005002772519106
1005003984531849
32796491688
32794792904
32685235058
32683241191
1005004822253888
1005007635220210
1005006091698787
1005006521023610
1005007576282637
1005006858953516
1005007054045033
1005003384822102
1005005468521756
4000764432036
1005007482018445
1005004631166990
1005006793392652
1005004679842171
1005006794599886
1005006953539076
1005006684151357
1005004704582270
1005006186023893
1005006074746062
4000226255941
33041307810
4000931075108
1005007355725169
1005005638721273
33013222396
1005006813194831
1005006021350657
1005006292836468
32817987375
1005006113209955
1005005146766389
1005007157941100
1005003225935878
1005004813530469
1005006278679883
32978535872
1005007258961292
4000226307177
33030775870
1005005826432046
32910867366
32970116478
1005004084957157
1005003078429212
1005006683373837
1005002716988471
1005005644813690
1005007671844808
1005005693075033
1005007605505041
1005006134298308
1005006962694037
1005003796688384
1005004357765068
1005005398117975
1005003164970561
1005006120428784
4001281317150
32986085955
1005005540159917
1005001977368960
1005006640290544
1005006647552906
1005005396580587
1005007617757597
1005007664507315
1005006979403045
4000551348268
1005007354345955
1005005773894830
1005007192631440
1005005952915239
1005003558413730
32791943646
1005005977181372
1005007021645632
4000357006614
1005006540694268
1005007580099407
1005004573205850
1005004928490001
1005007186572414
1005004527950528
1005006434748829
1005007634740578
1005005477971276
1005006054919992
32983356422
1005002720783202
1005004599728994
1005006428456483
1005006117939188
1005004316176255
1005004211769638
1005003206460993
1005007797447438
1005004612475713
1005007720517764
1005007077044926
1005002670618525
1005006728235382
1005004813355876
1005007513197043
1005005459886712
4000222611509
4001365808583
1005006749073692
1005007339497648
1005005825967007
33059820335
1005007317122492
1005004008404539
1005004981148570
1005006997801052
32799217034
1005006316077835
1005007432528986
32955200519
1005003781112758
1005007403291179
1005007481826744
32703796508
1005007480915224
1005005492490813
1005004536904972
1005006870606166
1005005906252608
1005006059980477
1005007506562201
1005005422875082
32304938439
1005002545409225
1005005821180711
1005006081561163
32873726406
1005004905959747
1005006962522305
1005002430684466
1005002461098891
32718743536
1005006691304026
1005006031278961
1005006965738104
32870037601
1005007723954671
1005007723849939
1005007723833936
1005007732489138
1005007399980732
1005004795906846
1005007118156056
1005007703938312
1005007619530306
1005006723757599
1005007339308321
1005006394329564
1005005455848237
1005004387136020
32873075959
1005007340074167
1005007391689488
1005006718574923
1005002953907865
4000128689588
4000686665925
1005005693046147
1005006943655574
1005003268287974
1005004610473602
1005007244047368
1005003972880819
1005005492119361
1005005249309354
1005007752345588
1005007733959309
1005007732126241
1005007718056926
1005007703568703
1005007702056035
1005006090678252
1005006751757060
1005007340051180
1005007339994409
1005006280099733
1005007672712903
1005005435340177
1005006769875526
1005007339568553
1005005469275105
1005007338927864
1005004545207202
1005005692944560
1005005714890901
1005007783454899
1005006863409863
1005003291953904
1005007562926034
1005001321592725
1005006914228559
1005007609735291
1005001729909723
1005006185674358
1005005293437969
1005007021994196
1005006095238881
1005004565689568
1005006789684909
1005005710931061
1005007021726669
1005005364765490
1005004856908425
1005005877900821
1005003170835001
1005007339698455
1005007339910359
1005006880846022
1005007339051298
1005006788678900
1005007021503255
1005007593652387
32538749962
1005005916984948
1005001730025130
4000580513267
1005007005336299
1005004338504460
1005007335070681
1005006779416899
1005006172640809
1005005496756698
1005006337329899
1005007431952258
1005006264962911
1005002392033383
1005007591637873
4000583557990
1005007667388521
1005001729929662
1005007679026699
1005007339973125
1005007673056381
1005007339917022
1005006873608132
1005005484582968
1005006386957601
1005006332960412
1005006651543635
1005007046139750
1005007683883916
1005004533478048
1005004491979987
1005005249220776
1005004343578307
1005006073128811
1005004666207960
1005004548264020
1005004735245317
1005002148824449
1005002667530279
1005006172724198
1005007086050355
1005003758722623
1005006222979621
1005005944499660
1005004283974474
1005005716153434
1005007540072384
1005007339973311
1005007339675577
1005007339649578
1005007339943782
1005005473053057
1005006124608400
1005005773934260
1005006401387089
1005006243216135
1005007017163453
1005005217321906
1005005450960893
1005005028073458
1005007544326261
1005003899604637
1005005048800037
1005007582735006
1005006177545239
1005007100978185
1005005556074380
1005007501602894
1005007547817105
1005004534194485
1005006947965563
1005006914095117
1005007329530218
1005007340161098
1005007796395501
1005007339637870
1005003911236615
1005006773143992
1005006012912966
1005003429831670
1005004558729643
32966669284
1005007489231575
1005007123331349
1005006524499747
1005006985391028
1005004548115661
1005004701103085
1005005867332311
1005004533381149
1005004533215438
1005006221592224
1005006080623404
1005006996779739
1005006243271111
1005005614615735
1005001729808938
32966701130
1005004826449469
1005007822110945
1005007821092873
1005007821295446
1005005650747587
1005007813626847
1005007813753824
1005007806595966
1005007731971336
1005007732408315
1005007732890127
1005007740612894
1005007732089785
1005007732669513
1005007732087717
1005007740749709
1005007740884188
1005007732463138
1005007732357548
1005007732222924
1005007732290464
1005007732302378
1005007732369340
1005007732438110
1005007732333184
1005007732256279
1005007732296029
1005007732220158
1005007732125645
1005007731996742
1005007732208059
1005007732038444
1005007731921602
1005007731850970
1005007732113141
1005007731748648
1005007731880466
1005007731904334
1005007731757957
1005007731802548
1005007731813190
1005007731898327
1005007731865663
1005007731508883
1005007731656558
1005007731672428
1005007724013125
1005007819758383
1005007723923209
1005007731843831
1005007732376630
1005007732688261
1005007732807905
1005007732299851
1005007732408598
1005007732394520
1005007732435393
1005007732895333
1005007732627968
1005007732723402
1005007732766899
1005007732181896
1005007732108887
1005007732827542
1005007732803956
1005007732393626
1005007732677407
1005007732213726
1005007732606852
1005005557860067
1005006266180987
1005004937631295
1005005937947756
1005007054991018
1005007657482402
32873731969
4000050214476
1005004462369907
4000359607253
1005002940504726
32622349099
32811441249
1005001413806363
32842347526
1005001813676702
1005001425389665
1005001424534537
1005007720937501
1005003731980796
4001148388621
1005001595033812
1005006325864802
1005004055181335
1005007505610038
4001058854212
1005001861250177
1005007648279342
1005002958445499
1005007226712327
32810542487
1005006449247375
32669385492
1005006583700909
1005007136322737
4000571829866
1005004670520571
1005007442338716
1005007518639647
1005006848089476
32957585816
1005003124061140
1005005314348881
1005003790837958
1005006250301498
1005006973679430
1005006408014619
1005006685435520
1005007257515412
1005005489892052
1005006918531586
4000198439632
1005004329671325
1005002921006954
1005002224997886
1005006247245922
1005007293581077
1005007505409209
1005006109265387
1005001678489442
1005007015593632
1005003259655452
1005004666379453
1005001418098913
1005007339255291
1005005562295798
1005005648726466
1005004981259870
1005005764022640
1005003472706248
1005007177826893
1005006463753197
32273595628
4000035574274
4000808977351
4000274001544
33020363282
1005006509435214
1005007015514125
1005005674997279
1005001927917814
1005004989203355
1005005789787344
1005003778560795
1005007287315917