1005006440469027
4001078072814
4001052094502
1005006381724483
1005006855054537
32880992792
1005006365520211
1005007088576155
1005007279545421
1005007176644992
1005007039919756
1005006365461491
1005007464580056
1005006367615023
1005007088076862
1005007347039374
1005002612331684
1005007267002184
1005007678617470
1005006811739803
1005007678794046
1005006211599538
1005005913037821
1005007329372539
1005006909560205
1005005875446170
1005007504380659
1005007279802460
1005006723348855
1005006917477074
1005006953115310
1005006140562673
1005006364279465
1005004838280088
1005007268033164
1005005997892143
1005007147044182
1005005988042716
1005007509181307
1005007353979545
1005004600236923
1005005810096590
4001066936976
1005006364272544
1005007431159930
1005006366142015
1005007387183626
1005007400738924
1005007395056118
1005006952486728
1005007576637035
1005004807132905
1005007002062698
1005006885420338
1005006433873122
1005006896675852
1005006198473382
1005007360194605
1005007393660693
1005007500644183
1005006718480201
1005007463909681
1005007349097964
1005007509262122
1005006352242931
1005007291406688
1005004600337147
1005007656818702
1005007392435045
1005007444263745
1005006976286804
1005005954869767
1005007269202065
1005007307086670
1005006722888125
1005007125213598
1005007402789355
1005007288234203
1005006015662676
1005006074408569
1005006304305326
1005007133095638
1005007288336312
1005007681890713
1005007682116410
1005007682274413
1005007682074761
1005007288455117
1005005988218296
1005007412666431
1005007218875170
1005007458462250
1005005904572370
1005007130430443
1005007520528103
1005004838248023
1005005746900856
1005007266304667
1005007266346835
1005005978538355
1005006877487421
1005006743584889
1005007375406378
1005007220920207
1005007349282317
1005007631589311
1005007682457138
1005007682867356
1005007682798519
1005006764143046
1005007403085049
1005007349150562
1005006189473021
1005005769482761
1005006987534277
1005006875105921
1005007636893049
1005007269094251
1005007266495441
1005007266647002
1005006772574593
1005007518364082
1005007218604739
1005007466278062
1005006407945998
1005007218797746
1005005754517823
1005007518445458
1005006390344363
1005007163977922
1005006981438338
1005007218702254
1005007529975535
1005007059836949
1005007266377875
1005006913288177
1005007527521213
1005007460957188
1005007269149410
1005007139349441
1005007555140784
1005007330102266
1005007607058833
1005006948483425
1005007534401720
1005007458089361
1005007603084449
1005006533456742
1005007386176165
1005006233637993
1005007488874930
1005007034427813
1005006921311699
1005007182913195
1005006715638501
1005007182665306
1005007218936186
1005007544860396
1005007454644422
1005007607507120
1005007551899263
1005004781490677
1005007267054592
1005006389469802
1005006034932413
1005007302949928
1005002849335924
1005007821747841
1005007822179116
1005007716049601
1005007721337699
1005007694008658
1005007714480756
1005007714763370
1005007759304838
1005007762877829
1005007734046020
1005007807765395
1005007726859759
1005007790165417
1005007790278074
1005007758839572
1005007758713573
1005007758869455
1005007779684838
1005007759860478
1005007759759733
1005007759962572
1005007701825662
1005007701525905
1005007625672845
1005007730028911
1005007730097224
1005005476753166
1005005481395408
1005007709422923
1005006868449703
1005006454590496
1005007594641483
1005007624079820
1005006773432700
1005007532196666
1005007594695339
1005007172949680
1005007423637291
1005006868641916
1005007499441980
1005007530498854
1005007131032504
1005007094266069
1005007628345282
1005007074896256
1005007218430945
1005006695185517
1005007164346396
1005006695201411
1005007218947145
1005007587336255
1005007574765619
1005006715702514
1005006695273350
1005006715641600
1005007111360742
1005007548540051
1005007111639360
1005007164326484
1005007013272206
1005007173386421
1005007111430677
1005004776263048
1005007218363539
1005006773381772
1005007164187640
1005006471527938
1005006195219070
1005005321105984
1005006750543378
1005005467598452
1005004895415668
1005005089535285
1005005388592254
1005006685819696
1005006653155982
1005006861989048
1005005969684038
1005005749836008
1005005281334210
1005006384720477
1005006795393291
1005004496686721
1005005807005931
1005006059895265
4001039213709
1005005944293820
1005003173011738
1005007259393597
1005004170421183
1005007258501485
1005006108682456
1005005094896845
1005006195585095
1005006305764766
1005006036893313
1005003506471707
1005004631584334
1005004593041270
1005005506836922
1005004273341123
1005005844013554
1005005792979255
1005006118247899
1005005857983753
1005006733447741
1005007449321601
1005005855319117
1005005773765667
1005002055349033
1005006310531229
1005007025756696
1005007227688827
1005005589490211
1005006107853146
1005005834265097
32895481849
1005007202754409
1005004428080858
1005006179564876
1005004043281049
1005007002207368
1005006128350659
1005005919835906
1005005806246664
32966511157
1005004432247945
1005006172188698
1005005363960556
1005007250976719
1005005936976446
1005004227677633
1005006660384083
1005004958780953
1005003012591522
4000249408439
1005002055931033
1005006994028900
1005003911541749
1005002476108180
1005005175184457
1005007447805114
1005006131862887
1005006119196395
1005005982045815
1005006440767153
1005006142033515
1005006232568163
1005006118300583
1005004971414880
1005004766565978
1005006153586165
1005007199543475
1005005874367542
1005007273201061
1005005088560015
1005004971014810
1005005537735503
1005005901122542
1005005109772173
1005003309257657
1005007225142420
1005003117043686
1005006336843720
1005007260139240
1005005909076512
1005006131937179
1005006020596094
1005007245866919
1005006614906588
33003968479
1005003499902152
1005006084152536
1005007552942129
1005005497540297
1005005475883922
1005005866951992
1005007492976001
32878800042
1005006477035162
1005006962853696
1005006049838364
1005005339329625
1005006800387192
1005006331344442
1005006071236690
1005001425094120
1005005529758746
1005006325056775
1005005710541289
1005005679546966
1005004533409005
1005005894500257
1005005393009594
1005005863532613
1005005782629120
1005006111235843
1005005592475963
1005005349757440
1005006009213933
1005006794635162
1005007255434889
1005006107364566
1005004347300918
1005005721830275
1005007396552995
1005007255576790
1005007433668433
1005007144879404
1005004724857034
1005007472239980
1005007083425301
1005007553172582
33024571736
1005006851434197
1005005932535379
1005006147873118
1005005886077978
1005007001330622
1005003385882732
1005007595249347
1005007255543869
1005005680884840
1005003473566105
1005006658755743
1005007339204885
1005005997751455
1005006135668001
1005007186834496
1005005133726658
1005006049879738
1005006389364017
1005005110326980
1005005880237140
1005005599545247
32930772741
1005007359626260
1005005969723501
1005002777035211
1005007485199441
1005005657792049
1005006200117080
1005005753645156
1005006856866492
1005006443323693
1005001458939019
1005005721499830
1005007286572890
1005003057524799
1005006456966625
1005004836113625
1005005937747862
1005006023071286
1005007234437560
1005007282727934
1005006322132088
1005005885560575
1005004000242681
1005007309576112
1005005910786807
1005005839390443
1005006967219188
1005007533017341
1005005893998204
1005006858939867
1005006825919674
1005007001272165
1005002481275341
1005006787616216
1005006864280994
1005006767146603
1005005137497285
1005006756272981
1005005970489186
1005004934780824
1005004144727159
1005007009986566
1005003421859061
1005006071586329
1005006881472909
4000777015050
33001205731
32877008238
1005003241574166
1005007309029652
1005003345923365
1005005896559307
1005006383024338
1005007081116429
1005002756050817
1005004047330281
1005005944640218
1005006113667747
4000072151226
1005004825272939
1005007259966381
1005004527936702
32976898730
1005004803296939
33035236260
1005006037748506
1005006900669330
32948161391
1005003166697681
33032155833
1005007512224089
1005004881960213
1005003433148642
1005007297319080
1005005806445062
1005007486979324
1005005600619307
1005007094990703
1005006749676809
1005002657645025
1005006334541171
1005006269490043
1005006048052223
32913110658
1005004270543824
1005006053909568
1005005839525667
1005006773601503
1005007047559862
1005007470464260
1005005938071321
1005005720220264
1005005829340430
1005005916638579
10000358053602
1005006891609789
32972118475
1005007293161523