1005007561105083
1005007588573833
1005007542633135
1005007282298418
1005007376734499
1005007588547976
1005007542351984
1005006949537869
1005007562602183
1005007562567182
1005007588747012
1005007379711439
1005007562689039
1005007588787414
1005007379653834
1005007614451468
1005007562420519
1005007620223741
1005007306899238
1005007542149945
1005007306788815
1005006997454596
1005007199796852
1005007199772899
1005007269838355
1005007164375660
1005007255698885
1005007164712583
1005007164762523
1005007274076643
1005007309193992
1005007295911092
1005006918936660
1005007355554412
1005007309354767
1005007307525668
1005007395550914
1005007269458076
1005006979419731
1005007269500332
1005007181023298
1005007163582092
1005007256816729
1005007382275288
1005007588667207
1005007354019925
1005007443231882
1005007164664324
1005007236265894
1005007542582200
1005007269759929
1005007562479314
1005007380597954
1005007542306263
1005007585097316
1005007542192452
1005007542625012
1005007172246720
1005007588470924
1005007377139371
1005007163475248
1005007588543723
1005007588168860
1005007588489900
1005007164262763
1005007562665004
1005007588419828
1005007434940407
1005007379853105
1005007588363523
1005007379892057
1005007305863492
1005007379263581
1005007585357696
1005007255754661
1005007305851899
1005007380578988
1005007562265830
1005007560956673
1005007562435371
1005007269811589
1005007608956250
1005007434731741
1005007657570341
1005007542384802
1005007608875818
1005007542592273
1005007284097657
1005007562347912
1005007377155218
1005007560852992
1005007542647058
1005007542613128
1005007542686407
1005007562422289
1005007562668058
1005007562290991
1005007544025822
1005007542542253
1005007562306969
1005007542409763
1005006261028715
1005007031938977
1005005858583352
1005006340563946
1005004123021946
1005004908505497
1005007176503457
1005006788525984
1005006781411211
1005004945469661
1005007085250496
1005003723300921
1005005865263019
1005003998571362
1005005877062626
1005006796886357
1005006282152685
1005004701986908
1005006463854982
1005006294758718
1005005772577949
1005006760345998
1005006161924758
1005005775413191
1005005615878528
1005006155278790
1005005376371200
1005006430899298
1005005560749475
1005005687127076
1005006827697928
1005007089311426
1005003547585997
1005007227121529
1005005579629547
4000773702125
1005005042151976
1005005147319664
4000189485101
1005006121370645
1005006821263208
1005006326497608
1005006318180576
1005006340643294
1005004009511177
1005005538790564
1005005034337331
1005004217843961
4000824933630
1005005377199348
1005007392289661
1005004752371764
1005004693036897
1005006169666346
1005007539108143
1005006196430864
1005007601682147
1005006395371297
1005007017287788
1005006417153849
1005007621319901
1005007472457287
1005007507508079
1005006441957504
1005006161775710
1005006713462140
1005007628805075
1005006548938170
1005004689286628
1005006974957251
1005006861562719
1005007124843667
1005006820712040
1005006827954513
1005006997511438
1005006856135809
1005006796966068
1005006989620803
1005006925253574
1005006138083855
1005007335084085
1005006853716888
1005006756296525
1005006998345461
1005007008732660
1005006882920907
1005006628146239
1005006883112127
1005006981097249
1005007451946903
1005006987810630
1005006180564694
1005006788935413
1005006870048414
32962143963
1005006849695698
1005006989598502
1005007066249821
1005006848875133
1005007561838913
1005007095676634
1005007030501869
1005004491662412
1005007537526598
1005007586113644
1005007032979889
1005007046823562
1005006865180423
1005006962561884
1005005117420317
1005006699033176
1005005565497730
1005002519897948
1005006849701859
1005006475792132
1005007440209708
1005006793254313
1005007014170278
1005007288314034
1005006290204743
1005006390964145
1005007106707921
1005007129514414
1005005486261199
1005007128543647
1005007016403755
1005005802205061
1005006997268484
1005007112609102
1005007352500591
1005001462429690
1005007000492667
1005005886046721
4000748210360
1005006318295047
1005007083167894
1005006806796457
1005006122721487
1005007124696885
1005007089723463
1005007001261339
1005002378899802
1005007089636780
1005006973946381
1005006362006494
1005006788800806
1005006034803275
1005006825466115
1005006808342829
1005006294064645
1005006972957616
1005007556971742
1005004443621056
1005005626267461
1005005568097973
1005003500841225
1005005489302357
1005006889850272
4000895881895
1005007014521960
1005004778981528
1005006918649374
4000966522934
1005006870440916
1005006813252264
1005006827964136
1005006981834453
1005006849736672
1005006980705987
1005006819103916
1005007547068119
1005007217175806
1005006989082344
1005006853716420
1005006176620073
1005006954606645
1005007054689238
1005006976205469
1005006827793051
1005006122717699
1005007605536588
1005006826752968
1005006848812215
1005006940894152
1005006822355586
1005007040001827
1005007294554176
1005007540705135
1005006807568964
1005004961356019
1005007500621649
1005006844689691
1005006856270171
1005002428417065
1005002365613756
1005007464607053
1005005861096117
1005004783563360
1005006259112834
1005007487508760
1005007579680910
1005006797487036
1005007016386174
1005006849789926
1005007060607748
1005006815188374
1005007208696302
32966822784
1005005873517738
1005006350501591
1005007103531292
1005001690694737
1005004865299221
1005006266958690
10000004349149
1005007434264005
1005006292514199
1005007084469276
1005007047263923
1005005858508010
1005006815720054
1005007608605542
1005006132858409
1005006281591022
1005002805144866
1005003035842694
1005003500755719
1005007081146085
1005007315735855
1005006340589699
1005006484032736
1005006947583487
1005007536816512
1005005121087958
32946242645
1005005080927121
1005003136123375
33015426708
4000211203543
1005004594616735
1005006866357393
1005006825150217
1005006825069697
1005006883823086
1005006883288510
1005007016065262
1005006998874468
1005007023017082
1005006815138279
1005006809395861
1005007330818249
1005007330785191
1005007010672199
1005007059966351
1005007053587929
1005007047433263
1005007047620717
1005006848939009
1005006833076763
1005006844266508
1005006855840146
1005006820621704
1005006814748508
1005006794921282
1005006793455087
1005006927819274
1005006948164272
1005006990228310
32903554432
1005006285449692
1005006287543019
1005006293303929
1005006282066351
1005005845037205
1005006605312623
1005007447196019
1005007450763609
1005006975728536
1005006470859005
1005007031420196
1005007587548860
4000258421816
4000553844233
1005006331874113
1005007017889289
1005007125490769
1005007382454262
1005007593545521
1005007520162016
1005007076299712
1005007136806821
1005007089491405
1005007322064454
4001231862373
1005007335133836
1005006399375252
1005006798180321
1005006809177347
1005006298039175
1005007131274147
1005006495667426
1005006759572727
1005005499584197
32910403134
1005005245297098
1005007031473261
1005007335575424
1005006995480290
1005006070138328
1005002547010740
1005006991139020
1005005769035902
1005006924058039
1005006826833288
4000102291203
1005007333626909
1005007116878165
1005003878259080
1005006310168743
1005007622594632
1005005492993760
1005007220653370
1005007096146057
1005006845574526
1005006856055888
1005006894210513
1005007499286821
1005004051766763
32972735017
1005006831570373
1005004069119596
1005007002743005
1005007074490057
1005006349600331
1005001281078884
1005005870735536
33004370350
1005006159644858
1005005905916975
1005005708608545
1005007264881122
1005004603138633
1005006843271556
1005006819364249
1005007331664229
1005006793956506
1005005279029801
1005006987664452
1005007021818685
1005006991978545
1005006122737579
1005006981848372
1005006858645987
1005007010645911
1005007634301501
1005005419680672
1005006250177048
1005006824812261
1005007016158853
1005007045828651
1005007009796286
1005005283966472
1005006973738322
1005005955508650
1005006895012933
1005006809001846
1005007330221234
1005007124140973
1005006794784840
1005007092243918
1005006831470328
1005006820181512
1005007083169113
1005006897639235
1005005998125205
1005006942970220
1005007238434163
1005007500759200
1005007066718041
1005003621405047
1005006449530921
1005007300028811
1005007047672193
1005007533049907
1005006896008285
1005006955770991
1005006826065926
1005007017160715
1005006996729977
1005007331481898
1005007034281293
1005004389390782
1005001493597780
1005007330201716
32968183293
1005006301021547
1005004574260695
1005007404568679
1005006294230259