1005007463947628
1005007462754913
1005007468351580
1005007468025078
1005007339019936
1005007340401780
1005003742407733
1005003600311825
1005006748736144
1005005892458872
1005005165099749
1005005908663907
1005005912091172
1005005669292206
1005005550209408
1005005680796840
1005005844465245
1005005761331509
1005005309427555
1005006360907543
1005005843851922
1005006096803932
1005005843463971
1005006658931274
1005006626784166
1005006209276872
1005005979856142
1005006162861008
1005006652160190
1005006652098080
1005006651796768
1005005632866352
1005006621318885
1005006621017606
1005005792942740
1005006612412259
1005007166893334
1005005946926263
1005007131054050
1005005896212274
1005006061988764
1005006589016925
1005003200016306
1005004399509911
1005006187873254
1005005950401369
1005006276738976
1005003205183433
1005006278983175
1005006276228908
1005005939396217
1005005589227343
1005006279184254
1005007084992843
1005007457803491
1005007457231843
1005007457113604
1005007442548699
1005006473506067
1005007417785413
1005007050342832
1005005813804952
1005005730517513
1005005690553188
1005005761720103
1005005974941210
1005006162783412
1005006162722559
1005006613447101
1005006612971111
1005006611777995
1005006055073895
1005005896611105
1005005896632218
1005005985828510
1005006018014786
1005006054388568
1005006018861899
1005005908738759
1005005822127890
1005006378297433
1005005906099312
1005005643759881
1005006273565968
1005005067123803
1005006078974865
1005006166053987
1005005902453036
1005005851875507
1005004723072039
1005005606046515
1005005871520308
1005005677641166
1005005871922928
1005005357159126
1005005861403040
1005005786707954
1005005900408532
1005005844043255
1005006236255683
1005005368829508
32954092133
1005006173232769
1005006692546253
1005007176439412
1005007457026979
1005007438721646
1005007439579006
1005007195385018
1005007271686728
1005007336090060
1005007339955676
1005007335176173
1005007281767442
1005005908857422
1005006372481333
1005006372352664
1005005884799671
1005005691397796
1005005958234075
1005005687510489
1005006673312025
1005006016626985
1005006353285582
1005005872597080
1005005975594142
1005005725250780
1005005627348505
1005006364552265
1005006070311167
1005006372821749
1005005895953546
1005005849679925
1005006490429012
1005006378272591
32953417586
1005005576353854
1005006734211280
1005006185013344
1005002278069459
1005007184516307
1005002334469184
1005005039044544
1005007335745556
1005007341271627
1005007341208932
1005007341154188
1005007341911480
1005007342193189
1005007341771763
1005007346412755
1005005947142707
1005005931584998
1005005971851566
1005007284682598
1005007277944530
1005007262241489
1005007264383280
1005007247541577
1005007188729653
1005007189305212
1005007257486210
1005007232300425
1005007247757612
1005007193105124
1005007257782073
1005007232740217
1005007239125459
1005007239257441
1005007197105230
1005007197462651
1005007184408643
1005007177847688
1005007178023030
1005007176811495
1005007175249795
1005007094045239
1005007085158013
1005007096560629
1005007094848042
1005007094762603
1005007078409114
1005007047747613
1005007060275019
1005007061222247
1005007061127931
1005007066991465
1005007067283439
1005007071408634
1005007075800989
1005007074005388
1005006286014540
1005005885003355
1005005884956653
1005005079347049
1005006381276243
1005006362697775
1005006306203461
1005006371058750
1005006327286178
1005006232021933
1005005968269593
1005005655425752
1005006059755194
1005006074596609
1005005957886402
1005006069602572
1005005678039087
1005006371988806
1005006278469181
1005005916244615
1005005978532800
1005006323565148
1005006217469270
1005006162163693
1005005948829012
1005006005089440
1005006025652705
1005006266356051
1005006042454312
1005006035131326
1005006035545436
1005005945425892
1005006310549460
1005005973453888
1005006038900121
1005005838821338
1005005992508327
1005005909264781
1005006310520264
1005006363205838
1005005940806982
1005005627361191
1005006280684413
1005005930510787
1005006290377649
1005005975180119
1005006006949005
1005005950626412
1005005972862012
1005006151724558
1005005971657435
1005005866751924
1005005778199845
1005005738933077
1005003004843078
1005006198944638
1005007002058987
1005007225899962
1005007354903407
1005005861437845
1005006902501913
1005007167237746
1005007059181586
1005006000723342
1005004282745710
1005005130967220
1005005815536793
1005005130920173
1005003192537833
1005007175839761
1005007227031083
32830389048
1005005546878720
1005007307555975
1005007258925421
1005005761191141
1005006832284104
1005005204052733
1005007002110251
1005007225169257
1005005415908021
33036460837
1005006996738854
1005005204247162
32802594370
1005003973008644
1005006876613490
4000022217626
1005006915650539
1005007227196232
1005005130956866
1005001287932107
1005006168700913
1005007103097658
1005007029917500
1005007226848234
1005007053047849
1005007074708312
1005005174754841
1005002265134104
1005005910139570
1005005718663847
1005005712558529
32796467440
1005006781169344
1005004881979018
1005006143707121
1005006529720404
1005001854273080
1005005954032427
1005007053683910
1005006924694036
1005006877099771
1005006946115886
1005007000726358
1005007128747590
1005006075385381
1005006078018018
1005007300070369
1005006199036821
1005006582080607
1005007197568349
1005006877219802
1005004882280735
1005006877011055
1005005578210410
32879960621
1005007030619689
1005005904075409
1005006385211572
1005006208380952
1005003890939734
1005006782171332
1005006472091347
1005006143269703
1005005763290299
1005002298531465
1005005878322722
1005004254441243
1005005500746215
1005005361480399
1005007449027484
1005006366336053
4000084830434
1005001894801027
1005005562061608
1005002876889059
32861482257
1005004072859342
1005005252799397
1005003625576742
1005005583159350
1005004799000092
32918666805
1005004822921888
1005001704534630
1005001810250032
33003607134
4000947624578
1005004984879437
1005001877883961
4000720222595
1005004912370942
1005003223769653
1005004504634687
1005001429763489
1005003924677929
1005003678874409
1005005180445289
1005003086549615
1005003441104467
4000421194789
1005004853114555
1005005046215209
1005003087040871
1005004367973629
1005001456314213
1005004726873664
4000274227256
33006528255
1005005309959625
1005003773234260
1005002024030149
33028370636
1005005273446937
1005004608270569
32871929208
4000121780994
32897337710
1005005500524171
1005002917213492
32607271927
32957754315
32813739818
1005002721559047
32953626652
1005004399572241
1005004249227539
1005003135051265
33024753466
1005003141289736
1005005496479861
32922812191
1005002548747061
4001187136392
32642893700
1005003045557358
1005005533010826
1005003020591542
1005002287119254
4000130715305
1005001628347177
1005002964405868
32641522806
1005004071538149
32851089059
1005005201639598
32871274116
32629837919
1005003754917404
1005005468394348
1005003146109351
32984939653
1005003435391061
4000396456902
1005003983024207
1005003995823293
32973093639
32920081328
4000182487816
1005003754508207
1005003104240172
32643264114
33005985427
1005003085619916
1005003923050678
1005004850954098
1005002489396779
4000121786781
1005001687813800
1005002522605379
1005006146850292
32840135612
1005006343189080
4000979589435
1005003915063921
4000979414249
1005006050476513
4000994579377
1005005530365151
1005002483529898
1005005073144094
1005007103941723
1005005450808650
1005007035463222
1005004687126141
1005006758565897
33030709811
1005005476293508
1005007048111122
4000258676465
1005006788684544
1005001666809075
1005005083953865
1005006763088448
32838954231
1005005103048252
4000993916830
1005005084033771
1005006859893914
1005005146001231
1005006861832929
32839010670
1005007355389798
32973490032
1005006705736967
1005003101246063
1005006604220157
1005006327020115
1005007478919641
1005006720912729
1005006417214222
32779511431
32780862291
1005006642697278
1005007060835069
1005006095311859
1005006002615059
1005006530631473
1005005625259456
1005004528576868
1005006194772225
1005006886385881
1005005086450165
1005006269118345
1005002426011299
1005005969559229
1005007267010711
1005005562837284
1005006564887946
1005005697995016
1005001802362271
1005007212188419
32974699187
1005007076655384
1005004774633766
32838879327
1005006193593804
1005007130574195