1005007383975010
1005006666378871
1005006666689096
1005007665938802
1005006666229304
1005006637305693
1005005893040636
1005004052494058
1005006740816804
1005006741416063
1005007239931932
1005005972500557
1005007235315503
1005007626813394
1005006913418821
1005005950475598
1005007455726085
1005006875899054
1005007620659523
1005005775613025
1005007076371128
1005007294202102
1005006114360740
1005007394239159
1005005297267549
1005005814970992
1005005977876908
1005006754143422
1005006980393947
1005006723553957
1005007039229276
1005007015341451
1005005066359962
1005005849680845
1005007584968084
1005006728714884
4000333863644
1005006195054390
1005005975045290
1005007420452572
1005007328786869
1005006728020335
1005007572943828
1005006480337005
1005007358776047
1005007004737247
1005007639956995
1005004030973965
1005006861054356
1005004085451625
1005005557011489
1005007235069525
1005005788036315
1005003750299222
1005004387501967
4000057953125
1005004561037850
1005007076874429
1005007628459919
1005006741140775
1005006741009333
1005006740947085
1005007014957771
1005007136067874
1005004944550771
1005006749816878
1005004090549469
1005006105419213
1005006928712214
1005007091622691
4000085746219
1005004399959610
1005007441195092
1005006187535701
1005007616375615
1005006637362676
1005006465393195
1005007674914345
1005007675826984
1005007676980478
1005007631745566
4001114420760
1005005398449357
1005007477833846
1005007467607254
1005007039134378
1005007015596059
1005007275654560
1005004297362872
1005006847227477
1005005906946591
1005007460275131
1005007636238596
1005007142457129
1005007133913695
1005007302384569
1005006728952043
1005007533601830
1005007495136174
1005006649736852
1005006741289272
1005006487248161
1005006740764328
1005007015044672
1005007533850644
1005007651757550
1005003173594324
1005006054117288
1005004566245022
1005006855038349
1005005335433941
1005007311865278
4000167466634
1005005875188800
1005006239497016
1005007646870528
1005006013006491
1005007289320302
1005007534061473
1005007646459664
1005006297969772
1005005981834332
1005006744916289
1005007568970536
1005004045348970
32963653215
1005004891899348
1005005167182726
1005005996242866
1005006644122364
1005006740628972
1005005604021343
1005006332980412
1005006862684136
1005006951951363
1005006338499511
1005006650628385
1005005787978730
1005005986691390
1005002330499815
1005005449886693
1005007176006066
1005006473246167
1005007287429003
1005007108968423
1005006637655393
1005006480171402
1005006856818353
1005006761589832
1005004937475943
1005006297887933
1005006740730687
1005006169733150
1005007284893327
1005007523216090
1005005590186957
1005006385632725
1005004239779233
1005006848341381
1005007062555980
1005007493338837
1005007494307087
1005007528330320
1005007523761619
1005004085527335
1005007303104022
1005006870924867
1005006740919059
1005006857423725
1005007323113460
1005006542067966
1005007672533227
1005007657481875
1005007657632554
1005007240588441
32983503267
1005007533619297
1005004510733156
1005007190744176
1005007072615882
1005006740937263
1005006740887563
1005006729409947
1005007677869912
1005007657644388
1005007657561642
1005004115625576
1005007637923738
1005007465605987
1005007676264917
1005007661505990
1005007676045864
1005006690685085
1005005930491183
1005007107676301
1005007442653509
1005003167353195
1005005571146480
1005007560976521
1005002033624576
1005007099217261
1005005297091761
1005007676648147
1005007676440060
1005007418449066
1005005084794847
1005007676122681
1005007676728004
1005005439929121
1005006810230852
1005007267372600
1005005163673231
1005006284194475
1005004328100997
1005007380620128
1005007323749820
1005007467318799
1005007533817889
1005005979871983
1005007567772755
1005007619184619
1005006729537503
1005006740646970
1005007547399174
1005006614571255
1005006222475154
1005007239022170
1005006821606634
1005005671216810
1005003389120568
1005006780515010
1005007026188290
1005007099307542
1005002360036430
1005006749387108
1005007522217036
1005007324614845
1005007616402650
1005007436338298
1005006740854068
1005006807664083
1005007661121997
1005007661730347
1005007630486036
1005005576863729
1005004052372601
1005001848400358
1005002032257037
1005006683364593
1005005958619724
1005007308878378
737338087
1005002032198541
32534887889
1005002034042119
1005007637554869
1005007310060721
1005007644319741
1005007437643589
1005007310115433
1005001355955685
1005007823444566
1005007824859951
1005007823650673
1005007729576335
1005007824352811
1005007824332891
1005007701429444
1005007818873432
1005007819036030
1005007818928192
1005007818455382
1005007818544674
1005007818779210
1005007817684981
1005007555129438
1005007335020726
1005007275532803
1005007496274762
1005007615460647
1005007063816977
1005007308797367
1005007309976299
762257917
32445102828
1005007660118132
1005007661159788
1005007661562870
1005007815924528
1005007748028399
1005007747911825
1005007811916689
1005007810752255
1005007810589114
1005007809632669
1005007804984592
1005007748143146
1005007784307367
1005007801980961
1005007802427934
1005007802331487
1005007800958805
1005007793351108
1005007784156781
1005007784410122
1005007785108789
1005007772969447
1005007772784011
1005007772400351
1005007771992943
1005007770863813
1005007770059292
1005007768501518
1005007427166238
1005007216916978
1005007302942120
1005006633737903
1005007519583751
1005007281543226
1005007290029053
4000298518517
1005007630256739
1005006546463380
1005007653328204
1005007621064977
1005007426911770
1005007703839977
1005007703868685
1005007703722523
1005007753289559
1005007758009516
1005007691930634
1005007750221137
1005007751631232
1005007751618295
1005007427402625
1005007703968384
1005007703902657
1005007691180949
1005007752720019
1005007752836078
1005007752826222
1005007752661694
1005007752509209
1005007753116035
1005007753601502
1005007751688269
1005007750047562
1005007749842857
1005007745676242
1005007745974452
1005007745984358
1005007745866956
1005007746008194
1005007709350815
1005007709677221
1005007709956195
1005007738578159
1005007738545571
1005007738517607
1005007738491663
1005007733362124
1005007733966105
1005007732556146
1005007732985371
1005007597721940
1005007561572748
1005006895960420
1005006629079356
1005006722626244
1005006042269436
1005006353687316
1005006493105118
1005006444179136
1005006498253051
1005006115230139
1005007238969694
1005003909616514
1005006911188311
1005004072572481
1005006877712958
1005006461050579
1005005781311502
1005002077934930
1005006480092218
1005005967172840
1005006516307486
1005006884240485
1005003096840022
32473688582
1005006947462202
1005003722308739
1005006947371547
1005006494784915
1005004459037066
1005003722327677
1005006495031023
1005002690153932
1005003722461042
1005006494873710
1005006494923623
1005006494336911
1005006494816841
1005006422847300
32972836734
1005006262310396
1005007178325216
1005005770072097
1005006539197765
1005004497004891
4000521411710
1005003737524009
33010535271
1005003183338182
1005006885244645
32807987535
1005007266277813
1005007468465600
1005003740102491
32737253728
1005007464892999
1005003740196287
32673835257
32805898390
1005006281408907
32805390761
1005007465142485
32473704210
32472171621
1005007615490403
1005003722283395
1005004684683616
1005007378110467
1005006011136466
1005003041847966
1005006281550379
1005007300073818
1005006281522361
1005007724465217
1005007461325930
1005007721571524
1005007390945173
1005007590416057
1005007519426353
1005007425683192
1005005278598364
1005007010586669
1005007480072663
1005007724122181
1005007784947258
1005004301751669
1005007506391677
1005007568422783
1005007641112534
1005005121485884
1005007815493610
1005007804270691
1005007168309378
1005007740897658
1005007151374769
1005007615832043
1005007310066517
1005007471239512
1005002873503228
1005006375074939
1005002121131518
1005005965727521
1005007386328687
1005007633016660
1005007452743320
1005007250457620
1005005260666639
1005007748993801
1005007450873199
1005007764893155
1005007459371517
1005005921089090
1005007351862653
1005007481338873
1005007808837820
1005007022025671
1005007197526978
1005007792815944
1005007218364924
1005006620548344
1005002650399361
1005007256669651
1005007183440751
1005007724000669
1005007770228124
1005006932323580
1005007456760617
1005007511214694
1005007059993002
1005005736168813
1005007717820280
1005005333505919
1005007703069792
1005002475674657
1005007634276311