1005007539970718
1005007540359148
1005003623898490
1005001999607034
4000859651548
4001028118871
1005001415138090
1005007539991763
1005007540280068
1005001990320617
1005002263790040
1005003577392094
4000859662338
4001267044765
1005007540029570
1005007540232016
1005007540173594
1005003343051151
1005003623905477
1005002263589862
1005007540242303
1005007540223080
1005001999416772
1005003692832954
1005002182365375
1005003721666233
1005007540313297
1005007540384067
1005007540370147
1005007540359086
1005002176837671
1005002263702507
1005002182348511
1005002182245750
1005007539875750
1005007540207112
1005007540031919
1005002263629735
1005003693015794
1005001999452634
1005003042627562
1005002263656646
1005002035302785
1005002263727345
1005003693375384
1005003577368494
1005002263795047
1005003693250936
1005002263600793
1005002182388156
1005002317692405
1005003605508298
1005002263590863
1005003720922907
1005002726603555
1005003179225465
1005003588124876
1005003693491658
1005001999515401
1005003605164547
1005002182312271
1005003632648953
1005003721852782
1005003179229440
1005002263713432
1005002176765968
1005003179164989
1005003588138732
1005002004657298
1005007540192034
1005007540269203
1005007539964990
1005007540405121
1005005257723618
1005007452766353
1005007422560998
1005006844837177
1005007163763559
1005007095584251
1005004041633909
1005007068887207
1005007612975269
1005006743460679
1005005240964775
32592127645
1005006811857642
1005007612628639
1005007447004111
1005004193877258
1005007002091984
1005003887547686
1005006660680052
1005007068812663
1005007481911420
1005006106281036
1005005241379280
1005007684423010
1005006783009403
1005005906486529
1005007345119814
1005007476674564
1005006783114139
1005007556142451
1005007308161811
1005007649559427
1005007125203002
1005006060089754
1005006660600885
1005006856289159
1005005526310628
1005006335100672
1005005959014611
1005005494676529
1005006957605041
1005005434827339
1005007108941957
1005005629123056
1005005195840159
1005006012667053
1005006854624488
1005006957464095
1005007634632757
1005004922120339
1005006103293713
1005006897466744
1005006969535726
1005006850060844
1005007164090335
1005005815885995
1005007181724733
1005004937131864
1005005472732793
1005007400554604
1005006121769208
1005007203298923
1005006970249839
1005005073544011
1005007105517510
1005007095440851
1005007371262959
1005005960570394
1005005959019481
1005007435440521
1005005614147778
1005005107619975
1005005719163868
1005005204469597
1005006957286686
1005007171548462
1005004922165368
1005007501971533
1005006973710313
1005006476884770
1005006727664177
1005006825933760
1005006837848806
1005006826288927
1005005407502622
1005005265570908
1005006970044894
1005007577647218
1005006138975725
1005006837891410
1005005073998419
1005006734719659
4001230460143
1005005471566307
1005007343015566
1005006391855746
1005006850024872
1005007458036986
1005006824785912
1005001423449211
1005007407177051
4000938781198
1005006970228068
1005007105580325
1005005442972801
1005006806441561
1005005273722560
1005006895101501
1005007033962951
1005006734061387
1005002945537816
1005007036736421
1005007198998718
1005005814979849
1005004784798482
1005004191446337
1005007195929209
32946615493
1005003298133317
1005006505006703
1005005098748295
1005006485594816
1005005998002277
1005007205672165
32901425939
4000029468234
1005006484583362
4000049107078
1005006851544283
1005006941823148
1005006855766618
1005005418575435
1005007188414288
1005004967173613
1005006047984813
1005005351019092
1005007129147568
1005006127768986
1005007377473308
1005006621464156
1005007254242946
1005006492498852
32737918817
1005007348849116
1005007347994678
32698033563
1005007223805113
1005006821210791
1005006854774392
1005003503104905
1005003474904790
1005007469633876
1005007400946793
1005007375032695
32828345578
32838114476
1005007268251004
1005006479632628
1005006440108200
1005004159351275
1005005605389061
1005004290680041
1005007377422513
1005007514116901
1005005978210609
1005006460848403
32723558021
1005006233743440
1005001763826164
1005007385680012
1005006493523956
1005006479680293
1005007449739709
1005007557547826
32491074217
1005007338790675
32880515103
32651356460
1005007583590947
1005007161947415
1005007495480473
1005007504262599
1005003009197994
1005006485431232
1005005458706523
1005005879012891
1005007367889569
1005003119303888
1005007383369681
1005006915082249
32649653436
1005005767838577
1005006409125012
1005005948383955
1005005538474651
4000908292022
1005007000864720
1005002677697591
1005004275968427
1005003682822987
32705177890
1005005703936171
1005006980996894
1005007162374580
1005006449645771
1005007426361466
1005004345249363
1005007506146129
1005007162513633
1005006813054287
1005005834814762
1005004383585905
1005007370923712
1005006848972756
1005006551056988
1005006605310090
1005007443856110
33043583643
1005006230736578
1005006619696250
1005004722929155
1005007124411308
1005004114189083
1005006227381784
1005005710326250
1005005029918131
1005007514054815
1005005712873211
1005007257571419
1005006947850693
1005006485370247
1005004378093100
1005005015161377
1005007457428663
1005006157778249
1005006446963181
1005007444840596
1005007506491929
1005004984826460
1005007319177575
1005004874118452
1005007482029495
1005007099914053
1005007226044361
4001161962523
1005006954567625
1005006455262242
1005006421170883
1005006907002204
1005007377360322
1005006157166349
1005006054207864
1005005472207574
1005006724005722
1005006519846914
1005006956476351
1005001456458483
1005002829440802
1005006721314947
1005006990457616
1005006153856089
1005006071187423
4000262810714
1005006587540038
1005006406816396
1005007415354623
1005006213334239
1005007243133425
1005007121434257
1005006807541174
1005006676204278
1005007020837607
1005006150900079
1005005701357930
1005006165911346
1005006219448798
1005005158663348
1005007062518585
1005005929671116
1005005844430213
1005004211021103
1005003092164967
32829396256
1005006643264140
1005006193153731
1005007181004385
1005003944866684
1005003605973030
1005007070518814
1005006053229710
1005006602917595
1005006777662097
1005006125386833
1005006306328071
1005005433548524
32876324812
1005005296594412
1005007138710358
1005004682438228
1005007045269023
1005005570215814
1005006987969153
1005006930794897
1005006112976095
1005006522669162
1005004960669094
1005004727993236
32831494226
1005006103987057
1005006045441503
1005005235530443
1005005270048987
1005004820192696
1005006057869193
1005006039505903
1005002084374533
1005006934446960
1005004266352026
1005006414023152
1005007339147991
1005007307657803
1005006425830948
32994552254
1005006533368086
1005001834346910
1005006596510410
1005004727108487
1005006281049007
1005005805965286
1005005848432431
1005005686876128
1005007031730876
1005005807745843
1005006041635326
1005007408489868
1005007218277968
1005006238721468
1005006409799552
4000278063445
32968703084
1005003938134540
1005005467113736
1005005100496679
1005003483462507
1005006347427552
1005005449504542
1005007131059290
1005006393325111
32848260540
1005006135596992
1005007352447767
1005006691169071
1005006770866366
1005006331860168
1005006370150939
1005007493397678
1005006359197250
1005006242367138
1005007343412040
1005002786808898
1005007051441548
1005006242726465
1005004143298493
1005004605552501
4000506147528
1005002389934152
1005007362688381
1005007281983190
1005007216769086
1005005725405607
1005003737776661
1005007137905608
1005003428343469
1005004012453958
1005006443797046
1005007637470971
1005006400090580
1005005885674420
1005005196012504
1005007346301258
1005005561263852
1005005891219072
1005005673517254
4000321308314
1005001597110639
1005001944149691
1005002197019263
4000151868992
1005001454811135
1005004925094284
1005004601634494
32962174048
32797178711
1005005203646529
1005004746235954
1005007469766526
4000324942583
1005007202210542
1005004614449660
4000492555851
1005004608772008
1005005288271452
1005007646061334
1005003292153051
1005007646071012
1005003676186310
1005006885041195
1005004780383591
1005006981086764
1005007659160720
1005004221865864
1005007080284477
1005006264159459
1005007654472184
1005005695710022
4001266455468
1005006849931034
1005006022432270
1005007384558732
1005006981043903
1005007643352637
1005007668757481
1005007573517472
1005006967883645
1005007005223713
1005007659060499
1005005454374220