1005006777122486
1005007066604624
1005007563570094
1005004160185275
1005006635142824
1005006148294547
1005007009191264
1005007353660790
1005007226341335
1005007166987900
1005007543445531
1005005147578010
1005005293814992
1005006865433265
1005006865048265
1005006384798907
1005006857059607
1005006374882976
1005007094771105
1005007132217904
1005005287778903
1005005525199512
1005006770661951
1005007108892880
1005005148611015
1005007601082347
1005007466225428
1005005079623024
1005006655547216
1005006463643599
1005007286457165
1005007261606438
1005007612822687
1005007341245003
1005007376463252
1005006318181661
1005007474530508
1005007628542710
1005006215955471
1005006430226603
1005007094600126
1005007243992684
1005005207623339
1005007442991613
1005007218087564
1005004426617166
1005007448527127
1005006547273174
1005006063246072
1005004399414695
1005007055257504
1005007093417575
1005006463672848
1005006635273529
1005006691555989
1005007679445030
1005007679116569
1005007614914422
1005007613720963
1005006463756156
1005007634697086
1005005898492042
1005006077023674
1005007472327894
1005006432859296
1005007628639566
1005006184966696
1005006264420180
1005006955333656
1005007678899742
1005007498469647
1005007678852090
1005007446575155
1005007547595333
1005007696623537
1005007696596625
1005007760952508
1005007751628314
1005007712478090
1005007711811979
1005007711757892
1005007721212959
1005007723115447
1005007722983909
1005007546459603
1005007647514902
1005007678756589
1005007703054325
1005007701638137
1005006185029026
1005007687859921
1005006782586107
1005006806308461
1005007773263459
1005006803342509
1005006261465820
1005006400421786
1005006953488321
1005007546236898
1005006729738326
1005007055093028
1005006293593738
1005007448248723
1005007716445051
1005007109126605
1005005147529437
1005007210070417
1005005907604959
1005007458056883
1005005964505209
1005006434793762
1005006269965590
1005007443189352
1005007442768818
1005006032270199
1005007053234779
1005007470172496
1005006608730674
1005007499097877
1005006467177215
1005007470306170
1005004072984220
1005006270442378
1005007448592225
1005006269883986
1005005147472618
1005007464882879
1005006065233629
1005007634472668
1005006400393741
1005006565694257
1005006417967328
1005006346599540
1005006975428119
1005007226245984
1005007449041637
1005007627033412
1005006955858454
1005006971822841
1005007226630210
1005007383066268
1005006784292564
1005005440805217
1005006263539325
1005007175217495
1005006269892938
1005006656124875
1005005911460560
1005007825694362
1005007813275776
1005007825370195
1005007825301305
1005007805071563
1005007761255304
1005007710174360
1005007709969679
1005007817058198
1005007816443848
1005007706207563
1005007705361645
1005007641298655
1005007547476442
1005005248667866
1005007181329380
1005007443007827
1005006260984023
1005006917866818
1005007009294357
1005006002965847
1005006277663874
1005007626944735
1005005926376363
1005006418047162
1005007442846307
1005006020473420
1005007643249264
1005006432739213
1005006220277507
1005006432011949
1005007562380462
1005006975975994
1005007758096968
1005007688073272
1005007729945883
1005007703550745
1005007336013452
1005006464783565
1005006162093692
1005007644503602
1005006432315408
1005007136812282
1005007010891765
1005006619767058
1005007640976429
1005005937903905
1005007443385396
1005006560765713
1005007443391635
1005007217754341
1005007226316687
1005007144955014
1005007226434616
1005007821883126
1005007820677889
1005007818044125
1005007817797715
1005007817643442
1005007817504997
1005007811732251
1005007817167836
1005007816856135
1005007813983023
1005007716686315
1005007703003237
1005007709196478
1005007712891541
1005007817284596
1005007703369359
1005007696635136
1005007816850571
1005007749763127
1005007797046968
1005007724685212
1005007758930964
1005007731930726
1005007348751200
1005007819455417
1005007819274799
1005007803423064
1005007819508450
1005007811737639
1005007816575244
1005007815969713
1005007767291937
1005007814000062
1005007709095479
1005007715246055
1005007813434708
1005007783917510
1005007822939912
1005007760153651
1005007813989624
1005007816136822
1005007813492414
1005007760980746
1005007811500913
1005007816107333
1005007800783931
1005007607550613
1005007601050350
1005007010952695
1005007198144538
1005007601171270
1005006463502946
1005007467352648
1005007643380692
1005007601014236
1005006270079032
1005007611882323
1005007493299169
1005007514729341
1005007608581403
1005007614295699
1005007621910590
1005006458551915
1005006833283646
1005007481757153
1005007643400884
1005004324675506
1005005958989380
1005007450689108
1005004270262808
1005006778617566
1005007636115184
1005007601289014
1005007607613395
1005007493282358
1005007635969622
1005006608879189
1005006862187461
1005006260802926
1005007431261410
1005007457932499
1005006460904484
1005007450505396
1005007371468317
1005007180359131
1005007450276310
1005007375560705
1005007138679987
1005007646590900
1005006261633010
1005006463767807
1005007448942664
1005007601292566
1005007601264179
1005006488537610
1005006434987004
1005007626747718
1005007626881460
1005007017703821
1005007600934629
1005006460886162
1005007345779621
1005007567657080
1005006729863335
1005006463497939
1005006261578207
1005007626431299
1005007443503237
1005007443369608
1005006400179984
1005006729834614
1005007009337747
1005007442911909
1005006480864583
1005007639980856
1005007174926760
1005006431565315
1005007449006532
1005007011142503
1005007232217616
1005007408127147
1005006949780523
1005006756556993
1005005911496390
1005006784293656
1005006460860062
1005006697354961
1005006458229758
1005006215086333
1005006458317682
1005007514507411
1005005937984506
1005006656069937
1005006460799915
1005007448417594
1005006423577183
1005006413013357
1005006423507171
1005005059659872
1005007745461088
1005007804638285
1005006943563731
1005007668762330
1005002546696303
1005007619989673
1005007784831750
1005007808198933
1005007759815098
1005007812076792
1005007752606507
1005007466353436
1005007508139719
1005006392338634
1005005699380309
1005007313399765
1005007719698045
1005007627863909
1005007453163134
1005007791044579
1005007780298503
1005003064587647
1005004661709780
1005005945139638
1005006411053323
1005006641328142
1005007308701604
1005007163606456
1005006581058008
32891824022
1005007476659186
1005007187607198
1005004374222913
1005007085766317
1005006532798978
1005006013266623
1005002908849557
1005007426019996
1005006137779111
1005005319142173
1005006332295095
1005006607860085
1005005437627458
1005006746773199
1005007108222740
1005006417819894
1005005120543432
1005006964377292
1005007634765124
1005005265160795
1005006897987015
1005007511528006
1005005718907101
1005006763845602
1005007445486716
1005007021966532
1005006465078199
1005007059149484
1005006170666896
1005003097809840
1005004959213454
1005006963251134
1005007061072939
1005007018254824
4000974832106
1005004795589786
1005002277416369
1005006873131422
1005005467464573
1005006020957998
1005006837641462
1005006649428206
1005007469344003
1005006856632703
1005007305343568
1005006109287077
1005005534089219
1005005576728344
1005006896609495
1005007630567816
1005005808893472
1005006842328523
1005007329569454
1005006913291343
1005004662469074
1005007032361513
1005003984437477
1005006031450557
1005006649357561
32839539400
1005007599322375
1005006536133530
1005006845611765
1005006838150567
1005007305358475
1005003929295634
4000761258872
1005007498485909
1005005689371844
1005003906926383
1005007329161279
1005007342680383
1005003244757205
1005007162311752
1005006465770556
1005006176885788
1005007257762308
1005006181514347
1005007023684459
1005007177565413
1005007052863605
1005006207370562
1005006337146803
1005006856121426
1005005880939483
1005006819956628
1005007128702565
1005007437469056
1005006412707655
1005006207374078
1005006207374070
1005005644671269
1005004947807742
1005005398265825
1005004947922363
1005007089355557
1005007028798569
1005006336967738
1005007253556415
1005006488651050
1005007021046322
1005006114198497
1005007130869815
1005007410398159
1005006750860021
1005007218447423
1005007022341143
1005007220449769
1005005880981474
1005007598233258
1005007032110834
1005004947899414
1005004947824729
1005005952945236
1005005761586576
1005007269114660
1005004914562051
1005007306326858
1005005233199232
1005006065233590
1005007433007019
1005005971059291
1005006054308110
1005007220323455
1005007220011846
1005006434630314
1005005619216302
1005007268941348
1005007545999921