4000686954619
1005003162010816
32993148372
33051369254
4000689103750
32992549857
32918626016
4000165947306
4000672260591
1005005649121979
32660057395
32971279060
4001121563733
4000410736283
1005001321921361
1005003131812494
1005001425121417
1005001419058376
1005001418978128
1005001425293060
1005006449272056
1005007498770580
1005007652505374
1005001339107862
4001332910152
1005007135673899
1005007348404866
1005007261664432
1005006145022009
1005007594217549
1005007652588147
1005006141653386
1005007571385030
1005006243376584
1005007582713831
1005007390419017
1005007425122989
1005007425166918
1005007537933386
1005007375651953
1005007597677947
1005006782699688
1005007542408238
1005006200397843
1005007333771434
1005007043881687
1005007538392441
1005007514016439
1005007513894929
1005006465062602
1005007597942306
1005006744799246
1005007380102832
1005007582854438
1005007571367068
1005006781362340
1005007661533941
1005007375549680
1005007138524880
1005006447698889
1005006125757099
1005002746278054
1005004985811075
33001686702
1005001794699122
32688865424
1005005919247447
1005006020905759
1005007377680056
33044260098
1005006389368598
1005002539050127
1005006389591227
1005004747672736
1005001803915198
1005006428584942
32266096907
4001135330169
32954844770
4001143147654
32954844795
1005007659123630
4001142764245
1005006115356024
32840203077
32623661586
32856973695
32265570458
1005006033951417
4000310072665
33049766665
1005004573970859
1005001591262395
32996669213
1005003474840199
32960576720
1005007297654236
1005006432850294
1005007007765730
32690399590
1005004975464076
32838448988
1005002538860910
1005001831549115
1005004832450707
1005007342674030
1005004041944624
1005006449106602
1005007504750139
1005006011431910
1005007182789906
1005007146958393
1005007506141692
4001017146737
4000036456546
1005005248591317
1005004801085664
1005004962488379
1005005817711599
1005005455796981
4000452963018
1005005330724558
4001292696876
1005005905006923
1005001400498026
1005006221048137
1005004256607411
1005006376238197
1005007529745114
1005001880441002
1005004314732943
1005006705975754
1005007513443104
4001106106027
1005006224321926
1005007215765005
4000016828925
1005007493198203
1005004053806026
1005005446359100
1005004640359813
1005002504376370
1005004718885412
1005007593454602
1005006174131100
1005007295700840
1005006370239550
4001155897512
1005007520431753
1005006757294440
4000903567338
1005005692174539
1005007319850631
1005007524054949
32874561933
1005007555121414
32557708165
32968789133
1005001514513037
1005007644741446
1005004256490793
1005007628199616
1005007518483428
1005001282469352
4000966675944
1005007168093829
1005001582061000
1005006258241565
1005001726062456
1005007535546176
1005002990608089
32362492022
1005007183818590
1005002975947193
1005007253813343
1005002381112550
1005002722608877
32621637636
1005006791522820
1005007668248825
1005007412780567
1005004912853685
1005003346037348
1005004106972835
1005005222647665
32849642823
1005002771795911
32839724599
1005004695576050
1005006780085024
1005005558422977
1005006449168398
1005002701727174
1005006277449486
4001159380566
32814345399
32219294649
1005002364752646
1005006914390822
1005003738066039
1005007556509730
1005007108651451
4001047661573
1005007488166457
1005003569380442
1005007228129626
1005005495413014
32965469846
32916000192
32837981373
32271314305
1005007426554285
1005006270261647
1005003979045953
1005007384178853
1005006261147028
1005002721791685
1005007064520098
1005005069716035
1005004912764485
1005005557200195
1005001458099919
1005002797571503
32849481044
1005006679716810
1005005722154758
1005007323938662
1005006340233426
1005005099061460
1005004583196681
1122537382
32998461461
1005007642196221
1005007501263215
1005005007727517
32884621385
1005004673498036
1005003268978096
1005007341855826
1005004753014802
1005006231645014
1005005753652074
1005002509224832
1005005577374535
1005004681727198
1005007246319158
1005006167653667
32442299117
1005007562448701
1005006878382444
1005006277585013
1005007594071631
1005005979211782
32363418069
4000650125136
1005007710571817
1005007704249044
1005007733811884
4001162571486
1005005145661435
1005007758309234
1005004863681774
1005007678328433
1005007679305760
1005004148425890
1005002685058793
4001221639107
1005007624288257
32955410359
1005007671930103
1956837194
1005007776371446
1005003070127252
1005007141551444
1005003291172620
32363254755
1005004183861222
4000649998996
32950866553
1005007057118164
1005007524821203
32353837781
32959223181
1005005963293620
1005007450635265
1005007446652562
1005006498454955
1005006773636656
1005002900910191
1005005875688540
1005005137208661
1005003291134419
1005005089650733
1005001814935385
1005006316671813
1005006258949050
4000027430409
32600875133
1005004134897080
1005004704274078
1005006882683930
32696098467
32988663260
1005005376144180
32853376948
1005007298422028
4000348292084
1005004826065096
1005001714855265
1005004429730027
32850848108
1005004858954142
1005005840852796
1005006009638347
1005006577438725
4000010528772
1005006057860604
1005001869536177
1005004890639461
4000287778620
1005007732283522
32233576592
4000835183233
1005007268588524
32346375212
4001322085867
32696001546
1005007445721568
1005007245174697
1005006011367980
1005005145570994
1005007168472607
1000007530077
32852593861
32882182742
1005007168007818
1005007173562827
1005001619285181
33010614503
1005007124276127
1005007059435297
32696700887
1005007812688755
1005007821200779
1005007820914532
1005007813341424
1005007824070242
1005007819949895
1005007807255923
1005007798518909
1005007445659852
1005007598000868
1005007218167072
1005005244547187
1005007311656892
1005007476265917
1005007401585459
1005007429938750
1005006594652406
1005006200288886
1005007389688140
1005006012003907
1005007252165938
1005007329598167
1005007636399770
1005007149105663
1005006316846542
1005005203783523
1005006754426419
1005007108449335
1005007244009209
1005007326916251
1005007191691016
1005003431842096
1005007436505872
1005007348143903
1005006828271105
1005006866428443
1005006005658568
1005006427737139
1005007668039207
1005007212276386
1005004012149328
1005007646965496
1005006091617078
1005006358097276
1005006866286892
1005006767575915
1005006496369566
1005007217094882
1005006900330086
1005007484319748
1005004645897461
1005006864300230
1005005419544131
1005007017652993
1005006969083802
1005006366686621
1005005973813954
1005007522377605
1005007186399216
1005007667025874
1005007099078248
1005006825765521
1005006826827811
1005006095812318
1005007303525555
1005006812447456
1005007104642840
1005007425521304
1005006625791329
1005007423940205
1005007036845549
1005006549680064
1005007346468238
1005007107053698
1005006645522714
1005005976121027
1005007075492459
1005007448676320
1005007117951968
1005006804687582
1005006565998793
1005004326176455
1005006724353756
1005006527534788
1005006626562967
1005007298283758
1005007017961290
1005006363242644
1005006565035081
1005007527466540
1005006406704585
1005007175853405
1005007459258100
1005006988911904
1005007383468609
1005007298717047
1005007216368062
1005006719666632
1005006942770572
1005006092874749
1005006431044436
1005004312975219
1005007286429286
1005007428946307
1005007083925710
1005006136990272
1005007153841025
1005005581687472
1005006051415466
1005006038648320
1005007029644257
1005006429140848
1005007109586599
1005007640431794
1005007004527881
1005007308009156
1005007111702150
1005007060716330
1005007015422842
1005007472956967
1005007216739075
1005007495572650
1005007119446514
1005007606082602
1005003702935820
1005004611999882
1005003968996066
1005006833264881
1005005086175510
1005007118403716
1005006681480930
1005006231039970
1005006739313789
1005006893671156
1005007525399068
1005006827385926
1005007325579099
1005006748632274
1005007528322920
1005007224482660
1005007499913430
1005004997181557
1005005492003527
1005006059052251
1005006712705410
1005006525092382
1005007472508828
1005006998768420
1005007157181860
1005007320478589
1005007342069593
1005007457342038
1005007031429477
10000031124663
1005006389511363
1005006790491976
1005007362717043
1005007007995280