1005007057952871
1005006811911775
1005007433588705
1005006672594686
1005006811991430
1005005880897407
1005007662413742
1005006223103898
1005007026815275
1005006284431613
1005006982186121
1005007662104872
1005007032933294
1005002965607174
1005004991044249
1005005494895118
1005007606962469
1005007115895224
1005007344192211
1005007107568762
1005006461342355
1005006115735057
1005006850803179
1005007233083176
1005006412285747
1005006408616191
1005007373332386
1005007095923269
1005007275945625
1005006289053200
1005007467633129
1005007251141399
1005007286636075
1005005367318815
1005007009856807
1005005849780092
1005007267514992
1005006772641846
1005007414926237
1005007286447440
1005004990900980
1005007288761142
1005004670332454
1005007171581855
1005006974192143
1005007514350037
1005007411688595
1005007286464447
1005006537350560
1005007546144713
1005006773065074
1005006685602288
1005007286585241
1005007100985290
1005007559295968
1005006773798036
1005006673377290
1005007218669431
1005005517427972
1005006485125084
1005006050299868
1005006976951943
1005006737940157
1005003155004023
1005007520259383
1005007495603304
1005006674549781
1005006412241912
1005007488415495
4000969957392
1005006844825826
1005007047181767
1005007650003152
1005006395914541
1005006308264406
1005006707083990
1005002570180484
1005007053273472
1005005871574293
1005007520821047
1005007681011875
1005007655081252
1005006284512866
1005006409534477
1005007528707166
1005007172000906
1005007532999763
1005006040080957
1005007368718745
1005006724518842
1005007343921902
4000221089383
1005004670332025
1005007559537478
1005006178454472
1005006225826313
1005007255617373
1005006906689923
1005006721319451
1005006924885649
1005006156081266
1005007478441617
1005007682871692
1005007673997378
1005007117571712
1005006112472180
1005005849642973
1005007210314074
1005006772893350
1005007276957242
1005002382475773
1005007676899703
32996641462
1005007622785667
1005007436651393
1005007538426042
1005006007317721
1005006412394222
1005003124384746
1005007079953716
1005006736802861
4001333321252
1005006463106830
1005007452676492
1005006030630741
1005006320796598
1005005066254463
1005007678985838
4000068933364
1005006215289351
1005005689495760
1005007555536883
1005007572252365
1005007623942166
1005007010239962
1005004991434334
1005007280302856
1005003089430974
1005007679768605
1005002984345019
1005007269648172
1005007119669490
1005005880029344
1005006721146830
1005007471805100
1005006102234230
1005005870828767
1005007449699660
33015407936
1005006270971571
1005005670550398
1005007455712761
1005003250828356
1005006147299005
1005006302936644
1005007348181900
1005007513138885
1005007482679568
1005007433367983
1005005879947859
1005003180716360
1005005987573672
1005005695235590
1005006414007677
1005003622257116
1005006303051040
1005007114838490
1005006674530797
1005006683214655
1005003124403640
1005006737060087
1005006118556491
1005006272283587
1005004991330961
1005006868311584
1005007346981854
1005003622374280
1005007347166641
1005007347236728
1005006471379180
1005003622276977
1005003622207992
1005007345223831
1005006468658811
1005007573745635
1005007347180478
1005007368653978
1005007529567591
1005007675725737
1005006181955595
1005007684582383
1005007650839232
1005007818709466
1005007808554711
1005007824373933
1005007773408447
1005007746034620
1005007818733831
1005007795110005
1005007790643151
1005006782703759
1005006169310107
1005006973525866
1005005869809066
1005006020144705
1005007347374222
1005007347284636
1005007293830315
1005003622354382
1005007347050655
1005007794238410
1005007794096821
1005007793333915
1005007817870707
1005007793480549
1005007793610123
1005007793453438
1005007793022590
1005007793000778
1005007780736016
1005007791004555
1005007790236675
1005007782781841
1005007794063971
1005007802052138
1005007779407092
1005007712986263
1005007724264182
1005007811911374
1005007819450352
1005007816066299
1005007805606893
1005007808484451
1005007805810488
1005007817756964
1005007817839764
1005007786681836
1005007817422902
1005007816958596
1005007817149039
1005007816609805
1005007816971122
1005007817767224
1005007815772743
1005007816105002
1005007737868181
1005007736097784
1005007727892219
1005007503858931
1005006977029654
1005007349174714
1005007720996811
1005007712494828
1005007796449128
1005007772320562
1005007680558309
1005007794948964
1005007788168192
1005007788196057
1005007788058910
1005007774192335
1005007788107708
1005007773409324
1005007773437213
1005007764382996
1005007764236811
1005007764203776
1005007754323487
1005007750434369
1005007749385730
1005007734809298
1005007743324331
1005007740951918
1005007740085469
1005007796516553
1005007745964652
1005007734257772
1005007762168631
1005007747667991
1005007791036497
1005007734482588
1005007782528652
1005007796642165
1005007796643129
1005007796794213
1005007730859397
1005007728903132
1005007754337768
1005007794996618
1005007795024591
1005007788381063
1005007754354358
1005007764272726
1005007752696091
1005007779237949
1005007755295464
1005007733334443
1005007731369677
1005007804911815
1005007797102213
1005007763018382
1005007762730691
1005007760257219
1005007760385747
1005007747353426
1005006776910899
1005006746661301
1005006977175260
1005007287864823
1005007795042486
1005007794833011
1005007794664268
1005007793413529
1005007792549370
1005007791655537
1005007729310563
1005007781861315
1005007803232334
1005007788383309
1005007786948009
1005007786733925
1005007780641834
1005007779406570
1005007750496355
1005007776991281
1005007772244846
1005007771000316
1005007713601545
1005007763961537
1005007764014439
1005007762934683
1005007762647661
1005007762637249
1005007761929163
1005007760427166
1005007756802097
1005007756244177
1005007754372804
1005007754413097
1005007753975155
1005007753536618
1005007753217600
1005007753182393
1005007750481678
1005007742428839
1005007752726129
1005007752303353
1005007752378505
1005007751991746
1005007751733306
1005007751523451
1005007751403879
1005007751326513
1005007748019323
1005007747947105
1005007747954270
1005007745037441
1005007742718095
1005007742575005
1005007742450093
1005007539055127
1005006807601418
1005007465733158
1005007031949707
1005006458819661
1005005876689234
1005006746019180
1005006540157141
1005006271755646
1005006977136427
1005006583213368
1005006925727344
1005006825249819
1005006724799319
1005006869487260
1005006513626431
1005007644862329
1005007161255219
1005006561103122
1005006869564007
1005006913163381
1005006574096938
1005007634826083
1005007631616305
1005006653666268
1005006182735350
1005006559592245
1005006759027479
1005006962705666
1005007582169025
1005006607456493
1005006895147009
1005006762339894
1005006540215018
1005006923024077
1005007173425835
1005006851693201
1005006756697941
1005006905174089
1005006756737864
1005006625667467
1005007581128591
1005007632932732
1005006866830712
1005007622121051
1005006182490622
1005007159498888
1005006583532581
1005007621837556
1005007355837514
1005006833767089
1005006756897401
1005007581633925
1005006654662601
1005007543001498
1005006848807121
1005007555662701
1005007582070313
1005007629245411
1005007149303409
1005007731085512
1005007731046638
1005007729343784
1005007722273132
1005007722145352
1005006975010832
1005007722375034
1005007721268171
1005007780563039
1005007716622202
1005007714228908
1005007688983528
1005007688637852
1005007762212225
1005007772734168
1005007764619157
1005007748606467
1005007748588716
1005007744134825
1005007760202528
1005007761853401
1005007761831546
1005007760081776
1005007780100494
1005007791405710
1005007760011883
1005007791361819
1005007760133683
1005007791516321
1005007791633007
1005007791543258
1005007790410546
1005007710439960
1005007762785688
1005007784858953
1005007710409301
1005007755611528
1005007710398295
1005007766283058
1005007766804156
1005007662754162
1005007734559712
1005007730894351
1005007730822693
1005007734985814
1005007709026133
1005007720802007
1005007716318404
1005006957975045
1005007227063002
1005003614827863
1005001407946084
1005007218319828
1005007428286646
32883324329
1005005171014548
1005005979582576
1005007635588796
1005006597744372
1005003219117991
1005007636079497
1005007139315674
1005002662743877
1005007650539744
1005007274284892
1005007468183657
1005006001683610
1005006813546396
1005006120795715
1005006131538694
1005007289046280
1005005976041959
1005005221286249
1005005825564350
1005006556027742
1005007148614210
1005007424962434
1005007562249609
1005005561917299
1005007625140153