1005005026284657
1005007000789224
1005005411334169
1005005816795346
1005007197271140
1005007621996356
1005007247033963
1005006890798306
1005005454819685
1005007657567037
1005007054425163
1005007657486717
1005001626708377
1005003640248806
1005007348178171
32845765197
1005003090786389
1005004378478013
1005003233511093
1005007233671916
1005007023635686
1005006946891895
1005006448977633
1005007647834584
1005006576290914
1005007552700348
1005003210145125
1005007450086884
1005007348057248
1005005164103927
1005006459208040
1005007318585250
1005007144381491
1005006284629735
1005007426678945
1005006425705857
4001360940051
1005006101942594
1005004123525648
1005007371928039
1005006089973079
4001153434285
1005007097205603
1005007294367318
1005007554833937
1005005676435879
1005005473301370
1005006867317519
1005006945677568
1005007339115490
1005007460813150
1005004395173795
1005004928526619
1005007605013235
1005006914644793
1005006868816159
1005007545462075
1005006847970740
1005004005053621
1005007387060163
1005007591688464
1005007647897498
1005006650628246
1005006131378529
1005003139554149
1005005674483160
1005007649529360
1005007555079657
1005003658236889
1005003824220724
1005007502372399
1005005619921121
1005004329602971
1005003164703901
1005006698739889
1005004516794367
1005004784641629
1005005748152885
1005005978718844
1005007651656299
1005003242417404
1005005055885043
1005003169885101
1005007336844924
1005005672893565
1005007527547525
1005001547474313
1005005985910992
1005007161533291
1005006428460543
1005006962140479
1005003090708630
1005005419674365
1005005622809343
1005006927516996
1005003099032404
1005002994726667
4000129215869
1005007643366140
1005007241737371
32983189052
1005005920403855
1005007534790520
1005007059187049
1005005105422398
1005007197385976
1005005756447134
1005007287594084
1005007278183494
1005006949588141
32965433194
1005006155091920
1005007241669406
1005007614628174
1005007452245444
1005004573527798
32903552626
1005007636967917
1005004021744726
1005006927432645
1005007339911293
1005006578269521
1005006977759305
1005006959726327
32963239245
1005006994070528
1005004784420494
1005004748332521
1005006960299691
1005005052800855
1005003337357476
1005006112178937
32836093609
1005007566634717
32836876974
4000216290620
32838755687
1005004063240634
1005004076838415
1005004098819429
1005007685197152
1005007738176784
1005007676661664
1005006963141701
1005006963238585
1005006963099824
1005003812115069
1005006957289045
1005005799792807
1005001295864049
1005007079451295
1005005431358221
1005006115897593
1005007614448837
1005007379018743
1005004696189670
1005006437344403
1005005812368227
1005007170864378
1005007308832691
1005007299845489
1005006950721136
1005005791015424
1005003786379407
1005007071129555
1005006976442729
1005006149178167
1005007461840291
1005006772652135
1005007463533253
4000604923309
1005005398110854
1005007298720165
1005007341264032
1005007470828712
1005007149179281
1005007506970600
1005007506365053
1005007405417466
1005007380653621
1005007480057050
1005007425516056
1005007465039310
1005007486011158
1005007488721402
1005007664334028
1005007454561310
1005007498723891
1005002858056399
1005003587050952
1005005552603690
1005006686017583
1005003418788948
1005004170571370
1005006763386232
1005004146017057
1005006075812965
1005004501693443
1005007126596419
1005007360083710
4000744833324
1005006087142048
1005006733274999
1005007163447234
1005007598649258
1005007521351341
1005007412848148
1005007387686293
1005007588257253
1005007183105457
1005007345959961
1005006040750404
1005007536267119
1005006757798303
1005007642152236
1005006040785117
1005007205176875
1005007373176503
1005007373072933
1005004007318921
1005006674600346
1005006861331646
4001242373552
1005007259756950
1005005692333412
1005006838584217
1005007497642063
1005005258536382
1005006945600281
1005003053311823
1005004641339094
1005004880410115
1005007183123890
1005007387413725
1005004012383109
1005007295168696
1005002254737572
1005007499193583
1005006942567069
1005007521373199
1005007373140425
1005006772678233
1005005807342108
1005007373093397
1005007446434439
1005003539437779
1005007006900344
1005007355888885
1005007638455770
1005007542497283
1005007371432330
1005006762284352
1005007307245883
1005007654607069
1005007369886571
1005005732363654
1005005879593536
1005007302012546
1005007017594407
1005007594535451
1005007382482886
1005007647556083
1005007092442583
1005007476216307
1005006033300782
1005007185264128
1005003409482735
1005007668539127
1005007477203835
1005003881378839
1005007501870779
1005007560265356
1005007505450773
1005007497839884
1005007009933885
1005007411906065
1005007092577050
1005007520481139
1005007295431346
1005007463895550
1005006988859995
1005006033332931
1005006838613108
1005006880120891
1005006880233638
1005006369024053
1005007284366834
1005006022546829
1005006927583833
1005007450870965
1005006857030419
1005007445863877
1005006816742522
1005006816718583
1005007508927785
1005006963361282
1005006272472676
1005006609871912
1005006843671676
1005007508927783
1005007525066605
1005002789700176
4001239949709
1005005886520739
1005007197122840
1005004993984443
1005007404325018
1005006931547993
1005006654597665
1005004755421986
1005006685908323
1005007163900929
1005005323820985
1005006604576999
1005007177340894
1005007446041542
1005007411031535
1005007188102586
1005007306822204
1005006816928009
1005002749167289
1005006655138428
1005007354770960
1005004489634141
1005007374652687
1005007150697792
1005006664551789
1005006880174708
1005007319704630
1005007270955956
1005007524385893
1005007524241836
1005007524075717
1005007524088753
1005005820430927
1005007524346122
1005007524243319
1005007444658674
1005007454742331
1005007384777892
1005007446049527
1005007430641165
1005004478162513
1005005236727565
1005007271449788
1005005413914290
1005006721807124
1005007017285514
1005007169833464
1005006445781917
1005002041032320
1005007601871182
1005007381042520
1005007047760985
1005007465464446
1005007211464674
1005003446717808
1005007189528361
1005007284802914
1005007272188247
1005007368319873
1005007550546431
1005007271029599
1005005755595442
1005007421929219
1005007123881410
33012301740
1005007646923621
1005007631789997
1005007346803704
1005007525173792
1005007370514553
1005007594465862
1005007591090496
1005005050050426
1005007259285954
1005004993913937
1005007678045711
1005005020578119
1005007564594249
1005007197804272
1005007212286701
1005007199006393
1005007198717783
1005007672327212
1005007147143619
1005007020493319
1005007446301804
1005007592821009
1005007264218271
1005007076327660
1005007199278157
1005007205515608
1005007249022237
1005007437851914
1005007682077498
1005007681887399
1005007681782255
1005007602396544
1005005368141319
1005006448217146
1005007347269439
1005006722446446
1005005051846498
1005005016029467
1005006473949991
1005007415462125
1005006815568766
1005007343952396
1005006444767048
1005003409905694
1005006296570372
1005007047998527
1005006605981041
1005006022549836
1005007450958878
1005006980821745
1005006863412007
1005007393972073
1005007109895032
1005006022539990
1005006022649213
1005003409493667
1005007449316432
1005002958603865
1005006688152077
1005006993394036
1005004946404113
1005006976259150
1005004946316474
1005006022543904
1005007486902359
1005007525475357
1005007113861862
1005007620373809
1005007447236125
1005007521568501
1005007349592802
1005007471638477
1005006638498254
1005007583541240
1005007293480140
1005005895445948
1005007403208818
1005007374801052
1005007259027966
1005007284446853
1005007155087330
1005006229359308
1005007079500306
1005007350285145
1005007564716425
1005006976197036
1005007602119767
1005006448229130
1005007521935289
1005007609355245
1005006976116213
1005006637811192
1005007351020617
1005007332102279
1005005050006937
1005007188462310
1005006496369277
1005007427820530
1005006643356927
1005007608657462
1005007616790085
1005007616389717
1005006610341338
1005007489417831
1005007355388950
1005007205415302
1005005568940358
1005007004119318
1005007486801388
1005007601382920
1005007330354729
1005007483271748
1005007127029924
1005004833360376
1005007024776816
1005007321134208
1005005983150694
1005006940095669
1005006552449046
1005005983042112
1005007054885310
1005007017371774
1005007017448802
1005006762311741
1005006439177614
1005007404909495
1005006142901364
1005007521720897
1005007451140359
1005007650315946
1005007602461110
1005007337229586
1005005101830874