1005007751616366
1005007745426707
1005007745430344
1005007745257274
1005007719498906
1005007716705811
1005007707659009
1005007694651634
1005005213129578
1005005796790275
1005005792005920
1005005796643579
1005005796566265
1005005099407989
1005005319714566
1005005763180506
1005005763393402
1005006381925546
1005006412364326
1005006008987171
1005006008985649
1005005097218100
1005005097293438
1005005333287943
1005006126553834
1005005683255110
1005005632401757
1005007777276749
1005006126571848
1005007777204643
1005007208117990
1005005898222249
1005003435093538
1005003396032240
1005006383893889
1005006383690528
1005005412721478
1005006837835765
4001133071206
1005007054478783
1005005828989836
1005005768698131
1005006713355367
1005005448887385
1005006941257168
1005007315463833
1005007617124262
1005006000631806
1005007309790695
1005006398840678
1005005876120395
1005007276817041
1005005892645701
1005007388844508
1005007413407305
1005006997792012
1005007583479240
1005005644410004
1005005944507383
1005005698384487
1005007003027356
4001360545008
1005007254196425
1005001511615654
1005006685135851
1005006119193427
1005004900074747
1005005301169038
1005007027341524
1005005058407346
1005005298651509
1005007348768017
1005006372461757
1005001352324755
1005007521825474
1005004074684676
1005001634459963
1005007591119971
1005007163294286
1005006353930255
1005006084658704
1005006664379201
1005006089622797
1005006989754568
1005001840331292
1005005330372966
1005006600560523
1005007343577909
1005006689324270
1005007374545611
1005004409149535
1005006416777586
1005007053570977
1005006482552088
1005006720023525
1005007275839302
1005007317835492
4000025895450
1005007474810100
1005006535237676
1005007387005136
1005005946258012
1005007503817955
1005006869358136
1005007534493012
1005005363985697
1005007480633617
1005007438153594
1005004235585324
1005007032659483
1005007558694936
1005006688716972
1005007098745564
1005006760524747
1005006913221025
1005005796197743
1005007180784132
1005003749933823
1005004159851090
1005005154191962
1005007522058058
1005007373658243
1005006852991909
1005007301916843
1005006317793508
1005006852711014
1005007475315376
1005006773479382
1005007447497871
1005006513824252
1005006307419913
1005007235025768
1005006011615401
1005005698404767
1005006518379967
1005005587799024
1005007027486388
1005006635019898
1005006215891909
1005005355497367
4000093202574
1005005815810889
1005007177006629
1005007583563908
4000092884580
1005006397721736
1005007024311008
1005002033536863
1005006646125078
1005007027384537
1005007387951682
1005006018196705
1005006625278388
1005006767903470
4001331686404
33029697286
4000012821904
1005007553809193
1005005754564998
32985369260
1005005921036953
1005007385073065
1005003868188601
1005005383052776
1005005350294826
1005007115124827
1005007205778902
1005007394073907
1005005676373408
1005007061344759
1005007196614857
1005006802630882
1005003222435906
1005003451747329
1005007194049098
1005007521471907
1005007169742542
4001068538034
1005001410632921
1005004698565586
1005004657351005
32828582529
1005007130688463
1005007161357535
1005003150191096
1005003302851898
1005007254102460
1005003243779740
1005007434687329
1005005631628678
1005006984445888
1005007359141900
32803317988
1005006783746996
1005005904191819
32884695233
1005007314679743
1005007073463235
1005007589557848
1005007560885229
1005007095944564
4000281695440
1005006718069591
1005007468617587
33060001826
1005003695362261
1005007438418348
1005005698617925
1005006470331361
1005006108854705
1005007389411367
1005005538930717
1005007560807148
1005006819695436
1005006751063847
1005004516816642
1005006578762279
1005006258034370
1005006453172845
1005006685025319
4000341457072
4000083248363
1005006871226358
1005001306193839
1005007674454884
1005005810483702
1005005447342032
1005004073123617
1005007561322903
1005003651202904
4000376256478
1005007178204236
1005007177298297
1005004688959599
1005007561592939
1005004514146807
1005006074866373
1005005893737980
1005007596516965
1005002779656690
1005006402296267
32986763106
1005006674722604
1005007373389597
1005007496607661
1005004665544306
1005007005429539
32821812513
1005003473763503
33056293970
1005007496596508
1005002517588278
1928465060
1005003653861849
1005007119367408
32680671667
1005006917569961
1005006733629506
1005005258609018
1005006127840530
1005006564720790
1005004548388259
1005007452746967
1005003375528530
1005004612679031
4000117144643
1005001551781813
1005006976222494
1005005184906853
33009524681
1005006407356019
1005005437302315
1005006385811101
32826831836
1005005825254157
1005005896847060
1005005500770140
1005006431923660
1005007334397057
1005004836856678
1005007452844992
1005005843259953
1005006321233214
1005007506569293
1005005481424317
32886515778
1005006862050829
1005006865650592
1005005187256147
32964370135
1005003375923338
4000699071037
32882829493
1005007583670659
1005006463311097
4001090862933
1928490850
32884377212
1005005016667852
32983108400
1005006180630587
1005007391547106
1005005579903807
1005005775607591
1005005535085349
1005004549756360
1005006944155232
32915183576
1005006866970195
1005005497447300
1005006497668929
33011228629
1005006565223020
1005005734904616
1005007654229879
1005005473360745
1005005016644662
1005007206357687
1005006505338853
1005004546455107
1005007733948851
1005007824364028
1005007824228670
1005007815822546
1005007685983924
1005007757491199
1005007820377417
1005007749936779
1005007737227992
1005007809903547
1005007726436907
1005007726278424
1005007705579578
1005007710929322
1005007800675214
1005007618497728
1005007506273049
1005007452753331
1005006862823048
1005007793616425
1005007793724204
1005007793733744
1005007748687483
1005006533594705
1005007799426072
1005007789863388
1005007771321739
1005007778992881
1005007775989302
1005007581934201
1005007740118486
1005007737467299
1005007732333851
1005007637063595
1005007729372632
1005007692566972
1005006876668279
1005007119109904
1005007110696387
1005006894449833
1005006926456653
1005006936800998
1005006936875645
1005006936903220
1005006883207179
1005007559120063
1005007023844635
1005006888166697
1005007025919654
1005006889485489
1005007605894962
1005006039285214
1005007513236531
1005007600446173
1005007510579457
1005007505979424
1005001303665831
1005007020795650
1005004216678227
1005001383416427
1005007507866694
1005007412799417
32982704391
1005003775420043
4000289552890
1005007545393609
1005007503741451
32859311561
1005007043432923
33032172775
1005006186513227
4001041688137
1005007734309595
1005007752369146
1005007754172365
1005007793273524
1005007817803875
1005007799941949
1005007791362167
1005007756447629
1005007752416034
1005007752312436
1005007747284346
1005007734216836
1005007734219786
1005007734350423
1005007734232830
1005007723951976
1005007710389448
1005007721470006
1005007644133023
1005001348932641
4001170105914
32906131613
1005007667293541
1005007464121911
4000606695940
4001305708504
1005007467455090
1005006412588316
1005007601816416
4000115696669
1005007504088831
1005003724457147
1005004226105485
1005003738418471
1005003724290909
1005007467030823
1005004352061081
1005003724355665
1005003724347709
1005007579337870
1005005869814620
1005002058217534
1005007260094010
1005007260201735
1005007316917454
1005006103125033
1005006487006782
1005007065333370
1005004663202589
1005007243960852
1005007258513575
1005007097516351
1005007243621825
1005003198219923
1005007567519384
1005006045844692
1005002200830275
1005007493906089
1005006782770747
1005002829478124
1005005080638619
1005004957950348
1005006812340551
1005005477381619
1005003094628340
1005005881779276
1005004849990986
1005003337993767
1005007157036355
1005004045634678
1005006858040368
1005007091813523
1005006003632972
1005007405763917
1005006994927796
1005006028997332
1005007337185046
1005007539172019
1005007358431301
1005005548376077
1005006123433669
1005002554613675
4001083514460
1005004957513166
1005006939091761
1005004816746572
1005003497206119
1005005506976594
1005006793744947
1005003016800928
1005004323337340
1005006856976611
1005004046144590
1005007336432867
1005007280648798
1005006941476101
1005006856918874
1005006857003658
1005006539774716
1005006857159197
1005006123345974
1005006345233995
1005004841902388
1005007081485923
1005007479193597
1005004748002883
1005006515613557
1005007670862493