1005007739966612
1005007740034609
1005007595499608
1005002177425435
1005004167560918
1005004853132101
1005004413759221
1005007137258989
4001156574916
1005004628102353
1005007130999583
32828782909
4000502300735
4001264509208
1005005091164152
1005003761290711
1005003436242045
1005004257428122
1005004686763287
1005006829396401
1005004179187220
1005006829335825
1005004728046229
1005003644988416
4001047793087
1005006877033113
32970513107
1005002947161399
32990279856
1005003799509107
1005005940578770
1005007448609292
1005003481975447
1005007426098848
1005006416734656
4000922857514
1005006868744215
1005006970897189
1005006970829533
1005003816790497
1005007382570433
1005005088693033
1005004793922771
1005004343153985
1005006310499525
1005007426373440
1005007426293548
1005004406597942
1005007668413975
1005007668724057
1005006998275524
1005007804882017
1005007822137142
1005007794167795
1005007809311515
1005007792097789
1005007781894785
1005007767036366
1005007740990390
1005007684117306
1005006273529175
1005006168629525
1005004686809814
1005007425926813
1005006611214338
4000813326487
1005006173906612
1005006636069502
1005005326834305
4000720263805
1005006773396192
1005006934919160
1005006233129736
1005006358071527
1005002347022071
4001339834311
1005005885665838
32845898824
4001042880368
1005006225013288
1005002905485676
32347981716
1005004980466408
1005005040919207
1005003008780320
1005006696552449
1005006027198178
1005007104981316
32948369276
1005003096414807
1005002197038482
32983164491
1005005673076026
1005002855956779
4000680871240
1005006835401205
1005005001263653
4000861460791
32905519707
1005006720437704
1005003861751661
1005006507575547
1005005326661111
1005003585789665
1005005258562625
1005004417419393
1005003937459837
1005006660541338
1005005791144743
1005006715528936
1005004261639692
1005006151251562
1005006720533265
1005006326187636
1005006273233764
1005006041308228
1005003890982349
1005004062629924
1005003223283849
1005006620208220
1005007039435548
4001311140246
1005006630085165
1005006386503247
1005006821617700
1005003408701449
1005007108802303
1005003144920408
33009508333
1005006032800768
1005005941668347
1005001668136992
1005003140472765
4000399243418
4001234730020
1005005682442949
1005007022506731
32668586954
1005005056632754
1005006000911803
4000351234846
1005006727510831
1005005364092426
1005004100829543
1005006938036551
1005007272953224
4001305087851
1005007506047330
1005007493987115
1005003476510486
1005003078367426
1005007237480899
32977650478
1005005651275062
1005003434327472
1005004268408663
1005007539491399
1005006778054632
1005007361217409
1005007521873653
4000393124061
1005006247446612
1005006701758898
1005006558488874
1005006261701436
4001098013109
1005005347779629
1005006620024456
1005004213251757
1005007501331970
1005004182741532
1005001538248364
1005006129857678
1005007444155887
1005001500922264
1005003230597042
4001169969695
1005004375421426
1005007291689639
1005004823571834
1005007000118561
1005006083153164
1005005387850154
1005007426539566
1005007170523845
1005004974614142
32960799517
1005001980299948
1005001896781643
1005006966150888
1005004256769065
1005006107954327
1005006167943892
1005007207691338
1005006539753029
1005007159293450
1005006915518974
4001069347190
4000081527832
1005007072808322
1005006999888652
1005006037104084
1005006294873391
1005001387793655
4000549314372
1005005131674846
1005003183293779
32912175221
1005006704811879
1005005951431012
32967536888
1005002789858134
1005002424091384
1005004228337976
1005005584983723
1005004403819199
1005006768830847
1005007413365573
4001081301376
1005007462907805
1005002957832159
1005003095548043
1005005942022623
1005005437274024
1005004082716189
33036193400
1005001936870149
1005005337788869
1005004904955464
1005004370568712
1005006821886348
1005003919536578
1005006407174190
1005006040475036
32848368658
1005004420819991
4001029009983
1005007115874670
1005005294355118
1005007178378733
1005006615995462
1005004766713910
1005002657086610
1005003931752705
1005003292126373
1005006410474468
1005006081916267
1005005437341033
1005007003521115
1005007173155577
1005003566873287
1005002287667888
1005006940494420
1005004744355788
32991149438
1005007014026255
1005007430621035
1005006761774564
1005007242322769
1005005705744002
1005006746549893
4001079470992
4000288527339
1005006167403983
1005004943242865
1005007225691547
1005006383878243
1005007235830404
1005007003173835
1005005714915741
1005005976865468
33005807057
4000430841921
1005006480440977
1005007309059335
4000567570889
1005007115544757
1005003207242063
1005006041402424
1005006986343181
1005003404706534
1005006310670865
1005002287628694
4000150401251
1005007282585320
1005007365511783
4001252436195
32908133211
1005006109669976
1005002514943443
1005004880439303
1005004329672747
1005001547218757
1005007246115097
1005004725876504
1005004376100029
1005005912430387
1005004705473648
1005003452864855
1005004508974612
1005005277965150
1005007171508641
1005007111544134
1005005366616902
1005001669237242
1005005419632453
1005005015659916
4000065163551
4000081438072
1005005313097613
4000098369457
4000098355725
1005005240674217
1005006278747300
1005005075651849
1005005859686885
4000960825935
1005004681471800
1005005087560001
1005001547294516
4000875527408
32828374007
1005006778704487
1005005316392017
1005004973415986
1005006794187564
1005007468368799
1005006664110979
1005007510359192
33037306669
1005006418552306
1005007217311729
1005004988360979
1005001355577451
1005005635618023
1005006639182252
32960880407
1005007707848647
1005007760326345
1005007760148687
1005004744299972
1005007689443175
1005007693396562
1005005764497483
1005006868830336
1005006443185646
1005005978900463
1005007323630057
1005002476253235
1005007535418091
1005006163100981
1005004226447522
1005007316967180
1005007415312522
1005005949089796
1005006021895041
1005005261090391
1005006480382537
1005005220820839
1005005984549254
1005005849264512
1005006678181553
1005007053477799
1005006918821656
1005006199442747
1005005426542054
1005006968468936
1005004658363532
1005006830718099
1005006789397683
1005004782332159
1005007317346661
1005006901910730
1005007091318657
1005007177273405
1005003993982020
1005006760319717
1005006760465194
1005006756510777
1005006217280620
1005006900952456
1005007607580708
1005006777740936
1005003462588760
1005007469873222
1005003803771818
1005007131108658
1005006789505483
1005004799650872
1005006818595323
1005006135398085
1005006808157016
1005005237654031
1005006067506334
1005007066394737
1005006784094195
1005005549385384
1005007241384984
1005007026625870
1005006102706306
1005005590247461
1005006321456860
1005006778425595
1005006850438412
1005007230477014
1005007403154992
1005007460869989
1005006851619503
1005007403445079
1005007130971628
1005006168845616
1005006989221088
1005004832260837
4001298670844
1005005910739474
1005007335636437
1005006386360002
1005007256196827
1005006315142632
1005007131196286
1005006639739611
1005007358836155
1005004693425816
1005007317307434
1005006138375976
1005007464268130
1005003992742020
1005006782157613
1005007541786085
1005007423724530
1005005460017993
1005005271768603
1005006345394524
1005005845010459
1005007593644426
1005007266788189
1005007129483694
1005006836752734
1005007203454771
1005007523651455
1005007523488811
1005006079368526
1005007560881815
4000516847040
1005007332568227
1005005417411695
1005007507801112
1005007120364684
4000176524668
1005006409632631
1005007539877492
1005007325310598
1005005991425115
1005007138724239
1005007403227801
1005007376914888
1005006839328951
1005005666500912
1005005901751706
1005007344657391
1005007204247551
1005006501353687
1005007494736642
1005005371524110
1005006641162621
1005003658828698
1005007299468692
1005007440121817
1005005780790986
1005006594477378
1005006995554983
1005004458342754
1005005763228977
1005007438794209
1005007031358812
1005004344081790
1005007017812052
1005007418179070
1005005972913464
1005006767254557
1005003953676009
1005006848654656
1005007113055140
1005007085883395
1005007674515485
1005006069103087
1005005505611981
1005007335281979
1005006631298182
1005001989261024
1005006947663573
1005007093021868
1005007208552153
1005006133288536
1005007075237797
1005006182438748
1005007087769564
1005007397648328
1005007085773585
1005007482149611