1005006081962506
1005006441339281
1005006537809246
1005006441196584
1005006346030147
1005006760392083
1005006440758917
1005006444186446
1005006690952791
1005006381772385
1005006568300575
1005006538198262
1005006380643536
1005006367229085
1005006437093549
32928344999
1005006763814886
1005006352591949
1005006447085241
1005006460840577
1005006421348532
1005006763879267
1005006579324965
1005006717529208
1005006717425514
1005006730428622
1005006381654174
1005002914459212
1005007639116957
1005006768784142
1005006644056590
1005006440693790
1005007290732690
1005006437056844
1005006310190930
1005006643798635
1005006269952557
1005006595231511
1005006335973687
1005006380522393
1005006263098544
1005006358181932
1005006480555576
1005006468522124
1005006445267644
1005006537935542
1005006539040345
1005006266348834
1005006436882557
1005006440376225
1005006441409587
1005006441300798
1005006831579783
1005006440975603
1005006440908897
1005006437127428
1005006717500299
1005006538187754
1005006717037490
1005006572207607
1005006436927780
1005006441445512
32755410779
1005006814555115
1005006786304180
1005006094504052
1005006917613900
1005006538227179
1005006445410115
1005006691567896
1005006441306536
1005006437094593
1005006552744321
1005006468037744
1005006367862643
1005006544786147
1005007342389584
1005006333170524
1005006332974168
1005006394408702
1005006380390922
1005006441380723
1005006538006241
1005006763847662
1005006466983385
1005006643760746
1005006455634637
1005006468868777
1005006422011177
1005006693543101
1005006763808868
1005006485176344
1005006279530828
1005006693010073
1005006441518243
1005006763973461
1005007103297162
1005006948064164
1005006535319462
1005006445381051
1005004713460899
32822883823
4000349523586
1005006761119263
1005006441483295
1005006444806947
1005006692158708
1005006381785267
1005006471349902
1005006437104395
1005006644180762
1005006480631524
1005006768791236
1005006461953574
1005006443034235
1005006530766133
1005006468463112
1005006699608075
1005006856998786
1005006437102558
32853019229
1005006530896166
1005006441003671
1005006746919564
1005006445539205
1005006641464138
1005006380660009
1005006468990466
1005005203957273
1005003342856837
1005006468804417
1005003846416551
1005006420559762
1005006444202439
1005003349632537
1005006526879667
1005006385071097
1005006469200728
1005006441172935
1005006763989473
1005006441228776
1005006455545640
1005006693240473
1005006857316861
1005006499687220
1005006440604532
1005006441399831
1005006437065548
1005006437012299
1005006441201868
1005006856949757
1005006445508350
1005006484965576
1005006441148583
1005006685978705
1005006763913686
1005006654170510
1005006441262263
1005006440869609
1005007458154452
1005006399404909
1005006469073122
1005006469041336
1005002023180327
1005006764220253
1005005262799717
1005004720354208
1005006436848374
1005006524773487
1005006332168817
1005006588362329
1005006436267394
1005006525866137
1005006437079553
1005006332333899
1005006436903323
1005006442570014
1005006296859063
1005006437157070
1005006292957167
1005006366930028
1005006857617256
1005007614981759
1005006441072251
1005006440746475
1005006352628328
1005006332733328
1005006683022655
1005006643885668
1005006619707809
1005006456450337
1005006785058266
1005006593590352
1005006760721793
1005006420556643
1005006381671634
1005006440281238
1005006285831424
1005006585499068
1005006589543337
1005006699520949
1005005024139805
1005006751091591
1005006437029844
1005006468713965
1005006763970610
1005006332374811
1005006468986840
1005006469029766
1005006467908037
1005006441362277
1005006381370228
1005006441202218
1005006379320804
1005006857341895
1005006357923384
1005006441367923
1005006336465107
1005006445235933
1005006441406708
1005006379391526
1005006384899758
1005006357950879
1005006345985505
1005006419688212
1005006693766707
1005006420604372
1005006440775710
1005006444513796
1005006398755922
1005006524066185
1005006585254485
1005006436881381
1005006830299570
1005006441293792
1005006440973004
1005007500303520
1005006462470037
1005006437060062
1005006494341941
1005006436780245
1005006829032712
1005005133950755
1005006441011063
1005006538169858
1005006727763824
1005006279686074
1005006441219073
1005006699416511
1005006585105029
1005006467723779
1005006857263847
1005006525748387
1005006692427959
1005006440319732
1005006891750323
1005006436698630
1005006258746342
1005006595012336
1005006441519087
1005006332984157
1005006537987716
1005006441256642
1005007227859516
1005006380881609
1005006768604704
1005006380597787
1005006437135212
1005006440989811
1005006439503871
1005006380197186
1005006357880275
1005006336384329
1005006530842105
1005006643661212
1005006437061151
1005006440190737
1005006380573084
1005006436757628
1005006380842662
1005006530720407
1005006440304877
1005006455456573
1005006469228401
1005006467279422
1005006638144452
1005006699316761
1005006538219102
1005006333094764
1005006278994229
1005006389929615
1005006693658063
1005006333097829
1005006699543821
1005006416668116
1005006468851879
1005006441328542
1005006441385503
1005006440181768
1005006441422820
1005006579852252
1005006345561598
1005006520053557
1005006744310000
1005006436991659
1005006381599987
1005006762303453
1005006352805239
1005006584590474
1005006441401224
1005006441184917
1005006499576535
1005006539584872
1005006440536663
1005006698397608
1005006444951484
1005006790312145
1005006441248746
1005006672948260
1005006593718029
1005006523775544
1005006763727651
1005006693519717
1005006524690942
1005006333158679
1005006468302221
1005006436666710
1005006441237922
1005006441219074
1005006354557700
1005006440522060
1005006440167959
1005006468912968
1005006538667299
1005006279657059
1005006664015657
1005006524979335
1005006380166349
1005006444948538
1005006431189159
1005006370117360
1005006461766318
1005006348852774
1005006294474042
1005006381040061
1005006436419536
1005006480317140
1005007355216346
1005006254445141
1005006462566275
1005006301584173
1005006348806069
1005006440548755
1005006440782213
1005006440742222
1005006762142835
1005006332879620
1005006394337948
1005006421504063
1005006584199513
1005006443980969
1005006442749151
1005006442645900
1005006577276780
1005006457038460
1005006568988408
1005006440979648
1005006461970468
1005006379914971
1005006336295467
1005006520667723
1005006440399166
1005006829231069
1005006480549624
1005006411218760
1005006479877691
1005006784885872
1005006441474299
1005006723839489
1005006667448195
1005006763986051
1005003668269013
1005005252306649
1005002099827053
1005005852266007
1005006460752526
1005006451873987
1005006417678613
1005006422506216
1005006310258568
1005006530776412
1005006371776229
1005006422482294
1005006763922559
1005006552425559
1005006595288488
1005006479846782
1005006584453176
1005006447452744
1005006691685451
1005005016981390
1005006448365666
1005007161165493
1005001369568669
1005007394029159
1005007361722401
1005006436856915
1005006829138444
1005006829121530
1005007582428356
1005006290188766
1005006314146969
1005006371002140
1005006469135853
1005006642430537
1005006348625641
1005006480436608
1005006529945026
1005006494782925
1005006439571442
1005006763746569
1005006294449128
1005006643642396
1005006544504390
1005006440639456
1005006372354755
1005006538094158
1005006468850144
1005006694030075
1005006821779452
1005006372372693
1005006490520266
1005006435271649
1005006500301232
4000320835651
1005006441383734
1005006440928477
1005006332655831
1005006333080289
1005006445522114
1005006448110609
1005006468255587
1005006728188898
1005006440767154
1005006440544844
1005006456879788
1005006623062640
1005006436519691
1005006436677618
1005006441257164
1005006437017912
1005006441447447
1005006437118448
1005006440938698
1005006571465522
1005006730227727
1005006444888615
1005006525491090
1005006525659268
1005006692598003
1005006441071170
1005007452848843
1005007811957561
1005007811622990
1005007807675066
1005007807476835
1005007803632240
1005007803585382
1005007797571470
1005007774815888
1005007788836058
1005007778893632
1005007774409681
1005007774667767
1005007774540203
1005007768305920
1005007695908290
1005007762960235
1005007691552474
1005006441155774
1005006440713449
1005006469002693
1005006724411894
1005006485035948
1005006296661556
1005006444116280
1005006440254389
1005006381670564
1005006436640937
1005006891873172
1005006437187116
1005006437149149
1005006436944110
1005006538094147
1005006468880922
1005006524505854
1005006467007798
1005006441390841
1005006538189261
1005006698745242