1005007480129483
1005006406972350
1005007329675946
1005003264075124
1005007582928766
1005006200672134
1005007181463199
1005007171688422
1005007551248540
1005007331036211
1005007219220439
1005006953958033
1005006119302522
1005007330455741
1005006407633832
1005007563440453
1005007403013913
1005007379493447
1005007329009676
1005006421731722
4000714715211
1005007039656683
1005007290387920
1005006130008494
1005007477344789
1005007476323996
1005007100195229
1005007349787925
1005007520680251
1005005056448017
1005007342324172
1005005479071539
1005005611098041
1005006635602279
1005006195794156
1005006545441979
1005006479385364
1005006846015794
1005007379349799
1005006126724233
1005006475496719
1005007458639756
1005007433765255
1005007420766297
1005007473644613
1005005905189060
1005007473883043
1005007401136357
1005006734307613
1005006788812459
1005006788589985
1005006815608362
1005007496763498
1005007136532625
1005007581088774
1005005921868170
1005007494324306
1005007015534835
1005007396813382
1005007290297535
1005007150006491
1005007001541236
1005007091219777
1005007614191540
1005006408495360
1005006859826593
1005004082896378
1005006477142546
1005001856636096
1005006765178150
1005006486134890
1005006841849128
1005006485904395
1005006841792478
1005007004451006
1005006841699971
1005005767668448
1005006995396957
1005005678779190
1005006081841443
1005005678639834
1005006344167494
1005006812589208
1005006855981658
1005007664404129
4000926183994
1005006982650109
1005007246733050
1005006789500190
1005006225054757
1005005792138251
1005001520435535
1005006565352532
1005005557885403
1005006841690337
1005005748748487
1005007379393752
1005006891284540
1005005579475397
1005007104510392
1005006604781144
1005007228853164
1005006917532701
1005007550132030
1005007208638954
1005007663524035
1005007402897932
1005004966884860
1005007069297758
1005006734978177
1005007290502273
1005001431617406
1005006768144260
1005007663680238
1005007403004165
1005006812593189
1005007349682982
1005007477411014
1005006358065543
1005007403792230
1005007310604800
1005007576749602
1005007495900760
1005007379493446
1005007418024485
1005006789168346
1005007618909716
1005002687032071
1005007010509765
1005007383823956
1005007431883552
1005007008884848
1005005800887337
1005005795635067
1005005801024889
1005007228005901
1005007613363040
1005007582892292
1005007392752166
1005007532381015
1005006812355600
1005007662485751
1005006895518519
1005002265339080
1005007476835672
1005007473598789
1005006735420769
1005006832977013
1005006735566382
1005003508608927
1005007223279913
1005007473342966
1005002265205603
1005007649281276
1005007660580424
1005007328060262
1005006991158795
1005006879260946
1005006216803216
1005007199020747
1005007341848609
1005007341843607
1005007341677727
1005007276190798
1005007473873365
1005007403005509
1005007329514734
1005007554940780
1005007353691831
1005006358666632
1005006702970191
33041985440
1005005675341542
1005007457015395
1005007004198192
1005006490014324
1005005395752110
1005007497820734
1005007279065241
33030454203
1005006015755821
32846172518
1005007431563329
1005007520224457
1005007503433052
1005005468711685
32952856439
1005007232960835
32982835167
32955670273
1005007276487379
1005006136669524
1005005978255774
32920057911
1005007099153331
1005007583799590
4000437395429
1005007119410123
1005006156257766
1005007597019853
1005007339490315
1005004536210444
1005002555213888
1005003822758144
1005005915294648
1005007399717584
32767378991
1005007627794461
1005006942364928
32998303054
1005007293820253
1005007576920295
1005006858252905
1005007589217226
1005007046842379
1005004458404391
1005005959450972
33041058610
1005005530726539
1005006938259429
1005005808996523
1005007621461940
1005005872148181
1981061517
1005005959668095
1005006046965794
1005005826443132
1005003329003540
1005006078314294
1005006261007063
1005007548867360
1005006989662317
1005005853781214
1005006484361024
1005003991165349
1005004756784178
1005005449916888
1005006051238022
1005007371481724
1005007444591191
1005005123794763
1005006829360395
1005007156443573
1005007439525920
1005007264487121
1005007298121874
1005006331082883
1005005789796272
1005007347519767
1005006001391238
1005007280342800
1005007379080932
1005007146785568
1005006247047762
1005007016425039
1005006789964502
1005007678601891
1005006385245545
1005004914890004
1005007289343670
1005007390269321
1005007432928246
1005006542535892
1005005248369666
1005006038126223
1005006165175076
1005007436123511
1005007124457559
1005006981984165
1005007634318022
1005007268406266
1005006661795563
1005007644466703
1005007015382593
1005004312970686
1005007587290688
1005005535462933
1005007379205543
1005006753475307
1005006585846294
1005007198727002
1005006754688906
1005005233607408
1005003598842151
1005006239664887
1005003898037846
1005006429990151
1005003671539820
1005007289352637
1005005358814906
1005007501091236
1005004923142578
1005007135973448
1005007166330946
1005006114283686
1005007498301542
1005007503535840
1005007126736585
1005006645500074
1005007087478634
1005006827298010
1005005899609909
1005004821374543
1005006068281067
1005007613391349
1005003797574874
1005001407122635
1005007475754079
1005002840184723
1005001287289776
1005006815678104
1005006739084739
1005006622389021
1005006000425075
1005005897880505
1005002388872481
1005002204322545
1005006587736592
1005006981889868
33034740993
1005006319470483
1005004464411071
1005003772590905
1005006334238227
1005007812198460
1005004577770047
1005006955277127
1005001737296515
1005003692350469
1005004207177370
1005006447304779
1005004838989699
1005005397239272
1005004620398920
1005005444094928
1005007427214117
1005005882896042
4001196934181
10000053212316
1005007459962588
1005005575299117
1005003195707558
1005007408558122
1005006999724804
1005004543043997
1005006953831943
1005006511611075
1005007683098705
1005003293223821
4000574814024
1005005909612739
1005007683080850
1005007018937553
1005006915816822
1005007122724481
1005005343011310
1005007681523964
1005007683021901
1005007674400686
1005003779565106
1005006826555937
1005007683833369
1005007683614360
1005004038421247
1005007677501616
1005002129292512
1005006889976557
1005006008125968
1005006301641377
1005006468197623
1005004022239433
1005005796688337
1005006055970006
32879818991
1005006057193664
32968870076
1005005820358743
1005007178413970
1005002663611561
1005005178733465
1005004758326360
1005006070980598
1005006669847847
1005006619392649
1005005972658259
1005005944960506
1005007102768368
1005007102771544
1005007551028607
1005006849733484
1005004996854661
1005004523407572
1005007457795251
1005006679715500
1005007037571156
1005006679694667
1005006685260700
1005006685129852
1005007346481652
1005006680207449
1005007008644067
1005007759616346
1005007707469658
1005007763240319
1005005754162617
1005005918139695
1005007006244313
1005006685115828
1005004192435859
1005007798934039
32900504149
32943296090
1005005448381238
4001124774929
1005005406441868
1005007495236986
1005007267420940
1005006347924642
1005007122354016
1005006298876581
1005006475574127
1005005047710676
1005006340695592
1005007144203807
1005007661744145
1005005871193275
1005004905057366
1005005996670668
1005006156861844
1005007500808637
1005001844159358
1005005684235222
1005003978135279
32954182199
1005006311426189
1005003585911693
1005006798236814
1005007145680442
1005005719811897
1005007270741331
1005004593546408
1005005511395103
1005005406465390
1005005292238210
1005007352325340
1005006977890073
1005005763485099
1005006056468737
1005007138068493
1005006129638663
32704297972
32814342196
1005005144193370
1005006370951839
1005006984669487
1005007588363368
32227808342
1005005466705910
1005006711661514
1005005698574722
4000205357232
1005004420997599
1005006609181469
4000570462812
1005004418422028
1005004967331564
1005006784831856
1005007592155748
1005005951835053
1005007777125224
1005007777050303
1005006318727388
1005007696712838
1005005905910955
1005003283622991
1005007517789330
1005007240597827
1005005535088155
1005007239898190
1005003282697668
1005007385069601
1005007637691256
1005007612774529
1005007435535621
1005007637361396
1005007458511253
1005006889662790
1005007618734124
1005007630351363
1005007667991482
1005007235543081
1005007574337464
1005007604308383
1005007309000196
1005007287655130
1005007660249553
1005007817032305
1005007218282295
1005007219829457
1005007772439745