1005006123446827
1005006851438129
1005001646072292
1005007233583076
1005006108863870
1005007503824691
1005006545858309
1005006708458985
1005006935095243
1005006977185230
1005007476335883
1005007449015508
1005007575986681
1005005982962094
1005006573570071
32913240753
1005007659828625
1005006422262720
1005006412315338
1005006435273510
1005006764059410
1005006490618124
1005004986088623
1005006362208514
1005007458895463
1005006285976251
1005002871937281
1005006214988734
1005007213199764
32875217446
1005006954789351
1005007492982974
1005007356275994
1005006092144603
1005006584844108
1005007449125634
1005007574999784
1005007471533175
1005005216811965
1005006396065122
1005007136917028
1005007232531187
1005005992277159
1005006925728347
1005005986885345
1005006545214448
1005006753234949
1005007471611637
1005007477209434
1005006543344808
1005007534004119
1005007550250114
1005007477368331
1005007162314141
1005007588354792
1005007460512027
1005005163720122
1005007555061979
1005007148462548
1005007298673706
1005006738880908
32875662898
1005006296287385
1005007237827477
1005002276856811
1005007198167186
32860718557
1005006975029753
1005007622073379
1005006588746538
1005007533687909
1005007486010492
1005007085741304
1005006622468419
1005006952273491
1005007553802470
1005006373513296
1005002418999929
1005007511770964
1005006797757840
1005004934118825
1005006779192819
1005006831368581
1005006372406181
1005006845771741
1005005690055941
1005006092304456
1005007459466763
1005006548730496
1005007094363644
1005007456492526
1005007542815048
1005007443518363
1005005860721635
1005007180067460
1005007015151126
1005006034792939
1005007515373614
1005007592705549
1005007585239686
1005007498886761
1005005319517963
1005006065572814
1005006583359086
1005006141606328
1005002504712375
1005007500583481
1005004242264098
1005007367358950
1005002672400867
1005007523136180
1005006634159595
1005007420218828
1005007316031634
1005005431350812
1005006851200296
1005003649089418
1005006384036008
1005007503583390
1005004958280932
1005003921710148
1005007572040447
1005004647761070
1005006421378403
32878273445
1005005922398010
1005006373930693
1005003921443950
1005003712700519
1005007567425743
1005001968736362
1005003504976833
1005007542586277
1005006548523494
1005005926403066
1005007573970905
1005007033173994
1005007196658522
1005006952220781
1005007340404212
1005007444168037
1005003117848331
1005006093895668
1005007267454114
1005006372500266
1005007496672262
1005005733002546
1005007576646654
1005006362222360
1005007266251961
1005007530877328
1005007583489587
1005005817426005
1005007561248519
1005006320862817
4001195427706
1005007590366070
1005007505447808
1005006772142439
1005007521805083
1005006358004918
1005004179338971
1005005970236111
1005007543190098
4000811062175
1005006582267781
1005006372354444
1005006651901489
1005006908837162
1005007151759163
1005006372285736
1005007496648348
1005006816433138
1005005517953160
1005006481207746
1005005570918188
1005006959799584
1005007514663196
1005007450916828
1005007099038103
1005006372255959
1005007423886409
1005007578728422
1005007097250279
1005006422237764
1005006022880683
1005006690456939
1005006426322264
1005007444241974
1005007444249847
1005007498438449
1005006233170082
1005006426383014
1005002749679913
1005007587941778
1005007444219898
1005007444787549
1005001705786557
1005007572352977
1005005349296778
1005007340396338
1005007586635693
1005007399549580
1005007582053749
1005006426245542
1005006233126178
1005005225611236
1005006426362140
4000531703403
1005007586929919
1005007586609810
1005007550517464
1005007656676615
1005007674628067
1005006395003257
1005007481892858
1005007411392042
1005007454610948
1005007444881190
1005007467189919
1005002069910208
1005005785902444
1005007659743831
1005007686016438
1005007677437974
1005007676278213
1005006408293421
1005007686342010
1005007676858447
1005007676800597
1005007676959195
1005007677054110
1005007687398512
1005007575800111
1005007685349094
1005007683810128
1005007678559330
1005007678160870
1005007709309959
1005007709452576
1005007709548038
1005007709417683
1005007712846224
1005006165907792
1005006375173360
1005007481219745
1005006950899283
1005007589973520
1005007337398377
1005006121626502
1005007756741072
1005007741068282
1005007702170387
1005007712672691
1005007825662258
1005007825645272
1005007720896895
1005007717721011
1005007803040076
1005007767537751
1005007816056747
1005007763326537
1005007820674374
1005007820547763
1005006878714102
1005007536412490
1005007460338915
1005007433382470
1005006426184908
1005007420632206
1005003715662376
1005006794278205
32870518164
4001261402552
1005004191134487
1005005922333395
1005007524012081
1005005007496139
1005005780805950
1005007198609427
1005006335474306
1005001800655836
1005005858776570
1005007208873548
1005006952220782
1005007357881234
1005005191089752
1005006951083239
1005006708619594
1005005613849969
1005006253034538
1005007582196758
1005007587137964
1005007340205201
1005007578685069
1005005318242851
1005007524111629
1005006313374189
1005007444655163
1005007810962670
1005007766923808
1005007801549737
1005007807491363
1005007803648394
1005007806636015
1005007806561372
1005006454372600
1005007803682677
1005007803302713
1005007803367140
1005007783834850
1005007800610142
1005007800396574
1005007800218360
1005007799831202
1005007780412698
1005007797061362
1005007723153448
1005007794948806
1005007751539198
1005007794458757
1005007793736775
1005007772260238
1005007789971888
1005007716371997
1005007689878167
1005007732171217
1005007787911661
1005007732787167
1005007519500884
1005007118940212
1005006375202172
1005007345973866
1005006428528252
1005007762223342
1005007727414040
1005007737611233
1005006648600318
1005007552166133
1005007349279075
1005007600596843
1005007010813975
1005007369952156
1005007760044053
1005007603014215
1005007495294818
1005006869807757
1005006422302613
1005007146789700
1005007613364550
1005007276231613
1005007337406473
1005007346683103
1005007353882714
1005007337297953
1005007821133874
1005007504855154
32967455767
1005006851074546
1005007677870762
1005007301327553
1005006667451366
1005007341721181
1005006016269921
1005007345260346
1005005832733467
1005006786945615
1005007307304806
1005006738361723
1005005621977510
1005007514547553
1005006359507663
1005006367477999
1005006241115130
1005007341382568
1005006630483435
1005007662342245
1005007702616707
1005007677186924
1005006614612748
1005007525255575
1005004222350095
1005001530637863
1005007791626990
1005004831430621
1005006267061609
1005007729970798
1005007677476637
1005007778082746
1005007346739414
1005005968575413
1005006869510401
33011559764
1005006917311498
1005002636564399
1005004948931407
1005007254791871
1005006674458344
1005003440889971
1005007612917950
1005004948094414
1005007677937156
1005006227824688
1005004948074713
1005007676960847
1005006266503140
1005006850167236
1005004814199378
1005004731324600
1005006872363358
1005006533081393
4000509779363
1005007677962028
1005006829416603
1005004948070823
1005006859867783
1005006283072539
1005005877031870
1005004234778364
1005005287027254
1005003803926465
1005004738341273
1005001355020294
1005007688638419
1005006985483072
1005007456605298
1005001469962532
1005006394452150
32970193285
1005003695672508
1005004259564109
1005006279387782
1005007802931061
1005006978606997
1005005405787713
1005007559853910
1005001873204809
1005006655484585
4000387561436
1005005747244802
1005002605946041
1005002254992382
1005006436026334
1005004831355555
1005004683719708
1005006411460424
1005007688571496
1005004666943097
1005002053868179
1005006247816809
1005007245579662
1005006371293921
1005005288821869
4000988204667
1005006411553023
1005005313284856
1005006157519254
1005006840418704
1005005405731587
1005006842615866
1005005223684168
1005007245848152
1005006330735239
1005006252484347
1005001387913671
1005006653974852
1005005060953076
1005004910053618
1005006840372854
1005005404109524
1005006411480332
1005006356950529
1005006744435024
1005006844375876
1005006222378620
1005003760535448
1005002370045505
1005006213907559
1005005479581997
1005003138418462
1005005953128679
1005004910262061
1005004221159822
1005006511706039
1005006461831682
1005006375935009
1005006840751808
1005005526724445
1005005586133671
1005004910365062
1005005409358826
1005005286701544
1005006634263672
4000132532172
1005006740293099
1005007567354997
1005002587001218
1005006998732483
32506235417
32998599216