1005006838625763
1005006773214069
1005003422734592
1005006861349432
1005003189735108
1005006838746985
1005007406865626
1005007364615968
1005006349167369
1005003385806179
1005007040917332
1005006242278665
1005006219634857
1005004812998076
1005006613880895
1005007182428215
1005007183287701
1005006787810304
1005007391148038
4000019239655
4000580114644
1005006384463615
1005006838836602
1005006210929059
1005001943035770
1005003621944143
1005005752885295
1005007429674637
1005005254184306
1005007600266786
1005007211806062
1005006002548453
1005004892969225
1005007670095289
1005004642598552
1005004679810600
1005007378080805
1005001713505463
1005002982187118
1005006994606309
1005005924960143
1005003472999467
1005007658217746
1005006227275614
1005007666543993
1005007480598727
1005006062788534
1005003473048551
1005007590049468
1005003671581550
1005005583125926
1005006242341185
1005007047603680
1005006614087443
1005007666867436
1005006838370974
1005001612724723
1005007319331373
1005006838962180
1005003528404200
1005006312736299
1005006970369187
1005004849902664
1005006360534094
1005006205629353
1005006059818493
1005007183782684
1005005984191928
1005006252263560
1005006274800447
1005006768604285
1005006326824293
1005005002228785
1005006275029266
1005006063199969
1005006039912067
1005007190129898
1005002272684043
1005004509848060
1005006252042531
1005003333856380
1005007639367969
1005007444119225
1005006591399198
1005005042643141
1005006215706325
1005003142731742
1005006302765004
1005006113230057
1005005010871719
1005007213143185
1005006096044551
1005003265555845
1005006241060804
1005003404186214
1005003707504040
1005007610488517
1005001844576484
1005005810041381
1005004797972749
1005006608559192
1005007632501521
1005006608986380
1005006273003219
1005007018815370
1005005010715937
1005006655294233
1005006894164590
1005006382234621
1005006001882829
1005003303494026
1005006323194225
1005004708976596
1005006220142163
1005006096236597
1005007571009200
1005006839001140
1005003376544644
1005006215610136
1005006076629467
1005007394501532
1005007079407580
1005006145231826
1005003001829116
1005001804462539
1005007349510272
1005007018810363
1005006001593953
1005003232537491
1005007395788755
1005003516866646
1005006778858971
1005007168768308
1005004498287734
1005006258174555
1005001362172253
1005007538016483
1005007237060768
1005006970182762
1005007047892042
1005007299131890
1005003009408057
1005007758144154
1005006220328525
1005006140025149
1005003880484117
1005007431116040
1005004799890873
1005007407834416
32769193232
1005006075649342
1005004994831523
1005007700450688
1005007565384131
1005006110838351
1005006291670120
1005007399820758
1005006612729330
1005006763468222
1005006977139351
1005002047401134
1005006034084686
1005006299416567
1005005960693700
1005005960804327
1005005960709433
1005007761311659
4001084366389
1005007778682481
1005007774861122
1005006328474198
1005007773493592
1005003693977246
1005004849901531
1005007371212694
1005006058802963
1005004906279533
32830895856
1005003285129513
1005001676760187
1005006886034032
1005007395913367
1005004845544748
1005006879335029
1005003000698112
1005006207746479
1005003447082097
10000314229250
1005004032432353
1005003414058207
1005004290622206
4000305458748
1005006236842553
1005003208354313
1005007545565945
1005007001158095
4000780628618
1005005928676972
1005006861299571
1005004355912405
1005003080866195
1005003192897411
1005004708687419
1005006909576719
1005006607745306
1005006878428561
1005006607698195
1005006607408566
1005007446840292
1005004841065017
1005006058832696
1005003446878590
1005002044538455
1005007137714488
1005006909698220
1005003285133301
1005004661810366
1005007470086504
32889581739
1005007494357167
1005007494926166
1005007824067188
1005007823480997
1005007823528646
1005007814346309
1005007732240228
1005007766236470
1005007760629626
1005007747696373
1005007820621069
1005007760723215
1005007769829246
1005007766864798
1005007766943810
1005007767005534
1005007769884155
1005007769941071
1005007814190767
1005007770708465
1005007792420114
1005007774096572
1005007806871057
1005007806613872
1005007806224030
1005007805426549
1005007801135662
1005007803276880
1005007802829620
1005007801272107
1005007801177463
1005007801023992
1005007793521591
1005007799736446
1005007714198825
1005007795833258
1005007774185356
1005007794470201
1005007299205712
1005007801043800
1005007794313390
1005007794158582
1005007779458905
1005007791897652
1005007767805548
1005007767985170
1005007767742802
1005007756678122
1005007788501167
1005007772739880
1005007705827691
1005007767065285
1005007706003461
1005007712724859
1005007712071864
1005007783892310
1005007776247742
1005007700016772
1005007765660947
1005007713249554
1005007770063976
1005007770217253
1005007767089981
1005007761089131
1005007760255349
1005007752945742
1005007740066721
1005007728497769
1005007727952064
1005007697161665
1005007714411101
1005007475975513
1005007694873348
1005007702222547
1005007710238043
1005006977109158
1005007702235891
1005006605372997
1005006614635066
1005007047924022
1005006878257926
1005006607670237
1005006613860452
1005006623721580
1005006613860365
1005007568193448
1005006194252434
1005006608777962
1005006620492133
1005006345981686
1005006959919491
1005007005309933
1005007181600490
1005006624428420
1005006605720793
1005006879699813
1005006607851649
1005006613756484
1005007390999157
1005006608486723
1005006967268447
1005006878202575
1005006632295236
1005007040008738
1005007236674495
1005006739538128
1005007361456544
1005007767943261
1005007301060441
1005006871049110
1005007025555333
1005006170265133
1005007025208767
1005005923969701
1005006797784919
1005006885314770
1005006356259020
1005007043902055
1005006646991866
1005005907719918
1005005590567357
1005007350264488
1005007582167295
1005007614397981
1005002748057994
1005006131925366
1005005853845701
4000165521932
1005006665866217
33013818243
1005006851232097
1005005582131424
1005006796934622
1005007143263136
4000903965932
1005005864956380
1005006428976306
1005006963240878
4000907559204
1005007394095340
1005006353013953
1005006495144533
1005007182089769
1005007433747164
1005006177055185
1005005700154765
1005006196090771
1005005554711829
1005002927671655
1005006475410229
1005002254517490
1005006566014243
1005007021421065
1005007143288104
1005006494320097
1005005386961218
1005005540730540
1005006427723643
1005003750329610
1005006233772010
1005006676772854
1005006832403974
1005006458520053
1005006992185472
4001129073706
1005006207595368
1005003120344857
1005007104931989
1005006136097342
1005003256019089
1005006565620928
1005006387243719
1005006940773851
1005005884381211
1005006124527129
1005005955275158
4000097987077
1005004041396366
1005007543620298
1005006827825409
1005006116429043
1005005801773254
1005006084020337
4001261112636
1005007130102508
1005006589171942
1005006771366685
1005007208824235
1005005232817748
1005007128846571
1005006993868030
1005006800248925
1005004894268356
1005006063229391
1005007216883159
1005006298447242
1005006692716782
1005007462125430
1005007213982280
1005006085143075
1005006893347379
1005007129235759
1005007442020194
1005007259027841
1005007524230816
1005005724140722
1005007083854793
1005007274393414
1005006068079036
1005007022110262
1005007481850280
1005006948767453
1005006872460034
1005007431094385
1005007176146336
1005007301671259
1005007377074113
1005006374407353
1005007042624799
1005007423580120
1005007282299539
1005007181533883
1005007390861629
1005006594212146
1005006273804372
1005007257296580
1005006909795402
1005007186876545
1005006881741665
1005006051279741
1005006408622872
1005007204871572
1005007408890942
1005007414048316
1005006063410028
1005006792923268
1005007469599363
1005003809569886
1005006158350630
1005007068277009
1005007552491689
1005006873763457
1005007017836056
1005007168089774
1005006030062861
1005007109995045
1005007138555938
4000437605945
1005006832274323
1005004865583826
1005007550200845
1005003984837844
1005007432583998
1005007181724338
1005006916969242
4001275811230
1005006802865063
1005006908802301
1005006160681421
1005007377891840
1005005720886660
1005007455018066
1005007246489669
1005007406566276
1005007500703184
1005007274643943
1005007086532531
1005007057515847
1005007220246662
1005007098081676
1005007389367176
1005007467086088
1005007175045521
1005006947283869
1005007184546218
1005006837132035
1005007120936973
1005006223774926
1005005187194511
1005007366737960
1005006427397315