1005006744236711
1005006775184555
1005007000149601
1005007581534664
1005006643191909
1005007191275573
1005007545341709
1005005882401533
1005006748148411
1005007184413475
1005006858597927
1005007475318298
1005006049446424
1005005097891094
1005003942532259
1005007372595772
1005006743707319
1005007310910596
1005006626860241
1005003324728919
1005006796517864
1005007316382898
1005007150212276
1005001996621699
1005004605114275
1005007322638843
1005006771133165
1005006049082317
1005007398218673
1005006932434790
1005006981074621
1005007448365693
1005007001720537
1005006854532175
1005007287973301
1005007479371652
1005007277974273
1005005919001853
1005007082337720
1005007226205956
1005006988394527
1005007252217966
1005007550045044
1005006788285687
1005006711929866
1005007404813010
32722493070
1005006875613946
1005007295214367
1005006473063432
1005001962205996
1005006964199793
1005007046704757
1005003075036675
1005007480064325
1005006430390269
1005006920100286
1005007138620683
1005006407798502
1005003607444216
1005004385607150
1005005791130274
1005007475388616
1005007421583161
1005006996679499
1005006358567659
1005005953799782
1005007493018804
1005007186792169
1005005757774034
1005007446219985
1005006762504850
1005007143555135
1005007101842547
1005007401637496
1005007143057475
1005007066834950
1005006622742963
1005007528301486
1005007337405901
1005004743780887
1005007317731437
1005006989408149
1005006469073421
1005005304897690
1005006871269571
1005006833995313
1005007169686784
1005006686330872
1005007199207222
1005006032844553
1005007568090264
1005006964582956
1005006772957000
1005007076988587
1005007325880239
1005007465068448
1005007076206071
1005006989103081
1005005955600836
1005007310284920
1005006964326546
1005006853814793
1005007436400751
1005007022273778
1005007473096295
1005006964912176
1005006629325632
1005006659802201
1005007424992624
1005007081066340
1005005925768205
1005007308576980
1005006990251716
32845769963
1005006945571322
32950992380
32322588432
1005007086680201
1005006911750144
1005006907781499
1005007378163027
1005007257929716
1005007321285573
1005007385247103
1005006865179523
1005006493241010
1005002146351924
1005007401865280
1005007426564285
1005007032497623
1005007408884401
1005007077255919
1005007014503262
1005003804279695
1005004727971584
1005007157139006
1005006111502977
1005005850168654
1005006489893943
1005005081332565
1005007228084560
1005002626718372
1005006773046980
1005007096530839
1005007322074538
1005007408849594
1005007233979504
1005006941850719
1005002958783391
1005006167551467
1005007030933166
1005007265726862
1005006073034068
1005004066070293
1005003255986967
4001208563644
1005006826411725
1005007192741031
1005007170082307
1005007449855962
1005004114113339
1005006834352406
1005005642929414
1005006919108466
1005007521561104
1005007167023180
1005006887449906
4001341660890
1005007480713386
1005006852708248
1005005199790348
1005005108741002
1005006912552603
1005007093690993
1005004775303381
1005007170967014
1005005308537154
1005007210981300
33000523473
1005007166343839
1005006622976551
1005006113837302
1005007002706352
1005005210485575
1005007083521372
1005006716721706
1005007196564513
1005006207934206
1005007093218586
32952594305
1005007464152193
1005007407983374
1005007417514098
1005006110752461
1005005993255174
1005005455165116
1005005008427164
32602678390
1005006712036430
1005006332439873
1005005692810079
1005005055225652
1005007116311547
1005007037363896
1005007475588905
1005007084886076
1005005688363135
1005007501112498
1005007102193918
1005006064039588
1005005693858346
1005007439793103
1005006864854772
1005001789225703
1005003038530827
1005007010380266
1005002466106096
1005006730867949
1005006905020386
1005007486246029
1005004270936010
1005006764972166
1005006724952976
1005006232048321
1005006298327081
1005005807375848
1005001563136972
1005006892480050
1005006310660850
1005006874129911
1005004595353999
1005005557830520
1005006243920184
1005006840405068
1005007399044686
1005007166301044
1005006143164790
1005006922718707
1005007096510255
1005006867157591
1005006429894579
1005006855406868
1005006695053828
4001046402503
1005006004932699
1005007577155582
1005007157091116
4001289728560
1005005622394944
1005005432589472
4001320059772
1005007096358880
1005007666645341
1005004544700375
1005004560721994
1005004556075301
1005006112026645
1005006417849816
1005007475400777
4000392720357
1005004235595321
1005004987993155
1005004852757605
1005004987932204
1005004148281056
1005006804909426
32730258964
1005003315610480
32806826683
32954255685
32872164563
1005004852894731
32730470432
32733836920
32729490666
32806952329
4000095264569
1005004300879940
1005004992745068
1005003524600439
1005007234237659
1005005420943531
32966813586
32917055788
1005004435960804
1005005250712236
32915249785
1005005933863878
1005003507938037
32944692214
32296823405
1005002165308686
1005004608422514
1005004585139597
32968778602
1005007446038941
10000039871683
32983200085
32731768662
1005005979447832
1005004881890886
1005006963013739
1005005489021138
32966905345
1005003444223916
1005004106254821
1005002682053909
33045299865
1005006879331964
1005002682167678
32791019905
32921124208
1005001290818356
32789034397
1416209354
32801162953
1005005538212173
32950854320
33028638456
32957126134
32295837150
32296226169
33048897463
1005007539310945
1005001649296110
4001017791926
1005004095185177
32842228808
10000116191574
32836551768
33018183097
1005005585343400
1005003706818275
32915726183
1005004882073405
1005004113351553
32945912336
1005005979562120
1005002682168087
1005005979599080
32789068759
1005005932348583
1005004161084131
32806209229
32708432899
32809015078
1005006312182628
1005006117987091
32968598747
32806205374
1005007652317670
32826548237
1005007250190161
1005001626932047
10000039929212
1005003706589561
1005006514193953
32826481910
1005004920844588
1005006635509612
4000914312354
1005005288807995
32888860800
1005003315659247
1005006534248758
1005002453748056
1005004383861698
1005004686865784
1005006089956593
1005004084226371
1005006126796282
1005007235881799
33012248247
32861064256
32883992161
1005004013391667
1005006021016549
32733256804
32913555154
32806842157
33019339724
32850193906
32837880937
1005001797362506
4000922079534
32816339673
32802421741
32837928092
1005005199313642
10000116142176
1005006778178148
1005002841378629
1005007317106973
1005005970585602
1005004937163216
1005003395102429
1005003476197579
1005003101408310
32874681172
1005006866590177
4000650247055
1005005975275568
32835048850
1005003426193106
1005006247982917
1005004289586616
1005006594668469
1005006017375158
1005006781687103
1005005203652914
1005007505894788
1005007334856929
32882703018
1005006288362340
1005007110690014
1005007586968303
1005007456170669
1005007341402337
1005005352033331
1005007287762819
1005006371934867
1005007314749565
1005002333458183
1005005221423773
1005007325587425
1005007581540893
1005004134387057
1005006809162775
1005005611904097
1005005590453588
1005007579905989
1005007160476708
1005007500877528
1005006729325373
1005005575512133
1005007438050166
1005007545694186
1005002171625375
1005006382080398
1005007001723183
1005006136730885
1005006585001557
1005007291552809
1005007561517294
1005006904551474
1005007468962844
1005007009954140
1005001781436489
1005007308089086
1005006628565105
1005007039661966
1005007295551098
1005007442598624
1005007274468006
1005006388480296
1005004513835607
1005007253638906
1005005702565816
1005001338647231
1005007268930505
1005006357017448
1005007525089695
1005005227927369
1005007495480687
1005006357889097
1005007599175992
1005006175110903
1005006962077633
1005007135468297
1005005575893956
33012526426
32808525985
1005006980064622
1005006357947414
1005007353712869
1005006712329477
1005007425223011
1005004771455436
1005007525193898
1005006695369793
4001038891945
1005004458572010
1005001813235312
1005004797710593
1005004762241991
1005005468104376
1005002861988155
1005007472390523
1005004584537199
1005005317187590
1005002947257153
1005006085665065
1005006315851739
1005006972217268
1005006397367937
1005007419933391
1005006412809277
1005007197923047
1005005230071753