1005006513511070
1005006421986530
1005002836303033
1005002319722584
730600123
32968643785
2045046360
1005002364078506
1005004298988459
1005006333628086
1005001529325972
1005003901646140
4000319261478
4000955561620
1005005643918740
1005006391557276
1005006424046492
1005005671628100
1005005943672620
1005003582530663
1005004855333754
32827565059
1005006061389086
1005006261961062
1005006015649314
1005006015341696
1005006008612145
1005006015526050
1005004347764420
1005003478503145
1005004966934678
1005004223564009
4001203297883
32863048210
1685959577
1005005043191728
1005001802127607
1005006345401363
1005006278517083
1005001828715367
1005006518075816
1005001848285514
1005003639219766
1005003984755910
4001351476607
1005001798634616
1005002783448820
4001156636904
4000232237024
1005003682093309
1005006106949718
32829398112
1005003447724587
1005005942592877
1005005403997050
1005004993237231
1005003956893590
1005005799031833
1005006422567518
1005006892761292
1005006426104926
1005006982762590
1005006884905059
1005006015828092
1005006008427592
1005006013902494
1005006014506400
1005006013720725
1005006020407623
1005006015420624
1005006015427223
1005006018617083
1005006008486857
1005007393925371
1005006914903025
1005007219750613
1005007456838452
1005006949808058
1005007393928356
1005006109717079
1005007456806998
1005007476907521
1005007443878607
1005007393987160
1005006983477884
1005007476824617
1005007438885233
1005007476690783
1005007476723754
730602693
1005007456821487
1005007446782501
1005007477077208
1005007476639855
1005007476629856
1005007453161635
1005007476659820
1005007181594079
1005002943992188
1005007447078952
1005007447111616
1005007477100176
1005007446767576
730603706
1005007459121903
1005007470681947
1005007447069556
1005003788739741
1005003816795243
1005005163752877
1005006049723389
1005007447309145
1005007447160622
1005005735635412
1005006245907677
1005007452969926
1005007446646914
1005007453638339
1005007456556352
1005007458378789
1005005666771799
1005006302967669
1005006736191414
1005007252007693
1005004698356484
1005007451176383
1005004586908249
1005005443328542
1005005543298391
1005007029570821
1005007280695053
1005007090660601
1005006771083026
1005006770693738
1005006770761574
1005006821841328
1005007254178387
1005007189403212
1005007135308200
1005005903906267
1005007171576905
1005007437770494
1005006789444329
1005006377614427
1005007086818476
1005007189374305
1005007488544029
1005007488295651
1005007488516171
1005007476886569
1005007476582948
1005007484310525
1005007444285549
1005007476813668
1005007261128955
1005007479952153
1005007470841569
1005006381895653
1005007485928599
1005007486129155
1005007473748000
1005006125854863
1005007477568875
1005007458711145
1005007487565901
1005007393481338
1005007471735279
1005007096537322
1005007136004942
1005007487302203
1005006603206063
1005007487359029
1005007486053138
1005007487201415
1005006953305037
1005006983858533
1005007482560508
1005007477622328
1005007479002357
1005007478163352
1005007446223724
1005007478236471
1005007477648694
1005007477681304
1005007468088805
1005007463947123
1005007385220669
1005006160469051
1005007097181414
1005007267250442
1005006959883087
1005007164028979
1005007375832773
1005006959647786
1005007337872821
1005007084861004
1005007408799807
1005006806164785
1005007093390671
1005007248992457
1005007164830920
1005003218089262
1005007248121653
1005007309631379
1005002176450672
1005005259253739
1005007261655196
1005005589888631
1005005589888635
1005007440285472
1005005509091277
1005002956240890
1005001321112029
1005006231778001
1005007277947479
1005003472756542
1005007408803131
1005003853315840
1005006734716612
1005005861445489
1005005854501413
1005006734267256
1005004924600296
1005006678238149
1005005899853820
1005007203750198
1005006160007666
1005007474078764
1005007091814892
1005006127219155
1005005837849721
1005007037656358
1005006990516911
1005004586863790
1005007202593372
1005007257604119
1005004924617239
1005005762233643
1005007017326980
1005003188867788
1005007137468859
1005006291758196
1005007394104805
1005006678212221
1005006188996280
1005007260534432
1005007469065563
1005006341482124
1005007378749225
1005007247772236
1005003222778299
1005005669811188
1005005896588623
1005005850894205
1005007446738211
1005007259706131
1005005989955811
1005006106540170
1005006377564603
1005007323351552
1005005449869141
1005007279843841
1005007469417583
1005007407910677
1005006599796811
1005005380410878
1005007040020215
1005006585958393
1005006794072188
1005006237514301
1005007135140279
1005007346996574
1005007215491898
1005007391760312
1005006844674393
1005007163961746
4001076942632
1005006377034706
1005005583716592
1005006975419537
1005007338092020
1005007202613514
1005006867315206
1005007409751287
1005007262424174
1005007421824653
1005007273671690
1005007409593687
1005007117404047
1005007443148138
1005007437456950
1005007354193735
1005006507578538
32898582526
1005007342531657
1005006328465022
1005007257921924
1005007422522504
1005007444046194
1005007305803661
1005005862353907
1005007352706480
1005007444057498
1005006439610326
1005007440043250
1005007428017306
1005007073443838
1005006006226526
1005007232301163
1005007434220023
1005007427923704
1005007207309380
1005007207175368
1005002616353243
1005007393762875
1005007393998110
1005007421654225
1005002941648456
1005007155759009
1005006995525106
1005006994730546
689401494
1005007217229071
1005007273563949
1005007300310189
1005007349426071
1005007300204597
1005006275531387
1005007257723076
1005006856002769
1005006208464720
1005006375941226
1005007019133204
1005006985172922
1005005253950108
1005005875820014
1005007221778762
1005003096652972
1005007126197751
1005006778860164
1005006965743923
1005006636919507
1005007255770363
1005006809346676
1005007060602973
1005006410562421
1005005956887839
1005007267381039
1005002494274984
1005007286703982
1005007280754653
1005007442622507
1005006782502797
1005007404395399
1005007443925480
1005007145264533
1005007458913371
1005007473736662
1005007389697460
1005005688208693
1005007488454039
1005007488357189
1005007474941141
4001050271991
1005007480582612
1005007452953689
1005007482256179
1005006638047149
1005007474991946
1005007487974996
1005007478177052
1005006714637291
1005007482037980
1005007482057974
1005006665816514
1005007485265316
1005007486118553
1005007477295149
1005007483802801
1005007481631626
1005005809618131
1005007485204354
1005007481866152
4000947409324
1005007484273755
1005007483843777
1005007478093290
1005007480617494
1005007477601939
1005007480172951
1005007145037906
1005007475318793
1005007477712820
1005006375700972
1005007476746741
1005006270128786
1005007483391917
1005007481122410
1005004076455946
1005007488189250
1005007473052521
1005007488144178
1005007468955726
1005007487705723
1005007476547539
1005002778493378
1005007469738241
1005007471325471
1005002389315250
1005007483790939
1005007081646264
4001278727776
1005007455660006
1005007451790799
1005007466235509
1005005904389562
1005007465020910
1005007465033901
1005007465315260
1005007465474698
1005007460622367
1005007477710081
4000794639231
1005007462200641
1005002787657125
1005007006443195
1005007438785750
1005007407115235
1005006387048300
1005007009633247
1005007454820982
1005007453168096
1005006275105318
1005007391792715
1005006125150883
1005007439837168
1005007450015093
1005007075857804
1005007446881847
1005007441144314
1005007441333624
32898608092
1005007440185008
1005007439828812
1005007380920855
1005007379031972
1005007358634478
1005007290363346
1005007280570940
1005007290290733
1005006519596629
1005007117029743
1005007312143378
1005007347462043
1005006913139931
1005007343745974
1005007318569992
1005002134519105
1005007323139220
1005007329120460
1005007329240209
1005006954026706
1005007320339250
1005006734581682
1005005518250011
1005001392429439
1005007178552273
1005003172299237
1005007130563888
1005007225026256
1005007129775450
1005002797165332
1005007200081073
1005007036650151
1005005061016720
1005003311479388
1005007179328504
1005007004637366
1005007145173362
4001192906649
1005005061067377
1005006236023843
1005002791472516
1005005060959822
1005006897413540
1005004717020133
1005005527713847
1005004468506211
1005004621670605
1005005975609732
1005004211155115
1005005809512569
1005005028291531
1005006011685966
1005005640076276
1005006756506839
1005006105286989
1005006356876899
1005005775391991
1005005027837641