1005002098809851
1005001848152682
32849818468
33000649948
32766521794
32996142330
1005002827120184
1005006464216140
1005002090036390
1005004791653927
1005001965161243
1005002319661990
1005002089953868
1005002089980819
1005001848142455
713081626
1005002100701647
1005001908137777
1005002099242240
1005003440221086
1005006168832248
1005003421932653
1005006480985895
1005005741959495
1005001524450953
1005005643910809
1005002751562264
1005001770153267
1005002751318482
1005001651871988
1005001524644826
1005002111131733
4001333232554
1005003049857267
1005003161423362
1005002593979632
1005001802420936
4000009609837
1005004883248078
1005002599154714
1005003126838604
1005005390608362
1005005761464911
4001031554360
4001031487172
1005004072223562
1005001914593494
1005002090020708
1005002099120262
1005002089764808
1005002321874619
1005002326009921
1005002323256140
1005003888633481
1005003182979272
1005003942322257
1005005714378426
1005001967232841
1005001912826070
1005001914597475
1005002089829310
1005004625622836
1005002094833560
1005002120833751
4000986410574
1005003593305674
4000848707734
1005001802307339
1005001524787106
1005005905149640
4001114047445
1005006391774964
1005006047965724
1005005905021887
1005006069396944
1005002120924349
1005003355700239
1005006292160299
1005006288927494
1005006053978819
1005003355616638
1005003452309003
1005005942485858
1005002477305378
1005001524712123
1005004825675538
1005005472035038
1005006307991608
1005005560885833
1005006288940362
4000041285342
1005002927699417
1005006047950732
1005002869730052
1005001812825847
1005005632524557
1005006047859992
4000007702032
1005006047901897
1005006307870582
1005005942530991
1005006047979556
1005003901457016
1005006047941761
1005001524493866
1005003353449141
1005003135122126
1005002419947951
1005001664630486
4000771264901
32940173241
1005005957307415
1005005811089385
1005006047942800
33059407790
1005002090012690
4000985330305
1005003135023988
1005002090116104
1005002089739904
1005005684431520
4000202398490
1005005947209220
1005006203366456
1005006164919961
1005006202821101
1005004867176836
1005006244125246
4001199380647
1005005643474332
1005006242246344
1005005638920090
1005006244108579
1005005024021389
1005005758958898
4000383338657
1005006315789522
32647351340
1005007488651130
1005007474610670
1005007475456192
1005007480453228
1005006964438273
1005006991101927
1005007175570337
1005007063900325
1005005117939159
1005007483840211
1005006445218087
1005007474194407
1005007481088180
1005007480364872
1005007475030446
1005007481061032
1005007478694785
1005007481001936
1005007478850599
1005007470801450
1005007475167448
1005007478675560
1005007480087905
1005007481697776
1005007480621988
1005007474634259
1005007480663902
1005007478863677
1005007480537078
1005007487898896
1005007442832322
1005007442719931
1005007088105620
1005007471037806
1005007469474471
1005007471067797
1005007470003313
1005007480241966
1005007283419282
1005007470656771
1005007470751523
1005007470544944
1005007471050179
1005007463030044
1005006953129617
1005007327766683
1005006922742402
1005007466811564
1005007467794586
1005007457810252
1005007459024656
1005007468891981
1005007469133394
1005007469088496
1005007468867794
1005007285965109
1005007224342324
1005007442751832
1005007183658879
1005007462031433
1005007456646440
1005007460751676
1005007457735939
1005007460163558
1005007457773443
1005007462424651
1005007456918106
1005007459012699
1005007459250097
1005007463089310
1005007462823915
1005007457699752
1005002876922320
1005006851038023
1005006850970327
1005006850719677
1005007454665973
1005007456029226
1005007455847583
1005007456529173
1005007455284562
1005007454733242
1005007456342174
1005007452033795
1005007459989692
1005007461397572
1005007460144421
1005007459244188
1005007292378868
1005007446854186
1005007292549541
1005007314733887
1005007382089227
1005007077099913
1005007449535351
1005007469019923
1005007468573996
1005007469240276
1005007469044627
1005007449340222
1005007449861479
1005007451959626
1005007449649890
1005007450226241
1005007450045184
1005007451644907
1005006200458437
1005007052552421
1005007445137095
1005007447956467
1005007446359763
1005007444003996
1005007444021392
1005007446038154
1005007446570244
1005007441615329
1005007446513641
1005007436200466
1005007439458838
1005007441579930
1005007441904421
1005007439438612
1005007439610789
1005007441429473
1005007291684586
1005007440609551
1005007440205992
1005007435240909
1005007440393663
1005007432058899
1005007432402380
1005007435275820
32963025672
32963061203
32775041548
1005007417755763
1005007418786336
1005006889192093
1005007137556520
1005006982761796
1005007053864805
1005005793279628
1005007020297872
1005007245267977
1005004867282666
1005005213171421
1005007110709753
1005007418529729
32964646920
1005007452094340
1005007449686972
32966403788
32964926256
32963073272
1005007432299558
1005007418977972
1005007423003447
1005007422449156
1005007359897736
1005007359893332
1005007270754328
1005007182107872
1005006139999064
1005007202281238
1005007139392380
1005007418115041
1005007415367036
1005007116644802
1005005996023622
1005006861032345
1005006861117125
32775860348
1005007393830422
32848891417
1005007402299104
1005007412122932
1005007401502324
1005007403754436
1005007402362076
1005006813812191
1005007399719491
1005007398318926
1005007383942832
1005007370472476
1005007369786980
1005005873893463
1005006132246741
1005006949267739
1005005547369252
1005005547232330
1005005547377098
1005005547277663
1005007355173058
1005007176465036
1005007353451983
1005007351722065
1005007348506442
1005007347754404
1005007344735676
1005007345355206
1005006922342476
1005006803770619
1005006951930605
1005007081931597
1005007339220567
1005006911687586
1005007332773643
1005007333316547
32963105059
32966359663
32966383845
32966435308
1005005547257392
1005005547239661
1005005547205932
1005005547182458
1005007313201394
1005007316231663
1005007316821478
1005007299388661
1005006855349988
1005007294745801
1005007293920254
1005007293761608
1005006448399128
1005007286871925
1005007287029344
1005007273587626
1005005763698346
1005007263968198
1005006901558143
1005007254070311
1005007244842551
1005007252159913
1005007245834143
1005007220027178
1005007201622277
1005007144422973
1005007176079773
1005007182064345
1005007167815183
1005007162384459
32908174616
1005001867720663
1005007144785421
1005006352494965
1005006933356207
1005007117642936
1005006935572643
1005006883266670
1005006883501435
1005007117717298
1005007118487983
1005007119197011
1005007084001415
1005007102137431
1005005791003658
1005007076419304
1005007094819482
1005007078077133
1005007080020300
1005006140511560
1005007011370272
1005007009370089
32893252252
32828442911
1005006682359036
1005004078001234
32963764119
32963021387
1005005547132915
32992883625
1005007225391213
1005006843050431
1005007258526643
1005007215129381
1005007011248454
1005007053011728
1005006989117571
1005006892688580
1005005212826596
1005006855487179
1005006059599843
33006871965
33006887938
1005006420266479
1005006345636804
1005006764522292
1005006855037200
1005006883377504
1005006894175421
1005006833336397
1005006887498705
1005006866040134
1005006859388725
1005006840782772
1005006833112591
1005003222875000
1005006820980133
1005006821012083
1005006140485046
1005005869383160
1005006787082355
1005006786685045
1005002320535525
1005006658046611
1005006752565502
4000914951853
1005005869201728
1005006028314347
1005006018102833
1005005991125446
1005006631816178
1005003161384418
1005005459678172
1005005488418417
1005006648165761
1005006631631157
1005003594425222
1005003497440962
1005006625485305
1005006623647393
1005006614816621
1005005850089851
1005005850071976
1005004647759341
32964718122
32847076580
1005001905878750
1005007046740061
1005005862952162
1005005849877327
1005005850297198
1005005923831532
1005006013874755
1005004299079992
1005006392974399
4000538843087
1005004369978199
1005006014418485
4000339813031
1005004345626874
1005006013938025
1005006502753907
1005006015456140
1005003977449591
1005005924935676
1005004193939528
1005001965916841
1005003478471269
1005006393389125
1005003368369328
2045038085
1005005874282230
1005004865932495
4000743519119
1005004299008709
1005004196056781
1005004864525088
430706943
1005006261896175
1005006315701934