1005007696919834
1005007697136168
1005007696961584
1005007697107261
1005007697134195
1005007697037411
1005007696942666
1005007697075323
1005007697000482
1005007696989559
1005007697087293
1005007697188006
1005007696904968
1005007697050402
1005007697040416
1005007696986524
1005007697093291
1005007696926799
1005007697110237
1005007697074335
1005007697085290
1005007697168111
1005007696999519
1005007697179032
1005007697114234
1005007697036368
1005007696958606
1005007697123209
1005007697127203
1005007696929754
1005007696983555
1005007697162109
1005007696960591
1005007697072333
1005007697051363
1005007697154115
1005007697168095
1005007696983548
1005007696956589
1005007697123200
1005007697080289
1005007697004439
1005007697167073
1005007696903945
1005007697057343
1005007697130167
1005007696982528
1005007697117170
1005007696878997
1005007697120204
1005007697139151
1005007697113204
1005007696896958
1005007696908814
1005007697121201
1005007697166074
1005007697016452
1005007696967516
1005007696893995
1005007697026437
1005007697082252
1005007696999493
1005007697002445
1005007697032405
1005007696879987
1005007696917781
1005007697034403
1005007697002442
1005007697032401
1005007696957550
1005007697086217
1005007697000428
1005007696890938
1005007697176016
1005007696935692
1005007697044336
1005007697012392
1005007696952560
1005007696950587
1005007696975513
1005007697129158
1005007696896934
1005007696968539
1005007696918836
1005007697110192
1005007696963543
1005007696887895
1005007696929721
1005007697006450
1005007697015424
1005007697060298
1005007696885975
1005007696945609
1005007697172041
1005007697170033
1005007697049287
1005007697161070
1005007697143113
1005007697115180
1005007697123147
1005007697105220
1005007697076268
1005007697025386
1005007696998370
1005007696894924
1005007697063265
1005007697147077
1005007697068292
1005007697108193
1005007697107165
1005007697025383
1005007696909860
1005007697104184
1005007697167030
1005007697057286
1005007696931685
4000706440213
1005005781328596
1005004379848713
1005003393047837
1005004484982305
1005006678133846
1005007651018128
1005005352105828
1005007650237966
1005005965789762
1005005984486123
1005002840547762
1005007255485616
1005005686397869
1005007651111611
1005006565023715
1005007651578307
1005005689301091
1005006133383209
1005007231279295
1005007384616639
1005007234581157
1005007308986679
1005007360985486
1005006488923639
1005007383991107
1005006943690542
1005007618873294
1005006849272831
1005007540455666
1005007297747958
1005007505706549
1005007478493822
1005007468657750
1005007612999205
1005005993962439
1005006091493506
1005007514140095
1005005781059569
1005006150165780
1005002907494232
1005004049846916
1005007082466325
1005007203633467
1005004946694063
1005005855279905
4001284633391
1005007182789961
1005007265680687
1005002668605819
1005005638440993
1005006127396567
1005005289738575
1005007092192235
1005006955276520
4000627386545
1005003585593316
1005007088222113
1005006883421100
1005007222368903
1005006919151916
1005005223835570
1005006371898706
1005006916935767
1005007195072421
1005007371071533
4000452462381
1005007226194823
1005005108283450
1005007252923491
1005006916139158
1005007164750271
1005003548343882
1005007002491856
1005005408577845
4001252417661
1005007237607260
1005006224660314
1005007488838259
1005006473284588
1005005647956085
1005007242412348
1005006902673334
1005006127356843
1005006915934195
1005004996821414
1005004853306904
1005007182485367
1005007376785878
1005007223379546
1005006578781601
1005006892987198
1005007208045815
1005007240269234
1005005289863022
1005007076972921
1005007214785696
1005006075666555
1005006916091631
1005007483816357
1005007330728512
1005006903214904
1005007435853903
1005006918289487
1005007331402704
1005006907352249
1005006915993048
1005006919162920
1005007208077160
1005007503090540
1005007411464312
1005004288379727
1005006907611480
1005006454622507
1005005027921358
1005007610205841
1005006917942782
1005006954684521
1005005082109768
1005006918056586
1005003548378660
1005006955301379
1005006907562749
1005007231073689
1005007610515261
1005003810903884
1005007355885443
1005007528318457
1005007469527495
1005006150303081
1005006894419167
1005006140530137
1005006099447018
1005007378234548
1005007571100874
1005007651588238
1005007281335961
1005007610319589
1005006894209640
1005005387969507
1005006801871233
1005007254341956
1005005854717135
1005007616791081
1005005970444192
1005004768441488
1005005573233112
1005007387197188
1005007355931271
32999030322
1005004375541101
1005007047137067
1005007207795572
1005007650679280
1005006133380230
1005007401636386
1005006955117298
1005005598957265
1005005382491733
1005006903152932
1005007761641959
1005007787620299
1005001407118497
1005006907564727
1005006955101663
1005006916051861
1005006907493890
1005006447094500
1005006334017624
1005006916148536
1005007739559765
1005007776170078
1005007373366144
1005007378375918
1005007289728723
1005007705816984
1005003548365998
1005007385813276
1005007797621996
1005006870258806
1005007790059813
1005004753795940
1005007702908910
1005007433008793
1005007722061688
1005007739618619
1005007570243751
1005006719586517
1005006801869005
1005006000978886
1005006478878124
1005007205865587
1005006738839273
1005007257769045
1005007230964872
1005007235069497
1005003548443514
1005007409315824
1005007610413375
1005007610352555
1005007276045988
1005007637844998
1005003548432365
1005006886747897
1005003548399673
1005007477865348
1005003548478106
1005007557613783
4000510881174
1005006497289541
1005007472920733
1005007652920259
1005005926612870
1005007525451537
1005007651355749
1005003960010024
1005007562310547
1005006820118335
1005007384657038
1005007610302563
1005007604864892
1005007104951785
1005007153694783
1005007106063036
1005007354573829
1005003658177902
1005007105820335
1005007611465345
1005006832539489
1005006807309252
1005007309885564
1005006292942257
1005006903098610
1005006312380831
1005007610341538
1005007610229755
1005007231091541
1005003548396737
1005007587500585
1005007012342312
1005007613378074
1005007633299104
1005007104919624
1005006374793426
1005007411628444
1005007104755851
1005007559413446
1005007432975858
1005007297723726
1005007391282529
1005007553140125
1005007195686786
1005006272416648
1005007259514721
1005006286341862
1005007478087020
1005007587731733
1005007611815302
1005007600661423
1005006270351887
1005006272655859
1005006898059187
1005006447501568
1005007612409586
1005006273224780
1005007124375739
1005005915262260
1005007213138333
1005006314170204
1005006219510226
1005005941704599
1005007597315503
1005006903361473
32870317999
1005007384718472
1005003786354866
1005007723450912
1005007723606481
1005007712217127
1005006783675072
1005007759203898
1005007780371653
1005007775816089
1005007759567255
1005007734853212
1005007739006179
1005007751321437
1005007735644191
1005007779559518
1005007721002559
1005007234636067
1005007729271436
1005007312538656
1005007794584803
1005006523573715
1005005991694182
1005007378349974
1005007786904491
1005007729314499
1005007610181880
1005007717827462
1005007762518566
1005006107785850
1005007744437010
1005007742524283
1005007785853958
1005007252478634
1005006975393314
1005007317938100
1005006312010611
1005007213142201
1005007143936325
1005007339981084
1005007796544112
1005007794944470
1005007787136201
1005007780509385
1005007780452781
1005007824329049
1005007824207422
1005007824258216
1005007721589254
1005007717155604
1005007821926199
1005007820828343
1005007812500757
1005007815818957
1005007816007503
1005007815920625
1005007765010154
1005007796844668
1005007807192795
1005007806838439
1005007796733977
1005007796571264
1005007754051094
1005007739425989
1005007724293016
1005007795549855
1005007794952011
1005007794752024
1005007794628135
1005007794725285
1005007796207212
1005007795607774
1005007753636932
1005007728042013
1005005023796075
1005007564554243
1005006952950449
1005007392772298
1005007392584910
1005006331068496
1005007774609887
1005007738908795
1005007763247163
1005007762662285
1005007762200507
1005007755834291
1005007755253266
1005007751512889
1005007751097935
1005007751223722
1005007748701888
1005007777431042
1005007742662536
1005007742490373
1005007739216378
1005007739191413
1005007736224275
1005007730500228
1005007729397004
1005007751916705
1005007710033049
1005007752253339
1005007486859394
1005006404256041
1005007412841377
1005007480688289
1005006312009647
1005007709636515
1005007800359198
1005007782265453
1005007739084746