1005006534217185
1005007550194288
1005007595035596
1005006314318290
1005005240983437
1005004518499927
1005007591138967
1005003973470816
1005007143159499
1005007143149516
1005007143104851
1005007142857913
1005006984736776
1005004701515456
1005007620959886
1005003899338256
1005007375126172
1005004442901490
1005007310560423
1005006306037328
1005003066814311
1005006360346167
1005006289285178
32932216294
1005007560335653
1005003037963744
1005007621952600
1005005673385981
1005007373295271
1005005373099475
1005004000831082
1005006249977837
1005007364425935
1005007135813007
1005005921022509
1005004951879790
1005006296143187
1005007643846125
1005006429383593
1005006039099332
1005007032404594
1005007536572728
1005007297410966
1005004401266197
1005005530268347
32965174810
1005002957722498
1005005313776716
32862363410
1005006944543012
1005006151957350
1005006822469771
1005005075807380
1005006126576914
1005007375579210
1005007361261233
1005006036524137
1005003635174789
4000512551889
1005005962496524
1005004976338673
1005001873190234
1005004651939303
4000190084857
1005007413089836
1005003487097918
1005007143198433
1005007145700912
1005006038875849
1005007418718266
1005006984751691
1005004508898065
1005003355488562
1005003150221308
1005004724578018
1005006642389175
1005007567506977
1005005241160313
1005007373187970
1005004705748966
1005007373260420
1005007419626175
1005007561581483
1005007536517829
1005007630629647
1005005767571240
1005007562132253
1005005767938452
1005007635317398
1005007630725574
1005007373254461
1005004705908719
1005007643792369
1005007635294663
1005007561827517
1005007635675291
1005003282611707
1005006844528697
4000709043735
1005006049718347
1005006318825873
1005007601856381
32965946028
1005007004389055
1005002875782494
1005004090673361
1005006031339335
1005006175722652
1005006970853492
1005005976381679
1005007498881094
1005005877269591
1005004543124207
1005007373214694
1005006301423449
1005004513491967
1005007373187937
1005007272835919
1005007373196865
1005007100098885
1005006011425071
1005005638494692
1005007278645941
1005005832622131
1005004763776871
4000894479227
1005006974160009
32961325814
1005006244097005
1005007175278810
1005007462410673
1005003590230156
1005007436161482
1005007417658737
1005002552983222
1005005243909955
4001176629202
1005007630497850
1005002924870636
1005007642764894
1005007373243482
1005006385672182
1005004654590077
1005006642310338
1005007630744526
1005007621031294
1005004654575191
1005004508843421
1005005530312604
1005006641897848
1005005532537368
1005004442633984
1005007373234493
1005005036693140
1005005821013756
1005005367219560
1005007604268427
1005006459186800
1005005086884497
1005007603987860
1005007604279294
1005007373317215
1005007373219633
1005004012079652
1005005767126290
1005004749325948
1005005458760035
1005005458747141
1005007364265972
1005007630363642
1005001414649790
1005005148522459
1005006039316075
1005006039240653
1005007143594008
1005006034467245
1005007142880971
1005007143279248
1005007276404398
1005007143288587
1005006039332019
1005007276476050
1005007142841881
1005006039192972
1005007276403411
1005006039323306
1005006039263486
1005007276380576
1005007276366715
1005007276447228
1005007143380008
1005007276349773
1005007142908819
1005007276351753
1005006039233540
1005007276465068
1005006039215713
1005006038979225
1005007276423382
1005006034186705
1005006034146944
1005004542026235
1005006034214358
1005006039341067
1005006039207693
1005007276343790
1005007143129830
1005006034185610
1005007276397492
1005007143331426
1005006039026819
1005006034225444
1005006034265102
1005006039264452
1005006034207802
1005005367371711
1005006034184661
1005004976648037
1005006034240740
1005006034246276
1005007807683247
1005006944362820
1005006604935285
1005007775053129
1005007730259673
1005007380545718
1005006891469511
1005006891463465
1005004894947246
1005007361211197
1005007146002411
1005006039048584
1005007276336871
1005007143064611
1005007142971896
1005007143007623
1005007143174374
1005007142929840
1005007143228265
1005006036531133
1005007143195351
1005007621738543
1005005198410728
1005006468117057
1005007499398794
1005005704978698
1005006300521052
1005005202190692
1005006045194461
1005007439645528
1878419302
1005003557270041
1005005589349988
1005007129271498
32625390216
1005005590346049
1005005773289075
1005004524497095
1005007346753464
1005002928469746
1005007036975739
1005005848132926
1005001680418527
1005005948737730
1005007472360960
1005006059708261
1005005338677937
1005004132340321
1005006883275421
1005007671949288
1005006025857755
1005006969273446
1005006678867098
1005006001688372
4000331320899
1005007569488804
1005007130436011
1005005920799688
1005003176085076
32605428981
1005001940050162
33013213615
1005007202476410
1005006246149823
1005007311057877
1005005063545320
1005006351413277
1005006680581535
1005005938258359
1005007327286113
1005006837090141
1005006312224068
1005006094428350
1005006678217273
1005002982897456
4000287859401
4000661181426
1005005820025301
32842925963
1005004522170648
1005007289424604
1005007334186577
1005002928543247
1005006546646306
4000280590414
1005006344774005
1005007380598357
1005001877475246
1005007452913668
1005007077766957
1005004373252323
1005007603858273
1005006944025952
1005007226436012
1005007575382858
1005005165275744
1005007329562160
1005007268170026
1005007070398920
1005005816494404
1005003370200898
1005007143461307
32869021844
1005005770331292
1005006773816235
1005006438266555
1005006963270477
1005001987708252
4000193798319
1005001469860808
1005007399895091
1005007146238908
1005003570266532
1005004188015872
32956619047
1005007185723524
1005007522898120
1005002289370475
1005004340457709
1005001998391740
1005004802733666
4000168568330
4000971108151
4000480679913
1005006540221022
1005005675379260
1005007597458733
1005006461807393
1005001465587636
1005005859233761
1005001470799478
1005002575065327
1005006897703343
4000823706644
1005001476119307
1005007255010158
1005003303026764
1005001626286942
4000773461091
32894108069
1005006259842633
1005001813060874
1005006662447736
1005006907310526
1005006837180137
1005007609038309
1005002761512400
1005007588201147
1005005862894824
1005003012719213
32865984643
1005003010564292
1005003028130974
32868603178
1005007680728938
1005007684930240
1005007684627669
1005007677215638
1005007813692069
1005007709202888
1005007709045733
1005007709442374
1005007713969400
1005007706256212
1005007709436577
1005007707098246
1005007706201284
1005007715454067
1005007075092429
1005006995724323
1005001470410023
1005003722294406
1005001474260676
4000970884918
1005005863589684
1005005859198117
1005003038737055
1005003170880716
32866016004
1005007715915970
1005007760171298
1005007716014631
1005007716168162
1005007784786902
1005007768528234
1005007759977979
1005007760665728
1005007760677102
1005007709398510
1005007698865558
1005007740175415
1005007729890768
1005007716524423
1005007716364968
1005007716402740
1005007715915912
1005007716379845
1005007717174391
1005007717059869
1005007716611057
1005007726367407
1005007709181860
1005007716454684
1005007716539340
1005007721435770
1005007716483558
1005007713681028
1005007707559017
1005007695284234
1005007698898508
1005007691799865
1005007380429684
1005006461938190
4000971380280
1005005863635020
1005005858573120
1005003020202397
1005007380129810
1005006546522315
1005006378860230
1005003068128058
1005006426055038
1005006426010263
1005003020907466
1005007037051618
1005006751500699
1005007208419943
4001224094132
1005006494987201
1005005829346717
1005007099907327
1005006498135399
1005003548031872
1005006106169497
1005005921174848
1005004284642947
1005005921635693
1005006791727351
1005006888086544
1005006147943828
1005006369957001
1005006593319084
1005005578652168
1005004779702421
4000039673518
1005007455994800
1005006938891173
1005004842741735
1005006103822264
1005006684675427
1005006147640603
4000723937526
1005006521544539
1005005635957391
1005006787596889
1005006508372874
1005006996269837
1005005954845595
1005003706493953
1005006149195327
1005005890091344
1005002938300622
1005007552846342
1005007586604119
1005006462922982
1005007456662793
1005006643423926
1005006367542714
32957427157
1005005317455700
4000969568188
1005006892479032
32925187147
32970595617
1005007023331361
1005001302903861
1005007357115888
1005007561746532
1005002746500702
32972565798