1005007409243074
1005006976249059
1005007510117784
1005007540091350
1005007221179287
1005006531681633
1005007004774546
1005006878841865
1005006976386230
1005007512561629
1005007435291803
1005006439841640
1005005452523935
1005007028009043
1005007315379793
1005007526713723
1005006888210217
1005007679234826
1005007662560039
1005007032924859
1005005619470794
1005006679205154
1005006425234480
1005007610632731
1005007391712830
1005005963447283
1005007090592953
1005006288854576
1005007104552874
1005007553623965
1005007178441078
1005006060225795
1525734934
1005006940884260
1005006411075630
1005005732285066
1005007075445741
1005007198164906
1005007542081974
1005002970076055
1005005326382899
4000934201111
1005007556558596
1005006431740536
1005007012342271
1005007615208122
1005007476851285
1005007319474797
1005007502720208
1005006745953921
1005007580998328
1005007595154312
1005001420110938
1005007204205829
1005007596113355
1005007433339465
1005005989657181
1005007031152862
1005007198505825
1005006937295007
1005007543217058
1005007518304498
1005006723733893
1005005871037934
1005005585593719
1005003058149629
1005006776310208
1005007637406167
1005007589138121
1005007010919501
1005006070137674
1005006164767267
1005007482066046
1005006934127395
1005007553901402
1005007011759389
1005007420530493
1005007588357006
1005007559531191
1005007561616116
1005007596923874
1005007488610037
1005005897538775
1005007521905229
1005007545312447
1005007033407374
1005006850449522
1005007185720510
1005007533965453
1005007298377316
1005007184500744
1005007649459286
1005007588382610
1005007630490571
1005007583845136
1005006422829810
1005007455274422
1005007302178324
1005006595593153
1005006505207178
1005006880912792
1005005745857622
1005006460658935
1005003602014880
1005005979204097
1005007015599461
1005007359745007
1005006719011657
1005006180676121
1005007519491168
1005006641166713
1005006975812674
1005006161973181
1005001600327065
1005007506984072
1005007463293091
1005007595985102
1005007657835767
1005007510193672
1005007456854278
1005006858942127
1005006060897841
1005007616256540
4001244599157
1005007176077117
1005006698406680
1005007188713654
1005005530653832
1005006927351584
1005006963347353
1005006911115008
1005006525857242
1005007177466726
1005007370220098
1005007485965299
1005003715617697
1005007672089806
1005005326496021
1005007429293137
1005007631490087
1005007534071188
1005007483476921
1005004673633901
1005007613377259
1005003589692730
1005007630884185
1005007320058792
32948282670
1005006736947978
1005002969921075
1005006899145216
4000051025729
1005006716806055
1005006806931275
1005007604585032
1005004523804187
1005006077162660
1005002767600494
1005007515306937
1005007172213122
1005007513889495
1005007548196643
1005007443668998
1005006703162965
1005005252840430
1005007614045260
1005007348169531
1005007407747459
1005007587647002
1005007595514650
1005007470583412
1005007357985282
1005007664118923
1005007477716131
1005006543474077
1005003736620576
1005007473384616
1005006671439735
1005006844915664
1005007633647562
1005007657348667
4001160392779
1005007455536821
1005007560657411
1005007545501565
1005007027182993
1005005901064839
1005007563193057
1005007162035262
1005005260655270
32735003586
1005007385762256
1005007376865625
1005002136874039
1005006699523482
1005006391557708
1005007674323424
1005006498310750
1005006287873050
1005007646572289
1005007117017255
1005006380130753
1005007217815562
1005007580327804
1005005573362097
1005006672113289
1005007136676555
1005007657645904
1005007655988635
1005007562916614
1005006860975109
1005006003987030
1005007561822629
1005007483309893
1005007443560622
1005007213513047
1005006389218450
1005007458435034
1005007372771285
1005006643083502
1005005877356819
4001131163329
1005006824319694
32843235153
1005007653210813
1005007183990382
1005006734775313
1005006218985935
1005006080688585
1005007455655370
1005005561882262
1005006998852936
1005007500827173
1005007646287127
1005002137437686
1005006445742856
1005006489241061
1005007646039428
1005006137091961
1005004446660511
1005006312294871
1005007540342271
1005007595336876
1005007443515677
1005007055353864
1005006390073479
1005007597604629
1005007203226046
1005007486105728
1005003998466021
1005006287475167
1005007215916645
1005006258552280
1005007642047899
1005007141331070
1005006654548514
1005006228985190
1005006445959416
1005007313236204
1005006301704804
1005007521499601
1005007184824047
32693479163
1005007429103449
1005007295523723
1005006357086073
1005006106638650
1005007439337224
1005007646331145
1005006423151102
1005007421677319
1005007646824244
1005006309177815
1005005871077982
1005007484379426
1005006697535766
32919317621
1005007596032267
1005006180499994
1005007333966572
1005005947772176
1005007392414218
1005007521286400
1005006967705824
1005001594747573
1005007485353780
1005007082928119
1005007531590583
1005006423178413
1005006432797373
1005007357670261
1005007595787707
1005007375633140
1005006488976835
1005007335902366
1005007630653069
1005007479401824
1005007263388913
1005006450057360
1005007599483878
1005006072313945
1005007590315262
1005007002229015
1005007590032530
1005006412880145
1005007138653035
4000017085940
1005007509331176
1005006225131129
1005003491011585
32981733633
1005007459628263
1005006065428718
1005004356930263
1005005963951165
1005004619068912
1005006434218980
1005002136646964
1005006313333443
1005007646629380
1005006915933198
1005007259505959
1005007495866964
1005007537209604
1005007402034991
1005007124452025
1005007541258223
1005003505544723
1005006073901122
1005006203546672
1005007543607018
1005007473902214
1005005588512627
1005006890411952
1005001344790942
1005006461790829
1005006467807829
1005007534059329
32868326860
1005007507999631
1005004675622508
1005007596088364
1005007368095575
1005007408009587
1005007557043036
1005006122360417
1005006166207129
1005006318964455
1005007175746556
1005006525939036
1005007558025258
1005004639144424
1005006370533854
1005007525655608
1005007485553677
1005007665507666
1005007677813211
1005007646294845
1005006065402854
1005007156660192
1005006844759945
1005007040085799
1005007483576846
1005007644671058
1005003671925628
1005006440706467
1005002137420924
1005003058196265
1005007138341339
1005006187119303
1005005871172663
1005007646326427
1005007576369478
1005006287438366
1005005176611169
1005002136983061
1005007128580076
1005007582942575
1005006355254382
1005007526797477
1005006364468923
32801882783
1005007358066321
1005006936813597
1005007588293040
1005007336839392
1005006940822682
1005007161865570
1005007534404625
1005005865084001
1005006703189725
1005007637969311
1005007485433584
1005002137577320
1005007560907708
1005006963448385
1005005633018836
1005002017439806
1005006309138451
1005007349216499
1005007185475962
1005007502418085
1005007204330080
4000199287617
1005007291878685
1005007602517193
1005006432609104
1005006699673642
1005007299970471
1005006121028247
1005002608149011
1005006902989652
1005006080763072
1005007505171778
1005007563180330
1005005958595706
1005006931291551
1005007510963584
1005007477497619
1005006340595629
1005001864673241
1005005222402833
1005007455188381
1005007427368926
1005006148150267
1005007464637206
1005006297152352
1005007375330568
1005007598635959
1005006445730939
1005007539444596
1005007651172682
1005006354769377
1005006703269358
1005006301800311
1005007171760567
1005007461863211
1005006156429775
1005007538186598
1005006087335692
1005003846585184
1005005068835959
1005006301715741
1005002568434135
1005007438484392
1005006885604272
1005007602549078
1005006989648413
1005006107715047
1005001895593605
1005006281706871
32735306522
1005007372236530
1005006653680217
1005002137006122
1005007334245147
1005005287752760
1005005766298628
1005006662793185
1005005160078056
1005007188427886
1005007161531855
1005007611502477
1005007561750891
1005006388997492
1005007439993782
1005006396237731
1005007544759735
1005007560733070
1005007548214624
1005004904853498
1005005364511135
1005007580329177
1005005471736408
1005005581869777
1005007666718775
1005005943280824
1005006109217597
1005006070495265
1005007641123576
1005005117488255
1005007437709201
1005006224224262
1005007480693802
1005007339821714
1005007075548738
1005007076042084
1005007076922336
1005007347186968
1005007077038021
1005007352694686
1005007435851578
1005006109465326
1005005772291476
1005006477215419
1005006270864912
1005005761298980
1005006112610862
1005005292563800
1005005966577797