1005007533377108
1005007442088059
1005007657868255
1005007533109815
1005007426582195
1005007656754089
1005007533127763
1005007533097854
1005007661024398
1005007002807489
1005007661741910
1005007662007296
1005004417894369
1005007344163626
1005007533004675
1005005158184583
1005007371164397
1005007067521310
1005006537658061
1005006474731345
1005004760962769
1005007646357065
1005007258606013
1005007569846617
1005007087694631
1005005048097402
1005007594556013
1005007172066450
1005007393571871
1005005420875356
1005006994138954
1005007051959524
1005006637223440
1005007029720118
1005004350952156
1005007047820165
1005007386385065
1005007580625071
1005003428960680
1005007120113338
1005006756062299
1005006495094845
1005007532363363
1005006164660061
1005007623959292
1005007583232360
32879863248
1005006141888804
32920211169
1005007344896870
1005002973527044
1005006775155558
1005007653179073
1005007420096717
1005007532921730
1005007047854054
1005007545348792
1005007420237117
1005007533868524
1005006352963994
1005007444988573
1005007310796684
1005007381597132
1005007574940653
1005007066824430
1005004599263300
1005006609354098
1005007147051842
1005007586799931
1005007661479935
1005007507195350
1005006857086780
1005003255918970
1005006063482002
1005006857244143
1005007582515612
1005005792260971
1005007560589698
1005006131381805
1005007129215856
1005006376454563
1005007411390059
1005006422368154
1005007652569748
1005007553852114
1005004897204294
1005007652880067
1005007458658898
1005007514572227
1005007615192818
1005006287786976
1005007054218713
1005004381469819
1005006078221623
1005006030590592
1005002837025690
4000608972072
1005006913263175
1005007582663643
1005007309165635
1005007184853034
1005006345638639
1005007581096500
1005007436298028
1005007446443381
1005007436080106
1005007563693386
1005006489314161
32797807882
1005007594093767
1005006168083284
1005006129211591
1005006639599416
1005007274353853
1005007570845515
1005007594244475
4001305384325
1005007572508930
1005007577977316
1005007430696954
1005007197900235
32878940401
1005007433830402
1005007213366247
1005007145938671
1005005810143789
1005006417933670
1005007620196071
1005007594178295
1005006287742532
1005007613718082
1005007061451609
32687797740
1005007200329758
1005005908235837
1005006991162575
1005006628419839
1005004650954351
1005007478517047
1005007047232415
1005007514695272
1005005828947683
1005007462832409
1005007584379840
1005007677628943
1005006272465335
1005005852817801
1005007082340970
1005007681004545
1005007399045265
1005007580120148
1005007391010533
1005007560691595
1005007132104156
1005003721421679
1005005832336015
1005007677676302
1005006637621037
1005004403696312
1005002587755260
1005007558238976
1005006513315452
1005007494849859
1005007362756763
1005006370016720
1005007681225196
32848098137
1005006096817773
1005005815658051
1005007612433728
1005005953592610
1005007612432857
1005006749319338
1005006775008742
1005006807282066
1005006893941218
1005006088722212
1005007532851922
4001201157902
1005001709215425
1005006389798674
1005007558705078
1005007596485095
1005006189048112
1005007589460703
1005007439024677
1005007458153830
1005007041882462
1005006800536149
1005007052295368
1005006128261633
1005006620452725
1005007586827073
1005007625350800
1005007142080540
1005007505210328
1005006184105900
1005005996337966
1005001564720005
1005007211382684
1005007145765814
1005007514649665
1005007508080151
1005007277243655
1005006481894806
1005006121750831
1005005658013489
1005001619991806
1005007671309743
1005006164061611
1005007625655289
1005007094353552
1005006174720382
1005007052943632
1005006627923664
1005007558359790
1005005015254483
1005007022942622
1005005978080204
1005007570261250
1005007681307519
1005007676929999
1005007210939244
1005007197085510
1005007520441973
1005006796028776
1005007592623274
1005006128877038
1005006274404089
1005007191607363
1005006650290526
1005007439039608
4000935405987
1005007300728305
1005006425882407
1005006992156693
1005007477517013
1005006345251272
1005006495064893
1005007082468878
1005007257291044
1005007533196092
1005007505701473
1005006832184073
1005002747519842
1005006369846194
1005006838729869
1005005779372285
1005007244565596
1005007217517319
1005006774626006
1005005793166373
1005007083586707
1005006616411567
32874093545
1005006698881766
1005007315466192
4000784379750
4000801051295
1005007309217302
1005007189412984
1005007520417651
32614229655
1005007438916838
1005007261386597
1005003877426399
1005005892662215
1005007274565251
1005006095981410
1005007238231296
1005006101332343
1005005272608195
1005007539633951
32994082132
1005007625996749
1005005168000953
1005007498750819
1005007294866275
1005006129173760
1005007082572705
1005007259194133
1005006807179385
1005007008037449
1005006999077806
1005005774988138
1005007533394063
1005003806650137
1005007389487156
1005007338344795
4000873643218
1005006484984024
1005007578363900
1005007315323603
1005006341832768
1005006891754399
1005006495226310
1005005840950735
4001082700865
1005003979332691
1005007472708879
1005007623071430
1005007499041068
1005006510209075
1005007596675881
1005006345759626
1005007503015222
1005007122556623
1005007238200120
1005007174420908
1005007143877207
1005006207020409
4000010105340
1005007614085055
1005006772152402
1005006272518434
1005003688931539
1005007261920939
1005006276319290
1005007612933147
1005007183066716
1005004907530163
1005007247539970
1005007533204002
1005006831938890
1005006087221007
1005007603808573
1005007182106056
1005007393612720
1005007442803955
4000382437577
1005007102397224
32769313968
1005007393548930
1005007533303311
1005007337690952
1005007653036132
1005004958451599
1005006272621449
1005006974413887
1005007394966939
1005007423180549
1005006346057586
1005007392482833
1005007552353521
1005006900867715
1005006913615952
1005007545838795
1005007002599788
1005004704171494
1005007316676216
1005007023570776
1005006673355264
1005006244174276
1005006096736780
1005007562176292
1005007170003235
1005005829640128
1005006532790370
1005006574976213
1005007555774197
1005003302054840
1005007239530446
1005007451786079
1005007033996168
1005007505318849
1005007173729574
1005007597196077
1005006727281447
1005006940789963
1005003716749169
1005006420612054
1005007537876681
1005006360833201
1005007537293277
1005006771027559
1005006583846372
1005007139415722
1005004861819545
1005007484571593
1005006775376128
1005007623736006
1005006847110769
1005007635659908
1005007452108315
1005007139826285
1005003381462704
1005003779569688
1005007522461274
1005006082594078
32971984193
1005007138025426
1005007604022001
1005007315608533
1005007638166257
1005004427726550
4000586913518
1005007533402050
1005005945770573
32816121439
32745661211
4000209877896
1005005028666184
1005007095795805
1005007494364359
1005007653032588
1005007612783015
1005005830276252
1005007638145320
1005007638139362
1005001324804341
1005007096259154
32756105004
1005007403543502
1005007316547269
1005007299187451
1005006634183957
1005007603682866
4001037321763
1005007638120391
1005007599333892
1005007482497405
1005006127427549
1005007625296906
1005006178046701
1005004546102350
1005007389017804
1005006995958692
1005002656271411
1005005875533725
1005005709020739
1005007005694542
1005007164665667
1005007400125376
1005006677032712
1005006762445441
1005006640584430
1005007603708745
1005007560754310
1005005468120064
1005007401476239
1005005777390830
1005007558222641
1005007096088365
1005007552176521
1005007486010830
32894651777
1005006939345966
1005004013191951
1005007262320347
1005004813385824
1005007080963373
1005007625580181
1005007600504697
32655585933
1005007555542881
1005007504858642
32857444029
4000933503280
1005004403802214
1005006802270659
1005006383223680
1005007463233879
1005007058486906
4000955026424
1005007372659025
1005003042009031
1005007476889407
1005007138966584
1005007625338717
1005005021586749
1005007581787778
1005007009205299
1005005853755236
1005007017652057
1005006331447742
1005004949204552
32867648919
1005007549711641
1005002117712525
1005007603701789
1005006529288965
1005007094998391
1005001727014822
1005006616501172
1005003281529491
1005007375257375
1005007208720166
1005005857528775
1005007625577228
1005007625573238
1005007603868408
1005006888149834
1005007549603807
4001090802850
1005006913738401
32947005308
4000409642277
32998312669
1005007273038652
1005005976284721