1005006095039868
1005006955988654
1005007198257701
1005007796412314
1005007554381264
1005002524555131
1005005880654111
1005007692162450
1005007663627288
1005007529256493
1005007554734154
1005004132666338
1005007628150778
1005006516092199
1005006532173687
1005007659297130
1005007349499148
1005006225160740
1005006807362123
1005005587350984
1005007529454160
1005007344789782
1005007806530847
1005007710734037
1005007240018094
1005005078662323
1005006209343403
1005005373688049
1005007574099226
1005003590421505
1005007475258689
1005007546849504
1005007567197640
1005007594293185
1005007451114001
1005007386433393
1005003515920393
1005006743861776
1005004618197526
1005007309027409
1005005837989881
1005006123487442
4001178305154
1005006198814942
1005006974024194
1005006955422692
1005007424681678
32395051104
33008306845
32900864708
1005006504689122
1005004282592103
1005006513499937
1005007663260458
1005007335105425
1005006924836421
1005006360458888
1005006762877757
1005006724311339
1005005884457391
1005006925147015
1005006385253360
1005006676595022
1005006850344275
1005006706990254
1005006072974905
1005006488407081
1005006764703337
1005007632818448
1005001894663485
1005006618589910
1005007459010454
1005006804390049
1005006940213270
1005006940052856
1005007199020603
1005006940219254
1005006940154437
1005007199150330
1005007198970681
1005007198788937
1005005250138903
1005007198878845
1005007199033536
1005003619725635
1005006940249019
1005007199231150
1005007457563972
1005004329935759
1005007806976206
1005007806851557
1005007806840578
1005007806803854
1005007723620561
1005007433792853
1005006940135458
1005006940069771
1005007807034066
1005007806960224
1005007806959250
1005007806994146
1005006940103641
1005007807042074
1005007806930316
1005007806909377
1005007806908402
1005007806830600
1005007807158056
1005007807024593
1005007806952249
1005007807103394
1005007807048588
1005007807012577
1005007807012576
1005007807009623
1005007806974696
1005007806943748
1005007806904943
1005007807123302
1005007807051560
1005007807173011
1005007807107347
1005007806882998
1005007807166037
1005007806953800
1005007806888948
1005007806940744
1005007806904944
1005007806874976
1005007806899916
1005007807251086
1005007807025575
33020416830
1005006021131272
1005007663825009
1005007596119429
1005003886476372
1005001597222129
1005001580978373
1005007806933339
1005007806831601
1005007807095418
1005007760046980
1005007695770549
1005007653358304
1005007640102607
1005007634714866
1005007619773748
1005007476692765
1005003477259399
1005003475889975
1005006974706918
1005007043498509
1005006962512589
1005006679677147
1005006416003254
1005006264765284
1005005004263968
1005007009230200
1005005416393159
1005006690932547
1005005823579672
1005007446077216
1005007567566140
1005006703770002
1005007597988794
1005007359501608
1005006734302223
1005006733895233
1005006809256201
1005006979660952
1005007445086549
1005007004003070
1005007002597305
1005007250367292
1005007282609424
1005007251210443
1005006729714462
1005006966153995
1005006317408394
1005007474336804
1005007486193759
1005006975004638
1005004854480294
1005007417754218
1005007171553502
1005006330363071
1005006728995640
1005007226879203
1005007504096816
1005006690152582
1005007493760882
1005005963320807
1005006946250535
1005006474882458
1005007049838867
1005006859888114
1005003476075089
1005005989495470
1005007432310362
1005007002865130
1005007154991468
1005007518763630
1005006273706152
1005006672436153
1005007195320299
1005006860929019
1005007232282309
1005007527357542
1005006713110603
1005007534425609
1005007124362809
1005007195482326
1005007527528144
1005007169628071
1005007119451457
1005006107955717
1005007563588855
1005006713696989
32859584813
1005006252103741
32861731427
1005006968193226
1005006252089770
1005007136389799
1005006985191547
1005005364321942
1005007116155482
1005004980787144
1005006866741775
1005006486965727
1005007288521123
1005006968279644
32861751417
1005006985278284
1005007450521325
1005006985187482
1005007470243935
1005006713902664
1005005364468652
1005006872032243
32860570660
1005007123583549
1005007071488351
1005007037290058
1005006963358539
1005007116088365
1005006024846747
1005007534480445
1005006487038283
1005006024926456
1005007116087457
1005006713987840
1005006024977197
1005006714192147
1005007037813078
1005007811273117
1005007806018083
1005007712918779
1005007803050580
1005007802840131
1005007768653002
1005007794023951
1005007765506963
1005007787175832
1005007628193380
1005007720178062
1005007721934409
1005007750753037
1005007704630536
1005007817241945
1005007751681989
1005007704896445
1005005976022589
1005007167912599
1005007648152767
1005007740518199
1005007757167006
1005007147508493
1005007512865152
1005007693913070
1005007496897186
1005007693754134
1005006234239366
1005007629601108
1005007803362215
1005007759093849
1005006198153581
1005007799782573
1005007781330765
1005007567872955
1005007662289954
1005007750660079
1005007774435009
1005007745976963
1005007458495178
1005005527179049
1005007704392754
1005007518552512
1005007135798545
1005007138609452
1005007543649239
1005006722319876
1005006306303834
1005007037934177
1005007543801666
1005006895587122
1005007030772722
1005007708304039
1005006883742614
1005005933072390
1005007587100333
1005003827862482
1005006172749339
1005007072668434
1005007793745437
1005007628793360
1005007163102126
1005005644117677
1005007751071952
1005006127029551
1005006144289887
1005007657149875
1005007108658599
1005004469382847
1005007605969845
1005006172790711
1005007757298925
1005006306618127
1005007610133167
1005006190906397
1005007272933185
1005005762481386
1005005283312259
1005006670575311
1005006865851760
1005007069263866
1005005765828284
1005005837362180
1005007601547998
1005005253684418
1005006207781304
1005001703436765
4001054757932
1005006698602725
1005007572480204
1005006542311713
1005006909676426
1005005211293812
1005006538449831
1005007291028724
1005004626118397
1005005731832016
1005006326218446
32841302414
1005006381616093
1005001498887082
1005006610533651
1005005389559590
1005005256640069
1005007619201946
1005005952033601
1005006845703224
1005006812437389
1005006105491891
1005006603530113
1005005948268036
1005006344066143
1005005002228624
1005007422809824
1005003994050717
1005006759670115
1005006865305513
1005006786862483
1005005253689738
1005006883464999
1005005940039965
1005007262201654
32840337416
1005003796481688
1005007358420682
1005007669494104
1005005791624354
1005007682715413
1005006596903643
1005006524696783
1005006212058083
1005006539160615
1005007666866517
1005007670641533
1005003827095274
1005006105574818
1005004166332675
1005006729301034
1005006543049537
1005005024064007
1005003930802774
1005006436310263
1005007254129897
1005006080643115
1005005648972974
1005003872234890
1005004682046984
1005006722188385
1005005133931315
1005006115343175
1005005920620828
1005007097384981
1005006250666415
1005004444192361
1005007333720254
1005006845614236
1005005979179841
1005007142265883
1005005931022883
1005007632658514
1005007632420252
1005007135406655
4000140153893
1005004729047730
1005006336290263
4000192397380
1005003943450667
32974677433
1005006856210310
4000685663566
1005006339632249
32962334773
1005006433161916
1005005093936690
1005005500885366
1005007660303788
1005005969670246
1005006567993147
1005007510946099
1005004988805557
1005005508856432
1005005323369993
1005006323499914
1005007454986589
1005007309269778
1005006515982325
1005007449491995
1005006103026826
1005007651423860
1005005928440422
1005004631029397
1005005928812454
1005004621162980
1005007728068414
1005006925307242
1005007605526468
1005005922324790
1005002554519885
1005006882914998
1005004215501247
1005006229744811
1005006075824624
1005002919927623
1005007495053596
1005006164978725
1005006000479241
1005006339006437
1005005489863137
1005005924698995
1005006590029066
1005006185800846
1005006087935705
1005004254773545
1005006216729010
1005004254768532
1005007138100390
1005007607025937
1005007505115566
1005007577103946
1005007533601545
1005007637972057
1005007551667831
1005006718377423
1005007652705886
1005007588824897
1005007588593604
1005007544939885
1005007546363489
1005007484291029
1005007431892830
1005001335275264
1005007636017456
1005007357207914
1005007549137864
1005005489055734
1005006729857733
1005007415041959
1005007506744932
1005006620435015
1005007182705431
1005005012439999
1005006863608667
1005007488335229
1005006895936469