1005007653853215
32834065243
1005004658580282
32859586519
10000220844782
1005006026970861
1005003933904615
1005004463189375
1005007050533262
1005006816382751
1005001882208612
1005006026608290
1005006427455579
1005004753520458
1005004759728101
1005005006961451
10000240463879
10000220058327
1005002952214269
1005001469619329
1005001695762423
1005006450013192
1005006427512263
1005005391161444
1005006427417692
1005003911886889
1005003911267739
1005002033137742
1005004043733986
1005007593879187
1005007243314948
1005003126079485
32870559514
1005006207060517
1005005816291500
1005006816440419
32842712766
1005005919279185
32860815172
1005004478803568
1005001803213254
1005001887769837
1005005919202710
1005003161745980
1005007681442737
1005005076696137
1005005076680471
1005004759713299
1005004784488659
10000220637459
10000220144271
10000240431259
1005005919153941
1005004903799139
1005006427400740
1005004057011541
32954536447
1005005919294159
1005004039270333
1005001747958255
1005005919296127
1005007205059411
1005004478819563
1000007366775
1005006975500880
32852923993
1005002369774917
1005001873309924
1005007047142437
1005007593838226
32695923214
1005007175014917
1005006389970443
1005007267873912
1005007355701800
1005005891190086
1005006409939178
1005006284946908
1005005864951952
1005002899720865
1005007343281794
1005006173031236
1005005797644013
1005005500149909
1005006351782494
1005007274900666
1005005932301571
1005007510091392
1005006172971592
1005007534879960
1005006683744519
1005006792887252
1005006851231869
1005006865384483
1005005979322761
1005006396102042
1005006553855880
1005007369203769
1005006309753282
1005007571065759
1005007123787374
1005006385929830
1005007166446460
1005006870743936
1005007066276168
1005006309705473
1005006533113415
1005007487310655
32969371027
1005005763023259
1005007612821459
1005005500801333
1005005459520444
1005006185847729
4000439429684
4000534591191
33043290864
1005002072992917
33041456905
4000145244770
32878569239
1005001602358027
32879672132
4001104325332
1005001809006232
32881174641
1005005456689589
1005004355662397
32896975159
32944737590
32951817796
1005001616359892
1005006605616260
1005007581763407
1005006674837057
33043691043
33048576122
4000368546682
1005005434124836
1005006604304867
1005003634533671
4000187862847
4001095293264
32867367541
1005002070179895
32899728172
4000188946093
32607357386
4000182176906
32808442313
4001091157707
32947074057
1005004637097166
1005004299048379
4000193256545
4000041944437
4000049696371
33052711282
4000901992862
4000953727386
4000538181456
32945560782
32882938570
1005005413829137
1005004227161221
4000187941845
1005004035485633
1005004999047022
1005007504074051
1005007653750295
32877806913
1005004772011744
1005004147804118
4001112175509
1005007174379469
1005005496402325
1005005064310593
1005003566234291
1005005433780477
1005004582016341
4001065978900
32816965938
1005007621381632
32777060982
1005006190604777
1005003797859683
33039377245
1005006137070128
4000125085727
4000125189719
32824186343
32821691519
1005001687717074
1005007021267071
1005007812655575
1005007796427069
1005007790528590
1005005766117707
1005007444902506
1005002842711345
1005007394018603
33038333770
4001042315451
4001076639032
4000004793524
32945504967
32949349592
32951031655
1005005252070745
4000712470800
32888294297
32878562422
32895310336
32877037579
32817025696
32799533790
32775929224
32778299957
32877978269
1005003569741876
32879663803
1005007790500805
1005007790014123
1005007670360176
1005007655512892
1005006056563394
1005005929615913
1005007662699810
32876365731
32883927745
32950419664
1005004626046999
32870844495
4001076120800
32893295077
32871303110
1005005898155121
4000981627530
4000708666827
32947484995
32952156939
4001077187271
4000004419962
1005001929251278
1005007054378526
33045413604
4000009734230
32951799309
32607057344
32776140631
32820339443
32608404739
1005001812452386
32889587650
4000004512300
4000051830782
32868930172
32815488700
32778415586
32778098608
1005006000043851
1005001948993452
32895145792
32895410577
4000007556252
32607057544
32818362117
33063430044
4000008711089
32894272875
1005001961008165
4000927917194
32944056884
32827408778
32775437955
32607265779
1005002111391577
4001013575017
4001090313818
1005005848424920
1005005859092544
1005006284103876
1005006496527009
1005005080801396
1005006284156904
1005002662084621
1005005710135785
1005001514071955
1005007623776830
1005007583962781
1005007325005040
1005007060758733
1005004386423245
1005006157596157
1005005099087920
1005005852228010
1005005862400027
1005007130056277
1005006152004888
1005005922411737
1005006166830447
1005007161407767
1005006309850576
1005006173655531
1005002517500569
1005005684907651
1005005548158542
1005005772544160
1005006065028951
1005006065282404
1005006065505985
1005006065338084
1005006065248332
1005007635332513
1005006065554164
1005006065287985
1005006065474181
1005006065389544
1005006065352511
1005006065145421
1005006065373350
1005006065476267
1005006065293061
1005006065557777
1005006065447025
1005006065125577
1005006065286915
1005006065406020
1005006065247018
1005006065255050
1005006065452016
1005006065498481
1005006065348346
1005006065191914
1005006065140910
1005006065462072
1005006065385416
1005006065393192
1005006065443290
1005006065241829
1005003678197366
1005004504146190
1005007240825869
1005003688845926
1005003701094552
1005007169960719
1005007286406938
1005003979108257
1005007169971964
1005007342050545
1005007502993685
1005007432997222
1005007608979251
1005007823936345
1005007823700968
1005002503811991
1005002505985384
1005002489983049
1005004068629146
1005007188358043
1005007607837054
1005007486813631
1005007660344770
32894494603
1005007641285340
1005005743974176
32799053184
1005004094018090
1005005300894853
1005004984068532
1005006890379637
1005004572682011
1005003203306247
1005005299894902
1005004257149973
32898804731
1005005842687088
1005006419847860
1005006790050379
1005006789291525
1005001645676890
1005006618766243
1005003287580541
1005003957464686
4001359792377
1005005255768148
1005006134966510
1005002509430837
1005003915041706
1005004262609750
1005003500738621
1005004658074368
1005006000180309
32845040074
4000392746707
32847883790
1005006852121817
4000359888828
1005001993882176
33021777939
33030355953
1005003039650185
33018931843
1005001406788956
4001158354358
32630063972
32665949543
4000431067778
32833240203
1005005403004202
32551285095
4000386574488
1005007528537058
1005006078040989
1005007602772044
1005003224253529
32829570071
1005003122125344
1005007307741181
32652227695
32639632366
1005004473528722
1005005779624023
32834196378
1005006565038123
1005004293557411
1005003024556244
1005004779084923
4001364565609
1005006129845855
1005007267303537
1005007392261528
1005003922639309
1005005712260524
4000966234105
1005004474004472
1005005380436677
32666049417
1005004309215002
1005005684691267
1005004120857975
32881242884
32879713246
32218766011
4000002378031
1005001846147473
33049809974
1005004944518164
1005004283056725
1005004389582018
1005007347292751
1005001399068062
32498520832
4001307254767
32740704720
1005005578663487
1005003720061809
33000447786
1005007383197123
1005004767055368
1005002734627294
1005007466371814
1005006776295395
1005005081300954
1005007011437877
1005006880171411
1005006029282204
1005002497750702
1005006412895027
4000182117327
1005006249708335
1005006366164792
1005004032388131
32814483234
1005006197740969
1005003912423041
1005004294751766
1005006238682789
1005006174818516
1005003769754871
1005006361018538
1005006357577811
1005005610582939
1005007326621637
1005007672997320
1005004399588790
1005006376616659
1005004762709128
1005005505712543
1005006231885772
1005006681732842
1005007235940409
1005007668098701
1005007669942099
1005007673341224
1005007673230433
1005006788975781
1005007104042583
1005005509571854
1005007273701490