1005007489056847
1005006790069708
1005007041253354
1005006149916832
1005007303916168
1005007210952248
1005007173552202
1005006962952666
1005006631750670
1005006033447493
1005007499614603
1005004123930106
1005007166053520
1005006935166907
1005006150771121
1005006150635812
1005007430862663
1005006027161125
1005007444339916
1005003096295595
1005006155923144
1005006155288731
1005006427507148
1005006922639268
1005007473171486
1005007450012252
1005006640926466
1005006501693390
1005007431433027
1005007467621575
1005005333565574
1005004877588364
1005005571331180
1005007117709678
1005007599118694
1005005840541683
1005005772852314
1005007307893512
1005007283258675
1005006781369047
1005006618543379
32808758865
32832649102
1005007518225918
1005006968691386
1005005801426487
4000159504697
1005006935556805
1005007210871050
1005007075744967
1005006053640359
4001135836285
1005007141302014
1005005888293257
1005006523824986
1005006851373775
32993447577
1005004374094417
1005005996863212
1005005777838055
1005005788157234
1005005615767708
1005001969746614
1005006855793401
1005005339515557
1005006379731390
1005005697259427
1005006065063623
1005007280176910
1005007518531171
1005006007548259
1005005966743305
1005007438305239
1005006193506369
1005007208227105
1005006846900711
1005005986175153
1005006830380916
1005006012919596
1005007709328489
1005001624919043
1005007266720726
1005007709389338
1005007184508858
1005005015802530
1005007759133865
1005007741254759
32900565223
1005007449759859
1005007038385602
1005007438554067
1005001302485240
1005006850020725
32948227893
1005007044425127
1005007204810620
1005005208940250
1005005970294948
32971534402
1005007340821809
32955674922
1005007337763727
1005003374208169
1005006031083744
1005007647641660
1005007295877207
1005006943519626
1005003069065368
32981283429
1005005672085565
1005007457286267
1005005274308975
4000764564919
1005004523703931
1005005924801670
1005003933673618
33040859410
33005232758
1005004628631208
1005001386650514
32820514764
1005007781720950
1005007499018091
1005007169533271
4000834730964
32892311076
33012102211
1005007661596570
1005007458548767
1005006910038130
1005006955019321
1005006871406102
1005006642343484
1005007499029830
1005006920514080
1005006861909303
1005006909050503
1005006861999921
1005006362079821
1005007192733215
1005007645259634
1005004793772552
4000089886755
1005007592432602
1005005580453133
1005005954314854
1005007499643272
1005006825383887
1005002107914492
1005006871221029
1005006904934058
1005006913720915
4001331132895
1005006900976052
1005007501107740
1005007210660541
1005006845533766
1005006645339203
1005007186424755
1005005756377185
1005006924382620
1005007115551777
1005003173068188
1005006960421470
1005006341353993
1005007186606610
1005007376333991
1005006134234816
1005007389812018
1005006794153941
1005007678474958
1005007272312383
1005006944857320
1005005957625818
1005007426310139
1005007142666561
1005007418204715
1005005222337889
1005004959705644
1005006380547446
1005007418476173
1005007292451744
1005005476328398
1005004079315408
1005007648203889
1005007097602278
1005006174982743
1005006535039800
1005006870776067
1005006885529933
1005005510165070
1005006615182669
1005007774751950
1005007774736365
1005007774724407
1005006879965197
1005006896770323
1005007636799634
1005007193477361
1005007431248772
1005007210520774
1005007701769883
1005007145493732
1005006783091703
1005007335844912
1005007175577534
1005007296004363
1005007675618366
1005007795182430
1005007701271625
1005007749633073
1005007417050396
1005007577003889
1005007058278640
1005004793769457
1005007383773945
1005004793779316
1005004211300815
1005007709664303
1005007709741121
1005007709500857
1005006892260517
1005007298432179
1005007423848994
1005007124132241
1005007115909294
1005007464180733
1005007455000268
1005007172982740
1005006134356091
1005006410830049
1005005566339924
1005006955014904
1005007058880691
1005005721586013
1005007480969144
1005007524218256
1005007422778427
1005007418156944
1005005973163232
1005006277054522
1005007542115379
1005003429196679
1005004163938016
1005007348821738
1005005161875638
1005007053304200
1005007336274268
1005007480581912
1005005828058674
1005007129681494
1005006768461667
1005007566540228
1005007481260452
1005007654218166
1005007142374813
1005007415530158
1005005990420163
1005004962411070
1005007655479829
1005007481060575
1005006410273820
1005004250813475
1005004299975497
33053288210
1005007580344303
1005007271739447
1005007415689240
1005007606037800
1005005352925015
1005005481766599
1005007107783618
1005007696371402
1005007696524041
1005007696351428
1005007696395284
1005007559519217
1005007262534038
1005007095928046
1005006135065606
1005007418427181
1005007568166990
1005003688457231
1005007455377756
1005007377698383
1005007581637638
1005007374141213
1005007481020181
1005007591712387
1005007700941614
1005005937018819
32850866887
1005004065901671
1005007655672368
1005007060818743
1005007568346735
1005007455651257
1005007422466719
1005007701100090
1005007348115183
1005007700836932
1005007696288838
1005007696506048
1005007454183811
1005007455155121
1005006679039266
1005007481144133
1005005786469463
1005007210288526
1005006990190656
1005007418190588
1005007104663695
1005007102491709
1005007102575561
1005007481533643
1005006398331961
1005007436464628
1005007585815328
1005007129736676
1005007481683483
1005007568365147
1005007481416695
1005006705154156
1005007481152130
1005007353690471
1005005942820262
1005007478857451
1005006529731534
1005007632768090
1005005829011866
1005007624989818
1005004605614209
1005006579693090
1005006239363296
1005007128404001
1005007544250471
1005006689030978
1005007529662261
1005006529652538
1005007481724476
1005007131324990
1005006881900612
1005006285074339
1005007478238975
1005007612114204
1005007573312387
1005007464422282
1005006239356485
1005006446690979
1005007478849542
1005005413467424
1005006239277859
1005005769636037
1005006990057888
1005007210928048
1005006845157607
1005004395377590
1005006704926817
1005007544778051
1005006848262097
1005007494898262
1005007131558503
1005007129874032
1005007311409205
1005004966575425
1005003773515430
1005007172999689
1005007542112368
1005007348078152
1005007102679002
1005007475857280
1005005753431381
1005007790884098
1005006524970760
1005007129601684
1005007481309617
1005007130703653
1005007475922729
1005007127971006
1005007481574768
1005007481709195
1005007107479262
1005007800529632
1005006258398987
1005007808435533
1005007828574240
1005007827992967
1005007806412468
1005007822487720
1005007805489012
1005007821775297
1005007819411533
1005007814427562
1005007814195220
1005007809848088
1005007809330514
1005007809102336
1005007804783696
1005007632193763
1005005137866695
1005006980870997
1005007210412443
1005007347824675
1005007279117945
1005006940968076
1005007451802562
1005007429176264
1005007400220245
1005007542127326
1005007541889943
1005007437082181
1005007130197146
1005007437555210
1005007131103529
1005007481496663
1005007102588231
1005007454662060
1005007104886439
1005007481951003
1005007129712485
1005007481192979
1005007105012188
1005007129620824
1005007481463819
1005007696530266
1005007701353503
1005007757542129
1005007727665455
1005007392719102
1005007399678850
1005005820654925
1005007481536104
1005007696529204
1005007696415449
1005007696524217
1005007787298505
1005007787650941
1005007788855502
1005006182109947
1005007783663116
1005007701079142
1005007714730224
1005006728468860
1005007285417691
4000111460946
1005007490315971
1005004402469432
1005006753848541
1005004560857029
1005005319117826
1005006954573204
1005003726166006
1005007285284559
1005004472747087
1005002282978895
1005006847441574
1005006242267233
1005007457902569
1005005133452194
1005007469017345
1005005573868710
1005003109586455
1005005250624656
1005005428370596
1005002771701652
1005002453851134
1005002788444500
1005002788356907
4001364406076
1005007461626331
1005007448275322
1005005093208842
1005006847445574
1005007396644504
1005006847564225
1005006861753807
1005006859731433
1005006847462545
4000159608932
1005006873838143
1005006847554298
1005006847547301
1005005777373951
1005006847398792
1005007464805265
1005007458101113
1005007469150066
1005007464748468
1005007464633617
1005005505060334
1005007464683493
1005007468988427
1005007469028340
1005005250727013
1005007468825701
1005007464940112
1005007468749892
1005007468865660
1005005599295165
1005007464933062