1005005778258640
1005005913353468
1005006074919796
1005003333034571
1005005115229732
1005006597080684
1005005591673531
1005005803043901
1005006584082652
1005007301105766
1005007084826360
1005006733293598
32970186588
1005004791493944
1005006175497789
1005006331679373
1005002956482919
1005002305497172
1005007219757394
1005006704445674
1005007283487874
1005007516470918
1005002589317936
1005001383189005
1005006865770387
1005004252400394
1005006175599937
32819807884
1005007392845168
1005004211664169
1005006180672232
32758327209
1005007345075503
4001124593346
1005005741881266
1005005969183562
1005005502257171
33011714976
33028689485
1005006305157116
1005006761621036
1005005554749859
1005007469565356
1005006791455863
1005006284520925
1005005478654794
32950613611
1005006759548724
1005005155566377
1005005241803718
4000793491054
32849587027
32785693968
1005007141794653
1005006380220899
1005007405450580
1005006364566952
1005005551636149
1005005123270062
1005007451006098
1005006992112204
1005005217841508
1005005217734311
1005006725593231
1005005192335959
1005007586939687
1005006991843795
1005007450590922
1005007489897661
1005006755680122
1005006992012651
1005007004350589
1005007586078026
1005006886823416
1005007004329586
1005006950475801
1005005695792570
1005006868297542
1005007105039950
1005005533500871
1005007521933349
1005007119252203
1005003667068860
1005003766824729
1005007578270235
1005007056618905
1005006534134018
1005007097122683
1005003151997688
1005007578161441
1005004603378923
1005001998057195
1005005184962350
1005002869885419
1005007068395292
1005007471387966
32760899130
32357010821
32904831883
32721298624
1005007702083319
1005007714489904
1005007717412696
1005007800601831
1005007760722682
1005007762193908
1005003946049527
1005006063382119
1005007570681529
1005007090854591
1005006933094404
1005006867527846
1005007575123701
1005007258446171
1005007650463967
1005007016695429
1005006603170359
1005005399347863
1005005280088285
1005007582375581
1005007106419656
1005006901730265
1005003663748741
1005007078014190
1005007576159097
1005007274019033
1005006815736157
1005007583547526
1005004803169796
1005007584249202
1005006901447558
1005004803231224
1005007598798126
1005007594719742
1005007210578683
1005007471686440
1005007575977629
1005007592498064
1005007246055889
1005007046357695
1005005802900127
1005007030897942
1005005951484536
1005004713389067
1005007176561839
1005006473283209
1005007007824988
1005007253852214
1005005682116233
1005006917174717
1005006859432385
1005005962257836
32847965986
1005001270071275
1005004171319068
1005006081250840
1005007502224151
1005006867777422
1005006112787508
4001360374614
1005007473947992
1005006816470917
1005007596953738
1005006816575649
1005007037817030
1005007418833714
1005005969542971
1005006975423778
32860324822
4000122783296
4000227913142
32976864845
32832866146
1005001265857495
1005006063204701
1005006332872037
33052443336
32976788963
1005004722257146
33045787026
4001204938645
1005007354647703
1005005586613366
1005004357801457
32982132958
4000305361723
32981799197
4001351116059
4001290032433
4000509210321
1005002242323580
1005007435342457
1005007613973233
1005007433137282
1005001292955344
33019658518
1005007351777502
1005005526221846
1005006587454177
1005007650898206
1005007420894515
1005003112338755
4000470165775
1005004844733353
32890116534
1005006366612700
1005007236546401
1005001320922767
32888143280
1005007241555382
1005001633646767
1005005284187456
1005005638997853
1005003692569237
1005006108076789
32962368553
1005007235862301
1005003877573401
1005005952722651
1005007064462622
1005006366644491
1005007410586251
1005006756041866
1005007395216974
1005007504326354
1005003111930849
1005005945151386
1005007395260865
1005004102995982
1005006876994292
1005003877534196
1005007395448206
1005006955858614
1005006876769908
1005006876790936
1005006876748922
4000203265855
1005007064848012
1005007064818370
1005006348083583
1005006430157722
1005005244798789
33007126343
1005006787049904
1005007477403407
1005007330792134
1005007446731679
1005006515366743
1005005032421941
32963328622
1005004963056817
1005004044706374
1005007221508592
32809228701
1005006333663142
1005004962916711
1005004851708106
1005001313886598
1005006714564583
1005006737330939
32809292170
1005007064727240
1005004970348277
1005007407635873
1005006876806825
1005007477257469
1005006955730970
1005004781986047
32807608079
1005006865903793
1005004970329345
1005003977176568
1005007236527428
1005006877021180
1005003758237687
1005003111985060
1005003111844745
1005007255522081
1005007395928528
1005007064809362
32888143355
1005004433816745
1005007618263506
1005004271323248
1005007235955144
1005006756089791
1005007641284489
1005007398977292
32860617633
32811105205
1005004489425572
1005007407904088
1005006124491846
1005007410418777
1005006776926344
1005006286294981
1005007065027052
1005007236718123
32905974469
1005004489395660
32828957014
32809569044
1005005032948602
1005006782970634
1005002953364872
1005005601630977
1005007241738049
4000050882011
1005007484726929
32808589122
1005006366570035
1005007395820894
1005007396003285
1005004963256280
1005004963226518
1005007407616993
1005006333637197
1005007407928022
32818905745
1005006286373512
1005004970364219
1005007235307885
32885109262
32808497846
1005007241281836
1005007650766618
1005007650829434
1005007108459080
1005007644433820
32828925194
1005007650706763
1005007236015071
1005007241356678
32812359011
1005007477414657
32886742410
1005006366618836
32804294711
1005007641159831
1005007650698756
32842837847
1005007650775569
1005007650770661
32844677484
32953073299
1005003957197365
1005007650884416
1005006291170401
32879747355
1005004103054283
32802731162
1005007017088329
1005002175771019
32882659329
1005007641348239
1005006738537766
1005007641386075
1005007031703738
1005007064748471
1005007650568541
1005004151860703
32672291174
32905947637
1005002957681184
1005007474777952
1005003779874093
1005005152721771
1005003753079651
1005003177438165
32884768074
4000765332965
4000315373415
1005004349002134
32958299634
32962190459
1005007489266290
1005006117856336
1005007176959945
1005007029349576
1005004626098764
1005003081112025
1005003267578149
1005007050797526
1005004140974348
4000984886111
1005005297525332
1005005492999256
1005007458179401
4000980960673
4000980917074
1005006882365788
32456438337
1005005708633622
1005006513460605
1005003600527915
1005005939600090
4000910629450
4000980895157
1005006612101647
1005006123101955
1005005554613839
1005003400527379
4000166996993
4000397132769
1005004025210335
1005007458205513
1005006296571211
1005005468230825
1005002587932286
1005001714205590
32800419682
4000947030676
4000396045947
4001043709324
4000191691677
1005006737570438
4000328922205
1005007022834975
1005005115954104
1005002651240869
1005007458324154
1005006109025911
1005006157366223
1005006040571069
1005005156450977
1005005215352408
1005007489987655
4000207284144
1005007149014272
32884748432
1005005132388612
1005003752964089
1005001382243995
1005006120605425
32258478700
1005005363629223
1005004282205264
1005007159973200
1005007288535465
1005006539489998
1005006564678909
1005007535747812
1005007272591746
1005006743949366
1005006583827990
1005007764353394
1005007159556991
1005006743864594
1005006577788094
1005007457158862
1005007005236085
1005007177911989
1005007559973164
1005005752607420
1005007662506306
1005007234112815
1005007439363943
1005007559965340
1005007560148534
1005007559452924
1005007621349105
1005007578847823
1005007560168099
1005007582896208
1005007544833343
1005007128584894
1005007559909558
1005007376646093
1005007471346136
1005006432796874
1005007663748494
1005007440081882
1005007557516351
1005007620322937
1005007597835347
1005007468132071
1005007658120755
1005007591012559
1005007615024798
1005006115364786
1005007546469397
1005007440403238
1005007499771690
1005007519862042
1005007612936112
1005007310433179
1005007417558946
1005007333173946
1005007559526944
1005007394167878
1005007324827802
1005006874013558
1005005553435133
1005007631169701
1005007287302583
1005007560502062
1005007673135072
1005007559899338
1005007324729433
1005007560678759