1005007355769825
1005005808422233
1005007277392351
1005006909862617
1005005875735716
1005006151257735
1005004357500617
1005005526138056
1005003994384439
1005006082824449
1005006051481649
1005005934796409
1005005850090753
1005007039313133
1005006216223416
1005006216775233
4001302072525
1005007131180834
1005006328799326
1005007044259070
1005007011462034
1005007003929601
1005006484918931
1005006445589591
1005005997647492
1005006385098311
1005006370696715
1005006918112444
1005005217387627
1005006646456574
1005005477348472
1005006969320303
1005006863822163
1005007163006801
1005006259115252
1005006166275337
1005007161336101
1005004757099047
1005003866687656
1005006684720503
1005006851832655
1005006462309514
1005006934212328
1005006845239120
1005004255762590
1005003522169315
1005007132279365
1005007380648699
1005007212575182
1005002494193362
1005004433657770
1005006369957736
1005007090046921
1005004193436914
1005007263405229
1005002017122130
1005006711536957
1005007010278805
1005006228419267
1005006353636082
32998618289
1005007010176671
1005004988809440
1005006278929866
1005007084256092
1005006367701958
1005007198178140
1005006061690273
1005005036656967
1005006314324072
1005006821497462
1005006222897792
1005007063640574
1005007345776370
1005006280516403
1005006770491294
1005007261883398
1005007468780510
1005006237345223
1005007468509704
1005005959322770
1005006285498472
1005007112429160
1005005462847632
1005006962037658
1005006647881719
1005005732425035
1005006280899336
1005006276768119
4000143440359
1005006217480428
1005006370041385
1005006435819868
1005007047794553
1005007116951034
1005006994452699
1005006768086917
1005004811491503
1005006002693680
1005006857106370
1005006203985125
1005005924800063
1005003285379314
1005007047570852
1005007337765375
1005005523571541
1005006692467272
1005006842625386
1005006514373062
1005007253774066
1005006103662662
1005007399138448
1005006816397526
1005006453086041
1005005608625714
1005006220109876
1005005036664896
1005003176227244
1005007260386836
1005004670946921
1005004046306240
1005007075806793
1005006974389527
1005006989954641
1005005977183261
1005006783011403
1005007227110320
1005006874396322
1005004227129850
1005006592295303
1005007123467081
1005006776343588
1005006022835606
1005006769854950
1005005467741206
1005006421906174
1005006852054261
1005004415415608
1005006990560834
1005007231670678
1005005887818212
1005006863796739
1005007384248920
1005003956314821
1005007184130647
1005007070518683
1005007205313799
1005006274050426
4000780853865
1005004483475578
1005005644912303
1005006852100102
1005006216800272
1005005767922900
1005006603082121
1005006440502414
1005007321342392
1005007275447493
1005006910276435
1005007373376627
1005007261025128
1005007252561051
1005005979449681
1005006600026641
1005006792518470
1005006023057052
1005006023072608
1005006826280205
1005006409111758
1005005193675294
1005006629098736
1005004896075134
1005006321418796
1005006797301454
1005006821809692
1005006904016899
1005006579236501
1005006383429809
1005006975909576
4000974529041
1005006618326896
1005006176588750
1005006026668878
1005007166112194
1005006181940388
1005005369225682
1005006139950873
1005007109048337
1005005252248346
1005006602842385
1005007294362359
1005006205273447
1005005865058439
1005007001602521
1005006867131622
1005002854202741
1005005650891368
1005004739266717
1005006103718417
1005004830633309
1005004463901885
1005007305950780
1005006166288257
1005005874379035
1005006409148510
1005006782751877
1005006865599024
1005006269209696
1005007060320233
1005006596760780
1005007269174822
1005006953328782
1005005828385543
1005006962240742
1005006968770544
1005006536634804
1005004891572592
1005005849783682
1005007090221760
1005005922131588
1005006182442252
1005007310779690
1005007295832024
1005002233348151
1005006499709205
1005005854513085
1005006866664806
1005007303307039
1005004265597581
1005005263217740
1005006894532650
1005006690560895
1005006949135692
1005006007294217
1005006615257084
1005007045712673
1005006941766045
1005006393310253
1005005746394458
1005006746947545
1005005661151266
1005006024172939
1005006877049513
1005005797527682
1005006998521294
1005003157653970
1005006801924400
1005007139475223
1005005252265354
1005004384235044
1005004942913714
1005006844663760
1005007332320937
1005006030022676
1005006107448612
1005005363449531
1005007288494326
1005006822010522
1005004743747589
1005007316120649
1005005482241868
1005007204369520
1005007132015438
1005007108207979
1005007378422206
1005006406659927
1005003779862748
1005007324508779
1005006827195971
1005006073400842
1005002721109555
1005006174193962
1005004297786708
1005005128919874
1005006586308065
1005005351568340
1005006018833498
1005006367453050
1005006861992048
4000170461667
1005006628987589
1005007316306564
1005007156470447
1005007177235195
1005006331282949
1005006432663535
1005005238028158
1005004165483389
1005006855534897
1005005982273462
1005006273397749
1005007316546822
1005005452323903
1005007233995083
1005004981155027
1005006802388965
1005006331181019
1005006480522002
1005007299661918
1005006911178222
1005007067573147
1005006087889207
4000389758456
1005006363638864
1005007272717611
1005007067731317
1005006228517674
1005007348160494
1005007261696778
32863806493
1005007142219367
1005006982743479
1005007188554546
1005006819415608
1005007031284923
1005007432214781
1005002625792442
1005004188382118
1005005540841673
1005007255053647
1005005952125997
1005006128482444
1005005941359448
1005004464332076
1005006443402811
1005006640219921
1005004861646868
1005004070341496
1005003389488719
1005007363365528
1005007149681051
1005005729424098
1005007321665963
1005007384676876
1005006746520531
1005007162647784
1005006403031495
1005007145042467
1005004015581257
1005006870674971
1005004282140146
1005005780536471
1005006081813565
1005005922295087
1005005904955176
1005005682045653
1005005605260821
1005006630771184
1005004992225127
1005006796010639
1005006495533046
1005002023536401
1005006497524684
1005004329942487
1005002630340163
1005005931555996
1005006015530686
1005006636270190
1005005532643777
4000394689012
1005006520412049
1005007281551637
1005005272508125
1005006345977337
1005005191581335
1005005454341856
1005001342533022
1005006970440254
1005007077281502
1005005450341136
1005002966606995
1005003826944700
1005002137631874
1005006997291283
1005007247315126
1005006250037386
1005006346495819
1005003770337967
1005007212701769
1005006751586486
1005006462625381
1005006430326037
1005007153258853
1005007369171174
1005005043497798
1005004649245993
1005006425623993
1005007152092145
1005004913700833
1005004646963605
1005005884942933
1005006975060860
1005007322401175
1005005544438589
1005002664632213
1005005424516157
1005007216097937
1005007331877407
1005006915256721
1005007298313885
1005002664351790
1005007335891777
1005005514032256
1005006536269759
1005006326708458
1005006819616189
1005004355829856
1005006135215261
1005006185772631
1005005373332134
33014970646
1005006257375440
1005006414030100
1005004957696658
1005006437070386
1005006577603933
1005006367175093
1005007149997380
1005006340567934
1005006732330101
1005007174447254
1005007053397677
1005007298585090
1005006826329009
1005005195883629
1005006220568185
1005003045120098
1005005937426427
1005004625648231
1005007315606388
1005006905864047
1005006935645909
1005005870486690
1005006724503892
1005006623538957
1005004992149062
1005005618520449
1005006128065950
1005005675631698
1005006653934950
1005006395949334
1005007234767752
1005005892341392
1005006904540784
1005007122880556
1005006719166753
1005004827008298
1005006924341068
1005007071459493
1005006821727384
1005006184885895
1005004840784503
1005005196314565
1005006639729987
1005003032798401
1005005638945637
1005006599786692
1005006384991761
1005007067305612
1005005371297272
1005005286990254
1005007071988572
1005005719369556
1005001758804908
1005006616467022
1005006917419379
1005006679562205
1005007016073792
1005003463435609
4000781399332
1005006813377884
1005003612118905
1005005069556691
1005005114592497
1005005819548296
1005005553040684
1005004129340812
1005006792802675
1005006756082525
1005006597901437
1005005864377088
1005003379884286
1005006903421996
1005007281643892
1005006537129321
1005007307098185
1005006721837042
1005006056391702
1005005293275558
1005006757083322
1005007146805374
1005007107912164
1005005579776504
1005006016230664
1005005104381336
1005007310558047
1005001487264942
1005006955709213
1005006062239022
1005004805673627