1005005743533911
33019847721
1005002890712072
1005007324645671
1005006692947299
1005007300037184
1005006361901585
1005005610925547
1005006398995046
1005006589354773
1005006440181230
1005006425295963
1005005407181183
1005006321255280
1005007406583329
1005007550907687
1005006064656802
1005006725162736
1005005623154098
1005005357078044
1005007056300040
1005007295016780
1005007295299139
1005006206623856
1005007295302278
1005007520433263
1005006468351592
1005006867552258
1005006810989234
1005006445045528
1005005638613125
32671316105
1005006961057535
1005007487780601
1005005584890913
1005006742598563
1005006812947239
1005005895137854
33045009255
32841313366
1005005966587612
1005006955966998
1005007261603207
1005001987902297
1005006600016271
1005005168953968
1005006012684392
1005002954224772
1005003923075712
1005007250353571
1005007363135338
1005006281980720
1005007399535654
1005007134236251
1005005536370128
1005007364030500
4000029580332
1005006912315495
1005004473973893
1005002941304853
1005006359008811
1005007462456772
1005006685522031
1005006807663682
1005005210826967
1005007321948405
1005007123821712
1005007301066137
1005007409583420
1005004685708541
1005007492798236
1005007486295405
1005007016921222
1005005949201544
1005005924245155
1005007487952260
1005007259868684
1005006258964899
1005007102308759
1005003951865809
1005007507739789
1005006371397464
1005005553133165
1005007160117017
1005007507697879
1005004980874895
1005007423576792
1005006110569269
1005007079334038
1005005981502814
1005004791936558
1005006683748646
1005006365665010
1005007100513362
1005006262141987
1005006807622127
1005007346115057
1005006867451585
1005006968911625
1005004971050839
1005005918930707
1005003069599094
1005006454164102
1005006239579228
1005003038861495
1005006697129329
1005001908262487
1005006032015240
1005006770567161
1005003937602409
1005006200334228
1005006281964403
1005007010041092
1005007343099458
1005007611488108
1005006654093209
1005005742302589
1005004955008438
1005006782246323
1005006264947272
1005006284280117
1005005815581867
1005007088320621
1005006712948871
1005005505975127
1005006120576359
1005006710901919
1005002998841869
1005004517347132
1005005243280363
1005004941517044
1005005032867319
4001228103259
32823753973
33059637338
1005005730036684
1005006303878444
1005002998816960
1005006368450980
1005003492308441
1005006199242555
1005006959186337
1005005187960659
1005005955013911
1005007219993137
1005007260560809
1005004853855011
1005007188896466
1005006417483612
1005006891005581
1005006724350121
1005006500756190
1005006417725674
1005006422465289
1005007506767250
1005006679674581
1005006147223890
1005006747923381
1005005467039873
1005005733048642
1005001280781954
1005004940600674
1005007201978897
1005006029024967
1005006642692316
1005006109337960
1005006710903928
10000356051561
1005006312264308
1005005314713524
1005005543586474
1005006416761660
1005007746604947
1005007746778140
1005007524563685
1005003982178527
1005004913422982
1005007667887684
1005007720412158
1005004697803029
1005006261301356
1005007755902224
1005002989532166
1005004878765307
1005006246209940
1005004684826399
1005006710708989
1005007794531231
1005007794482402
1005007736245905
1005005629379306
1005005073163574
1005007772393737
1005004228962652
1005003973851895
1005007754948639
1005006281970376
1005007198962779
1005006711859796
1005005935024920
1005007367396980
1005006682453991
1005006682165537
1005007573487640
1005007348298330
1005006494495187
1005006790968747
1005006650946911
1005006690851822
1005006683718478
1005006682654436
1005006261878223
1005006957648498
1005005735687164
1005005905409052
1005005782807932
1005005904857731
1005006106994077
1005006334493330
1005004684758610
1005006428518881
1005006493669925
1005002625250254
1005004443557188
1005005973480009
1005006909112126
1005006909075152
1005005252026994
32890182689
1005007108958000
1005006048723930
1005006168781228
1005007575055698
1005007104203674
1005005819590104
1005006207570711
1005004150765756
4000224510110
1005004670820416
1005004542508776
1005006169255646
1005006175670802
1005006254618073
1005004443458751
1005005880960895
1005004543295199
1005006925371896
1005005945109804
1005004111418877
1005006458952017
1005005601122148
1005002512404452
1005007322398950
1005005060630414
1005005357263044
4000016483977
1005005388368130
1005005862039176
32868262185
1005003724487320
1005007260955042
1005005454307149
1005003422514568
1005006774348332
1005006625830118
1005006342057534
1005005843104593
32822974214
1005006216933137
1005004199765618
1005006367899095
1005007007979491
1005007416388991
32916874598
33046327055
1005005997407099
4000516701213
1005006433238808
1005006774304423
1005004229416724
1005005961434310
10000122948963
1005006478998759
1005005413088903
1005007504848955
1005003689161469
1005001460582930
4000625121028
1005006068692890
32868104826
1005007121552227
1005005400620968
1005006342115607
1005004524089582
4001163786224
1005006916558886
1005003036498702
1005007480499888
1005007641744652
1005004013674972
10000022397404
33004149979
1005005357148800
1005005344711605
1005005857015670
1005006773944730
1005005858938558
32382291750
1005006819058869
1005007089577829
1005007444569369
1005005809963834
1005006489699194
1005006586834618
1005001953129678
1005007016439090
1005006774146745
1005006884422561
1005004254711960
1005006419747340
4000747839693
1005007003173734
1005007480973312
32849310920
1005006225197909
1005006822496921
1005007646809767
1005006282459094
1005007682703672
1005005296222841
32303118405
1005004903128070
1005006800989271
1005007524362774
1005007682981271
1005006189100084
1005007007711760
1005006774315417
1005006629584230
32979067078
1005006003064812
33039087627
1005002617748223
1005005356779883
1005006907061410
1005005123963408
1005006706069351
1005005989517802
32862553541
1005005106523175
10000353005251
1005005933690595
1005005686783958
1005005407502632
1005005349680143
32992698498
1005007009865116
4001203109041
1005005452257884
1005005767336681
1005002402445923
1005001831935272
1005001281727116
1005006310014991
1005007017195093
1005007223925971
32919071480
1005006152298211
4000934502678
1005007285886513
1005005023265957
1005004081419283
1005005200644511
32823941304
1005006809279096
32962269567
1005006428972284
1005004752894060
33028770204
32916673621
1005007003844067
4000861604062
1005007606097307
1005007021964042
1005006207354573
4001322138367
1005006949150358
1005006641549303
1005003012690324
1005003923009979
1005005632538059
32865389683
10000095732523
1005006960676348
1005005848854524
1005003158663818
1005005983244458
1005003442111750
32865216793
1005005391957257
1005006954056423
1005006186984442
1005005686921661
1005003393917942
4001134761458
1005006213173185
1005004345625244
32796026766
1005005989618351
1005006836584280
1005005488544465
1005004405233376
1005007425950547
1005006292773972
1005006654128539
1005006635168827
4001221798441
1005005894175282
1005004165825330
1005006848785537
4001284509456
1005007284402193
1005005457105427
1005007128964414
1005004669101797
1005001307939696
1005007351000503
1005007181387767
1005001403012051
1005005637821917
1005003511029735
1005007014023358
1005006168588691
1005006181238998
1005006289201369
33030295729
33028227703
1969209076
1005006640955279
1005006663873737
1005005213446392
1005004987833102
1005002624495237
32917880980
1005006652603085
1005007808322288
1005007774602626
1005007774513207
4000791011606
1005002542309354
33028643341
1005005458574275
1005007285838685
1005004682225183
1005006651976780
1005006877260260
1005006949597344
1005007107170745
1005007051981061
1005007205206735
1005006935708095
1005002754906595
1005005960268647
1005006851562747
1005007094577214
1005003963002148
1005006935565890
1005002162841337
1005006902586958
10000001134065
1005007643289662
1005003288903245
1005001871062046
1005004218148654
4000839925175
1005003951904356
32809982943
32811741001
1005007116988240
1005003288766787
1005006704987987
1005003962939352
1005006819071152
1005006918287639
1005007501796797
1005006783448934
1638236715
1005007370522047
1005005960343211
4000749019731
1005003722392371
1005002577389371
1005003718208372
1005007499274895
1005007285232452
1005007643890262
1005002754492961
1005002226213931
1005007434983122
32810747734