1005006112850619
1005007279822365
1005006759918018
1005005642261645
1005006855327436
1005006802749673
1005004188010147
1005005808825499
1005004153429200
1005002467891049
1005004203827263
1005005546397922
1005006837905466
1005003931961295
1005004050069866
1005006636808387
1005007112407184
1005007387693663
1005007380663461
1005005354231274
1005006409778615
1005007380645586
1005006074490710
1005007375817892
1005007465495382
1005005305250057
1005006431622916
32978881646
1005005937744043
1005006660942419
1005007145223990
1005005551770170
1005001547704492
1005007079926749
32813715903
1005004644683032
1005007387793232
1005007479399916
1005006837878498
1005007055617759
1005007734904304
1005007734884350
1005007735058188
1005005277095667
1005007452226745
1005002855156424
1005005726977482
1005006838014131
1005007748762974
1005007748957353
1005007749588741
1005005646281748
1005007347446659
1005002670756087
1005007461555187
1005005739452201
33037474563
1005007721701847
1005007720629316
1005007720577808
1005002830000044
1005002080373066
1005004518155989
1005007784316811
1005007784960096
1005007763731641
1005002593789428
1005007748866486
1005007748822713
1005005551823140
1005007749509848
1005006637717521
1005006892416735
1005002588434856
4000816399564
1005007730592034
1005007730572044
1005007730659394
1005005724152053
1005007730485131
1005007730334182
1005007730331164
1005007748997052
1005007749020026
1005007749478929
1005004574022818
1005005690476949
1005007729525257
1005007729217921
1005007729334455
1005007735155527
1005007734919831
1005007735011771
1005007347712712
1005005566558166
1005007749796048
1005007816765029
1005007731588158
1005007343154986
1005007343302910
1005007344396309
1005007343412615
1005005940812883
1005005941061595
1005005941148043
1005005941043724
1000007364289
1005004182535572
1005004188007248
1005004200424354
1005007731573200
1005007731747061
1005005921300207
1005007797794470
1005007796690177
1005007797634751
1005007749327689
1005007782129178
1005007783535569
1005007777029219
1005007743030414
1005007743071349
1005007742943775
1005007743011514
1005007729834637
1005007729683031
1005007729609485
32975944677
32863655218
1005004290263290
32852598190
1005005552662174
1005002477043570
1005002477052465
1005005564550118
1005004195595230
1005007455089521
1005007343144968
1005003008595555
1005005235411951
1005006469409580
1005006730559476
1005005940726799
1005004935467681
1005006085904258
1005005556510205
1005005364404492
1005006687872751
1005007182044515
1005005497204075
1005007097370421
1005005405162765
1005005421665781
1005007014742860
1005006776371340
4000818441971
1005007493706557
1005005848002108
1005005603804071
1005005782676677
1005006988439913
1005005843061439
1005006917671870
1005006578525527
1005006746532662
1005006257406376
1005004701047010
1005006033335742
1005007501750575
1005007435280509
1005003718955091
1005005128575032
1005007118377560
1005006698963570
1005007626379649
1005005891975809
1005003809362476
1005006198267659
1005003631196208
32597543388
1005006061788209
1005007648137284
1005007501786486
1005001340212337
1005005923878040
1005003698388925
32799646948
1005006791804941
1005006587856515
1005004114808896
4001154398341
4000804014584
1005004837740911
32914323096
1005004536408207
33038148610
32303460162
32843374234
1005007551380657
1005002334268324
1005007226220511
32691378610
1005005685938672
1005007359159703
32891391803
32875475716
1005007594489733
1005005824476159
32826711869
1005007335574815
1005007393755826
4000492803683
1005005816043896
4000931967411
4001307641130
4001239910984
1005007523894786
1005006520201823
1005005157804582
1005004641693099
33055682037
1005005333331345
32952799782
1005006952915529
1005003903170801
1005005552840317
4000303256514
1005006546484135
1005004310745949
1005007402150175
1005003162357919
1005007319734920
1005003701435623
1005005788286736
1005003049518735
1005006026502856
1005007660685624
1005006230206651
1005002754810383
1005004686365600
1005006183382297
1005007664246407
1005005504169959
1005007627776426
4000269844149
1005006103685920
1005007381701920
1005002363404982
1005002830340876
1005007647925641
32726706421
1005003643186538
1005006385177559
32896958626
1005005086550734
1005006159766539
1005006734254128
32885119089
1005005714116217
1005004433365209
1005003440989334
1005006219834335
1005004204484619
4000505629023
1005004082771588
1005005248164440
1005002028015348
1005006097360305
1005004837532346
1005006762069158
1005004622972611
1005004328733263
1005005556116301
4001058724583
1005004613782787
32973465148
1005005315235596
1005006848320997
1005003515871378
1005006524713072
1005003955994625
1005004235444002
1005004291561398
1005004704539067
1005005677249436
1005004896378347
1005003777045161
4000127250228
1005006803250490
1005005785876755
4000039280556
1005005449874909
1005005343734733
4000970513158
1005005777312233
1005004671058673
1005004233012455
1005005984787854
1005005214079651
1005005024227005
1005004659038219
1005003386227563
4001084672200
1005003196678711
1005004281520196
1005005265734161
1005004967405105
1005004347575580
1005005590649190
4000333969790
1005004439043876
1005004894299266
32840410336
1005002363076546
32852423263
1005004609191824
1005004691014959
1005005780754906
1005006495117445
1005005096670343
1005005828586734
1005005188541264
1005004204514171
4000157416297
1005005533773133
1005003574178155
1005004748613832
1005005017124226
1005006308023688
1005004854613719
1005005301610779
1005006390071724
1005004681605745
1005004418299569
1005003640137994
33039952684
33046516072
1005005796954339
33049395220
1005002348318345
1005005576701230
1005003787296066
1005005347722400
1005004392457395
1005002843314229
33014115745
4000113869043
1005005193427732
1005004608345963
1005005315817808
1005006314109940
1005006045997678
1005007594292186
1005007647411725
1005004418317641
1005005513235552
1005007408206515
1005005818855982
1005005471656191
1005006943046544
1005006386185885
1005005834143494
32923600400
1005007320615716
1005004813650333
1005006353628182
32961543394
32418662516
1005004150080555
1005005079128696
4001116374595
33032113715
1005007204786988
1005007485280340
1005004350853868
1005007217399702
1005003381066026
1005007343200201
1005006522496892
1005005869899563
1005006008462608
1005007539039333
1005007321667211
1005002449120036
1005007210812195
1005006207765514
1005005477467520
1005004879604465
1005005969110888
1005005115538431
1005005128080991
1005006467501129
1005004800510173
1005007580678215
1005006199544301
1005006127396350
1005007257138672
32962386834
1005003521183677
1005007473000414
4000064787676
1005006124372529
1005004671527260
32782144479
1005005477728223
1005006834187980
1005007176202341
32961951969
1005007582208982
33009038583
1005005439349444
1005005703380169
32822323091
4001352616825
1005001321902215
1005002821918747
1005005622538178
1005005976375106
1005006924396889
32829596866
1005003723083764
1005006446029338
1005003298608467
1005002798018538
33035436519
1005006391628938
1005003886449190
1005003793076660
1005001489296936
1005003699783522
1005004312994413
4000552620354
1005007223832277
1005001420076463
1005005433671289
1005007278949356
1005003583919745
1005004073490018
1005006026477007
1005005470872084
1005006259174558
1005006239461161
1005007084482320
1005006959584169
1005007431404883
1005005561394754
1005004310030252
1005005340772951
32820508271
1005007348494896
1005004870914005
1005002563827651
1005005551032007
1005002510702266
1005007406794392
1005005972919842
1005005397244330
1005007494177049
1005006655146544
1005002006771983
33014181396
32874871435
1005007448771659
1005006841028814
1005004708613393
1005005230771282
1005004333639389
1005006111976587
32839483197
1005005111610834
1005005677033300
1005005985530210
32948244800
1005007494612100
1005006049367267
4000036660520
1005002364377692
32998319247
1005006277279520
1005006046615914
1005005868287817
1005005491528067
1005003162526619
1005002624181938
1005002495266975
1005005743031449
1005005937404005
1005006068132378
1005001830660790
1005004581986017
1005007225332242
1005005174164541
1997170150
1005005534718676
32921358929
1934459328
1005007663240711
1005002024294107
1005001452903272
1005007104124052