1005007185274082
1005007501461701
1005007477302250
1005007287197155
1005006278481742
1005007501960222
1005007063578048
1005007439269599
1005007434379742
1005007336986834
1005007505678890
1005007422720393
1005006774005142
1005006491143245
1005007131220705
1005007287256117
1005007330837297
1005007155256533
1005007190101766
1005006547228091
1005006547140904
1005007051620771
1005006814620734
1005006346693743
1005007305913961
1005007055620836
1005007305241644
1005007487973695
1005006546694636
1005006551532108
1005007054946004
1005007109228792
1005007435000194
1005006552417008
1005007205116717
1005005061025544
1005007262763172
1005007154942590
1005007049530318
1005007542606800
1005007492750258
1005007387726007
1005007434270497
1005006057468135
1005007471194736
1005007492141942
1005007150647760
1005006608703093
1005006033445045
1005007270522484
1005007054676762
1005007454086146
1005007138723592
1005006991336532
1005007138298571
1005006594849533
1005007145543615
1005007381185694
1005007144383841
1005006542412205
1005007220333047
1005006474697614
1005006510513120
1005006474679643
1005006549110459
1005006510374175
1005006545704055
1005007049125787
1005006454787293
1005007325294182
1005006509645503
1005007066582820
1005007046836485
1005007423807493
1005007423732680
1005006752817089
1005006752793056
1005006752241417
1005007033040815
1005007387408439
1005007386978819
1005007351167785
1005006150384541
1005007523080880
1005007063331504
1005007422265099
1005007109639598
1005006610206451
1005007055357487
1005007325026379
1005007324994409
1005007033207500
1005007041058819
1005007040831952
1005007041142518
1005007388092120
1005006510023781
1005007388209000
1005007387487034
1005007126305953
1005007387847772
1005006510177199
1005006001971959
1005007597422237
1005007043106902
1005007155139490
1005007103764648
1005006802220365
1005007601994953
1005007042584849
1005007487043145
1005006599042524
1005007606646447
1005006491556603
1005006598699937
1005007489108748
1005007422907249
1005007336978238
1005007047011426
1005007648908760
1005007049504206
1005007490816970
1005007343788419
1005007434308511
1005006510551253
1005007621141682
1005007621406227
1005007032309317
1005007331843615
1005007521491667
1005006548913713
1005007127568054
1005007524871455
1005007620679350
1005007062846822
1005007408587696
1005007331905141
1005007191507376
1005007276339615
1005007276419326
1005007405198742
1005007042656901
1005007103645220
1005003629034044
1005007375562749
1005006324129942
1005007324875874
1005006887005870
1005007487897979
1005005781721680
1005007495824362
1005007321414635
1005007566555678
1005007327766724
1005007361942125
1005007327639742
1005004838640968
1005004838815223
1005007305427162
1005007426506131
1005006076663228
1005007270488478
1005004838698714
1005007084098242
1005006126064308
1005004900161542
1005003276684146
1005006666829110
1005007608690189
1005007198596568
1005004864125273
1005007201135641
1005007221193956
1005006919476622
1005007595124643
1005006594956429
1005007331786362
1005007563701664
1005007615144420
1005007196783572
1005004827553162
1005007507765086
1005007609234345
1005007097124220
1005004528522593
1005007283777360
1005007639242880
1005007387496895
1005004827342955
1005007343848510
1005007408209505
1005007601794117
1005006108392861
1005006378067543
1005007593714317
1005007430056970
1005007634126653
1005007609190136
1005007331722700
1005007421308940
1005007187692756
1005007501534472
1005007495839681
1005007524460460
1005005061004637
1005004838774333
1005004838750435
1005007609229081
1005007423861665
1005007507476913
1005007332130465
1005007570183287
1005005060999609
1005007561967229
1005003146287992
1005007574405600
1005007336909272
1005006932288152
1005007283750526
1005004089623967
1005006680942705
1005007608668833
1005007108278651
4001236927200
1005007351130535
1005007490800535
1005007548621504
1005006449956597
1005007475074886
1005007481961214
1005007521725663
1005007412312985
1005007488769230
1005007522315707
1005007035697095
1005006665123303
1005007163443397
1005007189717559
1005007485712872
1005006717748985
1005007192164103
1005007488363989
1005007338020219
1005007490918452
1005007235176620
1005006976113189
1005007055566758
1005007041426858
1005007487944896
1005007489269653
1005007622285359
1005007192037323
1005007480894214
1005006799180281
1005007168921104
32877944771
1005007282620337
1005007525046294
1005007325067417
1005006512228326
1005007593315620
1005007495512636
1005007024806846
1005007054519952
1005007275784322
1005006548879170
1005006378156049
1005007134468565
1005007046712531
1005007495647178
1005007524614523
1005007054100628
1005006526067685
1005007538509729
1005007282843331
1005007552420043
1005007481035567
1005007545999411
1005006091191639
1005006481558209
1005007427017188
1005007009358788
1005007110045577
1005005650679220
1005007126838553
1005006469583064
1005007422655890
1005007483157662
1005007428996693
1005007475866765
1005007028161008
1005005894271802
1005007449023967
1005006590998278
1005007616840089
1005007487505126
1005007528119789
1005006545581171
1005004002484060
1005007368711483
1005006809053247
1005007010016965
1005007507086898
1005005141048494
1005007043537607
1005006007458847
1005007505034805
1005006558821056
1005007505376983
1005007502060352
1005006512179766
1005007405054928
1005007495588683
1005006545413398
1005007042746321
1005007564159649
1005007507505205
1005007575646052
1005007490957552
1005007495866125
1005007490130718
1005007490361739
1005007476664352
1005007499934328
1005007511383734
1005007489053516
1005007487427395
1005007476576227
1005007487564098
1005007439511593
1005006672544603
1005005791100852
1005007519014506
1005007251582412
1005007251924446
1005007625149828
1005007013868087
1005007506411612
1005007495639540
1005007506219654
1005007501815145
1005007487869130
1005007487755017
1005005038097763
1005007337091742
1005006954993861
1005006838194027
1005007335817451
1005007671598238
1005007671386745
1005007671720748
1005007671674919
1005006137446089
1005007652159788
1005006751791880
1005007520665410
1005007573361383
1005007331876527
1005007394239103
1005007564080792
1005007572691533
1005007662525035
1005006377965693
1005007331897523
1005007099069840
1005007324973215
1005007563652753
1005007190407541
1005005563436320
1005007483896077
1005007487882918
4000745891992
1005007407690220
1005007321241772
1005007631959764
1005006058740930
1005007092481193
1005006666511753
1005007600742571
1005006873236393
1005007563991908
1005007010829065
1005007056049080
1005007524928782
1005007109718646
1005006278418879
1005007486375539
1005007109562271
1005006163074425
1005004837691767
1005007483189696
1005007601122362
1005007521366867
1005007270520279
1005007339931927
1005007352197813
1005007277711840
1005006278569517
1005007320721164
1005007552628155
1005007487945733
1005007454198729
1005007247022521
1005005949906528
1005007520307664
1005007420154602
1005007501664823
1005006838160262
1005007325370698
1005007564250475
1005007204285497
1005007488007589
1005007092056690
1005007639390420
1005007032710957
1005007361470357
1005007488049475
1005007351151414
1005007147015644
1005007464974590
1005007486618815
1005007361616405
1005006990712379
1005007320648182
1005006481421966
1005007350109167
1005007163973043
1005007131476466
1005007434455940
1005005460447204
1005007520182925
1005005967716638
1005007615251810
1005007488098361
1005005744648961
1005007143363942
1005007143389839
1005007404956445
1005007367554660
1005007139934345
1005007350215033
1005007404802789
1005007150755813
1005006772557521
1005007041597633
1005007609370490
1005007488104387
1005007394153771
1005007483746458
1005007514396240
1005007521973020
1005007520343600
1005006253435589
1005005744589761
1005007592511150
1005007330700115
1005006598531426
1005007524139304
1005007434317528
1005007151048247
1005007258354478
1005007609002588
1005007475520856
1005006320581705
1005007520311668
1005007475491651
1005007653303746
1005007653169985
1005007139148929
1005007615543298
1005007601719897
1005007539225456
1005007458406599
1005006535586934
1005007653316366
1005007405187481
1005007460829696
1005007024510050
1005007336830773
1005007564123568
1005007483805516
1005007276188821
1005006449599550
1005007032030575
1005007487118470
1005007522783998
1005006474547222
1005007440807602
1005007389709947
1005006525980944
1005007609112960
1005007092414018
1005007434494701
1005007298216269
1005007588719998
1005007219043364
1005006076657496
1005007409350725
1005007475949231
1005003276632641