1005007477883396
1005006088590400
1005005820715697
1005007273140626
1005007160114426
1005006423333538
32986704686
1005007583906813
1005007455838429
32896761338
1005007330280320
1005003188280303
1005004009475768
1005007150113709
1005003251325463
1005006227374795
1005005845444322
1005007144311384
1005007132612224
1005007401244703
1005007310757771
1005007639049058
1005007245739084
1005007465474552
1005005724701108
1005002191739563
4000112985488
1005007559401079
1005007353774381
1005007165425985
1005006659281050
1005006898258918
1005006019528476
1005007109173060
1005007296905016
1005007219257481
32850750152
1005006099742429
1005007638852541
1005007218573548
1005007557147583
1005007065625117
1005007408117136
1005007088368059
1005005880648000
4001032085562
32849337084
1005005969646327
1005007503354233
1005007454170763
1005007480125060
1005007087783714
1005007503378507
1005007439679246
1005006937971209
1005007188800545
1005007119285616
1005007259365247
1005007444410948
1005007479446820
1005007442265134
1005005904782689
1005006864085656
1005006185986090
1005002002392749
1005001605222516
1005006239287178
1005006978273273
1005007030122789
1005006399569458
1005006080892298
1005006984051400
1005006960070095
1005004929352512
1005006767878368
1005006878830347
1005007299619615
1005007333042496
1005002023977207
1005006716671330
1005007348767598
1005007001174076
1005005829715249
1005006642731062
1005001474039751
1005007255401601
4000023960182
1005006562721473
1005002848387689
1005007277964047
1005007018150432
32856376059
1005005631080900
1005006195625183
1005005859097712
1005001665803651
1005007208866328
1005003683668577
1005007003209812
2055007384
1005007128528877
1005005596462162
1005005554706082
1005006743673819
1005004916903759
1005005909491383
1005007065620139
1005006539535274
1005007021547263
1005006582948880
1005005785749754
1005007553094041
1005007451178582
1005007359538222
1005006579464873
1005006135096388
4001220653221
1005007652829125
1005006996169998
1005007585470752
1005006996794282
1005005629438935
1005004916608835
1005007360313730
1005005177801159
1005007354740258
1005004916643103
1005007003473491
1005007326616739
1005007428966059
1005007344741740
1005005540736911
1005007654718584
1005007657799422
1005007684889126
1005007684926579
1005007678470831
1005007377738562
1005005797211743
1005006655167405
1005006590184221
1005007494653937
1005007296775268
1005006432529264
1005004818944719
1005006964635701
1005004818875851
1005007591649211
1005007657670140
1005007681261344
1005007685715243
1005005178187455
1005007684631548
1005007684946356
1005007665335246
1005007816974203
1005007750362704
1005007815884629
1005007805297029
1005007821176376
1005007736655328
1005007799134713
1005007823023306
1005007721196910
1005007774553525
1005007789668090
1005007774537691
1005007774518587
1005007822521134
1005007746291349
1005007766369655
1005007816919867
1005007816939280
1005007813910665
1005007719794391
1005007779883361
1005007807121379
1005007657780897
1005007799399013
1005007763121791
1005007762593224
1005007754312033
1005007739022671
1005007733793970
1005007710700996
1005007377705570
1005007196217143
1005006422424203
1005006670364686
1005007628962573
1005007152397130
1005007508133910
1005007657391963
1005007774648307
1005007794633859
1005007771628913
1005007782111444
1005007795778262
1005007792453398
1005007582335085
1005007768592024
1005007766086816
1005007773713931
1005007782760928
1005007786456603
1005007765088909
1005007767805164
1005007771807366
1005007751356205
1005007760590224
1005007695864078
1005007695349129
1005007708599937
1005007693441847
1005007693585323
1005007695717113
1005007695739039
1005007695637433
1005007695597586
1005007695572669
1005007695485752
1005007721877070
1005007734753628
1005007718667518
1005007716493901
1005006889362904
1005007514183490
1005005997587110
1005007390629028
1005007089520927
1005007301856459
1005007348782611
1005006548506480
1005007479934465
1005007341142517
1005007588031038
1005007321766352
1005006371500309
1005006447454361
1005007390623113
1005007480084121
1005006683207354
1005007457823189
1005007293998336
1005007499624376
1005007605011711
1005007379504063
1005006956241448
1005006615430302
1005007454842700
1005006447400774
1005006348195191
1005007342151888
1005007341497756
1005007581703642
1005007342303908
1005007200710720
1005007000414572
1005007480952003
1005007338598979
1005007426902317
1005007204091713
1005007376772490
1005007015272749
1005006316519461
1005007610055431
1005007198108445
1005007139073857
1005007001158846
1005007119352367
1005007238970398
1005002505844219
1005006590158451
1005006173506725
1005006423090644
1005007139827212
1005006423857953
1005006654698220
1005006583371660
1005007171324576
1005006583757027
1005006440671688
1005007479390073
1005006371091957
1005007353723980
1005007332630214
1005007264349872
1005006607645368
1005007356285201
1005006574191664
1005007352647475
1005007349156639
1005007044394782
1005006969910632
1005007030204687
1005007170614629
1005003746831370
1005006827104325
1005005777776226
1005006728785974
1005007096704148
1005005373109170
4000988817114
1005006394425801
1005006629407464
1005005252067882
1005007580360721
1005002760723346
1005004572536647
1005002803782500
1005002802066414
4000420988699
1005006838273096
1005006056158733
1005004125043575
1005004238686041
1005007019394966
4000015402353
1005005133290431
1005006920244993
1005004296301399
1005006246351462
1005004781481129
1005005951822160
1005006851621636
4000420961693
1005006841538561
1005006841511736
1005006851723400
1005006851554868
1005006090280788
1005007426739613
1005006972702028
1005006244120824
1005005699016887
1005003678013585
1005003474905339
1005006443941809
1005004496753792
1005001681320618
1005006195388505
1005006312629103
1005002517729953
1005007074478117
1005005179468792
1005002956932958
1005006607276568
1005003761428476
1005005040861392
1005002688053320
1005006414932676
1005006206436440
1005005898453041
1005005472011009
1005007476246513
1005001774207209
1005006878191997
1005005605840406
1005006904176276
1005005875500898
1005006988417424
1005004496781503
1005007212256138
1005005898456030
1005005179481790
1005007493724739
1005006880685563
1005005677919197
1005006061358855
1005006244206490
1005007189286896
1005005413331014
1005003628500265
1005005425565568
1005006414980652
32957590241
1005003676891332
1005005731591988
1005007036107576
1005006216106002
1005006236975481
1005002958535950
33050671320
1005005682138790
1005007469342719
1005006385581564
1005007285411449
1005004588081657
1005004761440516
1005006380459450
1005004497294597
1005006861222930
1005005847406394
1005007184694803
1005005174747396
1005005362836905
1005005790572234
1005007281949207
1005007583131575
1005005472193865
1005006254992120
1005006613666773
1005004719796965
1005005254051745
1005006877179286
1005006820231231
1005002239347866
1005004783143719
1005007589169556
1005003014221621
1005007474921199
1005006981281257
32965465472
4000551150970
1005004761352470
1005006193683529
1005004325134674
1005005481406235
1005005069407235
1005004496642219
1005005587391066
1005007466614886
1005006379854651
1005007475541018
1005007548970688
1005007476591748
1005004874044140
33052614857
4000579512313
1005002707560053
1005001343304931
1005005179473760
1005005733981230
1005006472498546
1005006918942197
1005005479863664
1005005479930372
1005007666586595
1005006636183685
1005005898307949
1005005733951532
1005006988408453
1005007495129871
1005007185109285
1005006520435242
1005003313972544
1005007567086704
4000807744801
1005004530086220
1005007500304795
1005004967609704
1005005933926001
33021113530
1005006587581579
1005004457769674
1005007475418203
1005007472976480
1005005848524599
1005005621139552
1005005731778132
1005006878404567
1005007204818913
1005007495423115
1005006893393322
1005006988268817
1005006918832550
1005007495465007
1005007495303397
1005004523696834
1005007314152120
1005007457042786
1005006894480766
1005006988449348
1005006071184362
1005006637100017
1005007588319854
1005005301316360
1005007424775260
1005007502787388
1005006712317165
1005004170366379
1005005625249834
1005007458438027
1005003538479255
1005007669113601
1005004713515558
1005007639820779
1005007495102923
1005007036127556
1005007567175239
1005006755731453
1005005137944226
1005004865830653
1005007673718054
1005007495321351
1005007035936892
1005003670657328
1005005847714323
1005005254554804
1005006849032227