1005006614872811
1005007281812754
1005006898995198
1005006515654773
1005003685655435
1005003514429544
1005006716962746
1005006473823035
1005004996697723
1005001859674191
1005006474337007
1005006962471035
1005006710614672
1005005214337307
1005006344266908
1005006808035834
1005007650858318
1005007650843124
1005006471850104
1005007040024353
1005006905103403
1005007023224559
1005005147252897
1005003540386277
32963114801
1005005888288316
1005005050089943
1005007500466702
1005007438792993
1005006943424061
1005007317025462
1005007359852975
1005004050635358
1005007498328946
1005004888499585
1005006381093985
1005006883026663
1005006372041124
1005006831873455
1005007669592231
1005007615336183
1005005991248497
1005006928268189
4000495866682
1005005866057072
1005007463098318
1005007456750131
1005005500693750
1005004838186895
1005006313441707
1005007622852027
1005005842941749
1005007455584033
1005007266909545
1005002275650465
1005006783082254
1005007024387239
1005007464297893
1005005768855832
4001225524067
1005007563194313
1005005696993357
1005005369103357
1005004249562163
1005005981218651
32807737026
1005006925524304
1005006606892871
1005005464781263
1005006919194204
1005007439157004
1005007594604296
1005007329801946
1005004084408586
1005006759767116
32946032634
1005006703546545
1005006396339202
1005007196776345
1005006859482246
1005007449543377
1005007402687200
1005006113678259
1005007180498361
1005004050423304
1005007489540007
1005004850117117
4000685130594
1005001883857794
1005005326476868
1005004051037456
32398744233
1005007018578812
1005007437470550
1005006622407719
1005006902167738
1005005710532415
1005005283780507
1005002904072931
1005005484375738
1005006150251019
1005007456282153
4000229423383
1005003228742222
1005007519136718
1005006513745098
1005006297632617
1005006984158374
1005002917502187
1005006236684346
1005002676193631
32528135155
1005006606740774
1005006365929322
1005002246929581
1005005906634751
1005006774047099
1005006225396184
1005007586731088
1005006242804850
1005005934392507
1005006915274864
1005005543583263
1005005933441451
4000576308610
1005004324550656
1005006565271097
1005005325502971
1005005407343991
1005007079364217
1005005486508647
1005006022297836
1005007261455233
32964606015
1005006531907720
1005004912572121
1005003125382309
1005007178335556
1005005978216931
1005007567546549
1005005774053748
1005004904658666
1005007051831873
1005002292773464
1005006604495059
1005006209606256
32977891367
1005006915852768
1005006862618805
1005007158663320
1005007634912695
1005007509375296
1005005913256529
1005002573531748
1005005008769272
1005007171431379
1005005892396083
1005006845623389
1005003769709817
1005006723933454
1005007016031703
1005005273852613
1005005126325873
1005006690988102
1005007162978822
1005006822334576
1005006472225134
1005007466668753
1005006991359568
1005007055729732
1005007633714175
1005007052757024
1005007658020390
1005007787298073
1005007801481770
1005007795101148
1005007787248042
1005007787602912
1005006628399293
1005007469992404
1005007657323882
1005007372556355
1005007409267788
1005007474388768
1005007332055250
1005007439016133
1005007409454276
1005007491323186
1005007409315556
1005007172393185
1005007487778734
1005007247475630
1005007566714394
1005005052011246
1005002028482476
1005002027697839
1005004663536814
1005006990157075
1005006991662505
1005005833284097
1005007430967638
1005006883729232
1005004528481965
1005006789426614
1005007038151992
1005007449818673
4000616124510
1005001598228418
32861027144
1005007449813736
32860198243
1005007460789485
1005007220598596
1005001648790929
1005003688854653
1005006434268248
1005005976174326
1005006967810160
1005006726857535
1005005494951941
1005006737067246
1005002857582768
1005007313492690
1005007242789198
1005006948014223
1005007106554827
1005007232079633
1005004694411103
1005005167043104
1005007358660994
1005006893809903
1005007223988358
1005007484783216
1005006329889825
1005007806046211
1005006924538943
1005007087707220
1005007045218647
1005007479935154
1005007290839648
1005007816885645
1005007284745507
1005007541686334
1005007401130705
1005007335359981
1005006814587901
1005007097140223
1005007602894771
1005006875101815
1005007817084183
1005007456515291
1005006883040081
1005007148088754
1005007192021954
1005007284794470
1005007711248834
1005007290864291
1005006682244900
1005007645550259
1005007651787520
1005006214290411
1005007013326295
1005006960460092
1005007337866872
1005003112013309
1005007249349304
1005006519673938
1005007223816874
1005006938941397
1005007293769334
1005007290806742
1005004608601348
1005005824863834
1005007148476105
1005005363552136
1005007100649030
1005007468927570
1005006281895886
1005006918361561
1005007308718075
1005003111282844
1005006151436665
1005006739733920
1005005718191427
1005007170182932
1005006015982713
1005006151466986
1005007308610490
1005007205878155
1005006706684736
1005006604339049
1005007081812801
1005006689190620
1005007458238476
1005007458024217
10000356355654
1005006604234130
1005006604070183
1005007523702253
1005007549678670
1005006664324575
1005005962832747
1005007215767621
1005004079381407
1005007626264781
1005007809726571
1005004081578005
1005007719940910
1005007479924872
1005006896407275
1005007576479306
1005007395940474
1005003416597005
1005004921030777
1005007218418643
1005003605968658
1005003086111701
1005004722271802
1005004247106378
1005004314908971
1005006820845383
1005005085747610
1005005429807582
1005005141469593
1005004388535389
1005007548675419
1005005388299762
1005004059000345
1005007009189293
1005004487599069
1005006959000916
1005004098865470
1005006584267879
1005006642738013
1005006350742995
1005002943551523
1005007397168288
1005007423181092
1005006758979773
1005006918501129
1005007299451517
1005006410947223
1005007271087234
1005007566425744
1005006151531266
1005007141890299
1005007338224033
1005006696480845
1005006870270758
1005007425956009
1005006870381203
1005006751813203
1005007038141716
1005003081613477
1005006560299941
1005007275766208
1005003312611355
1005007209054724
1005004889052960
1005007523436723
1005007317163173
1005001797506612
1005006664475712
1005007632390157
1005007576337967
1005007252984139
1005007387117090
1005007560002183
1005006736913651
1005006962623773
1005007632244490
1005002866807184
1005007078914448
1005005112033496
1005007342856704
1005006904533795
1005007601247461
1005007014158866
1005007576280900
1005005307075582
1005006594067445
1005007474985159
1005007560402513
1005006806248016
1005006670758102
1005006918367300
1005006855960560
1005007114710761
1005007272952647
1005007510109061
1005006015460266
1005006739813127
1005007317848077
1005006689414129
1005006664005727
1005007378686004
1005007418066464
1005007090044170
1005007231866908
1005007559901505
1005007274796998
1005007308663045
1005004993999346
1005006284083402
1005007254722104
1005007283353174
1005004999130956
1005006896513417
1005007074171947
1005007586111634
1005004081016588
1005007396109041
1005006870384332
1005006952742021
1005007427040767
1005006922136462
1005007585900119
1005007156448532
1005007475017480
1005007576313895
1005004221343774
1005007226074984
1005004889530173
1005007205572678
1005006728485699
1005006822090837
1005007356272575
1005007559996052
1005007585852731
1005006615668082
1005004708514287
1005007205693430
1005006758947813
1005007223937452
1005006948447510
1005007165264266
1005007609907430
1005006676993120
1005007503677788
1005007584910176
1005007207790173
1005006593939000
1005007308572990
1005007103424463
1005007030771748
1005007121453982
1005006338952835
1005004581736300
1005007182847794
1005002967724886
1005005718221583
1005006916072411
1005006027971806
1005006795462099
1005006575151160
1005007351432512
1005007316600733
1005007585708567
1005007100628540
1005006917903535
1005002378673045
1005007482359482
1005007356319399
1005007205901048
1005005718370463
1005006896959783
1005006679735831
1005004770002734
1005007396746654
1005005700702371
1005006607452757
1005006947682050
1005007005673418
1005006206039098
1005003400457635
1005004081132915
1005006652032727
1005007266301138
1005007396614135
1005007477369116
1005007529190601
1005006787966899
1005006856048085
1005006645472484
1005006864021835
1005007338288299
1005007645446946
1005007093655671
1005007196229664
1005007170432927
1005007396999162
1005007576704096
1005007296480598
1005007175134302
1005004608586849
1005007089558982
1005007122630658
1005007186867699
1005006897023959
1005005718612243