1005006429637437
1005005116344468
1005003954852968
1005006253759025
1005004815805717
1005004656944923
1005007614621258
1005003662198805
1005005005235181
1005007098541957
4000893353168
1005007275074300
1005004916683814
1005003962018404
1005005440694249
32961669919
1005007201558609
1005006818918045
1005004469105297
32978386809
1005003038246718
1005004122366699
1005006938845919
1005005558873428
32804483455
1005003745583086
1005005927558499
1005004358119586
1005007462947750
1005007660016784
1005007167656774
1005003792239714
1005007442932366
1005007402118879
1005007531496341
1005006467169064
1005004962586005
1005003748350181
1005006102709626
1005006827858529
1005007291543602
1005007479109987
1005006824797086
1005006814798710
1005006142724730
1005007076182674
1005007577059585
1005006782774530
1005007300843434
1005007568651792
1005007620848135
1005007008704916
1005006743373425
32903199391
1005006121211861
32909448612
1005007253512036
1005006051038414
1005007008957377
1005007401650997
1005006428782469
1005007552958043
1005006814083149
32948496551
1005005310307619
1005003396407691
1005003416310335
1005004351028881
1005006172446694
1005007111622712
1005007480185295
1005006243877601
1005005665323975
1005005426344370
1005007457438707
1005004546648121
1005006813858993
1005006958834331
1005001303962551
1005007461035829
10000061885573
4000144954439
1005004392428697
1005003625252158
1005006680193775
1005003603675949
1005002326570334
1005006524361697
1005003201727957
1005006821519755
1005007291591305
1005007046798418
1005007660034192
1005007216614149
1005006350534878
32947665042
1005006064123792
1005004190052965
1005007619946576
1005005388717899
1005006494764482
1005006734496538
1005006781979169
1005006973017842
1005007472544885
1005007668883281
1005002280612379
1005006906768596
1005003371921728
4001260326401
1005005697998775
1005005824481335
1005007202911444
1005004763003989
1005006821560639
1005006357787093
1005007045347678
1005006809135724
1005007226626565
32845542888
1005007269379962
1005006734354341
1005007423078238
1005006571755579
1005007532744107
1005007310648334
1005001436279147
1005003708698011
1005006859656935
1005007169481780
1005007169596541
1005007130238991
1005004670230570
1005005070987019
1005007026489926
1005007385158414
1005006270494132
1005005335268538
1005006939019141
33012202117
1005005724446820
1005004604632026
1005007133755768
1005006827600227
1005005853545293
1005005738392966
1005007581511116
4000473187786
1005006023231780
1005005690872978
1005004561054171
1005007460974062
1005005378285051
1005005444290444
1005002321641946
1005004514875499
1005007243290377
33057431178
1005005910479237
1005004581923930
1005002430322602
1005002326338033
1005006112196923
1005006813798800
1005007637392481
1005006266262799
1005006461148632
32870639020
1005004052732906
1005007078215292
1005001621665663
1005007402285049
1005006744150504
1005007479388627
1005007620237221
1005006000182691
32869834853
1005006814527930
1005007492791327
1005007646636157
1005007610526822
1005006063504602
1005007175889742
1005002060297567
1005007145913321
1005003015817014
1005005310451129
1005005114718812
1005002351610987
1005007185321359
1005007462332827
1005005930615447
1005006120569986
1005005988713720
1005005961324913
1005005361898973
1005005787317347
1005006664474921
1005006935185822
1005006965333427
1005006571935105
33058352830
32848551804
1005006997049621
1005002531421629
1005006603723715
1005006135831435
1005007259607443
1005005978000689
1005006504965214
1005007545906196
1005007001914707
1005005701544652
1005005426222754
1005007662207757
1005007258482164
1005006976094751
1005006827470330
1005004153162851
1005003032811094
1005003037346226
1005005834918375
1005006869884244
1005006420263669
1005003040425956
1005007046596946
1005007479121600
1005007046099714
1005007620195202
1005007178724993
4000551508763
1005006417232973
1005005592355142
4000907209013
1005007133373045
1005005961465280
1005005318175335
1005002321403963
1005003728383595
1005007674310832
1005006287861047
4000333598301
1005005854158145
1005005351382090
1005005978841808
1005002339773351
1005006903801483
1005007569010978
1005006938193728
1005005867137595
1005006821241671
1005006000610318
1005006640829298
1005007589223749
4000561904145
1005002198059566
1005006947830017
1005002683902487
4001013598100
1005006939776003
1005007076829294
1005006640929574
1005001436110799
1005005709531250
1005005631602221
1005006821141717
1005004817842603
4000154700079
1005006961465009
1005006025855357
1005007402263136
1005007549330491
1005004282385133
1005006333778017
1005007453075607
1005007548930260
1005006112469837
1005006896403013
1005006845299896
1005007479530013
1005006907044929
1005007646443821
1005007646479822
1005007576184179
1005006479647788
1005007646778032
1005005582774148
1005006126371738
1005003730486230
1005001436448914
1005006821590621
1005005543735801
1005004623165711
1005002689923287
1005004647776189
1005004211334983
1005006239786097
1005007391824801
1005007045438577
1005007206491262
1005005837346914
1005005399901986
1005006838136167
4000258092230
1005005136109121
1005005116338266
1005003728421365
1005002346895521
1005006827386491
1005003728401365
1005006829129067
10000045880112
1005003908267489
1005006814199539
1005006743526283
1005006034383760
1005007292020207
1005005673027022
33013185988
4000153890167
1005005534626755
1005007075639334
1005005680359888
1005006354747723
4000203410342
1005007576637824
1005007537557319
1005007620450884
1005007108286385
1005006664605799
4000879127106
1005007469207506
1005007448012380
1005004314656636
1005007550106114
1005006583951958
1005002276035391
1005007401892225
1005006524348622
1005001436421757
1005001518374819
1005007260740992
1005007222911993
1005004923931085
1005005349800860
1005007634571809
1005005970446137
1005005481305267
1005005625584348
1005006242595217
1005006818459211
1005007646578303
1005007466620089
1005007501144425
1005006906803503
1005005079040185
1005005936767450
1005007158327909
1005006838050198
1005003922687803
32855034898
1005004864298393
1005007594397212
1005005425634134
1005006067059250
1005003416275896
1005006906606528
1005007169750012
1005006284946435
1005007169820173
1005007044198305
1005007169049829
1005006814788720
1005007466189812
1005007299927406
1005007014131680
1005007604861202
1005007274899514
1005007131631971
1005006709636981
1005007076060481
1005006635764783
1005001839702909
1005006492734763
1005006838075291
1005005114517743
1005005651733126
1005007445503838
1005004963232978
1005006888504933
1005006906661310
1005007161552255
1005006814878369
1005006814998282
1005007479613150
1005006814854579
1005006814046526
1005007010156592
1005005858770082
1005006340522430
1005006906826746
1005007275051411
4000329464709
1005006827542302
1005007481921362
1005004557449410
1005007448711557
1005004128752662
1005006297269786
1005007661982685
1005005665577168
1005004813521103
1005006010414616
1005005356287673
1005007604907155
1005007291863460
1005004587227337
32912123070
4000480047317
1005005194878331
32965865910
1005007619676726
1005007161211865
1005007479317094
1005007385599371
1005006393455321
1005007076186529
1005006821249763
1005007473467347
1005005978140052
4001278337422
1005001430744167
1005006424423789
1005006103320366
1005007084872764
1005007075665732
1005001549828561
1005007264567210
1005007175877975
1005007634677771
1005004037004142
1005004323146083
1005004636032262
1005007199945780
1005004660481433
4000191925921
1005005472807612
1005004669840211
1005005795817299
1005003416389488
1005005905440547
1005007438449616
1005006827980351
1005007636540210
1005006734444601
1005007206379138
1005005131883220
1005007168976332
1005005400018884
1005005133265847
1005005273559593
1005006298883773
1005005880723435
1005006893852439
1005004661954732
1005006664810115
32960730472
1005007532439901
1005007086679268
1005005785356849
1005006827726562
1005007435829976
1005005984386524
1005007621249183
1005006470974822
1005001478324548
1005004882643817
1005006290609458
1005002487657219
1005005954211828
1005003229306437
1005005291896454
1005001519966331
1005006357109484
1005007008959523
1005007166595870
1005007653600045
1005007636331655
1005006896325057
1005007677022638
1005007677080610
1005007677039570
1005005989683045
1005006826978087
1005007299944394
1005005795932130
1005006809263398
1005005131867659
1005002396502568
1005006280953010