1005007348307253
1005006193755936
1005006220810365
1005007130434033
1005005508939521
1005006381622353
1005006389001448
1005006192671414
1005007495574969
1005004006601237
1005007466901211
1005005261828410
1005005993425593
1005004948855878
1005006935280696
1005005880628924
1005005458402791
1005006918575496
1005006877200964
1005006932876066
1005006132662036
1005005247875552
1005007591410412
1005007561736204
1005006433569526
1005007090725961
1005005938219105
1005003332824408
1005006608633238
1005007346799626
1005006975894387
1005005990445237
1005007486978444
1005006856532640
1005007393841308
1005007587118561
1005006683176115
1005007317671740
1005006723441395
1005007047109849
1005007064899248
1005006266096239
1005002717779320
1005003344634090
1005006142561332
1005007005620831
1005006251460572
1005005798050727
1005007284678723
1005004243487534
1005007235568895
32704557409
1005007143422236
1005006503516036
1005006827812200
1005006725391594
1005005999949160
1005004831794571
1005007193520465
1005006738791452
1005004327162835
1005005167340337
1005007135646160
1005007114523914
1005006476430967
1005006362059228
1005006321459657
1005007463740092
1005007398424359
1005007317582217
1005007139511395
4000777795862
1005007579501923
1005006120072571
1005006113874555
1005006674733578
1005007567955466
1005006615175731
1005006792022765
1005006839417810
1005006294069076
1005006775909330
1005005367909415
1005005240932031
1005007274677474
1005006385214125
1005006590326282
1005007300009794
1005007330864536
1005007226337747
1005005509380067
1005006477691172
1005007303285701
1005006978780336
4000340265256
1005003969098340
1005003462756376
1005004739403070
1005006730591307
4000094943779
1005006057018169
1005006880865556
1005007352267422
1005007197193867
1005007188242969
1005003439570708
1005006421389503
1005005481185484
1005003431508731
1005005649753801
32865995798
1005006730651836
1005005737428373
1005006046122172
1005006443419874
1005004338530548
1005002637521595
1005007248730454
1005005379452172
1005006947242563
1005006254768987
1005007348795154
1005006330064728
1005005028547650
1005005986764654
1005007539365837
1005006477888450
1005007300804532
1005006711131357
1005006268250818
1005004018797835
1005006948873930
1005007280616133
1005006391512409
1005004413174276
1005004505722446
1005005218185871
1005007562742822
1005005931192156
1005007452526285
1005005098892704
1005007291738320
1005007657761116
1005007496873550
4001159899155
1005006950254521
1005007005007425
1005006927598520
1005007518753183
1005004007953295
1005007254406927
1005004535495132
1005005972709191
1005005115598286
1005003468635312
1005006723548480
1005005897165793
1005006850071040
1005005986784630
1005005582978032
1005006918908554
1005007384842473
1005002787561373
1005006060866268
1005007629018802
1005006877646797
1005007540027847
1005007072857107
1005005536594620
1005006834760037
721587090
1005002717229623
1005007372134178
1005006861973245
1005007630559255
1005003678148534
1005004169912757
32990955979
1005002657655824
1005006278656015
1005004912963199
1005004707987890
1005005872441525
32872453499
1005005098730557
1005007279265065
1005006902829297
1005006734284502
1005007325471519
1005005270239962
1005004366332832
1005006849919682
1005005098518050
4000116181407
1005006662312927
1005007282541500
1005002039554983
1005007364240996
1005006982028717
1005007543352386
1005005514487691
1005005264260707
1005007519920686
1005003696726610
1005007084480347
1005005509145818
1005005061610204
1005003579708728
1005006912413241
1005006807849943
1005006224365641
1005005825095742
1005005106203440
1005006023160396
1005002224192762
1005006031840662
1005006991462802
1005005948285506
1005007217592368
1005007597710748
1005006120209355
1005005714741913
1005005848107670
33039255442
32998841483
1005007562440744
1005006693195990
1005006234121428
1005006500708318
1005005817311565
1005007187512492
1005007562425762
1005005614862092
1005006136366596
1005005991322898
1005007270968178
1005007268009382
1005005988468192
1005007011803447
1005002257765859
1005006907473084
1005005716044458
1005005461881041
1005007345592536
1005006960507605
1005005788774434
1005005197036550
1005002611808480
1005006532204852
1005005521192517
1005007176819361
1005007301587832
32878407315
1005003485021164
1005003375588053
4000459618035
1005001980941112
1005006367841568
1005007308317336
1005007605258411
1005006970976992
1005006320350224
1005002847652989
1005006936633448
1005006982030842
1005003042254191
1005005584191953
1005005379662357
1005007292655036
1005007217533326
1005007176736918
1005006426927222
1005007046608385
1005007558661511
1005006576722408
1005006966281740
1005005116852206
1005003644662611
1005005181784762
1005003093412899
1005005101643626
1005005999940495
1005006011727081
4000814718566
1005005122098081
1005005006258125
1005005098451910
1005005818351090
32959392381
1005004067957366
1005006716167883
1005006712721328
1005007611135158
1005007466664976
1005007589446339
1005006932018017
1005007467163054
1005006344854820
1005007587147786
1005006821729048
1005007496167410
4000175303973
1005006471510127
1005007162791942
1005003676246050
1005007470865958
1005006722172786
32819635296
1005007636784015
1005007439556755
1005007626619626
1005007101971563
4000341330888
1005007572307440
1005006881191225
1005001682331115
1005004660926696
1005003503488989
1005007086613548
1005003753780026
1005006727377431
1005007535941411
1005007208599808
1005006137878921
1005006917576715
1005006432935255
1005005098726638
1005007467937861
1005002879015247
1005007624709889
1005007137006993
1005007213332556
1005007633052625
1005007028112071
1005005986812244
1005007178300623
1005006498197891
1005007611948913
1005006664660651
1005002884639146
1005005931191590
1005007439349848
1005006749651920
1005007677049325
1005007676776897
1005002921902195
1005004003587608
1005007421519991
1005007219784272
1005007054002474
1005005986722959
1005007209681976
1005006313604159
1005006877341680
1005007573656439
1005007362168563
1005007439016785
1005006878129132
1005004556323712
1005006281635298
1005007206801543
1005002588824999
1005006913537583
33001813096
1005007631548161
1005007562376543
1005006947277825
1005005972397186
1005003984433759
1005007450115607
1005006417403141
1005002789626598
1005003274805857
1005005956348659
1005006712222125
1005001505815631
1005007657392453
1005007394450391
1005007097712587
1005004774445299
1005007126823722
1005004024791071
1005007587829074
1005006293364668
1005006120398439
1005002415849344
1005005792601655
1005006662498917
1005006954039067
1005007090075429
1005003492614650
1005007000797046
1005007583246694
1005006431766390
1005004249849429
1005007458385197
32915536752
1005007110172362
1005006473913531
1005002996487233
1005004500998966
1005005611305949
1005003510120637
1005004553026032
1005002921362276
1005005608987637
1005007622670525
1005007254878097
1005006878555176
1005007263194482
1005003509297891
1005003333607332
1005006406218251
4000811546299
1005006717432227
1005006069256450
1005006335890560
1005005707590906
1005007481792439
1005005874783584
32926104652
1005002635296691
1005003999917125
1005005221156793
1005002970862311
1005003384795100
1005006292033261
1005004297193322
1005006821609359
1005007214496759
1005006878410741
1005005415815677
1005002920306748
1005006523546574
1005007504935250
1005005492452841
1005006878219436
1005005709296376
1005003826869616
1005004705952558
1005005892321212
32937439605
1005003650863541
32850852034
1005003457159219
1005007780367811
1005007825390749
1005007726267067
1005007726184642
1005007726214316
1005007696434410
1005007751549241
1005007724526483
1005007823666013
1005007726107897
1005007672957094
1005007820784044
1005007758525947
1005007813345672
1005007718758322
1005007810304766
1005007810354476
1005007810206582
1005007810406378
1005007810174591
1005007810392453
1005007810248515
1005007810255523
1005007810348426
1005007810390416
1005007810478089
1005007810348457
1005007801713346
1005007743954609
1005007781587725
1005007781531972
1005007773779978
1005007801320830
1005007742429804
1005005434159755
1005005254067632
1005007689288331
1005006881302381
1005007795804279
1005007793896976
1005007743972582
1005007771272891
1005007782337708
1005007720774798
1005007745736688
1005007745789434
1005007775425012
1005007709968605
1005007772079811
1005007660894800
1005007758731259
1005007757292219
1005007759789733
1005007761011556
1005007761414683