1005005154454629
32905593878
32853364411
1005003591945090
1005007486085747
1005006643490321
1005005933889584
1005007280369470
1005006678710276
1005003356547830
1005007385797302
1005005476979737
4000172592965
1005006438640628
1005003309935493
1005006691599365
1005003348002754
1005003591790743
1005004745898576
1005005114760334
32853842970
1005003800256457
1005007243890611
4000910069930
1005006928490378
1005006009363600
1005001632982977
1005007058732391
1005006070153993
1005001814083440
1005006792053550
1005007546492423
1005003585984295
1005004497135013
1005005198973392
1005007335595635
1005003883637604
1005003540788071
32705430404
1005004641973442
1005003725231435
1005006831797764
1005007615655618
32552796210
1005006448602247
1005006450621439
1005007130759530
1005006317641417
1005006618658306
1005007164834341
4000061125424
1005002473499766
1005006809454030
1005004937145453
1005007466815492
1005006669039234
1005006803068275
1005006668767796
1005006612714285
32910602916
1005003540801334
1005003341432326
1005003749358072
32853334236
1005003537811442
1005006864807513
1005006221826377
1005005529551985
4000241816644
1005006712668310
1005007587261989
1005005139537824
1005005133233818
32662918994
32862904622
1005004920150994
1005004804063312
1005003716369274
1005004458514856
1005006115486206
32466346156
1005006171806249
1005004284037786
1005004186027883
1005005828563890
4001344849679
1005006963318126
4001018149689
1005004787322632
1005007276019390
1005004934973909
4000608223002
1005005000138073
32841535639
1005005590185546
1005005026841495
1005006691350987
1005005163392414
1005007438897877
1005006593159927
1005006618361666
1005007624857832
1005005625746403
1005004691798246
1005005139112879
32839940773
1005005003483081
1005005111368225
1005001452804449
1005005099612069
1005003650956637
1005003720480100
1005006986035003
1005005649090337
1005002998753365
1005007061327056
1005003672654307
32948355322
1005004489967382
1005005556795285
1005003367491223
1005004895826822
32997878930
1005003456587754
1005003213830864
32774994239
1005005615145957
1005004014350896
1005006891930294
4000315387826
1005007131033924
1005005164230928
1005005643154502
1005003463872010
1005005339202556
1005005141843270
1005005555868002
1005006813666810
1005004347414858
1005006929239609
32253501422
2021252696
2021256374
1005006771473410
1005005139261689
1005004340175547
32931631177
1005007673857592
1005007677395449
32956346969
1005006782769782
1005006461156318
32838813399
1005004284172352
1005004437958645
1005004442692002
1005006179472103
1005004564850162
1005004894075793
1005005137104487
1005005646314024
32996184187
1005003456485587
1005005605354424
1005005164522424
1005005141552654
1005003656654309
32976987880
1005007668384923
1005007677457887
1005007826388129
1005007805695179
1005007804398905
1005003658165227
1005003591830022
1005007809249749
1005007799502723
1005007695323121
1005007712602135
4000222473115
1005007771160598
1005007765098715
1005007708260762
1005007744218757
1005007713705492
1005007713459680
1005007734649461
1005007738001115
1005007694371744
1005006911888488
1005006756420453
1005007264071259
32957575918
1005006630249012
1005004613154188
1005005141838172
32969893415
1005005164630549
1005007724023264
1005007377368433
1005007371585362
1005006451103753
32969994211
1005007601386038
32885859911
1005007449045941
1005005141562173
32971002551
1005003711599102
1005006852104678
32969317260
1005007454007531
1005003791711551
1005005555645798
1005007439053218
1005003594261298
1005006871374010
1005003579560261
1005007463968627
4000098677404
1005006963206969
1005003443725157
1005007168121293
1005003753754229
1005006798720693
1005007054258373
32909622967
1005003826585491
1005001722277771
1005007232129457
1005004491851465
32889984504
1005007309217886
1005005993932130
33001741043
1005005431113753
1005005134984756
1005002546486240
1005005851578669
1005005627116949
1005002392665647
1005005985865722
1005005574481014
1005005250081074
1005007001125000
1005006438651319
1005002738066102
1005002735344132
1005007173133343
1005007156661453
1005006057742221
1005002326267199
1005006568865637
1005006186983220
1005006356707463
1005007412448054
1005005924486685
1005006430112348
1005007102754028
1005007156283528
1005006633235481
1005007157355025
1005007640898146
1005006707227608
1005006750355941
1005006186953427
1005006881859373
1005007378100236
1005007092354901
1005005783165576
1005006870341537
1005006419975804
1005007530517354
1005006756210555
1005007036348214
1005007203833494
1005005623479340
1005007143104314
1005007181566565
1005003217400669
1005006718766016
1005006438693206
1005003396959452
1005005515119474
1005007530656009
1005007530362783
1005006764876216
1005006211867771
1005005572374023
1005007463810845
1005007412055237
1005007146176839
1005006190726983
1005001622299444
1005006830882135
1005007156868103
32851531659
1005006737963062
1005002990819638
1005004707147818
1005007376786196
1005007437530949
1005006211890636
1005006193149475
1005007501486476
1005007455076555
1005007451995527
1005007489722727
1005007495094753
1005007506646451
1005007495038903
1005007531808178
1005007506843025
1005002394060722
1005007288408183
1005005985961111
1005005383281920
1005007401124423
1005007438342871
1005007235786506
1005007254169721
1005007247643969
1005006862550577
1005002076317875
1005006558144441
1005007053857570
1005007260736387
1005007523516316
1005005068911805
1005007400985994
1005006675072297
1005004353075672
1005007069442035
1005007280679288
1005006232546724
4000822218986
1005007477224282
1005004937947408
1005001337751237
1005007079925067
1005007079778188
1005003678964265
1005007079435858
1005007650828804
1005005951025536
4000478545503
1005004874469166
1005002506564739
1005005231464642
1005004941688689
1005007515641724
1005007515652746
1005005068919663
1005007614954986
1005007079648550
1005007079620750
1005007079675417
1005007079563801
1005003798703059
1005003321406150
1005007254729046
1005007156706494
1005007285128816
1005004707587426
1005007669306915
1005007477430233
1005007807372741
1005007814281147
1005007814133379
1005007814107536
1005007804255391
1005007776454988
1005007767894760
1005007735609806
1005007694117040
1005006543601781
1005007079693426
1005006180779527
1005006129557861
1005006947485153
1005007463993420
1005007625363077
1005006845208265
1005007440318771
1005007649328304
1005006262708208
1005007402465476
1005006738265620
1005007519491122
1005007458361040
1005005471859270
1005006859226657
1005006748143522
1005007393186090
1005006217133619
1005005070273610
1005007537093091
1005003132569882
1005006641503450
1005006234158470
1005007638420112
1005005869642855
1005006849530188
1005007479923890
1005004879153015
1005004980141542
1005005270405711
1005007096616581
1005006805003208
1005006785030390
1005006033700684
1005007291970169
1005006273341698
1005004894528129
1005001895006491
1005007492912900
1005004506599502
1005004598055790
1005005240606758
1005007208918200
1005006009311677
1005006975507296
1005007055520012
1005006846131859
1005006837151507
1005006215673017
1005007529940878
1005004829370433
1005007593049327
1005005534827314
1005004956866195
1005007566681406
1005004774017120
1005006259115143
1005005806963625
1005007537718252
1005007528845811
1005006236606090
1005006659380967
1005006882079697
1005007319827959
1005005930741714
1005006044736833
1005007332427785
1005006858553087
1005004691825592
1005006345425447
1005006385069581
1005007100593283
1005007385229491
1005007401470821
1005005871603054
1005007619358570
1005005533196427
1005005123978716
4000562222692
1005006775104923
1005007520067682
1005007612268259
1005006321262186
1005007314447710
1005005872036026
1005006060712695
1005006982017138
1005005591427849
1005007208518438
1005006273482592
1005006973273791
1005006848475342
1005004674422123
1005007252703008
1005007536959480
1005007423762479
1005005958935588
1005006132520206
1005006288467388
1005007107022969
1005005507675558
1005004237640860
1005004237745828
1005007376924603
1005007322474772
1005006069965523
1005007055299047
1005007067394831
1005004269892223
1005007418153572
1005006917761705
1005007030957522
1005004334748965
1005004339354062
1005007556449351
1005006020770272
1005007131286886
1005006804852855
1005006804774648
1005005577148454
1005006261321410
1005004330494557
1005007116479848