1005007334038028
1005005341278107
1005004825901820
1005007677124197
1005007463468467
1005006854443578
1005007486135997
1005007472212784
1005007378139334
1005006536338240
1005007345044637
1005005514322776
1005006700002369
1005005763345300
1005006578025127
1005006854798529
1005006732023467
1005006115891602
1005004661438589
1005007694765280
1005006775682851
1005005714468248
1005005737354029
1005006132657154
1005006100347146
1005005371305795
1005007701691010
1005006775369928
1005007461858479
1005005076496981
1005005799333411
1005007022128697
1005007486339288
1005006854672239
1005006732859111
1005007560850744
1005006388844494
1005007384498149
1005005154372011
1005007560763559
1005006659569476
1005005937832202
1005006980051954
1005007457309885
1005006850532070
1005006980115240
1005007380565055
1005006851083322
1005004389073702
1005006904328957
1005006467033818
1005006004300471
1005007148748379
1005007375059101
1005003162355038
1005006083678579
1005005864103556
1005006810066735
1005005572248488
1005005991591284
1005006445892039
1005007537544840
1005004605356139
1005007111512172
1005007168392951
1005007549693513
1005006955222253
1005007476696149
1005007584889421
1005007122202057
1005007584746733
1005007060437112
1005007541409451
1005007641866440
1005007568536314
1005005373606539
1005006902909892
1005007020889400
1005006740846630
1005004605365009
1005007535099015
1005007534797801
1005004647042088
1005007549487899
1005007287749699
1005007286457996
1005006732454697
1005006255496579
1005007454019772
1005007018749409
1005004830528659
1005005377491599
1005006061014797
1005005937708991
1005005810369763
1005007660900686
1005006898156860
1005006388611579
1005006287203456
1005005864194524
1005006423878708
1005007793464109
1005007791607198
1005007568222278
1005007422834334
1005007760194249
1005007544281236
1005006112013639
1005007122201096
1005006888027829
1005005734524420
1005005377495177
1005005378191617
1005006486848626
1005005183093649
4000886463154
1005005179614561
1005006048642531
1005006582200611
1005001853711583
1005005584712920
1005005183281754
1005007628690862
1005002570001438
1005006834745050
1005007220110189
1005007330138524
1005007389835768
1005005182992084
1005002882547311
1005003483103363
1005003483028712
4001074981719
4000278811503
1005006596893386
1005005179621372
1005004944030356
4000873057598
1005006483738210
4001068506423
4000277515237
4000887069464
1005005853275596
1005005948675353
33047747531
1005002882441834
1005003099121851
1005007780903235
1005007780828517
1005006845081818
1005005879141921
1005007628848881
1005007170923228
1005007054155248
1005002794792706
1005002851332841
4000858993912
1005002570045338
1005006788074845
4001068775558
1005004956350815
1005005182566283
1005005426894391
1005007589593182
1005002855178586
1005007624111273
1005006963355683
1005007627818070
1005007098582274
1005006926451508
1005006391060741
1005007095906447
1005007260699687
1005006820850537
1005006494859111
1005005883275336
1005007511941303
1005006932062172
1005005845624084
1005004761213576
1005003160555957
1005007096597538
1005007100156008
1005001315987141
1005007527763805
1005007427666342
1005006820975224
1005006696204425
4000278818481
1005007420290585
1005004957085018
1005006215728005
4000168681279
1005007375189171
4000450096364
32759849226
1005005587686767
4000623001364
1005007411936380
1005005779447623
1005006819301291
1005007047569012
1005001315361932
1284839423
1005007345111681
1005007581163360
1005003418810263
1005006979821834
1005006932179615
1005006997108364
1005007468868950
1005007510929555
1005003483060258
1005006730944013
1005006735602727
1005004519360675
33044284010
1005003153174136
1005007055465730
4000468953075
1911795780
10000000214272
32519846665
32851744551
1005006674844059
4000545711432
1005002941949235
1706332568
1005006321127818
4000285701014
33038508173
32801067953
1005005495168490
4001031994757
32411321341
1005003277853790
1005005658114040
1005005019954127
1005006884677774
32301437596
1005005925307220
32470896192
1005003194862268
1005005521294425
1005004090885695
1005004872678594
1005003218817798
4000862439514
1005004868585313
1005002639162977
1005005834865504
1005004090698729
1005004818361993
1005007055520043
1005007653426888
1005007153138057
1005004515344194
1005002292668756
1005007055490088
1005004670473577
1005007663778716
1005007654702386
1005007659409558
1005007267532198
1005007363402015
1005007248512614
1005007659481499
1005004622008338
32796921635
1005007600345510
1005006807861750
1005002459784652
1005004542174881
1005006745759950
32952318929
32629258811
1005003209031853
1005003569925273
1005003209220008
1005003601503240
1005002997698742
1005007269067207
1005005180248458
1000006352654
1005007652632808
1005005869204241
1005007565646713
1005004774769471
1005007538228512
1005007612370418
1005007537848328
1005004488701726
1005007600115974
1005007566624393
32783489026
1005006984950959
1005005544663682
1005007500871907
1005005580098403
1005006220430666
1005007603406811
1005004469055708
1005006711674003
4000705607818
1005004542103690
1005003800294455
1005003369045566
1005005394565761
1005007016440407
1005007055136504
1005007595943190
1005007572107774
1005007216640168
1005007566744141
32812457150
1005007435621523
1005001494175478
1005006208380033
1005007556295694
1005003370169803
1005007091689101
1005005937703953
1005002978740502
4000199107775
1005006127555312
1005006763422413
1005003569514583
1005007435762322
1005002984602399
1005002984804549
1005007605234802
1005007555701892
1005007502770412
1005007566506201
1005003139140548
1005003246470394
1005007227942950
1005007650794665
1005007550098409
32834959131
1005007539858815
1005004542249759
1005003634794688
1005004679316873
1005004358752489
1005007589392899
32844181842
1005004759123579
32863340503
1005007104531405
1005004470284283
1005007092153021
1005007104901115
1005006793770372
1005006123281305
1005005553596591
1005004738893174
1005004780039940
1005007577398892
1005006728259608
1005007566391073
1005007595910631
1005002984786671
1005007507644513
1005007502940068
1005007507595700
1005001563179530
1005007228507021
1005007311918474
1005004727212769
1005007228650398
1005004741389745
1005004028452889
1005007828641680
1005007827796711
1005007827931246
1005007827674087
1005007656832840
1005007687343923
1005007809017120
1005007748201630
1005007724012155
1005007748697710
1005007812910364
1005007806730037
1005007687638424
1005007757409940
1005007710731689
1005007798265201
1005007748935316
1005007792894344
1005007795664375
1005007751591286
1005006803406728
1005007730647494
1005007770030618
1005007732690950
1005007726950071
1005007565681527
1005007653392166
1005007595897698
1005007546886486
1005007826833523
1005007811925672
1005007811973542
1005007714430634
1005007688075873
1005007548842074
1005007548632753
1005007175678751
1005007565723415
1005007653286522
1005007490789849
1005007565711426
1005007652504636
1005007566754447
1005007565729457
1005007565906678
1005007653624065
1005007565662505
1005007597095794
1005007565924552
1005007644734790
1005007565784346
1005007597140661
1005007572221018
1005007654520981
1005007565789343
1005007654139273
1005007565702503
1005007565945069
1005007565591949
1005007565700460
1005007566162458
1005007572077785
1005007565887148
1005007567281351
1005007566205657
1005007565730383
1005007594925117
1005007572379265
1005007565675506
1005007565827260
1005007580069325
1005001529810820
1005005724652905
1005004653437158
1005007034087318
1005002207312228
1005007274458693
1005006145682671
1005006923101202
1005007493719397
1005006394997469
1005007455771481
1005007255598820
1005005859662391
1005007188697889
1005007293011840
1005007015310528
1005003239972160
1005007205066973
1005004892900163
1005007130707430
1005006003731522
1005005381723556
1005006975893238
1005006153858268
1005006344514173
1005006486236273
1005007136882086
1005006134889736
1005007013839191
1005006840757817
1005006312535008
1005007724710671
1005006232755621
1005007160222479
1005007403075388
1005006064492179
1005006243279002
1005007538534127
1005007538255350
1005005688260612
1005005761326378
1005005063015224
1005005573434501
1005006965205465
1005007226293256
1005007511649168
1005007654356418
1005007323932152
1005006685103763
1005007096363520
1005005456641950
1005006099102832
1005007496233611
1005007632905198
1005007558694978
1005005243969813