1005006289729988
1005005675721729
1005005760248926
1005005612343407
1005007487824555
1005007516174802
1005005977444834
4000590618409
1005005075030797
4000865040895
1005007178300355
1005003605924231
1005007219011618
1005002642834133
1005004780102059
1005006181089656
1005003333321514
1005003400504172
1005006993006460
1005006979268024
1005005626520726
1005007571969762
1005004522439095
1005004079368083
32439573524
1005006373946740
1005006972762496
1005005488995853
1005007420837883
4000273749396
32996229184
32978840185
1005007655070285
1005006896900417
1005007300404253
1005007457715634
1005007456991637
1005007449157746
1005006134751859
1005005797074857
1005007460956385
1005005844848931
1005007523734733
1005007389374711
1005007074890745
1005007648224929
1005007654471085
1005007493566209
1005006859528517
1005007460114527
1005007307155646
1005007653162392
1005007656585190
1005006859663062
1005007175095805
1005007588433630
1005007458682061
1005007524154677
1005007347489401
1005007633870418
1005007171628077
1005007594365433
1005007656639418
1005006918876507
1005005714756543
1005007472276770
1005006117426869
1005007606954229
1005007253737446
1005005737600314
1005006957385830
1005006152546116
1005007531216003
1005007515097031
1005007118611624
1005005585871007
1005005513634443
1005007294185367
1005005065252911
1005007481892867
1005007251933258
1005007571008185
1005007044985941
1005006817224394
1005007171500420
1005007610880044
1005005716856443
1005006805655070
1005006365375836
1005003133943439
1005004858817544
1005006851533338
1005007076760463
1005002337801498
1005006185837789
1005007130322373
1005005307108859
1005007371341484
1005004291108901
1005005562170355
1005006399348871
1005005687029104
1005005536939179
1005007439809523
1005007070012720
1005005167788938
1005007772008604
1005007510612995
1005004766875621
1005006417531997
1005006061882353
1005006281114743
1005007800529132
1005007129644265
1005006133231470
1005006861125681
1005004673616124
1005006771351953
1005007639800381
1005007813366158
1005006885450077
1005007446743754
1005006913586139
1005007555848444
1005007449948168
1005007464992892
1005006391694686
1005007571038189
1005006117444118
1005006193499674
1005004064354449
1005006638756355
1005005371389982
1005005510576205
1005004985603552
1005007475888035
32785878659
1005006346195185
1005007509813526
1005007588468878
1005006877027424
1005007297906038
1005007093084731
1005007550891830
1005006147516290
1005005412215292
1005007201736458
1005002657972681
1005006443769004
1005007526239705
1005007593145363
1005007515035068
1005007634493866
1005005677777396
1005007616996804
1005006938961957
1005006918793718
1005005966033794
1005005472632597
1005007301155817
1005001695980642
1005004866738332
1005007268205660
1005007537318810
1005004453051782
1005007246593380
32696912652
1005007595175533
1005005251618969
1005006249846309
1005007802744845
32772826486
1005003360402095
1005003042682604
1005002673666379
1005006389955164
1005007356147062
1005007233749184
1005006869786386
1005005805390765
1005005273973867
1005002619218850
1005006056686253
1005003162926300
1005006116491481
1005006934607774
1005005785655233
1005003595898306
1005005614644423
1005005214429896
1005007000731788
1005006962498314
1005004498578022
1005004991707314
1005007498060535
1005005478767491
1005005644782147
1005007549912009
1005004102594769
1005007295243852
1005006804055680
1005005703529718
1005005875524691
1005005657902323
1005005441601212
1005006488817584
1005006389886871
1005005397945858
1005006345767441
4000188606768
1005005954773697
1005005590221221
1005006161359996
1005004747414805
1005003834048496
4000156065458
1005003777535841
1005004845713901
1005007523778817
4000043418176
1005001565039525
1005006140661792
1005004346477164
1005002522340093
1005006869724720
1005005131431224
1005006504573892
1005004661648179
1005006756654448
1005007354013343
1005005911252426
1005002869948653
1005006125284172
1005006117625709
1005006116450245
1005006457576605
1005005612358335
1005005098923300
1005005616423636
1005004982904418
1005006223572721
1005006418012477
1005006729219169
1005005698932016
1005005406925896
1005006458084243
1005006472500973
4000087216010
1005004101218997
1005006321787623
1005006425939446
1005005410614052
1005006703081191
1005005114852641
1005005330303136
4000189910894
1005005859303702
1005006387070512
1005006443146803
1005005877097216
1005005575605531
1005006328188099
1005006069992844
1005006934704008
1005006934674862
1005006278490593
1005007167045468
1005006117933377
1005004989315831
1005005079678159
1005006325621459
1005004573891250
1005006640618853
1005005591643654
1005005582186494
1005005576860271
1005006001468473
1005004394752555
1005004410869326
1005003295865204
1005006762736365
1005004326452765
1005004329958483
1005005214480687
1005005133357039
1005003936806926
1005004858788333
1005004442491878
1005003450459457
1005006828711836
1005006822838466
1005004666432976
1005005280227275
1005002100130453
1005005593967440
1005005540749799
1005007038735257
1005006981087002
1005006747540141
1005006968321510
1005006938655738
1005005918122298
1005007468975187
1005006284934244
1005007224397978
1005006263721711
1005001954110611
1005002596933769
1005006646797302
1005007408278568
1005007565895485
1005007522395817
1005006132415966
1005004780335784
32992416933
1005007193523283
1005006880456754
1005007188249561
1005006658991960
1005006605685243
1005002348949374
1005002341812968
1005007567338363
1005002348961315
1005005929287999
1005005043591395
1005007427984026
1005006674170031
1005005776528405
1005007197244095
1005007287329285
1005006838059064
1005004218365186
1005005301466471
1005004055135258
1005004290012975
1005005382790909
1005006336553376
1005005561726905
1005006489802574
1005005775545254
1005007433713235
1005006721704983
1005006122555647
1005005585076210
1005006952523979
1005005391392913
1005007037659347
1005004624877141
1005007142181089
1005006636712057
1005005069373605
1005006476914117
1005006465624404
1005006477007036
1005004444379325
1005006123565961
1005006116250846
1005006994366509
1005006952757471
1005004560131389
1005007537711428
1005002944750986
1005007616197731
1005007520117260
1005007612141739
1005007517459742
1005006047218576
1005007505887025
1005007512772480
1005006260994526
1005007598025344
1005007287274506
1005007449122452
1005006210936626
1005007104557066
1005003786222158
1005006815106235
1005007263864856
1005007505838769
1005007653019828
1005007457733352
1005007588888164
1005005995862252
1005006870723456
1005007083829133
1005004528158063
1005007058701273
1005007546499526
1005007032640608
1005002594692992
1005001939891320
4001004522971
1005007305245723
1005003911773128
1005006367137259
1005003493955591
1005007495500188
1005007307985101
1005007407589746
1005006222799290
1005007471596252
1005007453486643
1005007505457058
1005006948230318
1005007610958541
1005007652138488
1005007388803177
1005007129155056
4000789224303
4000199580119
1005005418433470
1005002944944337
1005007104088345
1005007544131059
1005005999184852
1005007682771331
1005001627069656
1005007673261878
1005005122564197
1005004569318118
1005007673407629
1005005759670129
1005005779499116
1005006961249692
1005004478372327
1005006956643840
1005006692063468
1005006205449084
1005007022233419
1005004152860158
1005005565400704
1005005912682492
1005006216289899
1005006273207591
1005006690875108
1005005548995956
1005006727576555
1005006727523967
1005007476687584
1005007448528957
1005007145297336
1005002002907669
1005006343591039
1005007475878900
1005007475913774
1005006971681359
1005004544734419
1005006628486223
1005007335037516
1005006137632967
1005003091736717
1005007172984220
1005007369753787
1005006691583252
1005007075082167
1005003636223757
1005007198441193
1005003982391508
1005005801419471
1005006426125972
1005004180654447
1005001639055092
4000875828368
1005007698970955
1005007199990193
4001124474856
1005003237938552
1005003999438805
1005006329414966
1005004214707845
32907466077
1005007403872915
1005007823137005
1005001483547269
1005007216134529
1005006537594883
1005005897320654
1005007276308630
32718521956
1005004293985019
1005005373751680
1005007539396804
1005002599160359
1005005696718665
4000776352227
1005002002416028
1005005529449893
1005005529750204
1005005429082259
1005005885328880
1005007685953066
1005005989114313
1005004843306430
1005005428829604
1005005338903835
1005006243143309
1005007011236469
1005006788815094
1005006304684139