1005007033657672
1005007622897067
1005007144414228
1005007539214326
1005006937120552
1005007037007072
1005007194097076
1005005124949809
1005007588102509
1005007344146625
1005005542194944
1005005620993823
1005005480994493
1005003744886956
33048955605
1005005713451048
33005877949
32892350655
1005006961144312
1005003760664654
1005004664974879
1005005061482077
1005007285610140
1005003515051462
1005007708419777
32889444341
1005004094465684
32805108144
1005005481650465
1005007298554850
33012764642
1005005803182661
1005007520169142
1005007684304698
1005004177134178
1005006265082450
1005005983647868
1005006605399087
1005007662564115
1005007500678594
1005006759398898
1005006910921994
1005005788884448
1005007045670242
1005007526892143
1005007408268953
1005006803892076
1005007527452315
1005006991135497
1005005820730016
1005006860775468
1005007479384167
1005007076025023
1005006994649130
1005007607182205
1005007368802733
1005006064404439
1005007087303357
1005007051612887
1005007015073388
32995667277
1005004082723556
1005006618415601
1005007615172679
1005007582493084
1005007519161964
1005007553074451
1005006017571234
1005006087480096
1005006383576180
1005007654623147
1005006508537513
1005007339282044
1005003178813860
1005005112492928
1005004501560880
1005006872986788
1005006328051188
1005007262044192
1005007479588856
1005007566664055
1005007661049720
1005007294176106
1005006974316633
1005007423311347
1005007469969606
1005005653516355
1005006523992525
1005007398983507
1005006491032195
1005007419014002
1005007327768210
1005007599435359
1005006651035925
1005006733317662
1005006837994954
1005007573215496
1005007355086160
1005007518060379
1005007586594173
1005006540372928
1005007310348769
1005007635437055
1005007082075847
1005006457515741
1005006733853830
1005006536477044
1005006537035982
1005007635796462
1005005069325057
1005006534290376
1005007176493780
1005007570677902
1005007564618155
1005007322033025
1005005526327214
1005007267420192
1005007601934160
1005007561916802
1005007541229869
1005003438960222
1005001957986392
1005007482256460
1005007333202309
1005002133997609
1005007545897208
1005004012830017
1005007513188705
1005007589500117
1005007624892215
1005007167286956
1005004527991165
1005007655374719
1005007264716601
1005006842638153
1005006015823307
1005007537940235
1005005951969196
1005006959356928
1005007592296786
1005006824394619
1005007691129484
1005007684086620
1005007502147685
1005007537051042
1005007432205625
1005003731743819
1005007299609648
1005005925753404
1005006912427646
1005006994975621
1005007486735235
1005007614894840
1005006870250677
1005007577907159
1005006024169731
1005007572871852
1005007500133351
1005006827611992
1005007598267098
1005005538542156
1005004691860154
1005007590215371
1005007571595975
1005007582453019
1005007582304374
1005006494233301
1005007184031697
1005006488751457
1005005222545465
1005007559384691
1005007582781950
1005006433580689
1005007097216612
1005006520774075
1005007521746807
1005005753753661
1005005876540440
1005004415279829
1005007203254207
1005007022753305
1005007425395391
1005006219182927
1005007456172741
1005007549376330
1005007606531062
1005007499299747
1005005369315377
1005007538214061
1005006007763076
1005007047294072
1005006237623985
1005006651966960
1005007146461519
1005007531846067
1005007309171997
1005004675248411
1005004758534431
1005007628416705
1005007603997142
1005006181786957
1005006938909931
4000542235688
1005005702154707
1005007295469040
1005007499309036
1005006458369745
1005005991467584
1005007148587082
1005006988531044
1005007580787974
1005006120066388
1005006468421132
1005006175404213
1005006308645778
1005001502019907
1005006091094534
1005006868067220
1005006934551406
1005006685544082
1005006944853191
1005005553046322
1005007294648141
1005007061016594
1005006548536287
1005006876564058
1005006118548366
1005006953188382
1005007058817292
1005005855914625
1005007457191146
1005005593266596
1005006712298193
1005004628984972
1005006334732031
1005004882478920
1005004558241886
1005005516696724
1005006928705734
1005005672300940
1005002033142830
1005007031796761
1005006567568708
1005006835993098
1005006952823307
1005007084336403
1005006877800027
1005002376361721
1225327931
1005006366835056
1005006768140255
1005006357905743
1005007204747833
1005007144190805
1005001872310989
32986965495
1005005979043687
1005007268303760
1005005440095636
1005007445203561
1005007111834739
1005006800917754
1005005261305714
1005007680915801
1005007815531652
1005007808076616
1005004458974462
1005005840297431
1005007733197231
1005007107822950
1005007807988903
1005007705525384
1677581825
1005007430187916
1005007716315697
1005007592730962
1005007815312783
1005003421415809
1005007806452113
1005002662159638
1005007808985765
1005007771664124
1005007115939414
1005007707883830
1005006622089370
1005007068041308
1005002672668065
1005006629901996
1005007472044095
1005006831977386
1005005357910584
1005004206648422
1005007816124182
32491903537
681949604
1005007769288136
1005003752748512
4001027692664
1005007445100807
1005007808041602
1005006319099679
32688465481
32997855375
32660044991
1005004207207350
1005001961934858
1005007004839696
1005005804120493
1005007363804386
1005007449435009
1005007273634301
1005007273534772
1005007635219967
1005007571927113
1005006693471642
1005006876385141
1005007005844162
1005007406296460
1005007123746913
1005007684533754
1005006956141117
1005006140925718
1005007501241746
1005007653384172
1005007581985522
1005006750566108
1005003088041834
1005007309889940
1005007130825769
1005007685169315
1005003922966005
1005002821166158
1005004199636000
1005005515586755
1005007562090170
1005006749729179
1005007646998357
1005006692049458
1005007307291929
1005007536594983
1005006168657835
1005007066406215
1005007657994156
1005007655266601
1005007661015109
1005006099690221
1005007671780844
1005006137405034
1005005195891734
1005007616835662
1005007680993611
1005006625035206
1005005876198408
1005007517177638
1005007108194305
1005007669082858
1005007657966506
1005007047902164
1005006537638526
1005001927237713
1005007597701334
1005007721529008
1005007721458982
1005007749161251
1005007718067952
1005007725259133
1005007722386189
1005007734747459
1005007717613695
1005007725153341
1005007795922643
1005007739837736
1005007795952430
1005007770804974
1005007299922088
1005007299783948
1005007299964044
1005007299855396
1005007202709657
1005007295390135
1005007293945397
1005006993465323
1005007597185151
1005007299906122
1005006989563078
1005007118133124
1005007352954878
1005007322392299
1005007511747366
1005007432842855
1005007335163275
1005005997521893
1005007137589571
1005007425109619
1005005637146845
1005006866155390
1005006152049700
1005006504347187
1005005340013296
1005006787985490
1005006524272329
1005006231425836
1005003605742850
1005005170201414
1005005935241927
33047049231
1005006105874245
1005007378287965
1005007536993753
1005007604101337
1005007340247959
1005007481141979
1005007560598325
1005006516600936
1005007584639787
1005007485342516
1005007399380024
1005001411933627
1005007203980567
1005007498630955
1005007556821450
1005007551214511
1005007641623193
1005007210234949
1005003133918518
1005007536342324
1005007550086697
1005007399154663
1005007513203643
1005007466427961
1005007478145343
1005007336466217
1005004800663976
32982354811
1005007475386151
1005007711907114
1005007791408451
1005007399156693
1005006061704742
1005007286336320
1005005858758918
1005007791192315
1005007750487320
1005005872781102
1005007752140898
1005006336202390
1005007352293921
1005006551620739
1005006324339110
1005007221267818
1005007376447684
4000795413890
1005006122691595
1005007427608715
1005005109371788
1005006007957343
1005006466520754
1005006003025365
1005007095341468
1005004051872301
1005006463517488
1005006412399287
1005007344181441
1005005398069961
1005003461563762
1005001693441848
1005007067418364
1005007092328127
1005003775017662
1005006959384063
1005007529564753
1005007514195152
1005006317889123
1005007421545996
1005007625766945
1005006981406330
1005005890998736
1005005644320088
1005004825298715
33037610442
1005007357410963
1005003787401188
1005007346208889
1005007394401586
1005006215175205
1005006955007669
1005007509294275
1005002369682082
1005007586024401
1005005068119552
1005007355190135
1005006079447922
33044566283
1005007393573601
1005006876873574
1005001652787384
1005007293875988
1005007473371219
1005007502034140
1005005643859377