1005007180549983
1005007219291724
1005005645711465
1005006762289436
1005007166366713
1005007088983836
1005007432065100
1005005297969859
1005006915685134
1005005733250911
1005007345457086
1005006902793629
1005007288557521
1005005114375141
1005006537442303
1005004617739217
1005006384527363
1005007376639804
1005006475386237
1005006288754380
1005007096758817
1005007212534251
1005007047107708
1005007248200265
1005006739865623
1005005955328866
1005007268306031
1005006859440394
1005006544414228
1005006747948668
1005006161547850
1005007315946947
1005006671416607
1005007359410029
1005006407433907
1005006761831066
1005007416177445
1005007377757809
1005006368395371
1005005722825321
1005005978955293
1005006997161774
1005005694421077
1005005191764338
1005006434694536
1005007254943036
1005006861215082
1005006257948215
1005007176547843
1005006852338744
4000095868997
1005007038203643
1005005060484690
1005001781417787
1005006288978484
1005007204949899
1005001780233305
1005005934383101
1005007342074207
1005006110948719
1005007131066218
1005007316599305
1005006865630573
1005006546159068
1005007322677565
1005005413118949
1005006030178454
1005004932670707
1005005514778454
1005005499894531
1005006722786525
4000396315325
1005005164061367
1005007032997572
1005005850830749
1005007014344068
1005007160670927
1005006432695010
1005006823100138
1005007269095412
1005005275308110
1005002637995740
1005005967273724
1005006727773114
1005006334770830
1005006107473629
1005007065557305
1005006216361455
1005007197233331
1005007430911944
1005007163627466
1005006295158622
1005003716333036
1005007315957956
1005005139684811
1005007068751169
1005003308790476
1005006348906311
1005002956834909
1005001561276658
1005006602097786
1005007160162931
32970190442
1005006810975653
1005006751325556
1005005663860436
1005006999704443
1005006262078866
1005006360891893
1005003595805567
32918070084
1005005672270451
1005006903512650
1005006778650107
1005005855490588
1005006312377301
1005003136407784
1005006454587727
1005006111392331
1005006284254172
1005006695020675
1005004679952427
1005006652394457
1005006213869582
1005006198999172
1005007140677857
1005006132378658
1005006808163993
1005003171119618
1005006755247225
1005007124225610
1005004886022973
1005005830307255
1005003021161317
1005006940435796
1005006998050274
1005005571440427
1005006557592783
1005005363266101
1005006171791485
1005005958538993
1005006862567318
1005001886125777
1005005913566964
1005006108628156
1005007060705066
1005004781582408
1005006729209581
1005006904721134
1005006704954155
1005006208733996
1005006788171604
1005007197898461
1005007107971743
1005005857897671
1005005826454437
1005006263402127
1005004262529784
1005006947173617
1005004974188168
1005005735879371
1005006487330302
1005005208681654
1005006231597920
1005006680050285
1005004852199255
1005003209372855
1005006373505893
1005006969019026
1005005593218933
1005006341024735
1005006968281868
1005007197293266
1005007034016969
1005005930542316
1005006016119184
1005005871316682
1005002509711423
1005006999923220
1005006959228021
1005006489406191
1005006066762728
1005006014678617
1005004272557314
1005005193412629
1005006856465456
1005006948768647
1005006789822750
1005006353454003
1005002514707311
1005005544442791
1005005270626483
1005005850471562
1005006270371465
1005005978355488
1005003247741792
1005006337312729
1005005803212238
1005006053489940
1005005721420152
1005005126504031
1005004527872629
1005007091751916
1005006943040150
1005006287734558
1005007166655333
1005006549153287
1005007217605141
1005006155589282
1005006529999885
1005006845804993
1005007257647485
1005006325982108
1005006673609114
1005004131723282
1005005678172039
32733177859
1005005452968478
1005006475266774
1005005233427657
1005006308394222
1005006200218971
1005002747827191
1005007277470832
1005006045869739
1005006674423789
1005006168887754
1005007391904049
1005006328041075
1005005922686661
1005007207439019
1005006715616618
1005004957868865
1005006838172903
32966489538
1005005344213207
1005006546769584
1005006713982094
1005007086244379
4000011137449
1005006698800857
1005007258924776
1005007108948489
1005006263962400
1005007333886644
1005007195522262
1005003675954303
4001046064738
1005006667602496
1005006887337312
1005005863503265
1005003591521151
1005005236482357
1005004351430830
1005006116620064
1005003846483863
1005004961612140
1005005652663665
1005006396971905
1005007342803035
32960754479
1005006999667934
1005003135912361
1005007205407086
1005005582023843
1005006330430431
1005007116703187
1005005916268024
1005007055965252
1005006912166978
1005005606382859
1005005315530157
1005006816979477
1005006164439511
1005002745739742
1005006445441701
1005005943740410
1005003514130475
1005006294043773
1005005011478794
1005005485140117
1005007262918150
1005006095393956
1005005787027345
1005006132848977
1005005083723701
1005007093206892
1005006379937526
1005005575232036
1005006703211777
1005005245662044
1005006677187291
1005005490072688
1005006913982781
1005003814812121
1005005038795800
1005001287496451
1005007093767953
1005003014402907
1005006413582211
1005005434377344
1005004012941311
1005006199054617
1005004592103159
1005006529022231
1005006594938118
4000793388666
1005006345054588
1005007092340055
1005003070042111
1005006702295915
1005006263195566
1005001600796486
1005006066316246
1005005083141199
1005007306272651
1005006788650321
1005005976241571
1005006769966418
1005005826728862
1005006734375800
1005006000571852
1005006811509103
1005005445952723
1005006004125240
4000004122334
1005007261053427
1005007256865136
1005003610781427
1005007176542772
1005002926648967
1005006898278643
1005005909313991
1005007102528069
1005006199947302
1005005087149097
1005005699107029
1005005935817503
1005007113078958
1005007218704437
1005004834321654
1005006926032200
1005006982849297
1005006956562975
1005004491526493
1005003470474607
1005006152431022
1005002983845603
1005004275618975
1005006780494893
1005006294656970
1005002003586199
1005006645616911
1005005985052458
1005006201064779
1005006976016766
1005007215972226
1005007225897540
1005001754106836
1005005788957453
1005006767357393
1005005926896328
1005001836987559
33014448637
1005007267167934
4000363663501
1005005875501555
1005006845745860
1005007293964105
1005005007809541
1005006097306463
1005006266673918
1005006850544728
1005005961064349
1005007094503802
1005007232255085
1005006858539192
1005005008326432
1005006112388365
1005006311180001
1005006444258161
1005005881346359
1005005979292246
1005006004577714
1005007418369314
1005005676734375
4001346205925
1005007063568010
1005007081843158
1005005521792364
1005005494993472
1005006394629165
1005006850094332
1005004474114016
1005006110073288
1005006625893680
1005005937639225
1005005806197352
1005007220011764
1005004108954188
1005006973172600
1005006092615002
1005006154022309
4001321410478
1005007017047219
1005005091394370
1005005008232338
1005006082205667
1005007401730388
1005006435934495
1005002984746564
1005004004121171
1005002687431286
1005007042297473
1005007232557049
32966919152
1005007384185209
1005007261080383
1005006836622228
1005005481202762
1005003994893268
1005006010666176
1005006543231478
1005005456750973
4000301146935
1005006152351496
1005005121573780
2044771850
1005004301928636
1620763035
32315561047
1005003595801280
1005003217593057
1005004816822118
4000140887244
1005005988414769
1005004949121072
1005006734563376
1005007205170924
1005006152245983
1005003664636170
1005003563255638
1005001481719451
4000081439808
1005007335485150
1005005981602252
1005005952817290
1005006323653389
1005006262780989
1005006152317784
1005007057785947
1005006907085991
1005005507524970
1005007175543516
1005004770078807
1005002849851665
1005006619764662
1005006292857205
1005006663212095
1005006348461513
32835211488
1005007045922605
1005007407974155
1005006432298695
1005004317069063
1005006651348235
1005006854579111
1005005043214630
1005006201079184
1005006321716387
1005001355816847
1005006211367869
1005007291573661
1005007224281425
1005006564985361
1005007077600560
1005006295331023
1005007378115455
1005002339729766
32818699948
1005005962193140
1005006933539353
1005007274203119
4000467590294
1005007177144409
1005007343055383
1005004359696980
4000482924251
1005007214888738
1005004825975849
1005006283515710
1005006082589194
1005006212186105
1005007044543127
1005006349992048
1005006290725371
1005006839349794
1005005138963340
1005006695309720
1005007085251767