1005004929589125
1005007031985279
1005007003769280
1005006239721931
1005004931510777
32858961444
1005004177474837
1005004306146115
1005003263249781
1005004200795010
1005006029922561
1005002865868620
1005003600855845
32840076215
1005006827919733
1005003451274043
1005007046082311
1005006520533006
1005005804975111
1005003659282126
1005006520524361
1005006843896814
4000678272182
1005004147592981
1005004351541103
1005005997444740
1005004515082815
1005002810805624
1005006017288529
1005006026824692
1005004686534060
1005003717877910
1005005395745354
1005005507441920
1005006137173125
1005006099577898
1005006338787499
1005001994103340
1005005972954228
1005006181322113
1005006846196079
1005006963440605
1005003809085122
1005005176238389
1005006749890540
1005002798340836
1005006655277581
1005006615333569
1005002824220343
1005006503694846
1005005632286783
4000414023510
1005006144699735
1005005467289757
1005007083488630
1005006725014271
1005005731117325
1005003692076438
1005006520558014
32429717069
4000278152179
32885206852
1005007462262015
1005002984789232
1005006520289493
1005004508223890
1005006137117517
1005005636735572
1005003737111473
32837745501
1005006520092994
1005006084216704
33057947085
1005006221252831
1005006477543644
1005007229404045
1005001588818193
1005006520824087
1005005211375131
32814799016
1005006196297000
1005005996892330
1005007338242945
1005005973840799
1005005022006736
1005006082752277
1005005714957532
1005005818263191
4000062412902
1005002024571388
1005007145528178
1005007243694124
1005003932604661
1005005956000639
1005006136520992
1005003568001818
1005007146565286
1005004210787831
32834906097
32965217906
1005005211411262
1005005925188025
1005005831335280
32821764328
4000424846958
1005007624312834
1005007394631342
1005007315718278
1005007401865357
1005007344318399
1005007613860058
1005005903293468
1005006625624843
1005004817308901
1005006830946917
1005006297979080
1005006476122859
4001227631568
1005006505861320
1005007218289318
33060049208
4000716761040
1005004911691838
1005007092212574
33053835595
1005007500592637
1005004515521547
1005002754522930
1005004388297683
1005005817378948
1005004079101266
1005006485122729
1005007354514551
1005002491124712
1005005088538834
4000391020475
1005001972630608
4000636523124
1005004280542208
1005003744626190
1005002959545120
1005007598068307
1005003107501864
1005004117784693
1005002613858945
4000816821444
1005005670709782
1005005075646869
1005007032143643
1005004931508882
1005006149287657
1005004215519479
32431455334
1005002396505242
1005002066681911
1005007117085103
32798743963
1005007174238122
1005005525672981
1005004946015294
1005006609885404
1005006030799903
1005006304009505
1005007000651365
32815213059
1005006973058495
1005002264368702
1005005670456270
1005004815634254
1005002767579712
1005005577934436
1005007211094809
1005005142114792
1005007454825450
1005007623095221
1005006419730557
1005005792400555
1005007099225641
1005007013842424
1005005721735019
1005007098207832
1005005983652709
1005005527962119
1005007465255856
1005002081378859
1005007176048975
1005006787687068
1005007054870655
1005007617206096
1005005579426633
1005005699407181
1005007659313701
1005007053258559
32922550717
1005006803465187
1005007142786769
1005006311634831
1005006825498399
1005003728848044
1005007130276905
1005006460447772
1005001562326208
1005006202674954
1005005232011258
4001156297046
1005007369006536
1005004387139786
1005005538304055
32762507866
1005007348963642
1005005697995350
1005003717454938
4000350838204
1005006857427125
4000836677619
1005007431758378
1005006641344778
1005006119792036
1005007152632746
32852426432
1005005622565863
1005006794740319
1005005435452630
1005006780475480
1005003533193802
1005005138066649
32962728479
1005005648235799
1005007480232905
1005007471364989
1005007130964687
1005005817464107
1005005818141522
1005005831312457
1005005828355672
1005005817323461
1005005817216982
1005005831064501
1005006897109246
1005007020498222
1005007054112164
1005006712455096
1005007298394639
1005006159289850
1005007329368171
1005006802072225
1005004726696233
1005005955617472
1005005690707426
1005005367379842
1005001670311655
1005005296344296
1005007424444656
1005002244924571
1005004074427635
1005002932536366
1005005227457190
1005003722911359
1005006288801521
1005004230102820
1005006102187754
1005007218315098
1005007257629609
1005001771889573
4000834947798
1005005806648050
1005004006601341
1005003951228934
1005007556767740
1005007463064238
1005006238877742
32839888753
1005004159898816
1005004962171609
1005003122901240
1005002439046002
1005006838474961
1005006111075631
32836339017
4000575969450
1005005386055717
4000045715133
1005007114447615
1005006112585032
1005005930848758
1005007008303024
1005007321562727
1005003152904789
1005006287994350
1005002522963778
32923775793
1005004893094827
1005007560305282
1005006142801308
1005007470359054
1005006689351772
1005006031346902
32865355497
1005002766088689
1005003415051583
1005006702205572
1005005333620263
1005006056254378
1005006210010657
1005006461061957
1005005737164619
1005002776767078
1005005972014324
1005007499541501
1005007353821365
1005005473468119
1005007356494002
1005007237164435
1005005092790087
1005007258426647
1005003517597763
1005005899298467
1005007217291259
1005007198941546
1005006781368892
1005007487396553
1005006461274801
32554798141
1005007190988062
1005006389483020
1005003104778259
1005002260823223
1005001632684433
1005007623542980
1005002983796873
1005005135975960
1005005232872953
1005006137058857
1005007097855567
1005004939160157
1005006850219885
1005007182311194
1005005580660831
1005005636665256
1005005585446106
1005003630039825
1005006532853633
1005006184646981
1005007615879898
1005007654303489
1005007586555670
1005007452028857
1005007085996165
1005003486641950
1005007542586402
1005007444590946
1005007570005136
1005007614997140
1005007033254319
1005007625915577
1005007644388536
1005007206640303
1005007206176474
1005004479740044
1005001585965104
32968909544
1005001669956073
1005005823283776
1005007664093606
1005007476060394
1005007394380871
1005003429661743
1005006321298899
1005007665440655
1005006689094235
1005007485894066
1005007191024630
1005004051714494
1005007636236390
1005007150989790
1005007678070700
1005007678212604
1005007678215590
1005007678083648
1005007401345295
1005007192258096
1005007456479710
1005006824489730
1005006957174276
1005006962475699
1005004684926287
1005004884564331
1005006206125029
1005007667934174
1005003799800181
1005006249997355
1005006637262162
1005006569801573
1005007096586296
1005004450645157
1005004712030446
1005007585377834
1005006193861354
1005006963994087
1005006518438056
1005006339528173
1005007400813346
1005002941304762
1005007420884157
1005003438767950
1005006975173495
1005006332174449
1005007502966961
1005004949748409
1005007458682687
1005007343976508
1005007221173657
1005006330423617
1005006069454132
1005007401132772
1005006711769435
1005006647935786
1005007678240494
1005007678008722
1005007678375205
1005007678305210
1005007181045907
1005007594327767
1005006614630122
1005006041701474
1005007452742904
1005006032274644
1005006165321408
1005007676833426
1005007452966362
1005006320977501
1005005344520829
1005007449588704
1005005134677613
1005007458174137
1005007182208990
1005004909836096
1005006080263129
1005007401204751
1005004756455231
1005004717025388
1005006321321297
1005007512718734
1005007055525049
1005004051706407
1005007439643567
1005007607350048
1005006976839914
1005006736874614
1005007643440574
1005006413238918
1005001714059848
1005006051851027
1005007439387130
1005006900744900
1005006548894565
1005004770912113
1005007550573477
1005007546291011
1005006261806707
1005006255388165
1005006464039660
1005006766582259
1005007622924633
1005007178060694
1005007458209924
1005007645976817
1005007460569692
1005004051543885
1005006073514479
1005006050549951
1005007626701634
1005003630691402
1005007630547530
1005006371696640
1005007465435477
1005007627029412
1005007638929326
1005006345593868
1005006032333167
1005007452865775
1005007041629907
1005005974313339
1005003599716521
1005006715740824
1005006328326395
1005005344603508
1005006139290719
1005006439836293
1005004955429649
1005007344923486
1005005750987156
1005001644185531
1005005923010895
1005007151633064
1005007646837277
1005007615902782
1005007615887841
1005007615865404
1005007387690142