1005005865575888
1005006481493522
1005007580757612
1005007582695616
1005006960337741
1005005047727219
1005007493354174
1005007492652103
1005007493356152
1005007122954871
1005005866049469
1005007339016694
1005007492966046
1005007347313214
1005007550656212
1005006960460444
1005007328206445
1005007652669613
1005006960426876
1005007122949782
1005006960144641
1005007339258000
1005007328446188
1005006953312525
1005006968448532
1005007328303212
1005007137898129
1005006718094624
1005007347118783
1005006354556939
1005007121960845
1005002485089778
1005007492748311
1005007339457797
1005007661790784
1005007702425507
1005007702527676
1005007706906731
1005007702468899
1005006960506250
1005007792919359
1005007794281486
1005007784324571
1005007253485653
1005007253552619
1005007253546577
1005007253638421
1005007649860034
1005007339050551
1005007501393094
1005007513775290
1005004640750963
1005007676881562
1005007238313853
1005004976684990
1005005924615292
1005005911618499
1005004976913351
1005004977025107
1005006528118567
1005007492714695
1005007702324806
1005007707105699
1005007702429993
1005007702566545
1005007253670474
1005007253616606
1005007260057223
1005007260627364
1005007492655537
1005007004647650
1005007077218127
1005007004632906
1005007297507279
1005007268493491
1005006804501530
1005007162875004
1005007545766398
1005006827366831
1005003680995641
1005006766806426
1005007635805191
1005007492362516
1005007453919712
1005007492340883
1005007492244971
1005006960448381
1005007339089624
1005007183818975
1005007054199595
1005006960855017
1005007202927592
1005006960244800
1005007329143622
1005007423534498
1005007432734282
1005007125229741
1005006592067212
1005006827660458
1005007051635057
1005007295283236
1005006827479889
1005007513449581
1005006956149258
1005006990374008
1005007454089350
1005006891049248
1005007513509104
1005007633000875
1005006766572497
1005007218284873
1005007315186570
1005007431367612
1005006962273495
1005007162533529
1005003027804839
1005007347100752
1005006754903250
1005003708458828
1005006989983909
1005007295229237
1005006250578317
1005007138592800
1005006962010261
1005006684030716
1005006903336765
1005007659848909
1005007659739273
1005007341580710
1005007138587913
1005007573667567
1005007431174718
1005003027819556
1005007748944547
1005007347469875
1005006729510630
1005003681363351
1005007431466788
1005006953412169
1005007052718760
1005007268502477
1005007423453464
1005006999225263
1005006990163383
1005006956081297
1005006827604785
1005007492485550
1005007493494130
1005007492367705
1005007493083891
1005007315104794
1005007659570417
1005007659516585
1005007659570764
1005007169628759
1005006960329437
1005006683612661
1005007250811690
1005007329118675
1005006037748764
1005006729470712
1005007347160688
1005007550188265
1005007339259092
1005007141755667
32632013353
1005007776357004
1005007666500762
1005007666599431
1005006338988813
1005006784397290
1005007686738137
1005006689747479
1005007216556677
1005007507775044
1005007626316156
1005007338708085
1005007624529831
1005007565792494
1005006157137067
1005005600804923
32918081476
1005005226657716
1005007456622618
1005005447425916
1005007536439448
1005006357568088
1005006564709500
1005004266217788
1005005471808209
1005007614629155
1005007481471131
1005007146995558
1005004469578400
1005007470635929
1005004126320754
1005007635927539
1005007510679766
1005007506488308
1005004153787074
32902062333
1005006995233401
1005007499774943
1005007137905154
1005007204160360
1005007342642386
1005007275692598
1005003979159821
1005007294942455
1005006944176113
1005005932972933
4000237299357
1005005414340104
1005006849461369
1005005897763827
1005004523247747
1005006667391183
1005005960462356
1005006427278639
1005006067978539
1005005756447127
1005006671642034
1005007412173279
1005004752902458
1005007054970886
1005005502344931
1005007538002148
1005007471148760
1005006898009828
1005006348212619
1005007045551594
1005006034650799
1005006011115383
1005007649088636
1005007638192058
1005006344586296
1005007493181001
1005007288792296
1005006177783209
1005006109029790
1005005505986799
1005006109224104
1005007501818105
1005005506485934
1005007407094734
1005007592536111
1005005947776377
1005006746724364
1005007677385178
1005007017384280
1005007441720537
1005007638118430
1005005494977434
1005007306648884
32911395516
1005007462923678
1005007108039721
1005007014296234
32847673921
1005007117719489
1005007649790335
1005007461840142
1005004360189163
4000201044664
1005005110396154
1005005939178984
1005006979116030
1005007174279645
1005007083927685
1005004573500219
1005006996439652
1005004492260750
1005003883511079
1005007425701816
1005007174455118
1005007174448139
1005007016690387
10000330712032
1005006165198949
1005003222908506
1005001836153496
32876369422
1005007406967010
4000785660548
32623147118
1005004205615512
1005007423806170
1005001652747298
1005003898292209
1005006034707640
1005005203981919
1005005618658035
1005007543628443
32947411212
1005006095051795
1005006186128765
1005006371448995
1005002884354058
32659978775
1005007370009298
1005005585392333
1005005495632724
1005003711464418
32870930961
1005005980201546
1005005447502512
1005007044656650
1005005978037077
1005007496546752
1005003750789646
1005005330222813
1005005596063404
1005003929811554
1005005322118587
1005007447345627
33059974805
1005006971704738
1005003200621403
1005005685268449
1005007553174299
1005006116652644
1005006886718546
1005006698068957
1005007787448517
1005007787353106
1005007267540765
1005002651117507
1005004971726727
1005002604892567
1005007287813722
1005006015435590
1005006831881033
1005007322520012
1005004500132033
1005004702170158
1005007309133045
1005006247058606
1005006304646797
1005005580147579
1005007060234079
1005006116855031
1005006771669027
1005007034375293
1005005819006056
1005006261472432
1005007267295074
1005005951612453
1005004473758024
1005005785713176
1005007088941416
1005003428227807
1005005928910968
1005005685444184
1005005346761260
1005006782929927
1005004399100218
1005004971307435
1005005287170499
1005006831557922
1005004215464788
1005007553032119
1005006831623911
1005006261424906
1005004468627441
1005005785718405
1005006261152724
1005007226102567
1005006600940029
1005006627875404
1005006782890539
4000173736092
1005005457454052
1005007256374079
1005006834978804
1005006639663809
4001062539727
1005006628028877
1005006343744959
1005005393287239
1005007016270204
1005004624424887
1005006639706522
1005006782946217
1005006782992516
1005005287044406
4000173667015
1005007824070809
1005007812355597
1005007807612172
1005007800939728
1005006331671327
1005007322241890
1005007328760174
1005007322320694
1005006321048954
1005007328471252
1005002604874656
1005006331673326
1005005392906232
1005005785309312
1005005321135292
1005007602208773
1005007623315863
1005005302347418
4000824452326
1005007475764641
1005006834088068
1005006477128902
1005006749613763
1005007598362303
1005007378956634
1005007175768371
1005006486204850
1005007654780951
1005007423200133
1005003687103665
1005003332312413
1005005673632430
1005007309963770
1005006865154499
1005007064829432
1005006448592085
32815935418
1005007460820535
1005007481620497
1005005247317297
1005006579263481
1005006186885878
1005001940958819
1005002633352699
1005007266953726
1005007485178453
1005006006644763
1005006997257399
1005006973454542
1005006789030725
1005005473556211
1005006731377021
1005006082378494
1005007588210637
1005007218885807
1005007048621107
1005005766343463
32967144118
1005007453459938
1005006421296028
1005007428961205
1005004036884988
1005004004652247
1005007648833804
1005006891342220
1005005222883835
1005007186427851
1005007360995265
1005007272801039
1005006288576547
1005007063258727
1005007311356094
1005006835614346
1005007282623428
1005007282506714
1005007005911942
1005007471257870
1005005586083292
1005007261353046
1005007294044388
1005004224775538
1005007311331179
1005006057672358
1005005092140446
1005006372218055
1005007521975329
1005007208856114
1005001623437213
32638555422
1005003251258963
1005005983007326
1005006082729938
32791000543
1005003696169461
1005005475748514
4000843134705
4000876796293
1005006133180015
1005003763354034
1005006071081247
1005007034184773
1005007016722080
1005005492327812
1005006791999250
1005007745987056
1005007782149139
1005005809546644
1005007774267606
1005004908269304
1005002553481045
1005006220581694
1005003784990947
1005006412568168
1005006175852465