1005005453635649
1005007150385671
1005007158881326
1005007503384935
1005007210622887
1005006136684610
1005006093108604
1005007010836419
1005007329604560
1005006909784612
1005007074995601
1005006713197710
1005005970036279
1005006960165235
1005007117222521
1005006351352807
1005006768879526
1005007057481269
32983594637
1005007474111654
1005005300193757
1005005481169416
1005007511448586
1005006998270647
1005007277057225
1005007292534544
1005007467254066
1005003600349242
1005007096929106
1005006827353282
1005006398119864
33040245541
1005007479812184
1005004612468776
32843066712
4000164024814
1005006166362812
1005006284448485
1005007438005287
1005007259365833
1005007486401954
1005006810023197
1005007476774448
1005007018567689
1005006473558951
1005006276724644
1005003917421191
1005007222468679
1005002711409803
1005005765000240
1005006599015246
1005007423911673
1005004928928587
1005007469652610
1005007569180510
1005006425286167
1005006551283264
1005005756805712
4000941742626
1005006425937040
1005007543312374
1005007535876042
1005005471739109
1005007511695819
1005007382014050
4000606956921
1005007353229772
32720565455
32842874848
1005007547224625
1005006075987413
1005006272009012
1005006134564325
1005007501683057
1005005470504500
1005007427212001
1005006910491009
1005001873195029
1005007203671466
1005006852777061
32804334535
1005007497085253
1005007640149848
1005006906815370
1005007612534528
1005006966863788
1005004552001159
1005006224314472
1005006305357272
1005003121755340
1005006311579670
1005006905682875
1005006012976259
1005005263924107
1005003791207820
1005006952779468
1005004074344611
1005007038322019
1005007011530747
1005005974739092
1005006634078521
1005006477540714
1005007580294284
1005007444784514
1005007538163982
1005007239177145
1005007427432632
1005007592602169
1005007506716588
1005007081224045
1005007146427213
1005007563739609
1005007559550398
1005006856171288
1005007441021859
1005006856570834
1005007450895162
1005006573608086
1005007517567541
1005006507224701
1005006381752239
1005006398915327
1005007540174381
1005006928299388
1005007555241891
1005007011180388
1005007445529441
1005007046691558
1005007017576907
1005005819154923
1005007539567924
1005006970663622
1005006162906225
1005007548637363
1005007543400445
1005007592400628
1005007617381639
1005007019047443
1005006401850771
1005007537025966
1005007501237898
1005005264782507
1005007571179639
1005007000384229
1005007458051866
1005007219677355
1005006522353856
1005006907260574
1005006767699554
1005007617619070
1005007528825089
1005007542634455
1005006995876329
1005006995681752
1005006157949509
1005007118311514
1005006258633521
1005007596395486
1005007399367093
1005007582748190
1005005468628933
1005007560946306
1005007317426499
1005006995876495
1005006935396583
1005007464506886
1005007475242963
1005007146044641
1005007442497534
1005007390671472
1005007544664778
1005007099641095
1005006908440638
1005007607599465
1005007079990608
1005006995669800
1005007583760906
1005007247031387
1005007337628229
1005006242593235
1005007479315939
1005006858548431
1005007527692569
1005007409580662
1005007507003636
1005006284513093
1005007548400666
1005006168598734
1005006108804900
1005007502995514
1005006428490954
1005006043400480
1005006181760290
1005007553564931
1005007637828375
1005007026640988
1005007595266392
1005005239131774
1005007441357058
1005006629067248
1005006120121575
1005006908448450
1005007246911613
1005005468670457
1005006995906389
1005007373632865
1005007646431544
1005007462793851
1005007468361638
1005007467371934
1005007371893535
1005006054594235
1005007671430120
1005007554753115
1005007399113489
1005006793562071
1005007174583801
1005007459383286
1005007466111287
1005006584010852
1005007059243144
1005006446529726
1005006788877751
1005007534797674
1005007044117986
1005007595051635
1005007375610136
1005001292234945
1005007394776606
1005007569969304
1005007539132807
1005007530956646
1005005928016835
1005007530995257
1005006125653230
1005007323302100
1005004727642145
1005007148279663
1005006857535003
1005007609438848
1005007558195096
1005006188246301
1005006055879972
1005007567153616
1005006947051632
1005007421374475
1005007246863745
1005006897688759
1005006957928020
1005007563547060
1005006528372760
1005007101438056
1005006913725150
1005004146399997
1005007246803877
1005005998154013
1005007617440618
1005007471728559
1005007592077947
1005006401850768
1005003400690641
1005007476047280
1005007451124471
1005007540440015
1005006745167776
1005007391789446
1005007384286177
1005007451695027
1005004881132292
1005006062421653
1005006015974977
1005006847022988
1005006054619209
1005007393949145
1005006395226177
1005004898952011
1005006858801731
1005007533244064
1005006966220199
1005007271512158
1005007609449771
1005007506875866
1005005624760029
1005007018900173
1005007428145967
1005007260946724
1005006859271776
1005006899118213
1005006649943839
1005007088657025
1005006108867442
1005007018599338
1005005468712088
1005005518367440
1005007422615814
1005005291303389
1005006976260375
1005007097978677
1005001639648587
1005006994755575
1005007468889221
1005007579838245
1005006134688375
1005006783145081
1005007595230062
1005006254049113
1005006995987137
1005006997883339
1005007451691950
1005006280965849
1005007604534972
1005007455362678
1005007143416800
1005007151908998
1005007006570503
1005007473869204
1005007379590894
1005004220124439
1005007087560434
1005006371632579
1005007493162736
1005006532041980
4000971118370
1005006729076884
1005006795280054
1005007250906382
1005007603404063
1005006406733473
1005007333977101
1005007375418489
1005007011129449
1005007635222691
1005007473607802
1005006077216194
1005007646381692
1005007541747484
1005006983241368
1005007324008714
1005007184671788
1005007540372106
1005006374092485
1005006133814430
1005007439144233
1005007476799497
1005007495567064
1005007433676258
1005007053246312
1005007456228409
1005007509248803
1005007458803689
1005007426921177
1005007540388074
1005007247114310
1005007506481492
1005007584064777
1005007625059241
1005007593676350
1005007189958584
1005007446018882
1005007555526648
1005006596819359
1005007418138876
1005006050107703
1005005877070767
1005005222990785
1005006818885274
1005007026671033
1005007558752822
1005007167821972
1005007465677810
1005006874973344
1005007609496172
1005006913594753
1005006905831740
1005007530607071
1005007642873224
1005007617601112
1005007187058944
1005007617597400
1005007470175463
1005007617649070
1005007566461415
1005006242818389
1005006982561052
1005007023717778
1005007184076138
1005007621938873
1005006508307013
1005007373140325
1005005005382086
1005007155179000
1005007259794408
1005007609456693
1005006530078877
1005006975133754
1005007476726534
1005007753030952
1005007753025908
1005007752616950
1005007745596871
1005007745306981
1005007742001704
1005007732871686
1005007698016202
1005007775770608
1005007753089815
1005007752783255
1005007752666068
1005007752651500
1005007745000385
1005007744953078
1005007741418201
1005007710937419
1005007697782935
1005007759717463
1005007752704178
1005007733865220
1005007798870859
1005007745561487
1005007827616359
1005007697330091
1005007828091441
1005007792921830
1005007720152590
1005007722014248
1005007797737372
1005007797711449
1005007813745590
1005007804557667
1005007800203412
1005007825959873
1005007824686158
1005007814759408
1005007797183457
1005007800850965
1005007726304618
1005007804717055
1005007725604171
1005007725542839
1005007707044444
1005007734323943
1005007820555385
1005007719127541
1005007719088039
1005007719055238
1005007558382912
1005006894763521
1005007251679669
1005007646629779
1005007646419594
1005007477055040
1005007449665626
1005007718943932
1005007719158421
1005007718475203
1005007795021574
1005007788166060
1005007788156171
1005007788119699
1005007788059905
1005007815975567
1005007815975529
1005007802008164
1005007794531985
1005007749072591
1005007742815043
1005007737331776
1005007734373835
1005007821390591
1005007804879798
1005007822989101
1005007720531312
1005007733926101
1005007724198888
1005007807777681
1005007820407293
1005007767723788
1005007780533141
1005007746201427
1005007793421881
1005007792326871
1005007782674400
1005007793560270
1005007792976644
1005007792854850
1005007661771942
1005007829187223
1005007466766601
1005006285619337
1005007506412694
1005007205773517
1005006866058922
1005007539738875
1005007594837340
1005007646331820
1005007183928070
1005006859426100
1005007472191878
1005007203646327
1005007482543319