1005006724208301
1005006722791698
1005007039174888
1005006838688869
1005007066614649
1005006924177661
1005006820483954
1005006748603654
1005007167576931
1005006502625911
1005006352881942
1005006383113459
1005006326893295
1005007142616208
1005005475335578
1005006317765157
1005005735674709
1005007561960920
1005007109547266
1005005955148642
1005007186239855
1005006753589329
1005007089894898
1005006159586713
1005007315520161
1005006408555585
1005005628313572
1005007144424268
1005004008070024
1005002356687386
1005007009722316
1005007015631769
1005006123249047
1005005565947203
1005006270819832
1005006981239932
1005006130881957
1005006668080477
1005003026731022
1005004816454270
1005005413291846
1005006789164550
1005007050975813
1005004432626325
1005005796913190
1005003052302135
1005005867710654
1005007354229980
1005006411310663
1005007087488582
1005003140927508
1005002776223583
1005006853897712
1005007163573756
1005006524765495
1005006090480745
1005006968089478
1005006813705039
4000765718729
1005006370497668
1005004622379945
1005004358409991
1005006911764401
1005004198288494
1005006034196042
1005007089897394
1005006461633605
1005006148476224
1005005961810111
1005006903874100
1005006866622729
1896012449
1005003937874459
1005003686563615
1005007156393885
1005006169590320
1005002120470775
1005006765582213
1005007227447297
1005007463272054
1005007424096112
1005007175162722
1005007123157983
1005005028637459
1005006367464555
1005005638610297
1005006577782275
1005007145950952
1005005791786877
1005007145009033
33060422453
1005007449488820
1005004909131875
1005006108084046
1005006955204366
1005002153786640
1005006383593579
1005004123299463
1005007085758543
1005005828780361
1005005950180648
1005006189249941
1005005996519663
32738076859
1005006750042040
1005007209761304
1005006123312760
1005006033660491
1005005854761858
1005006199381827
1005006377805332
1005004313534963
1005007489854613
1005004812793560
1005006444236629
1005001862839410
33047783781
1005004812786367
1005007204845285
1005007021715290
1005006725143734
1005005593943247
1005006745197692
4000180761065
1005007143720246
1005007265567262
1005003637276501
1005006486153627
1005006055812453
1005006536405921
1005005479819196
1005001303216576
1005001793410032
1005005475538548
1005006826843166
1005006417084044
4000409846829
1005005606244472
4001244605573
1005006090563324
4000126452338
1005002069619128
1005006962189857
1005006385230918
1005006068866646
1005007045255349
1005006291981859
1005005195136928
1005006504359085
1005007106944677
1005007434050591
1005007400545896
1005006261329657
1005006853455791
1005005538954261
1005003762613319
1005006924812377
1005007286502989
1005007573595626
1005004215499284
1005006355597387
1005002400928934
33044252001
33047923625
33046522448
33047887158
1005006853634034
1005006837323815
32406393916
4000548574408
1005003165287788
1005005944744060
1005005701736048
1005005869540526
1005007486017806
1005006649554860
1005007182859403
1005007419748746
1005006690947813
4000544757659
1005007426361574
1005006523124544
1005006873581631
32833320539
32832645150
1005006773980619
1005006369652883
1005006992201080
1005005958920358
1005006200269960
1005006206653343
1005006985083280
1005004406789835
1005007542940929
1005007499825219
1005005064664440
1005002979214832
1005004214936971
1005001967514739
1005006360506960
1005002545303008
1005006894332889
1005007122429124
32350490881
1005007124385709
1005007469267973
1005006270962115
1005006965420806
1005006103357070
1005006411406175
1005006111172285
4001283021040
1005006022814050
1005007390308675
1005006047358409
1005006728170069
32866155912
4001257057457
1005007667997662
1005006912443514
1005007231510797
1005004971692157
1005004515054202
4000304685752
1005002191590943
1005007233370504
1005005448937805
1005006853365994
1005007130764960
1005006731856494
1005007088956566
1005004512904530
1005004467847031
1005005782366595
1005006851134191
1005005306700732
1005003141848965
1005007275228181
1005006840488744
1005005794292555
1005006433208519
1005005459878047
1005007201981423
1005005940401997
1005006727327326
1005007267141483
1005007433628357
1005006488194564
1005006450755139
1005004492319251
1005006405804110
1005007497603525
1005006930840467
1005006624815817
1005005921626539
32365153078
1005002683822480
1005007473457011
1005007314897680
1005007479220829
1005007293394109
1005007354682265
1005007433381230
1005006975639067
1005005763908421
1005007031551919
1005007001727173
1005007278824885
1005007010102698
1005007485260653
1005006097769551
1005006816889617
1005003696412229
32974273103
1005002619499224
1005007334252510
1005002292016696
1005006624070784
1005007258833051
1005003183782326
1005007437378342
1005005973448900
1005006962924295
1005007168007302
1005007485316745
1005005985658776
1005002624464588
1005005517966170
1005006233748810
1005004192403346
1005007344721984
1005006164787284
1005006404254754
32711033741
1005005834957384
1005006326949925
1005007123716890
1005007459084230
1005007123096322
1005005562509529
4000994344899
32368386984
1005005002076878
1005006815386004
1005007204295344
1005006203426766
4000789248980
1005007117365416
1005004767318178
1005007131214267
1005005541515318
1005006014003595
1005006635080025
1005006622705071
1005007044090527
1005003332982595
1005002708267536
1005007288789376
1005007225660833
1005007214161193
1005006499406216
1005006027993674
1005006242542477
1005004489175016
1005007449729370
1005007395647649
1005006352294579
1005003730736909
1005007309761443
1005006036806038
1005007477112117
32970188615
1005005884431229
1005006357683694
1005007501647495
1005006258303919
32403675202
1005003388227951
1005007203690551
1005006112249843
1005005553712576
1005007391020011
1005006108637751
1005005995824470
1005005682708688
1005007287073193
1005007429447715
32760355445
33039153348
1005002411797970
1005007182441409
1005007162687258
1005006973630630
1005006833879106
1005006365221343
1005007448383514
4000557511699
1005007404606108
1005007555766175
1005007529046757
1005007271255135
1005007163799613
1005007174481888
1005007476379866
1005005808681075
1005003238307678
1005005997649513
33003239773
33060390029
1005006634855868
1005004221115502
1005005927880366
1005005749882039
1005006852107189
1005006745180372
1005004245194562
1005004207519733
33046290876
1005006821897857
1005007026708410
1005004141429922
1005004143908611
1005007275872533
1005006162281348
1005006703127658
1005007055130947
1005006939893135
1005005766682207
4000235725609
1005006995495678
1005006096895325
1005006374720756
1005007483899872
1005006747632829
1005004923204198
1005007650308460
1005007588506119
1005007154284688
1005006911790218
1005007587731228
1005007096999077
1005007246223913
1005007549014855
1005006570241351
1005005820183869
1005004824509336
1005007084155480
1005006254971222
1005006888228447
1005007210267667
1005006553955518
1005007514398336
1005006602177224
1005007004543605
1005005636789210
1005005645422132
1005007443452685
1005007505742000
1005003481023055
1005005674097251
1005006654258942
1005004095598912
1872588843
1005007150549799
1005005431890899
1005002452656336
1005007144499955
1005005633018250
1005004687414258
1005001452926255
1005005981593313
1005006796329960
1005007311879481
1005007495587065
1005003790411099
1005007119239759
1005003405623193
1005007039472273
1005007123989364
1005006122062431
1005007298370339
1005006601017888
1005006518777946
1005006162655326
1005006304207547
1005006034010067
1005007009622893
1005005892817107
1005005784346397
1005006821542225
1005006277200009
1005006882433567
1005007206563219
1005004803092721
1005005012631009
1005006860261179
1005006076029720
1005003222882078
1005006754682200
1005006237192250
1005003434464207
1005005185341727
1005005991338427
1005005180393855
1005006127854929
1005006827218898
1005006478260053
1005006144242762
1005007286782344
1005006259611244
1005001874244042
1005006607065638
1005006444720775
1005006123770255
1005006512140416
1005006238875751
1005004543327053
1005003138523501
1005007133030457
1005006249603944
1005005256239436
1005005565539462
1005006750723368
1005007332129190
1005004338135539
1005006323535882
1005005988808831
1005005543219552
1005003538238299
1005005905204315
1005007107782429
1005007439490491
1005006230681573
10000283706499
1005006451141759
1005007091732395
1005005871847641
1005005363704107
1005006071698713
1005006388748526