1005005943161909
1005006116863475
1005007583534126
1005007137148269
1005006341746410
1005007077518493
1005005300400146
1005007556923836
1005007429964089
1005006389355303
1005006366952423
1005006366930562
1005007420004547
1005004856928185
1005005810413003
1005005795358874
1005005789943910
1005004175394918
1005005466437227
1005006408104744
1005006049847815
1005006367578385
1005006080319150
1005005453596731
1005006971046372
1005006288773793
1005007595488730
1005006409493540
1005006728221943
1005006780515948
1005005912924591
1005007348833213
1005007223752272
1005004073497286
1005002339156007
1005007548616101
4000560764836
1005002633038108
1005003134985523
1005003659192660
4000283779654
1005002339859696
1005005882466446
1005007387279548
1005002649868001
32354093630
1005006392542796
1005006434133483
1005005464202365
1005004297386049
1005004823642413
1005007408041820
1005006187384075
1005006880012675
1005006883518756
1005007684245104
1005007792629878
1005007722605449
1005007242809385
1005003680559155
1005006719433505
1005007264576763
1005006497347169
1005006883643299
1005004156349861
1005007509283928
1005006373198355
1005006310026329
1005006548746180
1005006828036289
1005007255894357
1005006131172730
1005007367378694
4000319699696
1005005884754561
1005005116303561
1005001596138722
1005004270755828
32858302765
1005002561543301
1005002771220978
1005003340520341
1005005457874285
1005006845933804
1005007107041566
1005005632544720
32678030154
1005005558310454
4000640684402
1005003077430667
1005007254543736
1005007792582088
1005006378212807
1005005225544099
1005002475730605
1005004425712858
1005006563742453
1005004920000618
33013923270
1005006107877979
1005003423570415
1005004480172436
1005006337191234
1005006465391203
1005005910751074
1005003223790349
1005004294428204
1005006437069021
1005006284698888
1005005525909587
1005006523520968
1005005461192718
1005003223685757
32733869423
1005006319778665
1879057673
1005002661519205
1005004133797300
1005007599521950
1005002673316831
1005007635240400
1005007170578942
1005007483176545
1005007553398083
1005007000103507
1005007495644748
1005005677132432
1005006972930507
1005007754925896
1005007794746456
1005007484056880
1005007788879790
1005007814510690
1005007499189449
1005006408684270
1005007564332972
33001599296
1005004427767359
4001135288482
1005006830788319
1005007787661513
1005007207157989
1005007622740156
1005007782056552
1005004270646889
1005007794497406
1005007776161524
1005004401347535
1005007285745161
1005007776653323
1005007774425047
1005006718636494
1005007807918073
1005004090833058
1005006605228809
1005005454441870
1005007779773906
1005007790246182
4000099640272
1005007780522343
32801284717
1005007594741374
1005004430516714
1005007276905216
1005007293911368
1005007139067821
1005006408255500
1005006046407095
1005005916595583
1005006729123544
1005005411983183
1005007603525111
4000599288240
1005006485206568
1005003413554405
1005007484815617
1005005929902369
1005007498701772
1005007567135207
1005003843601187
1005005387813637
1005007124159492
1005007044498578
1005006975563577
32876153803
1005005740661733
1005006788554581
1005007483388491
32754063285
1005002247549574
1005007519119459
1005001451445187
1005006456700760
1005003439025986
1005006317810678
32859451858
1005007277558358
1005002287960739
1005007391695962
1005007137188404
1005005080294774
1005007539642668
1005006826395054
1005003041024142
1005001902071612
1005007474787607
1005005702723553
1005005843662058
32362151163
1005006854860402
1005006208302612
4000266410972
1005007129674336
1005004046285625
32956821777
33021780299
32362310352
1005006953779712
32873463009
1005007494275940
1005006825386784
1005005884712217
1005007588819909
1005005610809958
33051113175
1005007254426696
1005006271523119
1005006213496762
1005005552069733
1005007534678057
1005001666201805
1005003273525337
1005005842789163
1005007459662210
1005005916665046
1005006650948201
1005007524343706
1005006208381256
1005005808882320
32601909797
1879564619
1005006715673101
1005006213622103
1005006696113275
1005006299354855
33006889619
1005001708877555
1005001835786191
1005007577778461
1005006025445980
1901974119
1005007594728846
1005002575191462
32942026753
1005006516123324
1005006717709465
1005005686752816
32947909252
1005006428609196
1005007439760656
1005006033868363
1005007414471654
1005005064917554
1005003223742781
1005006410355352
1005007150557995
1005002313793374
1005007350649878
1005007558028008
1005007465094116
1005007007676743
32998930384
1005005641763870
33000919140
1005007350755397
32869804409
1005007467040225
1575612708
1005006465409194
4000167177528
1005003438790140
1005003346088914
1005006338761933
32954702039
1005006718315581
1005007014236523
1005006331486353
1005007260341027
1005007097770484
1005007592256417
1005007632900797
1005006445861383
1005007040413423
1005005955577510
1005007599307405
1005006322029379
1005004498577783
1005007404086165
32649249246
1005007369709714
1005007025688516
1005006743003517
1005005875582644
1005006103857293
1005006416156293
1005005776821372
1005006240798481
1005007541028143
1005006437022246
1005006075990493
1005006355134089
1005006191404033
1005006537261689
1005007346285910
1005006316552823
1005003623153649
1005007580172647
1005007395259560
1005007484051145
1005006701926898
1005005172524917
1005006114241451
1005002748028871
1005007031898796
1005006868786766
1005006035837762
1005003555358004
1005006873464477
1005007304668787
1005007495818290
1005007525827750
1005007535186558
1005007423312839
1005006262210745
4000322276752
4000321610723
4000319699657
4000312601173
1005005842697807
1005007381501372
1005007355085470
1005007355194380
1005006327681874
1005006397311338
33040103507
1005005005610642
1005007551351248
1005007497771216
1005007568199407
33060594928
1005007303905092
1005002990369564
1005007598719708
1005006479230656
1005006340549216
1005006075965478
1005006700141881
1005007202960182
1005007008767679
1005007636724944
1005006859193470
1005006431996749
1005007320788315
1005007215212005
1005007504064754
1005007526455437
1005007211834954
1005007287123351
1005006851019695
1005007338097677
1005006236131887
1005007221357532
1005007284077825
1005007386618122
1005006262324158
1005007623185939
1005004936227876
1005006699245148
1005007417603182
1005007558054683
1005007366137321
1005007595227132
1005007509735472
1005006864491893
4000319679930
4000321637066
1005007355215015
1005007116094594
1005007474804629
1005006313269516
1005007296952626
1005007501757482
1005007501889172
1005003445602088
1005007269991057
1005007220092236
1005006777085427
1005007212907472
1005006221043238
1005007190338323
1005005115276446
1005006480044200
1005005274363935
1005005270492428
1005006927029230
1005006259363619
1005007034316626
4000803362758
1005007075426419
1005006979928440
1005007626539530
1005007276600454
1005007066273757
1005007298524094
1005006602631261
1005006153577615
1005005574255954
1005006665010562
1005007544727803
32817914375
1005007571354815
1005006782676709
1005006854962094
32867533345
1005006376697013
32283828646
1005006916705715
1005007110714103
1005006990550322
1005007182478920
1005003468420858
1005006681814903
32601794766
1005007208544968
1005007090693763
1005005007563204
1005005926689291
1005006737980681
1005007495648754
1005007568564861
32869437483
1005006833431740
1005007442971846
1005005398909579
1005006532590650
4000003868191
1005007179710198
1005006690983891
1005007296521759
1005007425980346
1005001437076901
1005006651539126
1005006728406313
1005007355813141
1005007269597147
1569184467
1005007563323131
1005007319446668
32836753877
1005004423570305
1005006281448722
1005004246678596
1005003223110297
1005007588809673
1005001901783707
1005007561974452
1005007534058095
4000123868088
1005007536437231
1005007540203841
1005007644458502
1005007616268412
1005006658760350
1005007106500183
1005007336969348
1005006157840031
1005007549627617
1005003029979819
1005004616095405
1005006887711225
1005001709976157
1005005377364503
1005004251293666
1005007109088390
1005005627876908
1005003473393448
1005005937726590
1005007225309994
1005005896836874
32813971690
32959030565
1005003914422692
1005006654156177
1005005039796782
1005006009314104
1005004686644748
1005006653065562
1005003749785667
1005003181839659
32954504194