1005005037933592
1005006372557059
1005005821386063
1005007326585804
1005007498404983
1005007549144498
1005006059802643
1005006891853093
1005006439135908
1005006367195216
1005004377230799
1005006199216830
1005004664450997
1005006408409775
1005005863482039
4001179931572
1005006467123577
1005001859996927
1005006344391546
1005005665018752
1005005963547377
1005006248805962
1005004552871682
1005006353947968
1005005865456209
1005006066754546
1005006343480469
1005006766945383
1005005032548179
1005006292848397
1005006477812604
1005007438135288
1005007070344105
1005007619557090
1005007552003059
1005007448714517
1005007029260777
1005007594993072
1005007629279047
1005007272564236
1005007618369128
1005006890542957
1005006592168334
4000029022873
1005006597771193
1005004829194126
1005006501556905
1005007287969584
1005006777165632
1005007455450361
1005006896066398
1005007619378318
1005007612181553
1005004658679317
1005005761223105
1005007118881426
1005007040088250
1005005529427112
1005007550896244
1005006728103939
1005004514714899
1005007125353714
1005007104914728
1005005750731122
1005007273990024
1005007139075554
1005004962506991
1005007128915944
1005006712910879
1005006216365304
1005006842654887
1005006076341944
1005007485825685
1005005866390346
1005007446083139
1005006053746747
1005006082993142
1005007456001731
1005007619714291
1005001445850195
1005006038592267
1005006968734372
1005006729661010
1005005236098999
1005007438218118
1005006960351437
1005006589437323
1005003558897104
1005006896541126
1005005925617967
1005004794118429
1005006758980063
1005007611875423
1005007482994825
1005006479484240
1005007178766362
1005005931549214
1005005770947303
1005005877361381
1005005020449712
1005006993905813
1005004336269964
1005007097225657
1005006852383277
1005007341014316
1005001867803815
1005007317328539
1005007625777737
1005007340613550
1005007097640279
1005003365199609
1005007081436545
1005006473646879
1005006584048711
1005007335631180
1005006604176869
32814845802
1005005440468996
1005006895883320
1005007682230621
1005004713376536
1005007047462455
1005007682881354
1005007518175035
1005005664568415
1005007286901247
1005005256143082
1005007085315881
1005006565453641
1005007670064502
1005007593960025
1005004929471546
1005004983393134
1005007525028088
1005005556996253
1005005923876997
1005007606908621
1005005398173078
1005007001792452
1005001510562334
1005005863668697
1005004622846887
33007416096
32787782495
1005006791302068
1005007164063022
1005005914479659
1005003090197495
1005006340308327
1005005970552949
1005004708253095
1005007287556160
1005007461836718
1005005831415744
1005001839791660
1005006105061970
1005005935182497
1005005436506604
1005005686179303
1005001467823382
1005005913587002
1005003070499551
1005006582297972
1005006845934013
1005006834893580
1005004912704157
1005006997603160
1005007560722889
1005003692671383
1005005342415922
1005004298667698
4000183561055
32715738811
32752341104
1005007032913792
1005006263807443
1005007609612922
1005007591857653
1005006546035941
32854935265
1005005949979083
1005005622496016
1005005796931492
4001022124510
1005005625707029
1005007690581748
1005007798769791
1005006467961750
1005006126088029
1005004300983432
1005005536104799
1005005585919979
1005005625618342
1005006924741694
1005007273801952
1005007485529931
1005005757048020
1005007455260111
1005006289164431
1005007722521415
1005006281266985
1005006266492333
1005004320722889
1005006597002005
1005007480043920
1005007325220096
1005007479283352
1005006900829115
1005004605529719
1005007795329285
1005007346602963
1005007460258801
1005007440750367
1005006729097639
1005005812530211
1005007507487154
1005007555136510
1005007300584977
1005005777547500
1005007791817722
1005007125089104
1005006264867928
1005007792205846
1005005963302451
1005007583549271
1005007204405157
1005005720968381
1005006292436243
1005004562681092
1005007765153601
1005007654296329
1005007720721824
1005004763292733
1005004505258751
1005007183726758
1005007803546313
1005006694691877
1005007433994780
1005007793630925
1005007757385830
1005004552091357
1005007101137100
1005006369503330
1005006947375506
1005006903144322
1005006511396563
1005007282194381
1005004847970278
1005006335496860
1005005920960647
1005007378526358
1005007274234426
1005004345004800
1005006198300752
1005007493359850
1005005472402467
1005007223448666
1005006845520586
1005006129433758
1005006479622702
1005006827906159
1005006722269133
1005006931532643
1005007649482116
1005005868657315
1005007246597002
1005006115688488
1005007339813560
1005007443409316
1005006927293794
1005007535797746
1005006784195341
1005007669853631
1005006058367719
1005006411297430
1005007257896173
1005004319923031
1005007516274864
1005006398065585
1005005591818096
1005006025427867
1005007640304020
1005006246446789
1005006891310660
1005006729954742
1005005266853612
1005006686159441
1005007763336973
1005007631067429
1005003999287801
1005007295144059
1005007227382122
1005006686300055
1005006458206205
1005006833487950
1005006953814842
1005006507579228
1005007650118566
1005006288931337
1005006462548574
1005007255772411
1005007552181474
1005003731565253
1005006364499481
1005006870139692
1005007649762613
1005006464430313
1005006543131213
1005006712422710
1005004880042196
1005006349229206
1005005902575995
1005005969789325
1005006031877342
1005002068199890
1005006455335537
1005006884000809
1005006507604186
1005007551557474
1005007556770717
1005006390377982
1005007480921758
1005006744112967
1005006449316166
1005006837923224
1005005947419269
4000210123753
1005006149279101
1005006080824354
1005005967689493
1005007128509710
1005007544108695
1005004987002698
1005007299779462
1005006658618132
1005007002973049
1005007395008030
1005006485277635
1005007315895284
1005005458958679
1005007461547565
1005007299867408
1005005906665497
1005007594062290
1005007428608379
1005007551900100
1005005694207054
33042764481
1005005900881406
1005007020445900
1005006742671347
1005007307006491
1005006850567835
1005007091440365
1005005227298874
1005007316866614
1005007232305550
1005007425740849
1005005581333577
4000554875205
1005007292168577
1005007026935783
32963720458
1005007029687389
1005007182945814
1005007275088152
1005005470359891
1005007578604949
1005006651105945
1005007216969560
1005007531901383
1005007474235346
1005004722993326
1005005581020543
1005006808101410
1005006181940411
1005007456543194
1005007007974300
1005006197784042
1005007232163821
1005007438092530
1005007487220096
1005003979630024
1005004504400575
1005007205431060
1005006172158978
1005006094939782
1005007210933828
1005004403226047
1005005074025975
1005006062529332
1005005273252480
1005006115397585
1005006253023671
1005007273027330
1005007348658058
1005006787064262
1005004980243137
1005005873913473
1005007634880124
1005007188244631
1005007635096204
1005004701499022
1005007436827113
1005007457003101
1005006600833103
1005007549055046
1005004673160290
1005004669406484
1005005210770902
1005006035536859
1005007464156333
1005006505272427
1005002643829529
1005005244764706
1005007396096744
1005006867909022
1005006330901287
1005007235812387
1005005983615264
1005007648045339
32831307709
1005006539174373
1005007445952080
1005006646858490
1005005893155689
1005006257672893
1005007482168661
1005006334003100
1005005703702847
1005006816394819
1005006789854579
1005007052937615
1005007043307581
1005007635199256
1005006371340479
1005007012769352
1005005873793100
1005006485084906
1005007136573547
1005007741800751
1005007314291032
1005007306653648
1005006397558211
1012349614
1005007038347824
1005007622317766
1005006404406465
1005002910557474
543531273
1005006236357684
1005004342303134
1005007209914024
1005007449154637
1005004325823062
32999820059
32801067535
1005005473671583
1005006324773517
32639459901
1005007044048531
4000823373780
1005007391865620
1005007517256551
1005002801395597
1005003979112909
1005007198046100
1005005559287067
1005007284389610
1005007382776037
1005004258816300
1005005355210536
1005005467274274
1005007000116588
1005005061347692
1005004018416196
1005007222473646
1005005646569517
1005007402384356
1005005556951159
1005005904629049
1005005787493017
1005006408626750
1005005692218197
1005007475033198
1005007386192803
1005007271353976
1005005043696968
1005007076820187
1005006462620947
1005005128745273
1005004451404403
1005005648664319
1005007475794602
1005005863716621
1005006877642723
1005005416945154
1005005118054570
1005006262376046
1005007060421758