1005007813838333
1005007813068750
1005007813316245
1005007813270303
1005007799075450
1005007786461674
1005007769608588
1005007780204996
4000187401028
1005006565360757
1005006806452395
1005006904761212
1005007169670834
1005007584139428
1005007411418735
1005007505194948
32625751741
1005007614486776
1005006628797415
1005007724356033
4000120550229
32741167206
1005006798636740
4000120392852
1005007189449308
1005007466702402
1005006806410540
1005006806393597
1005007504738655
1005007446370156
1005005889933059
1005007122009777
1005002822240064
1005005166724430
1005006908508101
1005006417732416
4001192318024
1005001723433159
1005005373365630
1005007083629604
1005006394685929
10000205557056
1005006819673878
4000542626946
1005006937853221
32959803132
1005007086547065
32981740272
1005003912083348
4000036842494
1005003600452304
32806117069
1005003027432121
1005002906375521
1005005042823577
1005003217910647
1005005373453405
4001192276272
1005006878359669
1005007425513012
4000540394792
1005002822202124
1005004972090104
1005003217960281
4001192403594
1005005682422688
4001192398434
10000350891607
1005005382650986
1005005401550922
1005005372514788
1005005761434269
1005006855723737
1005007474478166
1005006443226685
1005004740823034
1005006284559515
1005007529259113
1005007621667765
1005006176689371
1005006961781110
1005005260129405
1005003197257756
1005005083141667
4000540191216
1005006908171624
1005006019621194
1005007404737373
4000540299153
1005007516947061
1005007702603586
1005005373480749
1005006855691699
1005007416919094
1005006961617495
1005007407926173
1005007474592027
1005007416645483
1005007621826085
1005005477299540
1005005373023997
1005007404536950
1005007404846019
1005007546099918
1005002897368200
1005006134717023
1005006891027664
1005004585044151
1005006884120815
1005007226918713
1005004498397657
1005006365030141
1005006759525731
1005006000744120
1005005521144303
1005007370775511
1005005521096578
1005005263352843
1005003379810811
32950168865
1005005666502307
32397935835
33050509826
1005007037408802
1005004163885301
32520164710
1005004599412506
1005002656723613
32817296647
1005006349819377
1005007277501821
1005007163219754
32396481396
1005007375845787
1005006529153601
1005006822722263
32815484781
1005004921479959
1005006608064642
1005007118024119
1005004077216091
1005005727133857
1005005989009015
1005003753600135
32954129244
1005004163832823
1005004163656682
1005004973283746
33027077273
1005007579823874
1005004973456008
32958354497
1005006031690772
1005005790932310
1005007279356269
1005002049506902
32810329917
33018632092
1978754459
32307553069
4000062355033
33028457444
1005006107250367
1005003632989682
32722517111
1005004622634827
32845825135
1005007294166022
1005005748500088
1005006724296444
1005005690713744
4000060059387
1005003558080588
1005005445629633
1005007244726734
1005006170241243
1005004195975057
1005006850556555
1005007425217936
1005004195892360
1005004195938316
1005004195754536
1005007246846120
1005006170167054
1005004195889177
1005006169959584
32989078159
1005006371033319
1005007161350781
32795368205
1005006223406208
1005004016942539
1005005233430845
1005006219989549
1005006888910566
1005006910383663
1005006711772539
1005006782499350
1005007408086785
32990034281
1005006884088727
1005007573473178
1005007169388322
1005007575308595
1005006542256899
1005005084833373
1005007556496586
1005005913664929
1005007216581356
1005007424531933
1005007595356061
1005006334158436
1005007555798761
1005004144042721
1005006494334279
1005007443825824
1005006736085413
1005003160617178
1005007463694973
1005005722719802
1005005362016476
1005005378113416
1005005298823521
1005004831724686
1005007625848281
1005006725270066
1005006394317989
1005006354362651
1005007437427398
1005006728745699
1005006223990053
1005003765490134
1005007324876614
1005005882333561
1005005653230347
1005004412966368
1005006663299305
1005006172650173
1005007016080358
1005007580900413
4000036011898
1005004625584608
1005007653822528
1005007617310898
1005007391302635
1005007715865548
4000076797255
1005006358251785
1005005334915083
1005007432471216
1005007296959947
1005007296939662
1005007749156178
1005007384773923
1005007197776869
1005007030389028
1005006082361723
32961430912
1005007802430594
1005007798314898
1005007297084034
4000216924961
1005002316632011
1005004945541128
1005007644701284
1005007168589330
1005007499098653
1005007348931620
1005007663635581
1005007657488202
1005006452097569
1005007656973601
1005007657033410
1005006555998937
1005007443399926
1005006343869652
1005007657811491
1005007503839709
1005005879371435
1005007685308499
1005007430532958
1005007678293392
1005007670767771
1005007552872121
1005006889381591
1005006825579464
1005006646036449
1005007670781724
32846351081
1005005848743758
1005006259555826
1005006344974885
32949157437
32882107239
32943942289
1005006906765066
4000470437575
1005006463794800
32883948296
32423249349
1005007073753160
1005007265408122
1005004542311374
1005006302240260
1005005080162922
1005007010039119
1005005453656490
1005006821515189
1005006906355584
1005006137217460
1005006085682522
4001334799375
1005007505920202
1005006411939785
1005005752850210
1005007191865499
1005006632322046
1005007259646499
1005006023541352
1005007385781441
1005007223103968
1005006242942845
32416198317
1005005241274028
1005007359617429
32811609125
1005004943962606
32582592475
33036673983
1005005502539830
32952863931
32869406530
1005004544321873
32844374266
1005006506905107
1005007213605029
32850479278
1005007473492855
1005006743093938
1005006077346268
1005007328205501
1005006963388669
33010969029
1005004487587119
1005006387172863
32594326876
1005006968877565
1005004978439236
1005005150499842
1005006755936595
1005003121229150
1005005895855292
1005007054757560
1005004638271533
1005005334794450
1005006219783751
1005003652639071
4000415021341
1005001859644197
32812276990
1005007224456298
1005007136929657
1005002935474335
1005005477391407
1005007130592811
32571465245
1005005225873352
1005005567963111
1005007525107163
1005007615589667
1005006473287429
1005006237891015
1005006796652427
1005007434236655
1005007639201387
1005007051991144
1005006992823916
1005006879890178
1005006372440828
1005005994195320
1005005902518790
1005007641754301
32967504504
1005005909364049
1005007584838597
1005007653413342
1005007377382046
1005005589166729
1005007058072012
1005006667079579
1005007432368468
1005007463356727
1005007419171590
1005006138951033
1005007658587950
1005006469413049
1005007571506331
1005007184179822
1005007348194220
32994930867
1005005719987459
1005007468485224
1005005974370562
1005007631808943
1005007092167525
1005005579297627
1005007090343233
1005006816767086
1005007414189167
33064179286
1005005564297453
1005003779745988
1005006994862289
1005006346542008
1005007137074898
1005007495794384
1005006261283664
1005003741220390
1005006357745477
1005003949515973
1005004818101306
1005004571761821
1005006717561055
1005006156910500
1005004946742690
1005007162405848
1005007452858135
1005004640906914
1005006710347696
1005004618974206
1005006039423933
1005003922503767
1005005833441497
1005002053520073
1005006604477878
1005007626448675
1005007559316987
1005001397386257
1005007664470451
1005004078630451
1005007022393040
1005006151230869
1005007609295464
1005006466391882
1005006571113784
1005004615724637
1005003325529840
1005004601705087
1005006853150281
1005005530583129
1005001473873670
1005005749811074
1005007638341230
1005004613314014
1005007386927249
1005006970913309
1005007405290302
1005007680616386
1005006764059716
1005006764166551
1005004744994012
1005007487401789
1005004562857998
1005007197686013
1005004744957740
1005006260555396
1005004375246717
1005004632341184
1005007803027855
1005007194835645
1005007765025892
1005007736092024
1005006764266353
1005004562909487
1005007763173032
4000318566364
1005006959417467
1005006629386261
1005004582095794
1005005687177883
1005007285481105
32729532783
1005005677064038
4000753913289
1005005606293750
1005006713621166
1005006829253880
1005005643585550
1005006858972497
1005006110341506
1005006920670198
1005005871384983
1005004912180984
1005007232097140
1005005924867265
1005007315895791
1005007130000334
1005005207505214
32803315971
32801321658