1005007465871449
1005007024457822
1005007212047139
1005007172945271
1005007018018708
1005007441651414
1005007404113641
1005007487580337
1005007414039100
1005007573552874
1005007355924016
1005006449726268
1005007267896812
1005006157616213
1005007532727076
1005007506253800
1005007270348110
1005007319532622
1005006661047350
1005006968815345
1005007359721483
1005006890532827
1005007085562816
1005006265542071
1005005891257041
1005006609203684
1005007505228648
1005006556574693
1005007487364777
1005005604754247
1005007256847953
1005007498265248
1005006522735492
1005007273580542
1005007551821446
1005006248175395
1005007438952386
1005007037856270
1005006884556642
1005007462249355
1005003649020876
1005005569929294
1005005745552226
1005007254873989
1005007198234674
1005006368117281
1005006721562499
1005007247393450
1005005810952303
1005005707886972
1005007554840556
1005005243563918
1005007354687704
1005006279027077
1005006713901400
1005004632120180
1005004933569685
1005005558998452
1005005892120500
1005006834457450
1005007556667643
1005005797061700
1005007536641419
1005006680557966
1005007119701508
1005006035308153
1005007148565937
1005007570221051
1005006865888654
1005007525101647
1005007610949860
1005006005002686
1005007436382590
1005006763371780
1005007082612712
1005003708754170
1005005855623950
1005006265134290
1005005918741033
1005007470193423
1005007439338612
1005005908211259
1005007510917941
1005006621022593
1005006371024753
1005007032624148
1005006891380040
1005006756466641
1005007474997126
1005007532636288
1005007569497691
1005005721747173
1005006813352462
1005006494648134
1005004254800774
1005007370264179
1005006216546024
1005007100302972
1005006828016478
1005007227931134
1005006198229210
1005006894327954
1005007104397434
1005006505840358
1005006246367504
1005007427524577
1005007102041605
1005007129687719
1005006625667329
1005005617018707
1005007356113635
1005007336852632
1005005872862698
1005007352100583
1005007507134231
1005007046440832
1005006867685124
1005006620942595
1005006659576170
1005007381949767
1005006374987923
1005007159304666
1005006247992159
1005006814746628
1005006402388922
1005005872799734
1005007419570429
1005007053022075
1005007071709211
1005005819192611
1005007607244050
1005005362078925
1005005043345701
1005007606911868
1005006422133782
1005007272433382
1005007270583397
1005006609669547
1005005892635360
1005006155435899
1005007511460622
1005007123615689
1005005558938905
1005005325542098
1005007086313633
1005007568258227
1005006284881048
1005005594816604
32866610199
1005007489826251
1005005412141804
1005001890813714
1005005233899674
1005007252552876
1005007203824968
1005007562578795
1005007336132172
1005007091886958
1005007408201171
1005007113898252
1005007293056378
1005007211941549
1005005492619169
1005007003200046
1005007442199138
1005007557938618
1005006961191821
1005007129333714
1005006530071625
1005005904321251
1005004653813868
1005007257633241
1005007552539199
1005006211577556
1005007102245225
1005007495031846
1005007537106152
1005004732409146
1005007364965610
1005007585846683
1005006802822816
1005007549972853
1005007092340696
1005007493632784
1005007341415597
1005007408693512
1005007454433970
1005007046833737
1005007478856637
1005007419740909
1005006832401566
1005006821427753
1005007182349398
1005007166100378
1005002435150443
1005006952085795
1005006860640016
1005006173352672
1005004989477623
1005006636791107
1005006884677790
1005006667891465
1005007350933677
1005007151173126
1005007157792102
1005007067027100
1005006413174047
1005007501654452
1005007020029202
1005007355554743
1005006621247475
1005006279457393
1005007135318011
1005007437046269
1005007480670461
1005006354446611
1005004323131582
1005006593667307
1005006960735153
1005007280154658
1005007576455088
1005006964762432
1005007294604587
1005007283178103
1005006555546917
1005007592098799
1005007260989727
1005005976800824
1005006796454960
1005005200110251
1005006641340820
1005007493114062
1005007424587851
1005007463214288
1005006998453008
1005007569571510
1005007142752839
1005007377768195
1005007370539291
1005007218534708
1005006989428310
1005007463525484
1005007071268847
1005006125484733
1005006124532437
1005006415741094
1005006265236144
1005006654480113
1005007464339886
1005007250567945
1005007121446944
1005006475437038
1005007468441033
1005007549012262
1005007108866114
1005007463791244
1005006946587390
1005007359939533
1005006896870026
1005007226218112
1005004668252840
1005007346529076
1005006807873271
1005006830465600
1005006571251799
1005007471965645
1005005962247651
1005007143581376
1005006625278991
1005007288567739
1005006511645668
1005006348233221
1005007337867235
1005007348865299
1005006614346366
1005007568115911
1005005791160512
1005007487273273
1005007037322987
1005007033133439
1005007186124786
1005007445954147
1005005598269111
1005007093716047
1005005694585972
1005007569399591
1005007143977853
1005007574401402
1005004762083093
1005006372101384
1005007174616027
1005007018454764
1005006225039418
1005006847316395
1005006533434804
1005006904412275
1005007386248349
1005007002091316
1005007022290485
1005007437617229
1005006187767510
1005006215752385
1005007611156426
1005007319254366
1005007528090111
1005006137080998
1005007170945298
1005007442327144
1005007277809417
1005007052556350
1005007596802202
1005006360576002
1005006693706163
1005006591950662
1005007033873461
1005005525365363
1005007297473610
1005006851544067
1005007392896886
1005005726753788
1005006376227249
1005005896554217
1005007077338228
1005006140095493
1005007048646247
1005007301124391
1005006441585851
1005007024434509
1005007492422372
1005007537095464
1005007494196031
1005006618229889
1005006832116151
4000263478384
1005007650348102
1005006078825130
1005005329278709
1005007300902863
1005003377750614
1005005750934840
1005007107325404
1005007580423029
1005006555695092
1005006555152852
1005006757911423
1005007462406782
1005007301731677
1005006003527811
1005006804584237
1005007394711445
1005005249046160
1005005246380572
1005007144597806
1005006665463517
1005007519296107
1005007187830911
1005007260403915
1005006892004889
1005007341874730
1005006965122393
1005007578706704
1005006741823702
1005006926212342
1005006901456167
1005007419068113
1005006833328929
1005007534040380
1005007188191732
1005007166998483
1005007335617847
1005006527854433
1005005514923514
1005007551333572
1005007560979509
1005006949279578
1005006962488967
1005006428864234
1005006265178004
1005005881271409
1005007187367517
1005007495513190
1005005633139095
1005007438173589
1005006948896029
1005007161913456
1005007538861763
1005006949050865
1005007055584571
1005007351434123
1005007505769957
1005005908726052
1005006289538402
1005005887111472
1005006363404808
1005007394289949
1005007007914695
1005007141816902
1005006740525366
4001115502167
1005005955923531
1005007449217841
1005007274860291
1005007377689722
1005007545190825
1005006152293534
1005007074190463
1005006789438584
1005006952704297
1005007660388994
1005007660452813
1005007660609381
1005007537668117
1005007369734932
1005007075086038
1005007345709558
1005007541281271
1005007350172419
1005007176748326
1005005316151159
1005006717954118
1005006968236942
1005006156294762
1005006013004074
1005006336612313
1005006052343226
1005006465876150
1005006004299835
1005006713850738
1005007453283016
1005006685584664
1005006907288669
1005005974735839
1005006887586812
1005006402799688
1005007132436420
1005005412414376
1005007416131129
1005007078944891
1005007532640135
1005007519153369
1005007355830397
1005007055705538
1005006846329026
1005006955098184
1005006889207125
1005007360940736
1005007448799927
1005007017638108
1005007368065146
1005006953362348
1005007560241913
1005002383315144
1005006966418207
1005005538644580
1005007083749016
1005006879672962
1005007621093436
1005007419666661
1005007640870910
1005007423331132
1005006200746307
1005007359122880
1005007104499571
1005007591452449
1005007632638713
1005007078015012
1005007482836127
1005007494671448
1005004367314376
1005007031174117
1005006944649737
1005006850481628
1005007301656508
1005005837888642
1005005850599428
1005007320611516
1005006873858644
1005007502951023
1005007181134523
1005007633869718
1005007208681479
1005007593079666
1005007370904247
1005007505620615
1005006956251361
1005007091287070
1005005145160660
1005007039226258
1005006870335997
1005006375145772
1005006383629558
1005007293068481
1005007415983533
1005007555062516
1005005306354384
1005006948704796
1005007299354367
1005007015591574
1005007518683844
1005005978110329