32890525985
1005006653946740
1005006497854704
1005006187896666
32749368713
1005003939584426
33045969189
32818691302
1005004937806859
1005006724570374
1005006228324331
1005004653712537
1005003747379167
32982280072
1005007327284775
1005006883455917
1005007811786218
1005005944774167
1005003843542174
1005005985231933
1005005163687217
1005006363725633
1005004246712157
33009471451
1005004924862739
1005006394225654
1005007179986503
1005006452924099
1005005626233183
1005005985919730
1005003281468613
1005005981404205
32798746375
1005003990261897
33011753250
1005006114936483
1005005869482212
32819785916
1005007457192526
4000979281326
4000142183657
1005005268856335
1005003367651763
32786524094
1005006261312734
1005001565092312
1005005048897755
1005005899837158
32914061465
1005007183510366
1005005513547123
1005003779149568
1005002587238248
1005006494924788
1005006759803476
32856787533
1005005638004437
1005006313419263
1005007313877302
1005006664805901
1005007339863161
1005007327306643
1005006520922489
1005006760794730
1005006219612470
1005005018879394
1005006356725381
1005005731712278
1005007776076634
1005006168195023
1005006882766935
1005005127785164
1005004437549261
1005004225144095
1005004497176463
1005002776896356
1005006685698267
1005007677825586
1005007599654431
1005006031779206
1005001565742718
4000333146954
1005007145360253
1005005996732434
1005006946400398
1005006002329676
1005005008666975
4001107552807
32787795205
1005004655285990
1005004203900581
1005006148512102
4001102549564
1005003997803033
1005005614382872
1005006064170161
1005003200655696
1005006385400660
1005002635665224
1005007719915479
1005005214556967
1005005946673764
1005006031199426
1005007794388065
1005007162357489
1005005870364102
1005007803022373
1005006003519173
1005006174051361
1005003633809653
1005007385247321
1005006019734001
1005004225567454
1005006136621083
1005006237015658
1005005951322035
1005007808066463
1005006428613222
1005003786127185
1005007470495585
4000978831548
1005003574522321
1005003372778441
32797869902
32971102882
1005006118939745
1005006636117134
1005005239457995
1005007604724995
1005005626293679
1005006139243672
1005004076376779
1005004942206518
4000916549308
1005001873833231
1005006052360187
1005006672449688
32763698344
1005004665316283
1005003511870097
1005006022166526
32861057738
1005006884233904
1005004246690739
1005005004975667
32511723305
1005006483018094
1005004466323045
4000979327748
4001166561914
32843401248
32860759654
1005006262146518
4000330813366
1005007673428040
1005006979461684
1005003233437641
1005006035322906
1005005218864202
1005006603300704
1005003652778603
32809317138
1005003556067949
4001167434472
32788507066
33054820127
1005006090909007
1005005024472608
1005005016293497
1005006915502920
1005006035783085
1005005111281527
1005003726997313
1005007025861259
1005005702218660
1005006306684038
1005003176029638
1005004017551882
32834407886
1005006284828252
1005005111484968
1005003368070576
1005001543870732
32834335192
1005005548334084
1005006002812009
1005003503853280
1005003977894200
1005007270978404
1005003429021140
1005006261016779
1005006850874065
1005005743373299
1005006466745703
32809205141
4000186409975
1005005698744193
1005003651684617
1005004308475404
1005007399894590
1005003878480610
1005006930498641
1005007228772912
10000069900995
32829723081
1005006254022165
1005007808132171
1005006970596735
1005001689080008
1005006614865325
1005001633185981
1005003178162590
1005005117203600
1005005844840173
1005006267077720
1005003728887396
1005003130290466
1005004836206189
1005007101344618
1005005061447440
1005006349327782
1005003182920082
1005006824992783
1005005893766996
1005003736157620
1005007183192653
1005007223991462
1005007066499042
1005001411393443
1005003743846451
4000959969575
1005006012291948
1005005443249615
1005004833704246
1005006611733933
1005003183098329
1005006732344309
1005006238776984
1005006869678938
1005006710156984
1005005622966667
1005005870362310
1005006931384768
1005005873022276
1005005293576080
1005007641120456
1005005210393100
1005005537867479
1005007234903553
1005003281574788
1005003205558204
1005007585235516
1005001298104272
1005007203874506
1005003212408631
1005005533047015
1005005413058842
1005003829763973
1005005083158937
1005005971998302
1005004242197273
1005004815021939
1005007454406958
1005006569542639
1005007482790961
1005003540008366
1005005335550619
1005007497767517
1005006939687823
1005004910395405
1005004984187597
1005004824983145
1005005185164378
32828532155
4001090088010
4000688805757
1005003505615101
1005006869383865
32789038943
32955918858
1005003368168569
1005006390080472
32982116687
4000938559766
1005003626260642
4000986125465
32863633023
1005006158220444
1005005637955099
1005006357958050
1005005264216889
1005007075889397
32811490257
1005007389490582
1005006354651081
1005004365942799
4000938561785
1005005896100932
1005006057231026
1005003076275023
1005006163718896
1005005062109419
4000628264659
1005003217243707
32798578244
1005007362438330
1005004655403890
1005006935290885
1005004293751689
1005005669369113
1005003370534339
4000786993203
1005005653869624
1005006184320851
1005007267483005
33034162270
1005005730179592
1005004392361495
1005004917127696
1005004979515038
1005006456364009
1005006869817023
1005006968702203
1005006224471342
1005007504887992
1005003801043412
1005004046665694
1005006090775755
1005005264751016
1005004420713905
32969800110
1005002421078722
1005005858120699
1005004365990576
1005007328299201
32808685393
1005006024449132
1005004261448637
1005006819911197
1005006240448634
1005003726542420
1005007271402104
1005007285691100
4000843980805
1005005749757901
1005006282555119
1005005927465377
1005001976067480
1005006640736850
1005006156347420
33059615040
32784673937
33031429650
32812057514
1005007604414179
1005007427739398
1005005081685642
1005005682209967
1005004062271349
1005004261563259
4000288217726
1005006102035576
4000142062625
1005007206124630
1005004886520870
1005005912711588
1005005750267341
1005006157052194
1005004193598637
1005003255386332
32918783023
4000970778092
1005005476135428
1005006673764124
1005005772334707
1005004712530300
4001124765388
1005001689148554
1005004101092296
32811556282
1005003022157417
32753820228
1005004155598890
1005001416865043
1005005821523581
32879885138
32599959747
1005003786714332
1005004417490067
1005006219445347
1005006282316572
10000328824568
1005007760635038
1005002602135717
1005005855676380
1005004084784916
1005005912847530
1005005858321597
1005006851129035
1005006077976617
1005006625105890
4001089810466
1005007176197082
1005003173687626
1005004842767040
1005004775335399
4000969605334
1005006116050272
4001081321456
1005006620497108
32811100762
4001166526259
4001163254280
1005005924955831
1005002597648758
1005005534972532
1005005777663379
1005004521951562
32752129030
1005006620683301
1005006358406070
1005007250644735
32812543772
1005005555755472
1005004639170715
1005003609778436
1005007545670431
1005006907712953
1005003620626781
1005004392244041
1005007328804194
32838870013
1005003251738233
1005006269172228
1005002048253870
1005005447807310
1005006294400864
1005007679282644
1005006882114670
1005005261562278
1005006410362496
1005004001462655
1005006228294759
1005005299903818
1005006689245555
1005003281647314
4000985244859
1005007759078946
1005007669940824
4000983236530
1005004675220384
32818715139
1005002034741048
1005006899153346
1005004552428942
1005006776547264
1005006399831649
1005007146018489
1005007596632182
1005004437514248
4000954933905
1005005157453447
1005003970911535
1005005641784320
1005004794736440
1005003235244242
1005007065066809
1005005310770337
1005006472105777
1005007802745415
1005007342738435
1005007272158393
1005007346993944
1005005072287859
4000131235227
32819498802
1005004980287281
1005006023322694
1005006262076675
1005007498479287
1005002273065768
1005005766479396
1005002638735521
1005007120151888
1005007379136353
1005007267017650
1005005011467139
1005007339100210
32812052446
1005003089542655
1005005434223094
1005002293626951
1005006844590547
33043790404
4000963921034
1005001416839755
4000826651551
32784053561
1005005709671950
1005004915600472