1005007056642344
1005007528532644
1005007534227325
1005007365172911
1005007522827445
1005006140176225
1005007606561597
1005007476995722
32739707023
1005007518361679
1005007056552417
1005007522823959
1005007268691172
1005006999973581
1005007308844047
1005007509279652
1005007653374991
1005007522990324
1005007596726459
1005007522893443
1005007409089795
1005007308982995
1005007630518734
1005006091842875
1005007408300800
1005007616566509
1005007502840944
1005007596797281
1005007526043793
1005007644528359
1005005972425966
1005007629292758
1005007578235063
1005007623580324
1005007262918205
1005007481759674
1005007248538268
1005001343949568
1005006565804806
1005003400143175
1005007496526471
1005007523255166
1005007612903248
1005007469846736
1005007522634981
1005007522827994
1005007364924669
1005007540858690
1005007315626013
1005007413507287
1005006283123044
1005007528320711
1005005976095734
1005007629735613
1005007452675934
1005004791542128
1005007365684453
1005007422635915
1005007387324037
1005007523168156
1005004552659634
1005007629453547
1005007523031229
1005006032860712
1005007522958094
1005007525366931
1005006054405345
1005006940834596
1005007295631594
1005007523065100
1005007102176580
1005006152053344
32813296355
1005007337907643
1005007522851360
1005007540879709
1005007465830885
1005007596538947
1005007656274169
1005007678206687
1005007678495223
1005007596875097
1005003031847718
1005007671377377
1005007673451929
1005007671729263
1005007671695235
1005007540972414
32686557604
1005007522796512
1005005947874562
1005007503324211
1005006489412855
1005007358188765
1005007522740691
1005007558528823
1005007577965765
1005007596882072
1005007596662678
1005007596742488
1005007526286222
1005007528916913
1005007608225296
1005006938560834
1005007588716739
1005006055838466
1005007522941266
1005007604084120
1005007596675595
1005005974610295
1005007565915044
1005007649647717
1005007526294191
1005007282074034
1005005792197272
1005007540475026
1005001278676672
1005006159801685
1005007600746304
1005007606006640
1005007526162485
1005006627146869
1005007522735974
1005007107686425
1005007522972192
1005007639378746
1005007109489526
1005007522768628
1005007547499718
1005007273661391
1005007504353311
1005006676535244
1005007500951585
1005007383561761
1005007392077132
1005007379326538
1005004705681345
1005007615008261
1005007596663698
1005007143509672
1005007222235487
1005005933154585
1005006800150287
32737772037
1005003059274881
1005006943717802
1005007478207226
4001322454213
1005003203504378
1005005851331727
1005007569307947
1005007111934381
1005006913968557
1005006099067595
1005006941799114
1005007603794821
1005007616596415
1005007565562967
1005005976030030
1005007557144244
1005007596798255
1005007622937260
1005007540850748
1005007237914958
1005006009517065
1005007523029781
1005002900678617
1005006280726231
1005007577837000
1005007522939571
1005007526188317
1005007614945311
1005007614836518
1005007045301457
1005007522548168
1005007614647899
1005007523008573
1005007547321742
1005007522354602
1005006796414321
1005007508752877
1005007578181162
1005007342823705
1005007552985180
1005007540853820
1005007523033492
1005003063530799
1005005875688129
1005006140234256
1005007254129645
1005007583817994
1005007120093438
1005004542445167
1005006058072006
1005007192553414
1005001511345783
1005001631735167
1005007451813681
1005007343555327
1005007522760868
1005007504154419
1005007523206321
1005007390384546
1005007641281660
1005007529135456
1005007496537439
1005007557101377
1005007422889303
1005007419155554
1005007671726214
1005007678206338
1005006387677013
1005004146272520
1005006940230430
1005006198160051
1005007601466391
1005006909164435
32567890648
1005007501031188
1005001628285889
1005007132071530
1005004467184667
1005004620948491
1005002412091841
32924319916
1005001468326849
1005004160429258
1005006221140757
1005005728155016
4000292561227
1005004557026711
1005006262562384
1005007527231900
1005002865851247
1005004674508731
1005002604116816
1005007527881667
1005007664912267
1005004000991948
1005007284546520
1005005598819673
32931661503
1005003724029149
1005003710235435
1005001468822834
1005003710306059
1005003710280368
1005007828791146
1005007807076736
1005007800116962
1005007760182213
1005003925066457
1005007720302397
1005007338431059
1005004115630903
1005007601239979
1005007474646197
1005007487273740
1005007338409366
1005007601312799
1005007338376429
1005007630805105
1005007630538512
1005007630678406
1005007487394461
1005003724259103
1005003723917779
1005003724118856
1005003710260324
1005003724045128
1005003724196437
1005003723923747
1005003724259114
1005003710034960
1005003724262082
1005003724075985
1005002417362209
33048815113
1005007198536414
1005006939862056
1005007193611698
1005007075090873
1005006009706450
1005007469628072
1005006177224550
1005007100680338
1005007443237883
1005007435703989
1005006477454900
1005003472535557
1005007715019418
1005007593721942
1005006490397502
1005007076604328
1005007448828835
1005004469850940
1005007584013661
1005007240771746
1005002548485811
32987237894
1005005731270002
1005005372909133
4000588696108
1005007326713766
1005006832038237
1005006440511793
1005006768954838
1005006196009441
1005007526939325
1005007323634746
1005006786006235
1005007343391496
1005005508159614
1005007123964837
1005006682003885
1005006863319834
1005005851411556
1005004235469276
1005003779498321
1005006287707645
1005006682247703
1005007410091286
1005007153551365
1005006196056203
1005007526933263
1005003041234805
1005003612005125
1005006870289405
1005006035048688
1005006862143600
1005004099716711
1005005382801065
1005002553380741
1005004741801223
1005007458051195
1005003600538762
1005006896274720
1005007555063898
1005007297760288
1005006082717764
1005006864186075
1005005334458031
1005007010580740
1005007198283398
1005007554325030
1005007572604454
1005006864353814
1005007511888018
1005006732975298
1005007544680590
1005007124583310
1005004201215041
1005003933021840
1005007159795104
1005004548220121
1005007494042814
1005007481982363
1005006236740918
1005002462619586
1005006530433560
1005007028701617
1005007378270115
1005003967698306
1005007578885260
1005002994761203
1005005903264257
1005003891356846
1005003361394503
1005003891600652
1005007639349858
1005002461111777
1005002828661849
1005004279498029
1005003167351050
1005006277032824
1005003044097416
1005006237234804
1005007084087494
1005002553286983
1005006083266378
1005006863487244
1005006717478852
1005004741817036
1005007151236090
1005006864332554
1005007465272090
1005007596904304
1005007133378107
1005004917855119
1005005489079437
1005002600689845
1005006782648678
1005005725976727
1005005634553476
1005007387713098
1005003927604406
1005007675887200
1005007123954951
1005005553850512
1005005929682621
1005002272244716
1005005747845558
4001210933883
1005007639409788
1005005374233445
1005005371034716
1005004387084824
1005007349195371
1005003768006618
1005006872813295
1005002256203631
1005004438294387
1005003722059748
1005005186322489
1005006640184593
1005002553269282
1005006863264662
1005006890956898
1005007048374726
1005005466151715
1005007601087770
1005005021321716
1005007097961049
1005005508335917
1005006923958121
1005007097910104
1005002368201995
1005007353794478
1005007347363004
1005003264416111
1005007472874393
1005007817389741
1005007715212711
1005007797372840
1005007795684331
1005007548546152
1005007792630950
1005007792336918
1005007792232945
1005007792278679
1005007791217306
1005007790605997
1005007788722933
1005007783715187
1005007784340867
1005007783372420
1005007781195552
1005007781142703
1005007746619963
1005007710035737
1005007750288977
1005007720322043
1005007614097999
1005007124569911
1005006858180774
1005006863895604
1005006083194842
1005006863843960
1005006083203791
1005006082749336
1005006863265685
1005006082816098
1005006857950608
1005006891204299
1005006962814055
1005006074571778
1005004335777760
1005007644340437
1005001689699668
32815077262
1005006995529541
1005007081817565
1005006287853320
32812792648
32824586048
1005007798928362
1005007740603713
1005005829518813
1005007692755160
1005007799023684
1005004443167685
1005005136593490
1005007816668835
32941167837
1005005178855029
1005004462985713
1005001506329481
1005007478721302
1005006247943807
1005004152511478
1005004437450781
32852164555
1005001278085743
1005006142816499
1005006870977369
1005007053771228
1005005871670181
1005004940554347
1005007387776452
1005006935442321