1005004204856053
1005006032709730
1005001868882726
4000191810998
4000805777900
1005006688769762
1005005440798993
1005007075352390
1005006948434924
1005004726210501
1005006751350039
1005007008931341
1005005119013070
1005006326041891
1005007299517493
1005007124554417
1005003985149512
1005007222349368
1005006368414975
1005006123406037
1005007426189957
1005007479331247
1005005139074850
1005006655445802
1005006873120547
1005007034539199
1005005131820043
1005001360572463
1005007329724762
1005007088520411
1005004854733667
1005003025311883
1005005625292048
1005005781324609
1005007023530071
1005005454334073
1005002310178701
32836016242
1005006871236407
1005004800776045
1005006358377568
1005006284556856
33038706929
1005003501360684
1005004648444572
1005005589977510
1005006605214462
1005005925159483
1005004231132771
1005006835529034
1005007689332129
1005007529267724
1005006321079856
1005007152984920
1005006162039607
1005007162493376
1005006375595989
1005007032245961
1005007071678889
1005007316608199
1005006982502131
1005006243495887
1005005875414989
1005006200266810
1005007482364137
1005005217895021
1005007169567015
1005006151508425
1005002112250163
1005004732458627
1005007655907419
1005007212622646
1005007585105262
1005006353222697
1005007172855090
1005006479706602
1005006797607416
1005007432554691
1005007378123434
1005006012406623
1005005734668691
1005007501548774
1005006890270878
1005006520729838
1005001332271828
1005006448712447
1005006435050319
4000263730511
1005006992103187
1005004238004609
1005004317363474
1005004823913741
1005001879022904
1005007328424802
1005007252630377
1005002840481810
1005007290462589
1005007331301382
1005007137311671
1005006157725899
1005005737045585
32828050320
1005006881643440
1005006787035604
1005007531762960
1005006042160554
32812092505
32968655011
1005007293138133
1005006353363372
1005007311554736
1005007016100040
1005007735150172
1005006322816091
1005006846873377
1005007683388645
1005006806806343
1005005160092317
1005005630695152
1005007415912637
1005005261641569
1005007075298658
1005006086099592
1005006735376170
1005005748404354
1005007104208447
1005007556613547
1005002412067032
1005007123381514
1005007795009779
1005003652342314
1005007466790652
1005004924739397
1005007807449012
1005006854918998
1005005163471891
1005007735061110
1005007747920356
4000398346038
4000591133202
1005005131817644
1005006472431132
1005006323235883
1005001536626246
1005007391820921
1005007603312770
1005006056483422
1005007431722117
1005005960194055
1005006696787481
1005005590113229
1005007418181279
1005001965175670
1005007145518195
1005001632995093
1005007440409819
1005003572952888
1005005722076987
1005006766740367
1005006769365331
1005004113887481
1005006430978538
1005002656968792
1005007005117182
1005005890947401
1005001304528550
1005007399307765
1005003390783433
1005006936648051
1005005669407648
1005005980122408
1005005367616907
4001055378196
1005006142243521
1005005497488265
1005006948579260
1005006690423555
4000184351350
1005005945201291
1005006011966574
1005006460917957
1005006489731757
1005007204445555
1005005425029306
32793009779
1005004617156958
1005005547170782
1005006913934947
1005007475577300
1005006071151359
1005006927156995
1005006911510187
1005006926832650
1005003283941639
1005006505935508
1005006693365122
1005007517026185
1005003699722904
1005004276757640
1005006150185449
1005005418594150
1005005879925193
1005007323005446
1005006718155208
1005007302102677
1005005589111380
1005004572245648
1005007047632026
1005006997085883
1005007209127990
1005006430699336
1005007217913400
1005007211185709
1005004883835596
1005004359616711
1005006451749049
1005007181949075
1005004854745519
1005006294403717
1005007295131133
1005005811850061
1005002922099254
1005005868734657
1005005547865509
1005006057128553
1005007616045070
1005006353383518
1005005932281324
1005006810428172
1005005633260060
1005004764283035
1005006629440637
1005007119385351
1005004689143646
1005007181139057
1005006024345411
1005005495694727
1005007207225907
1005007588900005
1005006779578158
1005004376276308
1005006909784386
1005005890123079
1005007415952366
1005003693477766
1005004753939201
1005005982443819
1005007795089250
1005005811662577
1005006011061704
1005006767310448
1005006316393356
1005006361386812
1005005436504860
1005005432759196
1005007092437844
1005007533074916
1005004684724832
1005003995817855
1005006484467695
1005007302934439
1005006523898520
1005004350152375
1005005212853143
1005005260095336
4000382937271
1005004134327672
1005007078772884
1005006734250294
1005007677088791
1005006862402437
1005007795021725
1005007795066478
1005006688652709
1005002018491370
1005007427287851
1005007528309213
1005007451980829
1005005233558741
4001174885693
1005006746387430
1005007108565884
1005007539307143
1005007795100245
1005007300278542
1005003417721165
1005007108915775
1005007183032669
1005006316353661
1005007796201022
1005005596723600
1005007661168282
1005007654280933
1005005963580895
1005004645778723
1005006946142363
1005005012066200
1005006380992941
1005007370768044
1005007795029687
1005004280286141
1005006896238011
1005006704482820
1005006767808059
1005007747871718
1005006763118221
1005007601046321
1005007342132598
1005007449353701
1005006050344496
1005006037252764
1005003968005839
1005006316304872
1005007795034642
1005006923426146
1005006070991103
1005007075238566
1005007655979172
1005006807901773
1005001298886932
1005007113316912
1005002536359825
1005006959431634
1005007448673893
1005004133250264
1005006736839952
1005006805118049
1005006849746033
1005006402928284
1005007003768657
1005007535480796
1005007470222533
1005005232786896
1005007420161140
1005006751663423
1005006095201178
1005007382800149
1005007399337688
32913645093
1005006242674317
1005006767300044
1005006794573025
1005006460242549
1005003082161198
1005004635285299
1005006481169049
1005004223096935
1005004088507810
1005007379163443
1005006324004259
4000037448341
1005007125021307
1005006773033565
1005006632377434
1005007047216511
1005007694926901
1005005351149094
1005006634494979
1005005020397052
1005007108918174
32891225662
1005004504117784
1005005612456277
1005006808912039
1005006923772900
1005004354613075
1005007475490270
1005006044616138
1005007391667903
1005005515577230
1005002625335705
4000152870099
4000091119873
1005007421938439
1005006189889584
4000338008738
1005007236424194
1005007386754652
1005007074633294
1005006316322818
1005007142281435
1005007695371244
1005006606228869
1005001385941857
1005005074540469
1005006364137119
1005005413424486
1005006135422345
1005005368936778
1005006763046184
1005006136101659
1005006086052590
1005006807725644
1005007638832341
1005004950730746
1005007302035924
1005004991713889
1005007060639649
1005007429125802
1005001431644829
1005005911246095
1005006149783834
1005004862831201
1005007620920532
4000562007065
1005007464468071
1005005622560286
1005005266470594
32654826601
1005007322550062
1005006659180504
1005005245853682
1005006863829538
1005006457803427
1005005047876020
1005005840496980
1005005074696252
1005006098767905
1005005688811878
33005842497
1005007223584117
4001054154312
1005007348602910
1005006822598905
1005006109023293
1005007390419013
4001103064158
1005006625241293
1005006456497873
1005007196391071
4000903308349
1005005525192761
1005006659137539
1005004429412373
1005004250896997
1005007047371830
1005007439100988
1005007219474537
1005005117020691
32982887874
1005006155247985
1005006804827948
1005006215517099
1005007157151005
1005005216212489
1005006682347157
1005005814044518
1005007026024545
1005006344576334
1005006225709109
1005005653405697
1005006678280430
1005002043568641
1005005039105048
1005004808644574
1005007391164557
1005005926851373
1005006495494689
1005006861532802
1005007211029278
1005006642228741
1005001934875540
1005006473215764
1005007361162824
1005006903784346
32827352428
1005005249363782
1005005910428357
1005007268669058
1005006336245942
1005005617484617
1005006638079234
1005007022421736
1005006833763636
1005006840464735
1005006486437527
1005006753551335
1005007394113100
4000941671999
1005007022822887
1005003439002828
1005006117602606
1005007499792540
1005005424454491
1005006860444314
1005007644558670
1005006421430184
1005007493020542
1005007557835953
1005007174320491
1005003288081252
1005003750080451
1005007357022300
1005006133421618
1005006049259953
1005006685151063
1005006959881076
1005006415096806
1005005949330740
1005005369351486