1005007377592042
1005002429248588
1005001341226498
1005006336005530
1005007576584518
4001084915166
1005005809999935
1005007008270098
1005006875380159
1005006097641739
1005006662170660
1005006662233446
1005007044178019
1005006661987912
1005006662050708
1005001507769999
1005007378636561
1005007429768179
1005007303426413
1005006922566318
1005003840334947
1005007394594843
1005005950560391
1005006737875608
1005007282709568
1005007164658314
1005006916865702
1005006560996489
1005005906424809
1005006741439649
1005006800985831
1005007206039427
1005007598309074
1005006916919457
1005007024598208
1005006825490695
1005006364263392
1005007412729296
1005007113413445
1005007435420891
4000849719012
1005007125809650
1005007550464957
1005006642023911
1005006832613229
1051456734
1005007466694305
1005001714278766
1005006901025971
1005006769772461
1005006825318993
1005006900480896
1005006706752759
1005006137467506
4001278949877
1005007394850940
1005007334687285
1005007150138744
1005007190155076
1005007099358905
1005006294734993
1005007003054939
1005006013006544
1005006040471783
1005007271502173
1005006760452699
1005007489842018
1005007394786590
1005007392677797
1005006167505554
1005007433847019
1005007438384503
1005007554397428
1005007553219612
1005006709981769
1005007007862121
1005007476638364
1005007475112433
1005007451885440
1005006831219862
1005007051063905
1005007044811546
1005007418146448
1005006683923464
1005006678692047
1005006684795325
1005006924240467
1005006922758552
1005006661529837
1005006661470986
1005007478742435
1005005561602228
1005007473209388
1005007554300772
4000800700499
1005004276833217
1005007533911565
1005007466498830
1005006750132216
1005006662296290
1005006062155861
1005006016727707
1005007044925046
1005006662149643
1005006662172642
1005006662093589
1005006733223155
1005007197665986
1005006916976612
1005007253780973
1005006613108306
1005007325888088
1005006737199987
1005007174127629
4000398531783
1005007282600750
1005006029239231
1005006641120653
1005007282822037
1005006463177747
1005006468260369
1005006560675886
1005006562958463
1005007385531482
1005007681684019
1005007001672138
4000803941027
1005006470770959
1005007329527890
1005007470957628
1005007657531170
1005001648069003
1005007599571837
1005005865402063
1005006426130110
1005003257479538
1005006228855722
1005006029116923
1005006742900354
1005006220898756
1005006770318042
1005007354348627
1005006568133410
1005006662004808
1005006279489061
1005006875717333
1005006710291045
1005006896226501
1005006270552049
1005003186406071
1005006627067258
1005007333833717
1005006328081202
1005007792936852
1005006820550140
1005007685565135
1005007387055939
1005007647584344
1005007320242100
1005007452104944
1005007581803602
1005006706792842
1005007173190845
1005006886348400
4001256912567
1005006524828467
1005007774427449
1005007758729756
1005006924579322
1005002510798775
1005003472540837
1005007773361704
33029755798
1005007740245242
1005005275121477
1005006294874277
1005006314559257
1005006062165619
1005007051068771
1005007074841187
1005006917081487
1005007454935408
1005006470977800
1005006580602113
1005007436656131
1005006816799605
1005007584864509
1005007071427198
1005007087872090
1005006017046887
1005007198858671
1005007104833807
32322921156
1005007167925616
1005004747522711
1005006696662832
1005006684689488
1005003583098869
1005007088941424
1005001548048695
1005006862108754
1005004839934148
1005005745388014
1005007429778497
1005006470929735
1005007649684759
1005007423223397
1005007584384268
1005006717152388
1005006715717690
1005006612606537
1005007490273177
1005007489842257
1005007412726079
1005006516302817
1005007436506241
1005007504481813
1005007591149698
1005002700891565
1005007594020887
1005007229067270
1005007333724522
1005007320099183
1005006626817565
1005006674783634
1005006642381011
1005006790238664
1005007569270885
1005007639216002
1005006311036356
1005006661825249
1005007058391500
1005004173402114
1005007101642139
1005006662373006
1005006662332200
1005007150053901
1005006710297341
1005006172717503
1005007316405872
1005007272010765
1005007496898524
1005007387227744
1005006883236273
1005007162476224
1005007376351246
4001220698904
1005006604335026
1005007467345685
1005007627625377
1005007342577409
1005006352009599
1005007168905167
1005006457277819
1005007669517796
1005007572981085
1005006072016599
1005006062192760
1005006058607606
1005006016812323
1005006869105922
1005007330807536
1005007429792717
1005006436510922
1005007532019881
1005004854488068
4001269579558
4000826284133
1005007482222244
1005006968276071
1005007587466434
1005001855130081
1005007599704414
1005007479690466
1005007281975732
1005005911866982
1005002910834907
1005007030822154
1005007007367649
1005006963724291
4001185398219
1005007106048229
1005007648429632
1005007088832311
1005007002101839
1005004141025053
1005006994858731
1005007579252827
1005007471146338
1005007346331576
1005004219078117
1005006311078018
1005006882555721
1005007198153127
1005007330045829
1005007266583520
1005007650022086
1005001276095362
1005007475809813
1005001834278228
1005007157489406
1005006058616193
4001257056125
1005007770794889
4001158012274
1005003372465757
1005005812797845
1005007469822364
1005003166496588
33033004363
4000540203696
1005007057697203
1005007423445347
1005007044367542
1005007618553746
4001244884090
1005003531808220
1005005275215228
1005006228697882
1005006737148775
1005006668767705
1005006311055229
1005007150382329
4001192203503
1005006062201380
1005006058269703
1005005236863332
1005006058584637
1005007234509788
1005007425058257
1005002584698256
33033004437
1005001889939598
1005007424822639
1005007594928019
1005004121369361
32922695736
4001213081646
1005006994427940
1005001744501966
1005006145017078
1005006246542196
1005006561065471
1005002578702993
1005001794144554
1005007098341026
1005006941998655
1005004762306400
1005007394602419
4000266990016
4000238525650
1005006319217297
1005006875470595
1005007268585572
1005006062123200
1005007150168723
1005007167786443
1005001357301937
4001146759915
1005006001097105
1005004605188406
1005002582737659
1005007384610678
1005003392024338
1005001330928820
1005006714351454
1005002813474647
1005006941982737
1005007455715302
1005002890288143
1005007378555542
1005005975378460
1005006909991229
33035226372
1005005960499127
32828829566
1005007322538898
1005006058399689
1005007307990892
1005005032653971
1005006685740467
1005006305790019
1005007657626361
1005007554103959
1005005837067636
1005007416606080
1005006708025557
1005006885024735
1005007132754423
1005007470749085
1005001483719553
32859186301
1005001670077344
1005001853582246
1005006816695450
1005007760939656
1005007703702921
1005007168054285
1005007740805267
1005007792800286
1005007768439831
1005007738680974
1005007797707354
1005007646616884
1005007751699299
1005007759610999
1005007728993852
1005007669687479
1005006710221980
1005007790353254
1005006062242168
1005006328037935
1005006683783946
1005004806300098
1005006714179989
1005007329873531
1005003869002701
1005006328002452
1005007080063543
1005007669828175
1005006417843533
1005006722977392
1005002845018632
4000198062586
1005007392460870
1005003227276977
1005007308167338
1005007169446516
4001240017732
1005007449193089
1005002919039410
1005001840655597
1005007268254003
4001202399365
1005003434644890
32970822340
1005006878452920
1005003536034308
33036943109
1005002595121221
1005006716352026
1005006029214341
1005007614891118
1005003272194893
1005002632420016
1005007504681535
1005002286398922
1005007307786623
1005007177011740
10000000352409
1005007741113574
1005007741586692
1005007741585384
1005007765322059
33056958806
1005007663638588
1005007169731983
1005007709909215
1005001711500325
1005007705969403
1005006319236176
1005007058851586
1005003367698963
1005007413091272
4001203447830
1005001747468200
1005007609978977
1005005775032443
1005007760185035
1005006967339764
4000703560317
1005005965347075
33042229599
1005006722969418
1005007423522355
1005005617445827
1005007467575200
32898435121
1005006189912402
1005002390737290
1005001704783233
1005003285472994
1005005870879319
1005006711385273
1005006017117917
1005006916966396
1005007176093187
1005006722946462
1005007415805895
1005001892228394
1005007134839495
1005006617640819
32849595656
1005002613649854
1005007491630075
4001255816386
1005007109160103
1005004360701837
1005007550707631
1005007308043887