1005005213890704
1005006131729220
1005006096419329
32952776602
1005006659154793
33014451018
1005007146143229
1005006405348158
1005006635263759
1005007404994598
1005007269065373
1005007243376825
1005007431715747
1005005866434270
1005006186880310
1005007372189077
1005006843551098
1005006218526403
1005006277475575
1005001337897964
1005005097702383
1005006094702857
32868750993
1005006066723296
1005005389674768
1005007276385438
1005004378652236
1005006766908432
1005007444971704
1005006828117085
1005006855807194
1005007076885095
1005005535423729
1005006847235680
1005006092817224
1005001758578250
1005006801469012
1005006833929216
1005005757978366
32620179103
1005006317111496
1005005764178442
1005004682832638
1005004745334683
1005007194875965
1005006767442442
1005007102721160
1005006832017075
1005006113763947
1005004628125325
1005007287413773
1005003825586416
32724023370
1005006392332010
1005007148340868
1005007374542767
32320615360
1005007103436350
32907176119
1005006645801626
1005006222713429
1005006200177647
1005005604585696
1005002127718599
1005004493268496
1005007124219328
1005006358664976
1005006091381465
1005006063800296
1005006968206202
1005006844782166
1005007391775410
1005004091047653
4000528493257
4000296566200
1005003335854458
1005007410173822
1005006974469879
1005005742813620
1005005240898527
1005006820818601
1005006085812309
1005007423865416
1005006383147069
1005005884344126
1005006139695604
32863277865
1005004531232642
32866839199
4000278315579
1005006540731409
1005007251701189
1005006213229118
1005003727870733
4001119710206
1005005939444541
1005007106646650
1005006149692132
1005004858666986
32994715043
1005005539181647
32840366769
1005007360090987
32740840298
1005003726599916
1005006659382106
1005003407345714
1005006092157881
1005006659151848
32899639836
1005007032493434
1005006048493696
1005001608318044
33013076866
1005003637988770
1005004268175571
1005005057888932
1005005968346897
32837112884
4001000554841
32874201081
1005007124370960
32658687495
1005005451042976
1005002866441882
4000295983531
1005006320622225
1005004242899132
1005006938770507
1005006059983817
1005006816702937
4001197214033
1005006175770618
1005007128069449
1005007118943089
1005006724536777
1005006887573715
1005006011040473
1005007088092584
1005007016244872
4001197245552
32965736515
1005002271790588
1005006885175359
1005006337809890
1005006771106084
1005003533278920
32995763834
1005003238534263
1005007042889400
1005006083166661
1005005938968041
1005006202394275
1005007164076468
1005003889348829
1005007324232214
1005005574118084
1005001402579514
1005007088422297
1005007339905021
1005006890719035
1005004371341487
1005005862415486
1005007342428802
1005006292640986
1005006844487467
1005004132909329
1005007131480561
1005006724102377
1005007463961779
1005007457949596
1005005536269251
1005004620736708
1005006619631657
1005006392285079
1005006243658557
1005006391993751
1005006172946676
1005003802157383
1005006276731875
1005006173027291
1005007464292157
1005007457778220
1005007463729971
1005007458053356
1005007464314135
1005007458165153
1005007336678525
32946068458
1005004558639002
1005005965567742
1005007193288860
1005006486867367
1005005694971706
32980712131
1005005743418209
1005005545203026
1005004771621507
1005005275603409
1005006166819210
1005007475223008
1005007472311502
1005007463751475
32888095566
1005003163062652
1005005600896573
1005004379685827
1005003136985358
32985337482
1005007209521719
1005006240272920
1005007018440691
1005006064380586
1005005133727098
4000645923633
1005004953272724
1005006748270086
33039722121
1005004379707306
4001013473039
32982062073
1005004837037152
1005007464129397
1005007145003798
1005007197455759
1005006756624643
32980137308
32807653455
1005007438110601
1005007444805880
1005007225591130
1005002846895758
1005006926661940
1005007146447511
4000386864248
1005007417200298
1005006146335025
1005007209217209
32916249127
1005007428875333
1005005261826614
1005006961014478
1005005515209967
1005004612487207
32915473994
1005007299970321
1005004915271365
1005007301428712
1005007069234367
1005005621586112
1005006818316705
1005007306275841
32845669259
1005006783728921
1005007413907693
1005006300694504
1005003587818015
1005005283820553
1005003737307461
1005003354453856
1005007444751805
1005006926648293
1005005283896405
1005005932715491
1005005604094668
4000386787869
1005005813652422
1005006873927678
1005005552220827
1005005451984816
1005003161049873
1005006818627888
1005006164433220
1005005901545894
1005007428764175
1005007444926097
1005006261695544
1005006827160278
1005006813752711
1005007216185776
1005004959816003
32845828433
4000386855934
4000172821541
1005005283741803
1005003554364066
1005003750132625
1005006071185439
1005006571876800
1005006043282178
32855326849
32912881594
4000433559024
32841176754
1489098340
1005004612704636
1005006398491881
32789125222
1005004170297867
32947413283
1005006261695918
1005002343167289
1005005443721745
1005004042182442
1005005685304065
1005006656913207
1005004839416350
1005005667534661
1005005772811567
1005005991065668
1005003776325519
32731144887
4000386757956
4000709792450
1005007314478173
1005007225181671
1005006853896000
33020838776
32903987286
1005006484837379
1005007436039946
1005002613430913
1005006442500041
1005007444717627
1005006027833484
1005004337237331
32354871582
32505300145
1005007227009946
1005004015344108
4000386191254
4000386844576
1005007142278162
1005002600124815
1005007125964756
1005005468653924
4000165390970
32866312452
1005003691953217
1005003691196294
1005005034354024
4000834384860
1005003274462281
1005007026226013
1005007025719992
4000879567672
1005006992176399
1005005998025722
1005006951326970
1005006951483081
1005006951484422
1005006943461145
1005006933436781
4000646936582
1005006920045432
1005006890978814
1005004959021259
32838235520
1005004098498957
4000490262352
4000805541254
4000416987758
1005007255987232
1005003270706737
1005006951469309
1005006951372828
1005006943743491
1005006933347990
1005006385531171
1005006703729630
1005006699301288
1005006702641322
4000924925243
2039641574
1005002782158153
32250724761
1005001823562816
1005005954708243
1005005903394255
1005003750190228
1005006604188107
1005006600041828
10000315188005
32712081098
1005002636832871
1005002679220802
4000471033884
33036695484
1005006572963459
1005005904313239
1005005690315992
1005006462473484
1005005730224937
1005004266581263
1005004433963281
1005005698067933
1005005904248324
1005005169068171
1005005790507189
1005004159652759
32814610429
1005005244345624
32998043983
1005005723786800
4001256106726
1005002863986103
1005004504645403
1005004504641745
32796426249
1005005210638797
4000386864745
32840173251
1005006027832930
1005003269725843
1005006951429383
1005006951392732
33034966037
4000116281484
1005005723656438
1005004504639713
1005004504626851
4000386848244
1005005927848746
1005005283806717
1005003843077175
1005001333384984
1005001526068368
1005003990707926
1005001779610748
1005003983271609
4000039646285
4000386787808
4001140240804
32859208499
32821222799
32596597173
4001140283818
32861445803
1005002006901857
32845840252
32738931862
1005005863941972
1005002019375401
4000583310401
4000397977891
4001140290920
1005006013998416
1005005498138508
1005006316154931
1005004270078089
1005003544062305
1005005726121554
1005005993647600
1136254739
32807861801
1005006822068385
4000386800454
4000386896299
4000386841129
1005005283895069
4000386922089
1005005283781894
4000386794499
4000386815719
4000386781529
4000386869074
4000386894499
4000386816399
4000386930198
4000386861343
4000386805373
4000386815770
4000386768953
4000386822375
1005005284245748
4000033827578
4000386774616
4000386934162
4000386914237
4000386872012
4000386762957
1005005283908262
1005005284277737
32857104092
4000386865982
4000386783917
4000386892462
4000386798672
4000386763992
1005005283862577
1005005284369106
1005005283825191
4000386792956
4000386845436
1005005283835671
4000386878766
32848247376
4000386840298
4000386917296
1005005283906021