1005006588082323
1005006997318329
4000252068069
1005005448728724
1005006209070543
1005005161901205
1005004870844180
1005006804604986
1005006801310152
1005007519142325
1005007594287605
1005006208151094
1005005388720016
1005003087712813
1005007550346328
1005005972437212
1005004433596592
32948221030
32792548408
1005006244089156
1005004230459189
1005007044833901
1005005118792163
1005006843933015
1005004499643971
1005006877096345
4000751240959
1005007043809249
1005006962080451
1005002718207071
1005005974812828
1005007432312436
1005004608517357
1005005093478146
1005005069344497
1005007075133922
1005007506332577
1005007506490369
32961991156
1005006394713771
4000780581401
1005007487978320
1005006339098343
1005007121451900
1005007608728157
1005006209025852
1005007313489324
1005005199895166
1005006944773673
1005005979909803
1005002862014443
1005007444536341
1005003193496626
1005006386968339
1005005356423402
1005006816950273
1005007632036300
1005004482600962
1005006461810438
1005007341885233
1005006282064092
1005006163890447
1005007542487456
4000780297965
1005005069190816
1005003716272014
1005005046541939
1005006764943030
1005007167428532
1005004969835774
1005007563957713
4001089904603
1005007569876102
1005007353807229
1005007575521107
1005003646307264
1005007429441337
1005007487435780
1005001452764666
1005007031595663
1005005306777398
33041134748
1005006209129291
1005005428801243
1005004128637505
1005004230823757
1005007423101294
1005005617273928
4001283820338
1005007542347419
1005006859128926
1005004971192895
4000471284631
1005004581207091
1005006764844531
1005007298862545
1005007495154590
1005005979834445
32907320525
1005005121474966
1005004160642895
1005004890279639
1005007542826285
1005003798208497
1005007339601991
1005005762692071
1005007532247590
1005006907374859
1005007182316314
1005006805079246
1005007494230112
1005007351423623
1005005069106050
1005006814236439
1005006804885096
1005006813566891
1005006533380998
1005002069261747
1005007648836861
4000780306360
1005007668835847
1005006890519510
1005007551832791
1005004228845019
1005007201166512
1005007312312350
1005006024165038
1005003735929254
1005006057519820
1005006859275698
1005004053455893
1005006974112089
1005006338938095
1005004904433683
1005007309362863
1005003056526098
1005005735960832
1005007314299907
1005007551580776
1005005093546017
1005005970423145
1005007484732405
1005006211871546
1005007263785935
1005006786526711
1005007137635199
1005006447258558
1005006804640814
1005007564704107
1005006761133850
32837880577
1005005767846669
1005007551533159
1005004053234677
1005006764935460
1005006766026865
1005007272509515
1005007430177856
1005005209947350
1005003056535347
1005007419308947
1005006139903182
1005006838005184
1005005984809562
1005007429837155
1005003716200193
1005004133336532
1005005356243542
1005007555262180
1005007313371461
1005006997390311
1005007441889918
1005006305293173
1005007342000309
1005006879294058
1005007227464371
1005005652311177
4000777713330
1005007471104008
1005006163529729
1005007610154028
1005005093465070
1005007481143108
1005006335237410
1005006805136116
1005003647986646
1005006207188462
1005007555299599
1005006390038316
1005005274439222
1005007501697430
1005005292834535
1005004967245506
1005005663314441
1005006335940440
1005007555175609
1005004160887245
1005006489905458
1005006279881413
1005007013855365
1005006433677485
1005006434005348
1005006289998095
1005003170512378
1005007201800796
1005006800757089
1005007002518826
1005007605831680
1005005999708775
1005007430855155
1005006972825241
1005006946671344
1005005940945329
1005005621854486
1005004615183620
1005006998036256
1005007500220692
1005004231762705
1005007557298521
1005006962915980
1005006913351056
1005006431079389
1005007173801480
1005005008949563
1005006435484687
1005005940936867
1005007058482446
1005006462065066
1005007219480510
1005006233395188
1005006436229722
1005007500799628
1005007463479968
1005007564749097
1005007645419377
1005006335464713
1005006888478440
1005007478795397
1005006805108106
1005003171207527
1005007198183660
1005006436176192
1005006216039529
1005003138772319
1005005719970850
1005006356907382
1005007557439234
1005007334308924
1005007166703495
1005007045670113
1005007217166670
1005006279834664
1005005632863620
1005006060994285
1005007179784765
1005005663263759
1005005663369239
1005003158682261
1005005208940478
1005006033898598
1005005940996572
1005007043665952
1005007481101245
1005005997858044
1005005858174303
1005007624498361
1005007637624117
1005007555462363
1005007261091428
1005005208972397
1005006574537686
1005005193772271
1005007194472642
1005005643644080
1005002416931121
1005002404199106
1005004128444227
1005004133404505
1005006209128611
1005005761207546
1005006305224695
1005007443950364
1005007333652704
1005006859335972
1005007368744677
1005005776288236
1005005648027432
1005005150457324
1005006609842273
1005003292037723
1005005443648062
1005005663394171
1005006116961573
1005006954333592
1005007811759602
1005007827676017
1005007722510902
1005007822824155
1005007825398954
1005007723516591
1005007723319722
1005007813024044
1005007720995599
1005007819470320
1005007702709530
1005007819423432
1005007766438359
1005007561082683
1005007815643665
1005007804069989
1005007813705325
1005007811752861
1005007809956437
1005007803246179
1005007803254341
1005007808707563
1005007739515243
1005007807591542
1005007699252607
1005007700992111
1005007789991428
1005003087750083
1005005999681113
1005005372870490
1005007804509009
1005007802729958
1005007796223870
1005007796511183
1005007785261817
1005007788814856
1005007703732826
1005007588717072
1005007688444857
1005007774999401
1005007759641765
1005007751953064
1005007758109997
1005007711661607
1005007755032061
1005007552505971
1005007750920148
1005005917975147
1005006158927327
1005007287272272
1005007733477145
1005007733244606
1005007728896607
1005007254100682
1005007725829083
1005007715784622
1005007711592697
1005007706955014
1005007711761624
1005007707944608
1005007705767786
1005007253814558
1005007705125570
1005007704872250
1005007704876224
1005007702768538
1005007514427956
1005005994145366
1005006814009255
1005006813951358
1005006813467928
1005007733541001
1005007735149585
1005007733494276
1005007733368649
1005007733516057
1005007733179679
1005007733255516
1005007733160556
1005007733223505
1005007703777692
1005007703754940
1005007703652990
1005007703779743
1005007704034143
1005007704048070
1005007704073013
1005007703989168
1005007704059020
1005007703821796
1005007703745784
1005001933084115
32993270834
1005005167427379
1005006849122428
1005001741382875
1005005921318578
1005005949550495
1005006968648076
1005006932217852
1005006398416883
1005005682194960
1005006716978189
1005005775566078
1005006174881801
1005006432252349
1005006148278978
1005005565494197
1005004731911938
1005005282731061
32932744917
1005007002654990
1005006299462304
1005005115355059
1005005309431623
1005007156359585
1005006481116206
1005007444464762
32811892927
1005007341575678
1005004808860441
1005005835374538
1005005070010829
1005007157793534
1005004740043054
1005005201595995
1005005638063765
1005004399156640
1005006316432530
1005006108730223
1005007321198425
1005005097242899
1005006843584356
1005007182777208
1005007283565888
1005004153727804
1005006969502973
1005007365784633
1005007051092899
1005007046053125
1005005940981304
1005005850186888
1005005525643792
1005007162341476
1005006806133847
1005005067090930
1005006466705695
1005006075887115
1005007333883166
1005005396298165
1005004498680035
1005005171187880
1005007115973053
1005007088516265
1005005723927355
1005007061115610
1005005500809462
1005001708833283
1005004281553742
1005006824640381
1005004912084425
1005004634570894
1005003810010779
1005006729166291
1005006956211635
1005006953667397
1005005439626343
1005007258792266
1005006989032972
1005005510989430
1005004656386343
1005005448896006
1005007412910347
1005007254286612
1005007060483705
1005001280083379
1005006789896021
1005006290594832
1005005992155729
1005005156815677
1005007180915868
1005006219775921
1005007446791935
1005007485010004
1005007566172992
1005007317029270
1005007409787323
1005005679126684
1005005658829313
1005005416491546
1005006627417154
1005006777696299
1005007629067051
1005006968227092
1005005830336699
1005007202030885
4000794245006
1005006191329176
1005006704618159
1005007187033369
1005007266118806
1005006896979767
1005006332592828
1005004845987622
1005005549862378
1005005520240974