1005007336240076
1005005265624353
1005005894970420
1005005521926365
1005005310630235
1005003743747438
1005005874862126
1005006918808754
1005003573665033
1005006827706746
1005006794461155
1005005834385981
1005006950489352
1005006186911331
1005005678524789
1005003579023791
1005005772705863
1005002805096663
1005005879811586
1005004983901489
1005006132147982
1005006113957736
1005005564914942
1005007095437586
1005003515802782
1005006642237700
1005005807573950
1005006056349037
1005003693408441
1005007426891248
1005003683298813
1005002848096017
1005006529227000
1005006679283806
1005006377220669
1005006828523502
1005005233401717
1005007027442066
1005007289411882
1005007411790563
1005006353393643
1005006134784102
1005004527073437
1005004691274943
1005002562439620
1005002742072367
1005006565750419
1005005218891276
1005004793793154
1005005573752625
1005006384265677
1005007351712632
1005006896975195
1005005773510762
1005005589907744
1005005632067382
1005007116663012
1005006119685893
1005002933664365
1005005833688675
1005004540779174
1005006615736491
1005006448776035
1005007443392668
4000955014160
1005004988366131
1005005677578514
1005006614053670
1005006116868471
1005006369596682
1005005364229282
1005006826081600
1005006656823264
1005007156393885
1005007138976345
1005006240076254
1005006303427311
1005005946985993
1005005606278889
1005007472491945
1005006838668172
1005006130851729
1005005997142385
1005006749200217
1005007274383574
1005004855939209
1005006302845884
1005006774514658
1005006734618120
1005006865439941
1005002264254241
1005006863425226
1005007422849753
1005005949392987
1005007314201216
1005004856273512
1005007408844644
1005006956959490
1005006643188484
1005004584399091
1005006727602427
1005003936244135
1005006149979028
4000538868579
1005007047574518
4000128196466
1005006942280224
1005005872603221
1005007113143477
1005003757938172
1005003709608965
1005006186037557
1005007329653429
32993372393
1005006490617942
1005007319398306
33043477326
1005005442839916
1005005626223577
1005007038058633
1005007331980789
1005004152362993
1005005245466139
1005006658538762
1005005264256796
1005005098920581
1005005874419845
1005007243559743
1005007476165448
1005005797606735
1005007156077559
1005007044981480
1005006735825272
1005007146502477
1005006305159835
1005007283270359
4001114709746
1005007150295643
1005006343317850
1005003002245933
4000878996470
1005006053351242
1005006304988668
1005006452313043
1005004728471623
1005004695648005
1005006876664799
1005006603365960
1005003663487221
1005006080140409
1005006913712042
1005005023389106
1005006868082729
1005007079299657
1005005978876433
1005006143336978
1005005622535176
1005007232699156
1005007432974453
1005005171030006
1005006938705164
1005005585456902
1005005933397195
1005006845631273
1005004731729373
1005007084197866
1005003528628058
1005006124124210
1005006652621229
1005005515486998
1005007354053922
32949766917
1005006827051496
1005007077357761
1005007170162114
1005006382185129
1005006652831212
1005004607140198
1005007002779744
1005005590072325
1005006375310778
1005007093517717
1005005735771715
1005006165810611
1005005622138141
1005004289819195
1005005083425183
1005005920181020
1005007427228183
1005004891372753
1005007296169908
1005007002160886
1005006989118912
1005006211663568
1005006243162967
1005007440558670
1005006332944615
1005007393732750
1005003265344600
1005005916908667
1005003882198242
1005007156642482
1005002500469329
1005004912339775
1005007063296327
1995388249
1005006377206196
1005005819206011
1005007146539004
1005006864824012
1005007226702418
1005007069181419
1005006931552052
1005007423996576
1005006198496080
1005006139571167
1005006596361942
1005007272811443
1005005555781726
1005006869046750
1005006279027299
1005003528461854
1005005885736429
1005004538984802
1005005855438054
1005005494469173
1005005033231442
1005004212676871
1005005654304759
1005006275524248
1005005872784453
1005006308102042
1005007108390875
1005003623348861
1005006723125155
1005006515614482
1005006394734320
1005007005587506
1005003036875362
1005004650731534
1005006821704942
1005005431142854
1005001746774484
1005006305112596
1005006927033487
1005004946012387
1005002606397671
1005002873676030
1005006863878150
1005003708236282
1005004997778982
1005005268588369
1005005245341857
1005007150008388
1005005878064013
4000974986501
1005004100555185
1005005284550340
1005004771908631
1005007392346424
1005007401342928
1005006220186695
1005003993072698
1005006645321713
1005007278235242
1005005857616332
1005005679853782
1005007425415838
1005005609724878
1005005428486274
1005005481689100
1005007331936924
1005006987825931
1005003304191225
1005006959135198
1005005991014495
1005006907559782
1005004907697367
1005006170119738
4001179291703
1005006901418065
1005006416432563
1005002520500637
4000642881071
1005006500545846
1005003293211936
1005004896416452
1005006285493592
1005004847481328
1005006097849515
1005005245331842
1005007349000940
1005003713395869
1005007021143295
1005005554666935
1005005230523418
1005007178052086
1005001402567256
1005005513157833
1005006893807665
1005006663804410
1005003318882332
1005006632766997
1005005742508971
1005005615259335
1005006968882169
1005007217715331
1005006390169265
1005006046878687
1005004618537641
1005006052497329
1005005598439155
1005004550823357
1005006277561492
1005005292259348
1005006357228743
1005007331679188
1005004332557221
1005005942150182
1005007055146926
1005007427912021
1005005293858927
1005005838181089
1005005047220529
10000002023826
1005005811909501
1005006954896638
4000684610857
1005003462209450
1005007032958610
1005005789880223
1005006536858131
1005004836303479
1005005515185631
1005005959048699
1005005475347612
1005005768217739
1005006729868723
1005003028612574
1005003988969239
1005003788541593
1005004913728977
1005001412952754
32948349656
32651463919
1005006038675799
1005006023448972
1005006903164948
1005007226445625
1005006760038506
1005004101391801
1005004794747222
1005006187328014
1005006862090969
1005006806055894
1005006075839952
1005007023107233
1005006499349631
1005004790771504
1005005081634900
1005004418819751
1005005281789383
1005006854241626
1005007088906737
1005005975708047
1005004223184369
1005006067418746
1005007346778300
1005006809769966
1005007257286133
1005007336535979
1005007294488542
1005003933397978
1005005997404992
1005006384736503
1005006484507896
1005006370708328
1005005644071374
1005006223436458
1005004106574616
1005006861064055
1005007001356305
1005007360365449
1005006338930488
1005003759810819
1005004985224084
1005007130192814
1005005721065619
1005006254674926
1005005969338718
1005006247104810
1005006285871625
1005007233728028
1005005787931850
1005006878702423
1005005939312696
1005006980674923
1005007351575183
1005005845340879
1005003348964738
1005004505698979
1005003177110011
1005003349980882
4000448474761
1005006989628319
1005007111512704
1005007139542761
1005004795642394
1005005585491288
1005001835826052
1005006111071833
1005004753417524
1005007481554262
1005006880069554
1005007447380067
1005007445699299
1005007445764113
1005007439416829
1005006132407119
1005006365782313
1005007390421910
1005006283803126
1005006713626669
1005004984134079
1005006912924130
1005003114582577
1005003269447758
1005006207506064
1005003489306383
1005006963506515
32811863147
1005007268038711
1005007311402884
1005007295106795
1005007054608800
1005003450252317
1005003434922187
1005003426478505
1005003434569777
1005006216979535
1005006298081082
1005006248485488
1005006214809712
1005006211206600
1005004040284069
1005006826924811
1005006036896021
1005005724353679
1005004595108012
4000976909536
1005007138618034
1005007395960487
1005007395667488
1005007395242587
1005007420860875
1005007396026616
1005007395320276
1005007395507672
1005007395754416
1005007396101257
1005007395901995
1005007412652855
1005007421496385
1005007421725092
1005002277243208
1005007419942750
1005002277482893
1005007463187451
4000320808025
1005004192300262
1005002288444210
32990183078
1005006989832349
1005005181388294
1005004330899238
1005005296122225
32817236878
1005006917496442
1005005067743547
1005007341890516
1005006916503667
1005006191201336
4000026665290
1005006226330416
32856918451
1005006597423260
1005007307705799
1005006615136557
32256857617
32756019667
1005007077503221
1005007226339191
32628334536
32986984166
1005007260686631
1005006343357018
1005005804786004
4000751881049
1005006343753672
32957282208