33049283380
1005005239776660
1005005244694259
1005004088146624
4000065826228
1005004674334241
1005004995557980
32269454059
1005002030326735
1005004007265633
32717667790
4001143374713
1005004526858015
1005003596019310
1005003827044531
1005004633176419
1005003022017882
1005005447844446
1005003467544903
1005004196567840
33010795906
1005005128942097
1005001835180128
1005005448758778
1005005341318332
4001264571654
1005005297114592
1005003467825314
1005003478605207
1005001339451253
1005002919895041
1005004807362382
4000939353247
1005001638020657
1005003575266704
1985001738
32601169343
1005005501044870
32881751376
4001301636531
1005004590802408
4000337878200
1005004943342084
1005005322488454
1005005020299801
1005003820402265
1005005057191457
1005004795978752
1005002806538258
32980422680
4000309665428
1005005311749918
1005003451359326
1005004972333328
1005001499664841
4000801222667
1005005616752251
1005002352105563
4000179821903
10000072257929
1005003654350033
32800117924
32948112365
1005004477990788
1005003097623061
4000456599625
1005003840669840
1005004646441152
1005005020299679
1005004511094834
32841192349
1005003788768847
1005001592383316
1005003065509463
1005004001057942
1005004958493776
1005005180101427
32961045349
4001302727159
1005002284329502
1005004359430818
32566933479
1005003688040922
1005005222850791
1005001666477147
1005004858927587
1005003358587370
1005004791136977
1005002583641834
1005004581170983
32862577904
1005003534531253
1005003740170664
1005003104296118
1005001678820423
32898674059
33055426546
32888055857
1005004072000943
1005004824916713
4001115344906
1005004014328392
1005005044635692
1005004892262219
1005002200990251
32932424126
32841320479
1005004252716218
1005003102838031
1005003984711628
32496299361
1005004280010759
1005005674210489
1005002419747834
1005004736961851
1005005500667286
32789792411
1005004321880770
1005002636354079
1005005233853117
4001346287985
1005003033034065
1005005112170329
1005002002004013
1005004911984267
1005004291554510
1005005279426683
33051093526
32915133400
4000031988809
4001134726009
1005004921962905
4000696614716
1005005476176466
32898416065
4000935112657
1005002366760919
1005004021617469
1005004659759715
1005002985002875
1005004462656875
1005003968009479
1005004335644052
1005002015550626
1005002530681885
1005001818522739
1005005600994056
4001035383778
1771039366
1005004872629949
1005003833107557
4000930023921
1005002305310377
1005004013487549
1005001414123569
1005003700871885
4000500768095
1005002618903837
1005005517609557
33021152263
32971022077
1005004121207785
1005004101320268
32964267443
726837046
1005003101564246
32900130591
1005005450566879
1005005373880330
10000116467998
1005005146195343
1005005438437616
1005005451520675
1005005440722215
1005003095929232
32814401274
1005004090758458
1005003150649188
32961707784
1005002100199024
1005001693914943
32887006870
1005005185533145
4001028352378
1005005301683625
1005005251071008
1005005440607483
32932922716
4000695446517
1005004161265463
1005005501201652
1005004772105451
1005004951520283
1005002892460007
32997467426
1005003592567096
1005003697544109
32821543033
4000136171243
1005005065673816
1005004802607233
1005004408072690
1005004401275616
32910159242
4001100679288
32844605898
1005003333372783
32863534498
4001339054882
4000935202549
32708177617
32981318921
1005004428763800
1005004815259370
1005004943226358
1005004953630935
1005003980304629
1005004959291677
1005002762081629
1005005181323180
1005003488084193
32796218969
1005005485604598
4001274978948
1005004654830274
1005003107855596
1005003748469457
1005004803506096
32847293526
1005004502611680
1005002598762749
1005002885806952
1005004407231690
1005003311580417
1005003689516408
1005003405075244
1005004282827876
1005001356420215
1005005042432982
4001050767999
1005002553439079
1005003098482265
1005005430212586
1005002003146166
4000185060848
1005004653190906
1005005505035130
1005005613989041
4001036664298
1005001741660718
1005004022751878
1005004290596158
1005005127646713
32931294944
1005004541849686
32976216827
1005004934389627
1005001953532594
1005003802662397
1005005528178703
32551624948
1005004869543641
4001275369755
1005005136209216
1005004804882671
1005004854758427
1005004582932412
1005004322947121
1005004390965214
1005001785113617
1005004895562293
32963642665
1005005194779014
1005001954107923
1005005016714308
1005004942202490
1005004645603775
1005003025771481
1005005241777637
1005005061816333
1005004912891309
1005003085703186
1005002612666335
1005002024999834
1005004345527912
1005002596646657
4000689321758
1005001902094578
1005004803129504
32998204388
1005005184018171
4000038035732
1005004270892728
1005003592048485
4000289994231
1005003630745805
4000156062102
4000043353526
1005004930043369
1005003677727349
1005003386377245
1005002919282132
1005001707969535
1005005131349671
1005004827889739
1005003849757879
1005005163365173
4000141201557
1005004707207831
1005005686661495
1005004846281390
1005004314563332
32930464397
1005001315838358
1005005550211554
32982888621
32903863523
1005002571339945
1005003088051074
4000283030649
1005002071149856
1005005177683088
1005003936982297
32827941258
33005206814
32795224431
1448886259
1005003571066066
1005004167281411
1005003665862281
1005005185546429
1005005181268123
1005004654114496
1005005336603850
33042236673
4001101466801
1005003574175933
1005004880874285
1005003480334140
1005005099114962
1005004767397445
1005004160753191
4000392978222
1005004621268954
1005005178620688
1005001651550610
1005003673318723
1005004310472565
4000359363672
33058176296
32956543760
1005004902858784
1005001952147907
4001077990990
4000966935744
1005004127719054
1005005168974234
1005004908861806
1005003409269407
1005004185892470
33057639607
1005002662155384
1005003682630408
1005005140670154
32790048118
1005003942489591
1005005234528459
1005001577272762
1005004849093079
1005004536101932
1005004840337023
1005003434095007
1005004802837568
1005005128479750
1005005133501326
1005004732086855
1005005537626646
1005004995261465
1005005105807420
1005004466664093
32877833792
1005005451713967
1005004047135868
1005004590370181
1005005128519846
1005003811055994
1005002483849288
4000291788237
1005004196442711
1005003983337455
33017007559
1005004072355846
4000458522027
1005004009081288
32945484593
1005004732050359
1005003345783179
1005003265234313
1005004927114422
32812187439
1005004823897621
4000216654131
1005001304856303
4000114592386
1005005585453821
32242464171
32723285814
1005005497062760
1005003521692300
1005004858794727
1005004603320486
32918355824
1005003720755145
1005005245424035
1005005424374081
1005005117690664
4000187047602
1005005010848427
1005002211272880
1005004417984593
1005003345482903
1005004655389382
1005003469684604
1005002790640056
1005001400293935
32717151930
1005004896600227
1005004538987288
1005005121246172
1005004279824917
1005004329587042
32893142121
1005004341056980
1005004037607304
1005004214958901
1005003715479823
1005002628427368
1005004598096896
32860130968
1005003403312211
1005003114813498
1005005654413587
1005002311051717
1005001603198913
1005003261317314
1005003402450442
1005002589237117
1005005267882604
1005004962437030
32955156367
32909231096
33057645663
32882415534
1005004461564396
1005003331327311
1005002282003550
1005004760083443
1005003512453260
1005004218677489
1005001331839750
1005004347687338
32982164486
4000513063886
1005004954323469
1005002123319971
1005003691926461
1005001836185425
1005005472654756
1005001688594150
1005002721808986
1005005301292257
1005004805220950
1005001321917280
1005001337639160
1005005260653394
1005005026777697
1005003764079889
1005004691615687
1005005017193865
1005001419084956
1005004636585443
1005004214570646
1005004870117617
1005005430138686
1005005103012480
1005005075114791
1005003466294305
1005003027994198
1005005135270543
4000344055814
1005004476434845
32726764523
1005003742600916
4000125083495
1005003639421025
1005004574864207
1005002798252075
1005004004248404
1005004897097169
1005004639367661