1005007489295473
1005006951578184
1005006744833529
1005006870680454
1005007016241484
1005007182395171
1005007348805862
1005007168960477
1005003016802057
1005007552267539
1005006695939672
1005007208029086
4000389966225
1005007344501588
1005001431431830
1005007294320163
1005007246298686
1005007302243279
1005007528039152
1005007335700502
1005007168085902
1005007168602849
1005005923663677
1005007340319026
1005006310995695
1005007306913219
1005006769348037
1005006815487886
1005007375208253
1005007047252785
1005006944815178
1005007349592721
1005006340931474
1005006078315712
1005007523720743
1005003393274143
1005006375712166
1005001763390690
1005006980483730
1005007580055670
1005006125292540
1005005319498454
1548626812
1005007223941752
1005006649502632
1005007253716814
1005006012994832
1005006223125458
1005007456948339
1005005470717018
1005006266486861
1005005537533667
1005007347839389
1005005743899735
4001255870408
1005003688298917
1005005863392200
1005005509158990
1005002460543726
1005007144679630
33042980146
1005005836351859
1005004238275473
1005006899263167
1005006563352161
1005007583838787
1005005965998425
1005006584651818
1005007287860331
4001175727126
1005007543565726
1005006845660707
1005006182381903
1005005298641948
1005007540081114
1005006839538278
1005006281833817
1005003590227035
1005006564595313
1005004653923840
1005007479192924
1005007253101509
1005004270129383
1005007588042827
1005007653124529
1005005254976751
1005007449203168
1005007474242946
1005005372099259
1005007053799234
1005006883023558
1005006948364957
1005004189181875
1005006743907156
1005006709772856
1005007364255911
1005006743820249
32863512650
1005005572204602
32823031161
1005006614415146
32710373292
1005006889105470
1005006121791500
1005006310858990
1005004061346599
1005005843369730
1005007484541054
1005006730576702
1005007667634322
1005007376230330
1005007634335585
1005007471376103
1005006171831226
32883890623
1005007038072691
1005007171224263
1005007226876325
1005006471740947
1005007034415278
1005001622026741
1005006845829284
1005007211760789
1005007087392965
1005003028175633
1005003590545067
1005007037692934
1005007178011581
1005004583956155
1005004144430182
1005006387910931
1005002846357651
1005006908718118
32829894398
1005004385505836
1005007655420722
1005004271517132
1005006722579538
1005004310480085
1005003375339633
1005005439603688
1005007010270705
1005007186898750
1005007295108125
1005007088836615
1005007100244907
1005005772793541
1005007554773175
1005007356697152
1005007588022389
1005006830581722
1005005262058825
1005007202793624
1005007573509549
1005005518460007
1005003559417921
1005007579631154
1005007208033790
1005005812404574
1005007541522155
1005007654961888
1005003955797103
1005002006715600
1005006788455196
1005006211294915
1005007082534592
1005007430790420
1005007305613629
1005001284593497
1005007460414174
1005006534492459
32710598718
1005006101617699
33040442540
1005004833900061
1005007640055229
32632605335
1005001978374562
32997225658
1005005421437979
1704265186
1005005753666071
1005005686843671
1005006012939289
1005003677896724
1005004648143558
1005005488751864
1005004896763772
32789769710
1005007060991267
4001061838278
1005004560433236
1005007076481576
1005007521949542
1005006858938342
1005007215647400
4000014264378
1005006319241621
1005006929337948
1005006652691305
4001104574851
1005007437240305
1005007437045939
1005007101535681
1005004245761475
1005007300890061
1005007268479185
1005007486715365
1005007223135215
1005006782086299
1005006692139852
1005007122793032
1005007440643142
1005007235164194
1005005654706034
1005006830905371
1005006826414369
1005004849787244
1005006948329790
1005007065352492
1005007031589322
1005004244137817
1005006669880850
1005007168624282
1005006840988971
1005006896409368
1005007469331021
1005001350449482
4000589493503
1005007140058585
1005007580049746
1005006700734211
1005007618842025
1005006039451259
1005006598062687
1005005930910674
1005007670658364
1005007597912435
1005007641050332
1005005567602518
1005007591410198
1005007136474250
1005005992492695
1005006960680790
1005004860745263
1005007308297163
1005007661938898
1005006862601294
1005007574665645
1005006884601067
1005006677971745
1005007600155855
1005007255143925
1005007663614699
1005005955879920
1005007498287733
1005007474782160
1005007210940753
1005007511810052
1005007482167579
1005007644558833
1005006903318203
32832602163
1005005381644359
1005005314326416
1005006760023562
1005004245761459
1005007118723865
1005006057168171
1005006207952922
32414587004
32878989530
1005007014193926
1005007261935407
1005002499262498
1005006749357685
4000121321186
1005006105202993
1005006788278222
1005005457122435
1005005882077616
32864181445
4000623416312
1005007398948677
1005007011453819
1005004193083635
4000042527607
1005003425441427
4000167180756
1005004970029675
1005005880550398
1005005848072864
1005005846871235
1005006884151190
1005006163418414
1005001681954563
1005006431898478
1005006733483672
1005004334551811
1005004822802898
1005006863378703
1005006642097815
1005003226519887
1005005762498597
4000434355424
33003495563
1005005883011014
1005003438436614
1005007350116111
1005005837881105
1005002177187404
1005004064911142
1005004314638414
1005004334557841
1005004259050469
1005005433411351
1005005459596454
1005005433527984
1005006909721713
1005007453943324
1005006839125724
1005002591992578
1005006751965184
1005004779468580
1005001590647654
1005003890909673
1005005820592556
1005004847233960
1005004782384978
1005005537480359
1005005495739703
1005003719005543
1005003890824975
1005002592169928
1005004531948469
1005004502320563
1005007282463686
1005007198315654
1005005463812654
1005006863523632
1005005763345450
1005005643286238
1005003913344355
1005006008510024
1005004275960388
1005006615429305
1005005721807427
1005003532700830
1005007250099056
1005007162751132
1005002070210210
1005007377005085
1005003572103254
1005006826229277
1005006115799814
1005006217169179
1005005042961018
4000448937167
1005003534817236
1005006614438647
1005007162495547
1005006733610307
1005005897687047
1005006615373123
1005006733508540
1005004140898544
1005005373708960
1005002600823611
1005003534706438
1005007016757427
1005007282449013
1005006615260078
1005004662203744
1005003534614017
1005006614165988
1005004847313285
1005003573829888
1005005456940137
1005004618799920
1005005969012501
1005007472183384
1005006278335779
1005006727671784
1005006733436731
1005001376705599
1005007727750964
1005005968456107
1005003533607113
1005006727778368
1005003116947589
1005007282463810
1005005261437652
1005005261596618
1005004662297086
4000447864193
1005007077455535
1005007096734027
1005007448889861
1005006625888831
1005006960011466
1005004497244955
1005005254855806
1005007507286522
1005007322787314
1005006640592481
1005006623861514
1005005850187001
1005005242335208
1005005045287300
1005007085721191
1005007354831568
1005006609303729
1005006813838755
1005007053929563
1005005254906413
1005007457341771
1005007031077676
1005006042699714
1005003992703898
1005007077153392
1005004507588802
1005007506989654
1005007463180353
1005005220911189
1005006472382707
1005007494443717
1005007437421370
1005007197721977
1005007370844984
1005007267218531
1005007062048051
1005006189123350
1005007556937297
1005005226350934
1005002873740157
1005007086754693
1005005964852082
1005005111088362
1005006065043426
1005007327557411
1005007083007869
1005004153444645
1005004349306846
1005007003480123
1005006135201362
1005006079742210
1005005888592894
1005007294969586
1005006831579773
1005007480509320
1005006809631913
1005007598563704
1005007402888414
1005004255496844
1005004082521007
1005006761068340
1005006814057465
1005005970505305
1005007507951966
1005006954402837
1005007646810931
1005007267167543
1005006804448643
1005005568075126
1005007477440843
4000696878109
1005006831722380
1005006714426866
1005005446715186
1005005016988952
1005007188150193
1005007486029731
1005003075992528
1005007148941908
1005007517629536
1005006068028087
1005007567111924
1005006884170588
1005005592618182
1005005947995321
1005006751451823
1005004336901133
1005006833047933
1005003148764531
1005005902596891
1005006061428463
1005007361107163
1005007144714780
1005004089495080
1005006593391567
1005004032463296
1005005936668846
1005004045352886
1005007185125767
1005007203765383
1005007428330239
1005007422338993
1005006734066655
1005007513433815
1005007160614802