32816071416
32952817195
1005007154688362
1005007098579898
1005007097895652
1005006986063467
1005007427352749
1005007072879250
1005007072268154
1005006976125368
1005003814408348
1005007440404953
1005007438077400
1005007320240607
1005006622980533
1005007294649751
1005006800062231
32991028403
33058664645
32990397919
1005004868872344
1005002029609873
1005007315742606
1005007290446172
1005007196177438
1005007152213441
1005007017809955
1005005867352155
1005006855423860
1005006856019264
1005005973907629
1005006798033781
1005006778036731
1005005701991049
1005006771915780
1005005783824892
1005006186290453
1005006713893491
1005006713165238
1005006426140911
1005007262105187
1005006659390931
1005006702731379
2041455927
1005007457223401
1005006665924649
1005006661985691
1005006658765760
1005004351727369
4000300854213
1005003188004306
32802101597
1005006259126028
1005001825623222
1005003492300792
1005002963896327
1005006486254254
32818501289
32858075184
1005007139960094
1005007294119194
1005007019194669
1005007234979902
1005007342800128
1005007328463930
1005007314752453
1005007315758283
1005007314685631
1005007296255412
1005007276361183
1005007268938586
1005007241011631
1005007221889286
1005007190719080
1005007190383252
1005007190162719
1005007085137485
1005007137219283
1005007107699163
1005006995150535
1005006794397521
1005006700225334
1005006700721644
1005006661828057
1005006666550060
1005006652056140
1005006622242518
1005006486210937
1005003504651303
1005003443553755
739199496
1005003143200530
1005006691294960
1005006787502434
1005007474768885
1005007356928253
1005006992371770
1005007092843344
1005006661322538
1005003737562812
1005007156588710
1005003056027781
1005002966411398
1005007252570948
1005007395410193
1005007217541553
1005005502837253
1005003423908122
32955697657
1005006959493673
1005006106456742
1005007032929479
1005001602718135
1005007283750504
1005007339104896
1005007088608228
1005006765334968
1005006770173744
1005002462547848
1005007217372837
1005006586495276
32878698252
1005006786729290
1005006864073105
1005006770466946
1005007448549483
1005007446691503
1005007168255674
1005007483051235
1005007483427782
1005007483397906
1005006844769703
32974511816
1005001687391796
4001250311953
1005001793135828
1005006884608892
32788325336
1005006334113479
1005002880617757
1005005859428487
1005002421572488
1005006704331657
1005005414707080
1005005897464245
1005005122164510
1005007131335981
1005006151119097
1005007421500365
1005003827769342
1005005859260539
1005006790314643
32830800221
1005007184159059
1005007214976673
1005006443904141
1005002431908652
1005005676073793
1005007314147702
32243115837
1005006386679932
1005006136374183
1005006861859190
32805778764
1005004796944788
32955620869
1005003734601723
1005004446823883
1005006275151616
32996946518
1005004450868052
1005004036331136
1005003106333352
1005007448259947
1005006301409031
1005007127656701
1005006016728579
1005004843683753
1005007076854313
1005007391833245
32869421917
1005007258007865
1005005935638737
1005006907996943
1005007430260216
1005007292359733
1005006959032815
1005001394782638
33011012548
1005007168346208
1005006133508347
1005004532230337
1005004311924250
1005006536614783
1005006722440965
4001175420587
1005004862265622
1005007394042407
1005006942283277
1005005859366515
32782495867
32964021623
1005006927559603
1005006141217797
4000319593503
1005005901547322
1005005956953198
1005004862304387
1005007349764786
32837269792
1005006367828606
1005004693919676
1005007302902510
1005007321263695
1005007218693160
1005007176428640
1005004812084755
32955504603
1005005978761305
1005007380468175
32831676467
1005004012152698
1005006363110549
1005005715611767
1005006752069244
1005007385773549
1005007349787309
1005006757832225
1005004043233325
32853233438
1005004848636623
1005005694818747
1005007064547449
1005004242273602
1005007321402435
32976982525
1005005078110361
1005007127719576
1005006194889106
1005006212562309
32895596859
1005002840233705
1005002767268650
1005003698718178
1005005571825568
1005006097752202
1005007082022731
1005006691677870
1005004285490035
1005007282972299
1005005189253275
1005007392532619
1005006772361122
1005006582482758
1005005821344147
32871311655
1005007217286557
1005005944384569
1005006365521361
1005005258889087
32837678474
1005007097722202
1005006997673481
1005007429557587
1005004069563596
1005006754324914
1005001940392288
1005006754187211
1005007321324484
1005006604731798
1005006682958272
1005005632635545
1005006962702110
32978314559
1005006914940858
1005007089484594
2031492481
1005007300416356
1005006693030334
1005006992508007
1005006637415832
1005005242667886
1005006085996415
1005005350788547
4000298398673
1005007307754672
1005007054691142
1005007395258599
4000837860188
1005007061010146
1005007394434062
32851826663
32894404848
1005006725667799
1005005059473436
1005006870066685
32961371140
1005007310364232
1005006613714213
1005007001514123
1005006661616970
4000036127925
1005007321390505
1005006748591220
1005005118424619
1005005410460767
1005006854094835
4000923040099
1005004302436219
1005006003348926
1005006170427276
1005007448261947
1005007171409574
1005006594132162
1005004451417009
1005003003332275
4000470098042
1005006177440522
1005007218534439
1005004550346194
1005006935874562
1005006123299864
1005006123275877
1005002585471104
1005002118847252
1005007337618646
1005007070950451
1005007448995218
1005005909124092
1005005219843490
1005004863493970
4001200549511
1005003269478101
1005006691965900
1005006567254326
1005006456737285
1005007394369439
1005006613688755
1005007097791740
1005006542440640
1005006754396632
1005005919196648
1005007148646733
32978379817
1005006850146692
1005006440066034
1005005487156877
1005006585250437
1005006608447582
1005006957083359
32852642509
1005005293518425
1005004299180265
1005006849360259
1005005900354627
1005007011051843
1005005508981195
1005006791666049
1005007141877960
1005005334929935
1005002117291041
1005006778775628
32888782469
1005001695746072
1005007315439128
1005004787407107
1005006613548777
1005006045717575
1005003540962981
1005006969279978
32995093228
1005006357616319
33059043300
32965946594
1005006768794955
1005007000935240
1005007006122912
1005006791145642
1005007081115765
1005006467100355
1005006801689076
1005007071205432
1005005091301214
1005006683912418
1005004682807773
1005005178125580
1005003780759166
1005006592611619
1005006813660934
1005004281628751
1005006432412491
4001230378070
1005003792069463
1005006647621338
32855086909
1005002724164054
1005006765276678
1005004664668027
1005006638002225
1005006665909656
1005005269452183
1005005393225378
1005007384460492
1005005165771556
1005007384472439
1005007381961365
1005004787438017
1005007081979603
1005007097303796
1005007421275424
1005006827185493
1005007022357589
1005006646418900
1005007064270913
1005006278306099
1005006485435979
1005006903299466
1005006620521265
1005004230586787
1005003834156572
1005007342379792
1005005801500449
32980894396
1005006383954625
1005006660899859
1005006778045617
1005007207989914
1005003388172613
4000560735873
1005006841955544
32966006478
1005004788529910
32835207341
1005006329454470
1005006792735417
32847751513
32807963191
32873976358
1005007440530194
1005006960946861
1005007385942766
1005007000833169
1005007136521480
1005007073629431
1005005898835457
1005007446487945
1005004043037735
1005003580227604
1005007470750360
1005007488873283
1005007488645701
1005007488624816
1005007096138641
1005007488616035
1005005199056231
1005004787372447
1005004787354624
1005007484815780
1005007488211420
1005007488143603
1005007482108647
1005007482243372
1005007482413053
1005007475220528
1005007482144671
1005007488242058
1005002828976707
1005007204723368
1005007181176473
1005006313689904
1005007470524991
1005004896149646
1005007487742419
1005007149486637
1005007110748624
1005007293574628
1005007487146405
1005007412204976
1005007485508689
32738609142
1005007485455032
1005004861857376
1005007094305512
1005007098270168
1005007097155983
1005006103104372
1005007093328034
1005007471102354
1005007457843080
1005007481807484
1005007215511322
1005007346284982
1005007457327532
4000461451774
1005007467017527
1005007462254825
1005007461219102
1005007453206320
1005007460508986
1005007467804819