1005007341062606
1005007059755479
1005007669229873
1005007443698036
1005005825089784
1005007226051274
1005006762343056
1005007203664765
1005005972591594
1005006034770294
1005006328080289
1005007057804904
1005007329296486
1005007592546076
1005006400540403
1005006822428661
1005006519829481
1005007198380687
1005002263767828
1005007300831822
1005004363978488
1005006411623919
1005005686057765
1005005815434016
1005006452701482
1005007184466522
1005007386436024
1005007460409985
1005004385545478
1005004324424021
1005003012235026
1005005787336891
1005007223993114
1005006249678478
1005005958537297
1005002679650320
1005003272381162
1005006340593947
1005006351176188
4000204005519
1005006050246969
1005006761664030
1005006997342686
1005007013705710
1005007532853305
1005007524778321
1005006732147209
1005005782569784
1005007492736990
1005006513469320
1005006588542688
1005006897107906
1005005856190287
1005005733424210
1005007628075237
1005007414509716
1005004399756171
1005007294071422
1005007444458848
1005006266677497
1005007336943036
1005007515095006
1005005326859629
1005006345640888
1005005764461652
1005006242122541
1005007384672464
1005007195676471
1005007414588440
1005005538502840
1005007449027283
1005007163895548
1005005978961716
1005007585801631
1005006889995258
1005004181083924
1005004752476117
1005007402561068
1005006871786205
1005006731988680
1005004077112088
1005007598620804
1005006312640238
1005005797728320
1005005275513402
1005007053934923
32916898427
1005005132488489
1005006285882992
1005006447691544
1005004840301402
1005005457390410
1005006499732409
1005006689295447
1005006235575957
1005005085991111
1005006819715147
1005005042453133
1005006962958653
1005007593212547
1005005082666504
1005007414506855
1005003189540137
1005004462253760
1005007185428901
1005002497093867
1005005785081784
1005004369711501
1005006502556304
1005007590910192
1005003120377548
1005007124076967
1005007612507360
1005006343479828
1005006123392694
1005007566884179
1005007052662995
1005007264951558
1005005784959656
1005007654264051
1005007709888398
1005006567089500
1005007075714636
1005003194774841
1005006953936079
1005006370892624
1005005935181188
1005007158120036
1005007116648053
1005006709787598
1005005902992677
1005006399265402
1005003707466748
1005005197002056
1005006914663992
1005006132399452
1005007077288256
1005001939804358
1005004710193724
4000355347497
1005005596722915
1005006826560514
1005006267822177
1005006410683857
1005005603582880
32954297926
1763107000
1005006876621327
1005005709535530
32862045224
1005006640557925
1005006804166722
1005005974749043
1005007183442680
1005006804377042
1005004514588780
1005007036114793
1005005200908813
1005006804153797
1005005617528951
1005003397475877
1005006380730388
1005007179160361
1005005432802762
1005007493684205
1005002924706648
1005005924741872
1005004428118693
1921731190
1005005670239819
1005005083735597
1005006335777626
1005007171579923
1005006961389930
1005007116719255
1005006923093796
1005007443391704
1930703070
1005006854470473
1005006903084906
1930363529
1005005047792372
1930341285
1005005402219110
1005007119856725
1005007013536466
1005003647758474
1005006581986680
1005006952529076
1916909560
1005004412134549
1930849421
1005004523135404
1930319600
1005007104221334
1921779914
1005006931900589
1005005996804163
1005007566423690
1005006472805466
4001083441146
1005003332214474
1005005395979057
1005005861801342
1005006207683922
1005006521542423
1005007636855033
1005005128944610
1005007316305833
1005007470485103
1005007520460048
1005006690743946
1005006472689472
1005007579980752
1005005643272550
1005006083007983
1005006270195168
1005002328077127
1005006761381814
1005005377538275
1005006421087299
1005006472335665
1005007516810231
1005007499845444
1005007479190474
1005007472862920
1005001346707155
4000048710045
1005006974348820
1005004403415135
1005001381226309
1005007126343978
1005007273699472
4001121473759
1005007565608338
1005006417444118
32817979482
4000785378002
1005007471165352
1005006843445455
1005007414228670
1005004327842083
1005001664721471
1005006476923111
1005003493558913
4001275818800
32944781092
1005003680508780
1005007505190111
1005005337891231
1005007577555207
32956667683
32952261880
1005007549100403
1005007088671108
4000030023321
1005006848083066
1005002711374963
1005006811676125
1005007530472801
1005004499306199
32976811870
1005003620145082
1005006163439683
32978831553
32971028053
1005006667445694
1005006019784211
1005007479675652
1005007562992329
1005001381254231
1005007555086903
32847163211
1005007136125132
1005007481022046
1005003720853553
1005004892391525
1005006370238568
1005002126013047
1005006354196456
1005007546575352
1005001882204531
1005002434361420
32998777583
1005005278907523
1005003135085495
1005005550278953
1005006142360042
1005007461461062
1005001889480305
1005006620058408
1005006042239191
1005006253669005
32824850239
1005006819301448
4000108224975
1005007260863337
1005005547620825
1005005686618108
1005005368283618
1005006161509177
1005006340362244
1005007128612956
1005007603420301
1005007805651366
1005007808332284
1005007802989000
1005007802229849
1005007802304344
1005007797671373
1005005878633085
1005007287871841
1005007308121300
1005007706841682
1005007768844030
1005007749253214
1005007732004097
1005007707112685
1005007705605734
1005007708796370
1005007715033282
1005007708512204
1005007713724163
1005007707356058
1005003073578069
1005006918623986
1005006130950556
32964500151
32962473030
1005006047434170
1005005101275666
1005004701825304
4000880142152
1005001305107872
1005007442081303
32972532027
4000343336510
1005003667433686
32956474998
1005002374651953
1005006114379298
1005002253689307
1005006084074380
1005006742842476
1005006646823538
1005004387825590
1005006876103515
1000007215436
1005007131444107
1005007106165199
1005005702022389
1005006262239931
1005007473585741
1005005963160122
1005006117751545
4000866651283
1005006380134381
1005005003594478
1005007227352178
1005003612061815
1005007052284041
1005006805926202
1005005672166411
1005002858374333
1005006682260002
1005004937434737
1005006097553802
1005006691154422
1005006151366294
1005007218903062
1005007339110845
4001211908752
1005005947764381
1005006168847783
1005002965570056
1005006103429865
1005006946105437
4001170495937
1005006347304660
1005007129296136
1005006417185521
1005005412095473
1005007242486556
1005007550101079
1005006818440563
1005005946273114
1005006724347788
1005006829558170
1005007560396411
1005006038853113
1005006697739092
1005006112623873
1005005939126180
1005007389886598
1005006648827649
1005007234843158
1005006185399360
1005007145687668
1005006144934038
4000268773006
1005007149900424
1005007107668522
1005003749788165
1005005264902537
1005007386059289
1005006904614604
1005006982627538
1005007223618985
1005006996753291
1005006251850578
1005007299116469
1005005058524433
1005006919133681
1005006839169448
1005007586259208
4001163568002
1005005339310443
1005006864909445
1005007194907719
1005007613310294
1005007490740893
1005005670445359
1005006464513221
1005005669017136
1005005303894780
1005007324647784
1005006107056271
32725545137
1005007582966255
1005003950380925
4000044197740
33041156819
1005006199156303
32296576791
1005004570099423
1005006884108195
1005006067649882
1005006768951127
1005005304093764
1005005301191522
1005007350041684
1005005301135795
32841263209
1005003533382992
1005005398523652
1005007821567258
1005007589722883
1005007651098225
1005007082581543
4000378851411
4000127005262
32825969146
1005004478595697
32598125226
32629279113
1005005301220408
1005005301253229
32829789861
32458203469
1005007077740068
1005005301177537
1005005301289151
1005005301381047
1005005373373222
1005005373249795
1005005373362240
1005005301329275
1005005301148632
1005005301114944
1005005301145719
1005005373339394
1005005302170651
1005005301185584
1005005297765130
1005004494558161
1005005301175762
1005005297745219
1005005303863384
1005007182392784
32717830381
32979540518
1005005685934348
1005005951142965
1005001548594568
1005001525872739
32953084359
1005006302492441
1005006144897553
1005004431684732
33043349350
1005004337551351
1005004318936576
1005005097196756
32842985372
1005006498803822
4000401809176
1005005225839528
1005006461457570
4000505705230
1005005937581266