1005002974712327
1005006430236716
1005006995580856
32794144370
1005005736317891
1005007531572694
1005007055226287
4000105860625
1005006630904204
1005001445656666
1005002744643023
1005006244519677
1005007004613260
1005007241263813
1005007246125333
1005006275657114
1005007161261828
32785151007
32793140851
1005006081587899
1005007440531301
1005007519487022
4000250382489
32779232690
1005007094767404
1005003434124788
1005006221185259
1005007137774909
1005001988609744
1005003228290127
1005001834896386
1005003462190073
1005006053432042
32712248500
32857317351
1005004823075919
32322593567
1005003739100254
1005004559799969
1005002933058359
32890872206
32960950631
1005006679215049
1005002115895410
1005004775555436
32725399226
32729778303
1005007233242689
32620073172
1005006612853251
1005007637369713
1005003707780407
1005001425683509
1005007477083809
32831625072
32818184327
32810621739
1005005829279536
1005007104292271
4000284899910
1005007551599876
1005007354383060
32840644173
4000782684749
1005007508285236
32758454222
1005002264062811
1005005291271649
1005006891096886
1005005063236838
32840620320
1005006334822462
1005003856727808
1005006874903861
1005007074669558
1005005884899263
1005006727368784
1005006744175732
1005005203578999
1005006093374825
1005007044313828
32981046808
1005007403275578
1005006314393465
4000866362469
1005001759527524
1005006093379677
1005007209893884
1005006180361659
1005006270384195
1005005006999111
32835229771
32421658672
1005002688093025
1005001565218720
1005007044282841
1005007100417964
32391987207
1005003432665729
1005003207881506
1005006029772646
1005006891338997
1005006828340271
1005007641039142
1005001566614411
1005006785920193
1005006114281788
1005006730712688
1005006626215403
1005006334778834
1005007044675031
1005006257228460
1005004822262314
1005006367879164
1005003501965698
32912632953
1005001419278814
1005006340992662
1005007493899850
1005006101960933
1005006995332372
1005002219911507
1005006344430240
32642272540
32323790441
32681479057
4000867434592
1005005952352374
1005006106118701
1005005396444859
32817341284
1005003381922934
32863001263
32671247196
1005002450700852
32839741166
1005007103827519
1005007198665812
32723920801
32683981415
1005003786522324
1005001424836984
1005006744759548
1005007123438513
1005007550624367
1005002215305018
1005007089079569
1005002034997803
1005005311228185
1005006208213410
1005003767136761
1005005980149169
1005007571662595
1005007571941126
4001024942087
1005006095489504
32907681337
32912708036
32793140850
1005007076248727
1005007519242684
1005004821570464
1005006344470098
1005006333062183
1005006995379642
1005006384324203
32890911596
1005007482065847
1005006287934314
1005001419525122
1005006901850267
1005003433229229
1005007129136207
1005007499833749
33012284025
32880514051
32891048614
32391979419
1005006279390359
32683913200
32861083971
1005001646760569
1005007103566215
1005006061017872
1005007103725926
32705449607
32725336500
1005006410083491
1005006865432347
32684988118
1005005766013925
32726499064
32890840755
33020484108
32876989590
1005002620335540
1005006733111154
33013657795
32907585937
1005006991362730
32889628982
1005006636497294
1005005862491641
1005007104217191
1005006266065400
1005007550418362
1005006634633468
1005007517348956
1005007498179335
1005006288068065
1005006760205882
32783108063
1005007560613051
1005006321810546
32849506859
1005006732893881
1005006312109631
1005003606891234
32684928888
1005007626271173
1005004607155914
1005003854532959
32831573951
1005004692021352
32979468743
32964278513
1005006276137655
1005002079446742
1005002910840854
32895502863
32982397795
32960824600
1005001406137854
32731858847
1005007481808959
32906747130
1005002670325215
32824693263
32876503603
1005005955768585
1005003502193082
32696759113
32799746544
32713038689
1005006731051001
1005001419570085
32862403764
32389758972
1005006679365945
32813069887
33012490307
1005007442595190
1005006865520199
1005007004213077
1005007635917703
1005006288099359
32956520020
1005007502873525
1005007519474013
1005007295597178
32345106690
32729760013
1005007128982519
32967357244
32774846962
32700403451
32616778542
32390344840
1005006041518176
1005004833140743
1005004050076598
32808244778
1005007104180929
1005006053324461
32664498413
32830906206
1005006066939043
32249677415
1005006737881350
1005007107107655
1005003728971265
4000340591202
1005007614154831
32731663223
1005002430924440
32817380264
1005003111894669
1005001547970026
32718268941
33004378537
1005002346934392
1005001525412739
1005003760490280
1005003906617062
32306207923
1005005854749466
1005007487984474
1005007625008341
33020460747
1005003147743844
32592324662
1005006305827600
1005001565096465
1005005424149512
32666147257
1005001548920231
4001174885881
32705485632
32694941966
1005006161511489
1005007521190852
1005006053228563
32390128836
32753031812
1005003760527156
1005006228494487
1005007521194665
32712829226
32955504498
1005005858772783
1005007636232348
1005007219829275
1005007232847514
1005007655185708
1005007626798587
32711948867
1005007128820754
32728921790
32617728569
32397817681
32726487318
32726727768
32964286344
1005002518143228
1005001566717416
1005003147728967
1005006056945237
32842255080
1005001309303862
1005007201376755
33010070102
1005002646657965
1005007048830154
1005007293139967
1005007106475997
1005006971470951
32774686232
32694981977
1005006782560939
1005002717279372
1005003486980106
32868808269
1005004630567349
1005006901874219
1005007141458995
1005001600309983
1005006495293094
1005004168235181
32621967060
1005007724612518
1005007728929394
1005007709707074
1005007785405654
1005007703387232
1005005876332984
1005006397484897
1005006786569614
1005007482277369
1005006246070377
1005007579700636
1005007597412069
32711624366
32699176570
1005001565247116
32358602133
32399434190
1005005066908312
1005007786137706
1005007709708055
1005007805550793
1005007758300037
1005007709008299
1005007291340737
1005007724319656
1005007716391691
1005007796727514
1005007804528251
1005007816043084
1005007754534424
1005007798840247
1005007708150280
1005007785796168
1005007793417436
1005007792362207
1005007793460250
1005007793573025
1005007695488425
1005006800099722
1005006698661413
1005007582082744
32724497762
2054585872
1005007751185635
1005007750524183
1005007722971269
4000591209244
1005007102964396
1005007104774607
1005007103151115
1005006647536429
1005007495354066
1005007481064304
1005006409150586
1005006609731900
1005007103310635
1005006608897826
1005006845933250
1005006250336786
1005006176345482
1005006285726731
1005006243681668
1005006912209191
1005006730163095
1005006677623401
1005005787273575
1005006304057428
1005006102244791
1005005793212964
1005005293130330
1005006191576523
1005005858679267
1005005973138484
1005006170171966
1005005865537615
1005006218959265
1005006207775612
1005007451014797
1005007408812665
1005006954216168
1005007660450148
1005007660372551
1005007610241579
1005005975030423
1005007666545232
1005007666368453
1005005829303466
1005007508221714
1005007425260753
1005005828517998
1005006399656728
1005007351800333
1005006652148280
1005007486525274
1005007647956973
1005007648024704
1005005828646687
1005006245671189
1005006245678190
1005007606028835
1005007294868699
1005006203357919
1005007556768404
1005007592105761
1005006245643216
1005007622078710
1005007628021785
1005007606798281
1005007582616760
1005007566170939
1005006245594443
1005007595445073
1005006312399034
1005007606272457
1005007245062419
1005007604253426
1005007607780316
1005007576919085
1005007606678632
1005006245636040
1005007564760467
1005006245652196
1005007603659003
1005007558222882
32723972594
1005007654825921
1005006312405619
10000116059542
4000436425817
1005004917666392
1005003041638908
1005007613393417
1005007325035302
32785954718
1005006504532946
1005007097266495
1005003234391077
1005003511275184
1005006856961899
1005004300858112
1005005868021919