1005007765533244
1005007765522207
1005007765505143
1005007689737071
1005007796275810
1005007786754823
1005007758424033
1005007253600151
1005003504219738
1005007409160992
1005005816995031
1005007571849242
32995123059
4000058433588
1005007504470410
1005006782410385
33013365178
1005006446785610
33014296663
1005005816189373
1005007496148099
32991145292
1005002608909580
1005002606071606
1005007083154077
1005006353812623
1005002606136922
1005005816978038
1005007044336411
1005007271632431
1005007180812343
1005006266169236
33013377744
1005007693707207
1005007511160310
1005006318054263
1005005995587514
1005007045514639
1005007501437255
1005006232866579
1005006139940213
1005007091560097
1005007091529157
1005007433947782
1005006717315717
1005007288832061
1005007076803123
1005006634172156
1005006774298567
1005006232906258
1005006184504910
1005006169988833
1005007487602708
1005006385797311
1005007370639242
1005006774010557
32951572042
1005005293983087
1005006170912419
1005003590929454
1005007394543828
1005005630407308
1005006241304991
1005006382540163
4000401517577
1005006171872956
1005007385342978
1005007586767701
1005001626481881
1005007488200249
1005007261106103
1005007408760579
1005007140415214
1005007261309087
1005007327427283
1005006955170992
1005006357986441
1005005852079024
1005006396253655
1005001305885805
1005007092387279
1005007092184895
1005007066993594
1005007066875549
1005007652259743
1005005490605306
1005005156483340
1005007007361379
1005007192886437
1005007161010895
1005006568402874
1005007007509213
1005007207368894
1005002957602089
1005006225605733
1005006248716640
1005005485044307
1005007307688015
1005007517753322
1005007407981720
1005005164209141
1005006344884252
1005006722400162
1005006070192592
1005007371363507
4001123326243
4001187164815
1005006787318153
1005006774657009
1005006142929851
1005006385770934
1005006040023673
1005006184927866
1005005922692540
1005006170417257
1005006039771231
1005007342104519
1005007375235579
1005006422862854
1005007090538900
32856438944
1005007548624517
1005006363385307
33009144032
1005007622129382
32995356681
1005003446575333
1005003440812973
1005007629415239
1005003446388558
1005006738245803
1005003281530759
1005006368254638
1005006169613934
1005006386905565
1005007144243783
1005007652244793
32472852347
1005005772896240
1005007383931824
32430531763
1005007316325709
1005006960296625
1005003281489597
4000396660124
1005007092660138
32810066965
1005002306278379
1005007441905740
1005003891444654
1005007369656210
1005007476950249
1005006114167436
1005007464123286
1005007408719207
1005007140147648
1005007408825054
1005007195907177
1005007652271680
1005005679887683
1005007386359806
1005005920390571
1005003262681161
1005006425499854
1005007146900627
1005006172530340
1005006172393776
1005007370555467
1005007461595934
1005007476105172
1005007613147305
1005004786420165
1005007301500541
1005006541792659
1005006170077629
1005006339163396
1005007197622262
1005007177122438
1005007161496113
1005006170194875
32408787247
1005007649432607
1005004778245118
1005004857845786
1005007287109026
1005005438802906
1005007298577014
1005005682104064
1005001741555218
1005007129600631
1005006877840366
33042119044
1005002723036772
4000559081756
4000571440351
1005004365725539
1005006633722413
1005002747781114
1005004377962995
1005005267330392
1005005780743514
1005002875270590
1005006901657450
1005002913835135
1005002913731987
1005002002771633
1005002001978586
1005007553181842
1005003441011157
1005002306092835
1005003606010149
1005003440527787
1005005705373885
1005006209589456
1005005418843403
1005006395257443
1005007637758567
1005007007640064
1005007181105286
32844554545
1005003278200035
1005006172417563
1005002340805448
32841298419
4001276140882
32917549731
1005007320184075
1005004698555831
4001019098608
1005006280503151
4001181255290
1005007177232655
1005004682329550
1005006223494810
1005006969337096
1005007209652713
32921511514
1005004724986150
4001038859746
1839065734
4001019159009
1005007320968026
1005004644079491
1005006209817226
33046443620
1005002513432025
1005006810514187
1005005013941214
1005006819372352
1005007362697403
1005007097002931
1005007260933773
1005007140139604
1005007479257346
1005006172389931
1005006172225804
1005006172188877
1005006142904818
1005007652216864
1005007121572841
1005005249757059
1005004898281106
1005003657712230
1005006209739886
1005006187688389
1005003427610859
1005006382384736
1005006187683278
1005007400551869
1005006258951470
1005006981100007
1005006258895491
1005006372969395
1005006339333069
1005006258704807
1005006184975120
4000219092921
1005003333637035
4000219100613
4000386790584
1005007243405127
1005006220305881
1005006757860113
1005004127233882
1005004056613993
1005004096474147
1005006972823336
1005003902925821
1005006575773090
1005006484180254
1005004701902357
1005006383629098
1005002913368584
1005002932345317
1005003446680025
1005003605815708
1005005385271556
1005006921200258
1005003370220879
1005003281409913
1005002306072044
32949304060
1005007637729372
1005006348229200
1005002321401862
1005003278203134
1005004428142680
1005006142733805
1005004329316358
1005007385334854
1005006810436134
1005006140165720
1005007268368729
1005004798323508
1005001784616751
1005007299088749
1005007652462127
1005006774462321
1005006773850904
1005001441891588
1005003818247456
1005007403453702
1005007563396866
1005007121625718
1005006226150112
32900911496
4000182855477
1005006251454015
1005007542550571
1005007532577821
1005003333849324
1005002932303275
1005003334002307
1005001998015842
1005003441142626
1005006137299463
1005003281661299
33062515748
33063579976
1005006892600783
1005005418979295
1005007545934745
1005004428176078
1005006217861126
1005007362868552
1005002340602852
32934571410
32845539727
1005006468441175
1005007581024305
1005007664293437
1005007416401477
1005007555820406
1005007549589493
1005007508302672
1005006985482568
32908639130
1005005680206515
4000005210908
1005006785060007
1005006738394303
1005007207512638
4000190641090
1005006810304588
1005006468592905
1005007161175637
4000190809288
1005007443897319
4001315865498
1005006060855957
1005005797983572
1005002340859210
1005003278207704
1005007505289354
1005006170156075
1005006170361188
1005005903065785
1005006040475221
1005006040432788
1005006784830587
1005006774362482
1005003601786570
1005003605733282
1005006424380679
1005003281988717
1005003601815739
1005003595727807
1005007648634303
1005007637979316
1005007134384810
1005007140932964
1005004888215203
1005006827566711
1005007345493536
1005004429414084
1005007007636068
1005007161405266
32484931065
1005007073123585
32878081323
1005007574674655
32887960341
1005007207767199
1005006855465587
1005004819678203
1005004891957632
1005007118801417
1005007663718214
1005007286145414
1005007610435761
1005007199456303
1005007408942152
1005007619972830
1005003334471825
1005005262828506
33005666573
1005007295409197
1005005262897399
1005006189556352
4000235248129
1005007408984295
1005004560447544
1005007370616116
1005005680039063
1005006065589330
33016910165
4001182410742
1005007274118844
1005005680284229
1005007403100425
4000161843514
33030431418
1005007214924380
33057441246
1005007088685804
1005007490293832
1005006641632415
4000072383116
1005006491035853
1005004891765547
1005006597706093
1005006170111786
1005006012911000
1005004986024681
1005006232932077
1005002275794684
1005002927044599
1005001998288077
1005006114100876
1005007130088189
1005005997610211
1005007380817475
1005006217826348
4000235226065
1005007652444182
1742540438
1005004892434055
4000235206938
1005004775932294
1005006211332343
1005005961570248
1005004979062013
1005007141627003
1005005244799628
1005006774327664
1005006258971618
1005006774629081
33009761593
32889124062
1005005680250368
1005007638137391
1005006367443223
1005007613059430
1005003333643207
32763056755
1005003328693474
1005005295162756
1005006797482541
1005005903096755
1005007076938034
1005006357091153
1005007657543141
1005005922735182
1005007458030052
1005002340779496
1005007484234033
1005005997333331
1005005291329150
1005005293868582
1005005293965244
1005005262912481
1005007543016016
1005007344989858
1005004993670695
32870221144
32982281957
32852268975
1005003607121293
1005005095907393
32820742294