1005003611993578
1005003252452837
1005003252485532
1005003252483694
1005004168122109
1005004168077381
1005004168083507
1005004168122178
1005003962357344
1005003962287848
1005003962422009
1005003962344504
1005004167695804
1005007459893988
32842931922
1005006071161378
1005007582764610
1005007458133911
1005004886298902
1005005713284871
1005006485565224
1005006170360954
1005006630890574
1005004304380999
1005007583032062
1005006222941256
1005001926612648
1005007629385366
1005007123405965
1005003993600108
1005003426711679
1005004265789235
1005005278740428
1005006148405203
1005007432950707
1005006368460935
1005007582978476
32957137047
1005006985168314
1005007222107974
1005006194938910
1005007499944676
1005004054442991
1005005034489458
1005006368502522
1005006056949472
1005006456179667
1005007554511770
1005004027822237
1005007472522021
1005006377038331
1005007426985006
1005006130257981
1005007217151573
1005004167744223
1005007481776304
1005003252452856
1005003611908997
1005003612009435
1005004168117179
1005004168028972
1005004168031903
1005004168067660
1005003962417029
1005003962208998
1005003962346536
4000262278611
1005007398729450
1005005925477448
1005003666922030
1005007123994029
1005005536522134
1005006270965307
1005005701450265
1005007495085172
1005007280828505
1005006198804630
1005007155505182
4000397010335
1005004354725736
1005006075155371
1005004072195799
1005007415189849
1005002519565513
1005005738627881
1005003652914510
1005006337684495
1005007582635999
1005006279573249
1005006806204550
1005006278411309
1005006917427995
1005006129910289
1005003301858784
1005003367241001
1005007108694657
1005006541806644
1005006284831190
1005006207122050
1005002352382266
1005007463100605
1005006070815185
32830270558
1005005737968793
1005005738663081
1005001585417710
1005006129956003
1005002357477679
1005007652469747
1005007652571490
1005006092050997
1005003611948797
1005003252487599
1005003611978655
1005004168056695
1005004168108161
1005004168098334
1005007460036616
1005003666722095
1005003458600250
1005007461679828
1005005409642951
1005006350972039
1005003993542229
1005007382983178
1005007450386917
1005004528356231
1005006371230778
33023558898
1005004853318323
1005007155218744
4001042955498
4000032118263
32812060959
32998850101
1005007660603164
1005007666303542
1005007659078356
1005007603683688
1005007660205548
1005007663295356
1005007658019777
1005007658147490
1005007658046839
1005007662928169
1005007659991976
1005007660221521
1005007778666567
1005007707875215
1005007766444739
1005007773741048
1005007777216377
1005007777309894
1005007823081592
1005007822849988
1005004790087360
1005007812803883
1005007793482284
1005007774885098
1005007776011932
1005007695505424
1005007775944227
1005007754352308
1005007775878919
1005007775656225
1005003252493515
1005007321760406
1005007801061320
1005007797600802
1005007796925950
1005007776356493
1005007775993307
1005007726395147
1005007791593188
1005007787318440
1005007678591344
1005007774567741
1005007774867978
1005007759829052
1005007759420439
1005007759455281
1005007735523806
1005007730715184
1005007729131238
32995113501
4000754166679
1005007594942554
1005004030273340
32960900180
1005001903326863
33057627188
32876076847
1005001639883264
32729558511
4000313665936
4001036611909
4000333463631
1005006157475442
1005005888009129
1005005418210763
1005006778038852
1005007288108723
1005007463721489
1005006397530556
1005002742090991
1005007628135460
1005007635868317
1005006481618503
1005007556114426
1005007292527930
1005006773415057
4000173758003
1005007485067331
1005007444158490
1005007248161924
1005006769828326
1005006105994197
1005007449125177
1005007473094887
1005006770450793
1005005789381979
1005003846585747
1005007474972334
1005007438995239
1005007562019753
1005007470521408
1005007249394976
1005005362988776
1005007392599718
1005007118186363
1005007489273496
1005006039275642
1005007082611089
1005005981445864
1005007489761678
1005007556035362
1005007383227476
1005007500940661
1005007403499800
1005006788217630
1005004775267104
1005007168831163
1005007595713246
1005005569939537
1005006380793096
1005007291931359
1005006102500666
1005005589517969
1005007530455535
1005007316486302
1005005670530147
1005006967809455
1005007454155712
1005007462084053
1005005892846911
1005005937531941
1005006042128774
1005007332181614
1005007464005599
1005005925699349
1005007217910999
1005007499504603
1005007460954393
1005007488630967
1005007556218040
1005007631950699
1005007201409520
1005006990100314
1005007576330513
1005007489843234
1005006961249342
1005007047028292
1005006897193739
1005007167402512
1005007030697554
1005007577881506
1005007117791783
1005007078597261
1005005305424145
1005004375171731
1005007538834145
1005006782720447
1005007253505310
1005007543167059
1005006656701097
1005006883635087
1005007576432056
1005007047046235
1005007083968464
1005007198839601
1005002029724779
1005003201443677
1005007475699409
1005007353843261
1005007425774769
1005006763085362
1005007500169768
1005007468200694
1005006908717471
1005006748310131
1005007507444258
1005007501679291
1005006064157875
1005006727799117
32848306409
1005006881908542
1005006695407088
1005007427145734
1005007370794398
1005007377283716
1005007355051920
1005007241256514
1005005902287557
1005007418427351
1005006422415093
1005004205356051
1005007328315234
1005006143645395
1005006678406988
1005007575821358
1005005665354431
1005006854269368
1005007605505249
1005002191039958
1005006320942985
1005006245781066
1005004729076830
1005006786695524
1005006850635461
1005007614332870
1005006981697628
1005005682736257
1005007478674532
1005007260816170
1005007455271229
1005007054457662
1005007524343741
1005006778221722
1005006990324580
1005007624694591
1005005697816877
1005007378043498
1005007445728339
1005007546574049
1005006918722104
1005007365610656
1005006036912741
1005005251083202
1005007253288387
1005007443780875
1005006902396475
1005007556633734
1005006728732444
1005007364883178
1005005819389910
1005007117331829
1005006630118133
1005007168954756
1005007510077170
1005006832262718
1005006294105012
1005007388587785
1005006812559288
1005007444554839
1005007573563597
1005006820370305
1005005698269136
32420942796
1005006614709784
1005006691376103
1005007654373428
1005006615540530
1005006875627817
1005007382033820
1005006012300142
1005006883085785
1005005301675982
1005006055914880
1005007342622114
1005007121189304
1005006491981253
1005007418124877
1005006108590525
1005007490057450
1005007411897847
1005007461667694
1005006124040323
1005007411883426
1005007286241146
1005006919229186
4000203608124
1005007195247184
32920605111
1005006527696061
1005007265978944
1005007530384699
1005007343881581
1005006825485068
1005006788092902
1005006788039953
1005007415888771
1005007454780032
1005007650922566
1005006806572156
1005007142812103
1005007617325001
1005006644398515
1005004391528308
1005005707551541
1005007432937107
1005007224450182
1005006646686754
1005007275971744
32377229070
1005007357595026
1005007654163597
1005006156995096
1005006904588710
1005007079084966
1005004100180961
1005006429920429
1005006876882843
1005007489530397
1005006467101567
1005007454330331
4000203509847
1005007327629887
32376271102
32722331443
1005005324942281
1005007480648313
1005006775596054
1005007126071801
1005007077349487
1005007576217376
1005007401703297
1005007424109679
1005007645152095
1005005763190203
1005007377919199
1005006770678129
1005007586496723
1005007494734865
1005005906669906
1005007267004975
1005007374426528
1005007401300748
1005007496800582
1005006992301238
1005007513116220
1005007418263565
1005007409407621
1005007436217531
1005006814727326
1005003111421726
1005004883030403
1005007070163665
1005007654511238
1005007539846039
1005006763165284
1005007539687331
1005007428061582
1005005579797353
1005007491862711
1005005385216221
1005007377134933
1005005805234790
1005004773292295
1005006930690100
1005007379438842
1005007598254779
1005006533169237
1005007498791052
1005007441057676
1005006723283246
1005003291615585
1005005819506542
1005007169752159
1005007432198287
1005006876338279
1005006215608458
1005006528073410
1005007514308999
1005003974285139
1005007211073352
1005007401709270
1005007343739718
1005006182419226
1005007427973745
1005006103051541
1005007580687033
1005007409345773
32824130933
1005007422006351
1005007425359747
1005006891562258
1005007043784716
1005005807016633
1005005936445903
1005007554953593