1005007493590242
1005005528144546
1005006125382885
1005007730787421
1005005889691653
1005007298712502
1005007709478749
1005007773231362
1005006014058268
1005007740995703
1005007755672321
1005007426551272
1005007806452846
1005007421292903
1005005837094896
1005005889242864
1005006676847354
1005007075104964
1005006683670118
1005007261406900
1005007130617348
1005006709381459
1005007211948020
1005006709313632
1005007652709139
1005007655392788
1005007291820484
1005006679855060
1005007334710709
1005007212457764
1005007188874433
1005007131697384
1005007522238809
1005007294409020
1005006729106419
1005006398838459
1005007442658401
1005007125141803
1005007337476041
1005007211974790
1005006956146685
1005007379282047
1005007389878502
1005007211954487
1005007474985809
1005007211419102
1005007451969293
1005007617952807
1005006949921173
1005007342073573
1005005925602185
1005007574952053
1005006681747940
1005006069008074
1005006717396512
1005007354150673
1005007017442361
1005006464632932
1005007477333228
1005006902763459
1005004036926299
1005006053916819
1005005270704223
32816398458
1005005999942330
1005003958267179
1005005578749549
1005003630790804
1005006156739012
1005006742598913
1005004168333564
1005007517988395
1005007359087755
1005004841892398
1005004168312847
1005007359032612
1005004639627329
1005004462395385
1005005732955656
1005007525202760
1005001425399953
1005005439564141
1005001397655769
1005003989596769
1005007359945561
1005005540522552
1005004820915936
1005007246950267
1005006402517540
1005004462644387
1005007279229930
1005005610758595
1005007288685074
1005007538960859
4000716921239
1005001309673348
4000739274097
1005006840985753
32840795596
32773651912
32751096138
1005005658316545
32946994513
1005005782174839
1005007227775823
1005003374599295
1005007191283400
1005005106359472
1005007082369941
1005002683067601
4001071586972
1005006717260070
32840852575
1005004142135777
1005005796511280
1005006076822137
1005005976499707
1005007075911156
1005006765594527
1005007388335530
1005005976484700
1005003989001538
1005004832912211
1005006609424850
1005004161396600
1005005011993385
1005006490370643
1005006427545971
1005005649130223
1005005000578257
1005007605179472
1005006170968700
1005007600866477
1005007408897679
1005007458732870
1005007457306054
1005006510514167
1005004963332662
1005007486852636
1005007551517093
1005007523001917
1005007446756278
1005007560878359
1005007423073910
1005007474680892
1005007053223770
1005007663270427
1005007648447284
1005007137815093
1005007461483215
1005006977387323
1005007004377317
1005006568033092
1005006741320190
1005007188483182
1005007391935456
1005007154305458
1005006326184600
1005007057028683
1005007061795640
1005006745430511
1005007374458733
1005007490563678
1005007325105096
1005006784684153
1005004721421361
1005006230860724
1005007037281030
1005007354472647
1005006805267687
1005006672727651
1005007360517525
1005007485416427
1005006592915296
1005006869002117
1005007247664068
1005005751016866
1005005765066864
1005007643333821
1005007413909600
1005007308505154
1005007402568469
1005007368752433
1005003187490785
1005007145305155
1005006527928937
1005007112992813
1005006627983322
1005006503896058
1005006878824190
1005007139194667
1005006393956484
1005005132020028
1005006740863387
1005006691608182
1005005964000510
1005007052080074
1005006944181876
1005005542520146
1005007065228235
1005007167696213
1005007458851602
1005007310315345
1005007015571098
1005006824953326
1005003465812622
1005007383467383
1005007163470111
1005007479901653
1005005991412804
1005007330514113
1005007047520479
1005006343547146
1005007148244690
1005007350470354
1005007449835354
1005006781407117
1005007052198030
1005007093078114
1005006082235300
1005005876789533
1005007668049313
1005007240859621
1005006621554656
1005007054248998
1005007212184783
1005005341647487
1005007087326486
1005004048902962
1005007549533749
1005006892150506
1005007469507333
1005007339350518
1005007343397186
1005007075275699
1005007351959109
1005007212294797
1005005059581693
1005006383487782
1005006569176855
1005007457302585
1005007276093204
1005006599439391
1005007324611751
1005006815830235
33039006849
1005007245098390
1005007524527286
1005007054802273
1005007309571822
1005006735278821
1005007202585848
1005007405791023
1005005667598973
1005004718924517
1005006961421292
1005004170499925
1005007282062107
1005007452448235
1005007139536993
1005007322842607
1005006403807365
1005007485747832
1005007127366384
1005006403338239
1005007500991093
1005007616222900
1005007506408853
1005007302230569
1005007065928989
1005007616228963
1005007076130575
1005007131060606
1005007220832160
1005007451249976
1005007452531610
1005005041727528
1005007617812099
1005006427682658
1005004786285948
1005005921874352
1005002752378203
1005007189490352
1005006926282027
1005007433126119
1005004767708461
1005007266564117
1005007436071920
1005006896745240
1005007016612590
1005005636203942
1005007270468757
1005005856982113
1005007409254571
1005006624118460
1005006788242656
1005007527416950
1005006033317793
1005006518158141
1005006218599749
1005007151345066
10000310802976
1005005991523693
1005005803463014
1005006647186585
1005007204391322
1005006826786229
32968901566
1005007273802476
1005006891377714
33050649127
1005005817936986
1005006773976937
1005006757304102
1005006611201297
1005007149886578
1005006911555061
1005007563865072
1005007240735204
1005006642890707
1005006827109446
1005006609672801
1005006934467090
1005007378381436
1005007510129233
1005007112026810
1005006969490435
1005003406189019
1005005985040448
1005006436766465
32915000716
1005007046718743
1005006924327436
1005005993778785
1005006598665899
1005006214297597
1005006777610551
1005006954591025
1005005794409503
1005006888409502
1005006491110222
1005006946974327
1005006883290157
1005007307454848
1005007434148667
1005007601412317
1005007490722302
1005007041913168
1005003106766301
1005004033364784
1005006118864296
1005006857418749
1005007054588963
1005004022886559
1005007138464690
1005003895132709
1005007066245504
1005005131909628
1005007092859415
1005006124630995
1005007464137650
1005007388742771
32962592785
4000392310167
1005006109046929
1005004703951820
1005006126023404
1005006292976979
1005006629993856
1005006184182992
1005004189940397
32972499675
1005007138510547
1005005421270345
1005003269629388
1005005340957598
1005006623400461
4000746253264
1005006362848011
1005006482974339
1005006418373818
1005005558910984
1005006866954075
1005006668783462
1005007009171464
1005006641168010
1005005471613693
1005005201168454
1005004998016749
1005005803259082
1005005514451266
1005005594139544
1005005472676018
1005006845308850
1005007244878598
1005002039330055
1005006827090573
1005006062037724
1005006906564892
1005005666272991
1005006713850072
1005007082363322
1005006554079791
1005006680545981
1005006685374099
1005006452362064
1005006891491930
4001080125907
4001266456706
1005004504459007
1005006401514990
1005006164817792
1005006120562285
1005005462233184
1005006020251176
1005002155715832
1005006679744174
1005006524129942
1005007062967214
4000253311612
1005004567995891
1005007325247688
1005004091162870
1005005701313500
1005006401229325
1005003649242282
1005007294866532
1005005998099240
1005007320817095
1005007275099125
1005006919375747
1005007279665059
1005007101248316
1005006669735231
1005006984658648
1005007324983441
1005006738765000
1005006676993242
1005007010182738
1005007337792072
1005007501212214
1005006857042086
4000903975214
1005007488212083
1005006481594112
1005007314057105
1005006549435216
1005007314134541
1005006779463905
1005007314301024
1005006673572833
1005006672237934
1005004094467818
1005007040290966
1005007314355338
32918117717
1005006838905259
1005005248785773
1005002675773340
1005007300134810
1005007300112978
1005007300286582
1005005277963867
1005007339574071
1005007349134020
1005007348276254
1005006296382896
1005007081119920
1005007345718520
1005007382478428
1005006600981003
1005006731763303
1005006051293907
1005006987344626
1005006975482158
1005007337036599
1005007117814228
1005006427596819
1005007243784449
1005005998186522
1005004653233440
1005002617562218
1005003235108154
1005006557953547
1005006876971860
1005006995537004
1005004625941302
1005006774383776
1005007447756963
1005006068154403
1005006751048016
1005006959938440
1005005815919499
1005006351470205
1005007010831370
1005006792156626
1005006841041176
1005003884172689
1005002648639615
1005006144707341