1005006378341310
1248925136
32815567315
1005007579942282
4001032176247
4000271433883
1005005914026150
1005006180302073
1005007138639803
1005004133876410
1005004165708136
1005003312142108
1005007153748999
1005004119011977
4000279040998
32827721337
1005003302030218
1005006622792055
1005007131552039
1005007344320855
1005003333632574
1005006809182079
1005006003651508
1005004166914027
32816838459
1005006709737503
1005007170031682
32579625207
1005005735143412
1005001523892294
1005006797835639
4000186462289
32750986382
1005006472993195
32816776863
1005003776398435
1005007154329062
1005007587781727
32498281132
1005006630410259
1005007481316278
4000415982258
1005002021447107
1005007033337468
1005007469013225
1005007607113875
1005001965337878
32817146608
1005007157135033
1005007153953788
1005007371108777
1005004492312047
1005003770706211
32605442577
32795605154
1005005912789355
1005006002424145
1005004735294066
32893437338
1005007481396259
1005007154012529
1005006023442371
32855356600
1005005713245641
1005004553233716
1005005969171976
1005007153885953
1005006127322395
1005006397713832
1005007600529124
1005003511456012
4001199250484
1005007153944521
1005001546618189
32670598238
1005006759593601
32807665333
33033493616
32858460540
1005002594106387
1005004141320916
32519997673
1005007144205770
1005004373418261
1005005555426717
1005003941716462
32813452449
4000803838123
1005002939075970
1005007275234979
1005005915624052
32388297564
1005003744450106
1005004192302238
1005007653839217
32802694366
32882853450
1005007037942110
1005004297116118
32918132789
1005007142616328
1005007493779446
1005007480970882
1005006797115834
1005007371030883
4000707530015
1005007623282050
4000030883721
1005006783421294
33000305723
4000210073223
32796695042
1005001511478392
1005004161243279
1005001523782556
32311360145
1005007153951578
1005007154199113
4000066787179
1005007550519733
1005006646315983
1005007637877312
1005007096009616
1005006821130298
1005005113618675
1005004552277175
1005007493250138
1005006797980560
1005007510863484
32609155271
1005007402834197
4000030927313
32752023894
1005007557072611
32992847495
1005006859739005
1005006892976210
1005007445988951
32978011788
1005005585713399
1005004697805640
1005003298997799
1005005523140008
1005007018691653
1005007522126482
1005006759451872
1005006732127432
1005007154202279
1005007153818513
1005007371223105
1005005955653073
1005007342078033
1005007385695254
4001289844177
32727416641
4000098227314
1005007153773698
1005006176908729
4000217972902
1005002622477355
1005004762914507
32809516184
1005001991682931
1005007360585543
1005004492334067
1005004127270826
1005007153767752
1005006063271652
4001205355765
32815243344
1005005981744926
1005003313611844
1005006061618633
32790205530
1005007371202422
1005003744025626
33002423593
32869867346
32655757045
1005007154269171
1005006154013245
1005002911253307
1005005453743070
1005006520439101
4001305615171
33003383950
1005006116948876
1005005681391712
1005005549321083
4000138260968
32830991337
4001149358828
32889910817
1005007506878252
1005006728731576
1005005311471411
4000093396022
1005007464668985
1005007033116256
1005004771408067
1005007481349155
1005007135423246
1005003241476059
1005007154187278
1005007153963402
1005007156805631
1005007371175471
1005003850161157
1005007371128610
1005004146190592
33019338060
32886724881
1005005807550604
1102066214
1005002958624744
1005006709781168
1005005569930859
1005002968909640
1005006996201109
32819447805
1005004490572227
1005006822294499
1005004746311245
1005003942590182
1005006807761128
1005006127357683
1005004336647703
1005007262967439
1005001965365781
1005002356756572
1005007385425736
1005006587329962
1005004772423184
32568176513
1005007611243415
32868833534
4000182990736
1005007335916588
1005007184548164
1005006022067942
1005005648115209
1005007462899874
1005001512620765
1005007138540925
1005007027481680
1005007481516267
1005007153592830
1005007153856811
1005007154053261
1005004473095263
1005006024150846
1005007154086625
1005007561037259
1005003987559612
1005006385183325
32817354789
1005005832815736
4001122485594
1005004485932105
1005004701651807
32978013647
1005006059897306
1005005406970846
1005007253897970
32952988458
1005006876044266
33054348294
1456488304
4000283078396
32831468515
1005006576172143
32857337940
32448704415
32994264002
32815849005
1005006975117454
1005005333654229
32848997514
1005005855359310
1005006383610132
32833870067
32687140368
1005006730365616
32721762359
1005006659411037
1005006203288622
1005006982592872
1005007481186215
1005007154262144
1005007153854502
1005005968096080
1005007371137508
1005007371178435
32896704154
4001052411340
32689200476
32723687368
1005007207762688
1005007109155564
4000545411158
32854039374
32978705914
1005007353676207
1005004638753621
1005006599750144
1005007541548512
32813511159
4000160432639
4000283041079
1005002998805519
1005005179403996
1005005383366499
1005003399274515
1005004234808277
32848363937
1005007124696020
1005007393389775
32649440029
1005007569708058
1005004973370965
4000062312465
1005007305827304
1005007528931381
1005006725288179
32834354631
1005007067229851
1005005253832108
1005007637705882
1005006778532438
1005003282686003
1005007442326722
1005007525472427
1005007481248762
1005007153748782
1005007154288063
1005005196522660
1005006024209033
1005001523964512
32833089623
4000562402710
1005006707491494
4001166448316
33058756823
4000803157027
1005007463701694
1005006670816850
4000608499955
1005006162643404
1993433278
1005006508656931
1005006440251477
32902696522
32802857287
1005005692032155
1005007628693007
1005005713496296
1005004848434015
1005006461173486
1005007628456003
1005006543635161
1005006625222651
1005004970914492
1005005776964742
1005005242699635
32921291797
1005005383682791
1005006624434201
1005002968986294
1005006279900346
1005007409944769
1005002210610267
32812901883
1005007465505004
1005007477306079
1005007153994413
1005007153632976
32812263811
1005005196257922
1005007371251104
1005006417277849
1005006027009298
1005006542585890
1005005653305492
32976155287
4000038742032
1005005075844757
1005006707649153
1005006403296650
1005006551120373
1005006741386640
32859830938
33001376320
1005004330292512
32907869548
1005007437322646
32964314427
1005007757564130
1005007829691505
1005007793183563
1005007727610733
1005007762954330
1005007826825348
1005007698035869
1005007821846003
1005007744935863
1005007745956610
1005007798925204
1005007816730750
1005007806986023
1005007806785699
1005007747284761
1005007798841654
1005007806689618
1005007796048709
1005006620956077
1005006790447246
1005007465520160
1005007481512027
1005007153855672
1005007154156268
1005007154241145
1005007153774426
1005007371128530
4000391523478
4000707473627
4000707476579
32872083421
1005007628682524
1005006603231442
4000311430075
1005001287199926
1005006576721519
32985131595
1005004700384161
1005006425522359
1005006387330163
1005006567421739
1005006386902146
1005006387252442
32923126888
1005005767774504
2027357554
32888833148
1005007795064072
1005007784851970
32871899437
1005004455364759
1005004357893099
1005007774989387
1005007773242552
1005007761651559
1005007753616169
1005007753203308
1005007752562536
1005007750280486
1005007770712677
1005007786931958
1005007789225794
1005007705763040
1005006947563114
1005007757492188
1005007761680104
1005007768167333
1005007763207379
1005006756119181
4000282830617
1005006940480243
1005007481193455
1005007153850896
1005007153825746
1005007153939659
1005002616417351
1005002616538019
4000707519108
1005004885745406
32816117251
4001158524140
1005006389818460
1005006478529445
1005006551020499
1005006529654383
1005006439180199
1005006477926017
4001274451727
32660327219
32686906830
32246572404
1005007761340444
1005007759522045
1005007743186411
1005007710474815
1005007732399526
1005007682728487
1005007714623481
1005007712943294
1005007709319414
1005007684236658
1005003387687676
32880743514
1005004951136109