1005003700186186
1005007449601618
1005007093126799
1005007023336506
1005005720512924
1005006762470937
1005005250972472
1005006412831376
1005007442965724
1005007452795568
1005004920198248
1005005569534952
1005007207498941
1005007108404430
1005006995931313
1005007587292059
1005005990952948
1005007277470488
1005007280280122
1005005968755160
1005007342677366
1005007116287513
1005005916645560
1005006844378842
1005007008945961
1005007218657888
1005004331983187
1005004725535853
1005005718971810
1005006913112175
1005006897840070
1005003235371290
1005007500553953
1005006987206013
1005007515295995
1005007123082026
1005004619111375
1005003636100581
1005004589705496
1005006064296693
1005006969080739
1005007612820522
1005001901729920
1005006631027776
1005002687531936
1005007245499372
1005006147279810
1005007260715036
1005004291490934
1005002954522134
1005007513611314
1005005911283268
1005007165876659
1005007065858400
1005007348378565
1005006893750932
1005006320855203
1005007317507770
1005007568423029
1005006140015239
1005006185739783
1005007223968812
1005007607788285
1005007257958695
1005006012413060
1005005005849245
1005006813671782
1005006043652906
1005005978115779
1005004960953196
1005005968769363
1005007386541111
1005006137927345
1005007569440145
1005007524305671
1005001286597601
1005005265146425
1005007046579886
1005007339286740
1005006143357610
1005006330566267
1005004101772340
1005006864973342
1005006184954821
1005007191952295
1005007442942890
1005007355137076
4000274665587
1005007094924957
1005006674319404
1005007361757972
1005006630027872
1005006049897277
1005004709248120
1005007525580528
1005007514659548
1005007077074695
1005006564802746
1005007300558700
1005007204611260
1005006481456810
1005007280954345
1005007443437318
1005007294381000
1005006035167351
1005005743321297
1005007279113969
1005006388317839
4001242530973
1005006306094666
1005007174643193
1005006327656627
1005007189953310
1005004825753958
1005006523756680
1005005729851699
1005006768987439
1005006916408211
1005002274228602
1005004741255657
32809915175
1005005357775416
1005007026308266
1005007355231175
1005003176659384
1005003226828217
1005006216933437
1005006334496619
1005006872366404
1005004615833744
1005007069304008
1005005624128734
1005007232723653
1005007130855043
1005006789967348
1005004849395476
1005006626176893
1005007244422332
1005007361658731
1005006442435138
1005002287197157
1005007232651610
1005006053285622
1005007079207823
4000741338582
1005005692720545
1005004713806858
1005006297512788
1005006996021051
1005006100176927
1005006381915201
1005006311149112
1005005872577359
1005002670041897
1005006837537374
1005007011780461
1005006785015475
1005007547116370
1005007013927849
1005007409163059
1005007512423955
1005007473626353
1005006115380797
1005006757947216
1005006577879198
32799496685
1005005876037347
1005006986049485
1005005947576019
1005006286830161
1005007035779224
1005005743793499
1005006269964763
1005002918032596
1005005012903172
1005006713451346
1005005824275391
32922242548
1005007216548209
33043908298
1005006281714666
1005006312938322
1005003736117129
1005006635227666
1005006925993777
1005006145661311
1005007449319443
1005005266087641
1005007058790574
1005006913275608
1005006866045051
1005006023776890
1005005409404468
1005006978471818
1005006199343976
1005004236890994
1005002176570705
1005005222190498
1005005241016253
1005004195956522
32805643486
1005006428551748
1005006148181067
1005007363785803
1005006491088285
1005006282038878
1005007306792097
1005007409692278
1005007409813919
1005005899257717
1005007829814389
1005007826982869
1005007814566578
1005007788133172
1005007780798927
1005007787889056
1005007787592945
1005007727824603
1005005850518391
1005007339387971
1005007323241635
1005005666599444
32997221212
1005005410831814
1005005390566317
1005004881289367
4000759615132
1005005782013153
1005006496667705
1005005687143428
1005007219299698
1005006907331164
1005007219433434
1005007619886747
1005007619405751
1005007219236766
1005005512608870
1005006264178738
32893801488
1005006581239619
1005007660309407
1005005449864403
1005006955195469
1005005903460929
1005007496781106
1005006782999993
1005006756968935
1005006990178628
1005007323337179
1005005490978319
1005005681761177
1005007496423831
32962100775
1005006354102637
1005007221881011
1005007032159320
1005006554620981
1005007407419077
1005006936933026
1005007404266126
1005005559069021
1005006950146046
1005007391439395
1005004587603887
1005007526017250
1005006952441388
1005007330732832
1005006966836169
1005007458366848
1005007099013990
1005005351865436
4001116333274
1005007497967166
1005007314478496
1005007001561604
1005006603425708
1005005815831322
1005007622953619
1005005816993505
1005006042608344
1005002717460870
1005007179191826
33041151820
1005001274474821
1005007276546920
1005007306464922
1005006988582659
1005006045720354
1005006963295948
1005007403875638
1005006835486712
1005007359864900
1005007307276072
1005007623772101
1005007012329650
1005006680577963
1005007326030408
1005007120157668
1005006229268583
1005007357550911
1005007350853124
1005005059992505
1005005501188846
1005007221810138
1005007331772569
1005006213568726
1005006543033284
1005006426495248
1005005453212399
1005007067581546
1005004774909374
1005007455293572
1005007058789439
1005007405811071
1005007010858912
1005007565910187
1005005386493046
1005007214700691
1005005562808461
1005004979996081
1005007514810454
1005004797285493
1005004887856468
1005003954336839
1005007220392612
1005007421261741
1005005396500515
32958223740
1005007010121204
1005007578825064
1005007394340676
1005005091221256
1005006555341374
1005007489414545
1005007270250429
1005007435126849
1005003388783255
1005007226524461
1005007462251625
1005007465444514
33002910945
1005002175126995
1005007260144198
1005007317144518
1005007214667770
1005002571852292
1005003191416569
1005006601469007
1005007320423146
1005007271142745
1005007144915170
1005001418658162
1005007009316734
1005007562165545
1005007525483575
1005007624002223
32891932506
1005007562253407
1005007589704526
1005007528457620
1005007390278445
1005007464773344
1005006542506254
1005006692414329
1005007339782300
1005003024685017
1005007486186509
1005007570674924
1005006178078990
1005007509079972
1005007602152935
1005006982710685
1005004556629772
4001106849745
1005003233558950
1005007827881331
1005007827069317
1005007824330198
1005007749917611
1005007830584165
1005007721731774
1005007752403093
1005007830176439
1005007830171478
1005007829885419
1005007829794449
1005007829324167
1005007824205846
1005007718773892
1005007780740189
1005007780724039
1005007773390240
1005007780022219
1005007744186719
1005007685457079
1005007803720004
1005007803435832
1005007803601259
1005007796916868
1005007796051934
1005007795036489
1005007815677957
1005007801970524
1005007295771126
1005007013622917
1005007406065421
1005006983980740
1005003389295456
4001137755176
1005007796396826
1005007796338960
1005007796128016
1005007795095791
1005007779941631
1005007829143686
1005007828972703
1005007828800312
1005007828360946
1005007828509259
1005007828381730
1005007827786647
1005007816068272
1005007679012598
1005007744357772
1005007827371627
1005007827010735
1005007827119382
1005007796598026
1005007780400976
1005007780478207
1005007825192049
1005007727647441
1005007772303120
1005007726277015
1005007724841558
1005007780674596
1005007796351957
1005007820410937
1005007823771558
1005007788174020
1005007788030888
1005007780688389
1005007801742714
1005007755993039
1005007731721058
1005007743343366
1005007816694856
1005007801433900
1005007752524406
1005007762551096
1005007747142220
1005007762220495
1005007759675261
1005007773369297
1005007339689959
1005007743372286
1005007729483609
1005007747700734
1005007788309613
1005007772277676
1005007744261310
1005007720707426
1005007735985820
1005007719323343
1005007772021503
1005007779473348
1005007743397349
1005007710351423
1005007709571640
1005007761585465
1005007709734851
1005007771459626
1005007761631267
1005007761529498
1005007736149819
1005007764433222
1005007756061777
1005007755826188
1005007743290494
1005007764346340
1005007753370907
1005007798391599
1005007754908364
1005007737803875
1005007736073801
1005007721211067
1005007737696703
1005007730994772
1005007747740794
1005007731224001
1005007747944043
1005007727756714
1005007734706625
1005007734801325
1005007723608146
1005007721874944
1005007779420566
1005007776901793
1005007814272313
1005007813916994