1005005713401276
1005007001873317
33012409935
32550219225
1005005331621694
32920417248
1005004186242641
1005004246397411
1005005626788184
1005004186818534
1005006844568986
4001018102827
1633837847
1005004818753638
32741904417
4001124553619
33043275319
1288172273
32990800502
1005003634756176
1005005075802733
1005001907171957
1005007529728474
1005007050819715
1005003706791845
1005006443918302
4000988023305
1005006814457502
1005007184771777
1005007009425500
1005006827860538
1005006523639598
4000055829350
1005006878269736
1005005417356320
1005007528195104
1005006507513846
1005007340610599
1005005755365870
1005007480820394
1005007022172738
1005007439682637
1005001726714904
1005002973628075
1005006402101534
1005005643066002
1005007341073258
1005004890662087
4001034632349
4000059782989
1005007162294104
1005007464192366
1005006952898705
32630548478
1005006824695931
1005005120160902
1005007605555077
4000998777793
1005006802955086
1005007314076225
1005007177073511
1005007248681441
1005006948449989
1005007137432652
1005006309966730
1005007052684292
1005005590734823
1005005829457512
1005007470352140
1005007467983743
1005002029609789
1005007379943000
1005001287501246
1005003147790699
1005006738299575
1005004353835072
1005006317586887
1005007241991382
1005002194198615
1005006945136244
1005002984235382
1005007307463011
1005004694961495
1005005072640221
1005007390037915
1005006134124044
1005005837152230
1005006276958513
1005006102135408
1005006047611112
1005006856436344
1005003106558447
1005006847222770
1005006107779744
1005006307733808
1005006490107311
1005004514621825
4000236163368
1005006343633849
1005006868843144
1005003278740992
1005006756537286
1005002347032822
2053091726
1005005484760590
1005002169451906
32847862398
1005006113332603
1005003547668212
4000283009359
1005007226275018
4000245064110
1005006213355642
1005001568606370
1005006510612556
1005007259493102
1005005671493790
1005006342537086
1005006248226114
1005006274378566
1005004793146420
33002819196
1005006161553551
1005003391727368
1005007357269159
1005003737822301
1005002840278188
4000370084543
1005003160792956
1005007417829966
1005006976356048
1005006884600818
1005005215697168
1005005606784690
1005004996348013
1005006381422397
1005006375815533
1005006861271585
1005005182203027
1005005864484729
1005007183394103
1005006199573347
1005003737362259
1005004793231183
32763665294
1005006642751035
1005004577530797
32885338862
1005006578508542
1005006959558441
1005005284986008
1005007016633777
1005006612768926
1005002472835178
1005003268525695
1005007592090608
32770990569
4001316909017
33024179628
1005007587293307
1005005925845207
1005007310329444
1005001906656408
1005007169426965
1005007027492719
1005007541337621
1005002605282537
1005002574542833
33022882497
1005007022686091
1005004671221062
1005006994494891
1005002576766738
1005002780557478
1005007096865866
1005006068685391
4000257783174
1005004619081007
1005002788435732
33013203952
1005007657647068
1005007657037517
1005007736759782
1005007116734992
1005007174767923
1005007426041137
1005002781300141
1005007217817180
33013219629
1005007248318531
1005004056451055
1005006804080573
1005006784369122
1005007031103325
1005006027323226
1005003019644507
1005007277213954
1005005853861295
1005004221040176
1005006080911301
1005007659177151
1005007275040560
1005007661651102
1005007654963609
1005005818238529
1005003693013070
1005001900928503
1005006528769746
4000141646606
1005006396238837
4000219071172
32827921037
1005002439596440
1005002623953403
1005002605367901
1005003043475633
1005002603440434
1005004858761941
1005001777644601
1005005288208367
1005007621030328
4000489105528
1005004703966203
1005003182352605
1005007419618289
1005007279916009
1005007087336528
1005007514987148
32819585269
4000022088493
1005007458758574
1005007187112930
1005006190343484
1005003168530377
1005007586452013
1005007536712851
1005003175799347
1005007531016070
1005004731619295
4000220322908
1005007634630710
1005007591875924
32839780528
1005006146643879
1005001555290461
1005007537278845
1005006221768085
1005007463531059
1005006691466317
1005006290531645
1005003315614385
1005007644259175
1005007452988751
32980669670
1005003519027421
32891922377
1005004086267790
1005005657730781
1005001793564106
4000979473085
1005002710824037
1005007536906084
1005007554116763
1005004173362352
1005006660049311
1005007128685368
1005006613113148
1005007354531211
1005006979637316
1005005328094301
1005007456144023
1005006210529844
1005007414096516
1005006236822270
1005007342114596
4000130251984
1005007544288648
1005005297519095
32802949423
1005007016690288
1005006023291296
1005005450098792
4000364756523
1005003372061983
1005005184889415
1005006260713275
32832717195
1005006844326160
1005007538217984
1005006484812912
1005003722823818
1005006750301866
1005006041280247
1005006157226518
1005002662569258
1005004078568769
1005007279515751
1005007558814777
1005007536080122
1005004698576159
1005007481733565
1005007351646440
1005007469263632
1005006367323666
1005003774683606
1005007461443908
1005007508476137
1005004443857310
1005005940620886
32863946551
32855419758
32485088738
32872623855
32483793165
1005006777953611
1005004826699343
1005007480500374
32982013592
1005007203509303
1005005009306010
1005007585711064
1005007424014696
1005005892027501
1005006514345126
1005005639277246
1005004236019492
1005007270216254
1005005408719314
1005007385127274
1005005898221935
1005003513989931
1005006965634136
1005006861275275
1005006965932294
1005005364364702
1005007680452341
1005007678138015
1005007666079491
1005007657496772
1005007672230323
1005007672021146
1005007679845393
1005007680472950
1005007657812271
1005007680480849
1005007295724595
1005007433785279
1005005625329316
1005007366467427
1005007670961780
1005006604938819
1005007661159766
1005007671331460
1005006809486490
1005006389380596
1005006692780741
1005007276986018
1005004410978254
1005007019598022
1005007544411516
1005007445689440
1005007646756629
1005006777739637
1005007562299251
1005007124186120
1005007396437106
1005007488414310
1005007271621948
1005007394985547
1005007589545953
1005007362932874
1005002906919815
1005007377633752
1005007386500961
1005006807722392
1005007254487675
1005007581543124
1005006433475678
1005006431294415
1005007646637577
1005007123873581
1005007565889203
1005007644629729
1005006815310344
1005007581747534
32833736446
1005007383813027
32267291387
1005007522536910
1005007296118774
1005006464841888
1005007442271858
1005006463829478
1005007376241706
1005007363445239
1005007383716707
1005006463765195
1005006430870574
32919398980
1005007409098848
1005006452678661
1005007830949006
1005007807025714
1005007737572596
1005007725931404
1005007830197108
1005007830172465
1005007830088724
1005007830077720
1005007719107849
1005007756697166
1005007748542340
1005007748434873
1005007748267439
1005007570683010
1005006776735896
1005007571867982
1005007123972437
1005007581526437
1005006463670965
1005007391139039
1005004778722037
1005006444312786
1005007698124115
1005007813069268
1005007769533907
1005007773340460
1005007731741893
1005007806993815
1005007685327767
1005007750789328
1005007798365638
1005007781493672
1005007807143242
1005007684381880
1005007687562654
1005007815957540
1005007815649895
1005007716619951
1005007427741098
1005007259424882
1005006432603226
1005007688523105
1005007726850851
1005007723803430
1005007772229286
1005007764685852
1005007754304929
1005007753557022
1005007750914062
1005007750186835
1005007733603709
1005007733674650
1005007730414985
1005007716860774
1005007751623684
1005007750733048
1005007794685205
1005007780707383
1005007756220405
1005007806870097
1005007796315997
1005007788340365
1005007753121731
1005007628834002
1005007718974192
1005007630992642
1005007692199940
1005007614074596
1005007581820104
1005006433481774
1005007716372962
1005007786159338
1005007751555369
1005007772172527
1005007759619058
1005007703387362
1005007685958873
1005007743145462
1005007123757806
1005005853731367
1005006463734661
1005007581557077
1005006935359928
1005006588108421
1005007296706461
1005007535916454
1005006467240505
1005005981764528
1005006809445670
1005006467214278
1005006463852746
1005007263890837
1005007350761366
1005006432527433
1005007290856517
1005007294454946
1005006432373886
1005006809492508
1005007294685286