1005007427477747
1005005964661034
1005006644889637
1005004003743645
1005004004074838
1005006523959626
1005007407910093
1005004536738736
1005005242825058
1005004251321074
1005004737317387
1005004794727951
1005005719538420
1005003217318444
1005005867941585
1005007146083391
1005004509204489
1005006783483601
1005004761939257
1005006240285524
4001204637097
1005007048770430
1005007002569998
1005007113538520
1005006160692090
1005001436237698
1005007004401481
1005005795683386
1005001884350817
1005006783331933
1005007568224476
4001360293838
1005004277940317
1005005355041190
1005007496458872
1005003154370613
1005007296353156
1005005770844170
1005001692847608
1005006524052101
1005002663826787
1005004556735935
1005003217796595
1005007303810314
1005005554025038
1005007495131405
1005005064269630
1005004480527779
1005007243427382
1005007224347162
1005004596190135
1005006169884584
1005006327015213
1005004272006304
1005003737376508
1005005643758268
1005007218643936
1005007047657115
1005005608857952
1005004055127083
1005004798937171
1005007458798572
1005003423038137
1005002763642928
1005003933203425
4000157082463
1005006193041844
1005005768090648
1005006082000867
1005007002655898
1005004239391020
1005004650691349
1005004598470685
1005005553563114
1005005752386821
1005007076874814
1005005353891443
1005007122108012
1005001678047219
1005006996210572
1005007043704986
1005004430758259
1005004637062462
1005007160897339
1005007150671248
1005007160802529
1005007150724200
1005006931599087
1005003448871084
1005004447785720
1005007123596012
1005007128580427
1005005714134478
1005007150097645
1005007149994687
1005007148177992
1005007150655377
1005007128820047
1005004767133322
1005004277810708
1005006955250212
4000123888195
1005003018465082
1005003175462965
1005005248516367
1005001834956103
1005005367110177
1005006768713560
4000166555963
4001181030451
1005005943142947
1005004568797016
1005005151675549
1005003009038583
4001228440730
1005005920233798
1005005612629871
1005007148735289
1005006115091434
1005004037824319
1005007409740803
1005005867289765
1005007650528150
1005005557535389
1005007128700178
1005007407735742
1005003223507678
1005002989585999
1005006706829085
1005001971900888
1005005965438675
1005007059614312
1005003175592762
1005006834596542
1005005875558687
1005006467600583
1005006900030599
1005004725417547
1005006066267826
1005006256350228
1005003982048979
1005007206216045
1005006666466422
1005004076305500
1005007089263811
1005005867268926
4001208944519
1005007150589489
1005004415240529
1005003494353205
1005004596125676
1005006261667398
1005005296818631
1005005946841408
1005005373211650
1005004158029872
1005005565552720
1005002426746863
1005004149543845
1005006274259321
1005005563400104
1005004444807589
1005004309917218
1005003686996398
1005006523303259
1005006212051415
1005005466151147
1005001278952858
1005007234601523
4001235666699
1005006706772299
1005007002637964
1005005233955974
1005006075967008
4001230624925
1005003184018001
1005007523184864
1005006706626662
1005005325178786
1005005467901074
4000106187941
1005005251977815
1005004752013494
1005004348430947
1005005867353247
1005007407855233
1005005666132665
1005007484798474
1005007410505329
1005005897815493
1005007341756007
1005007142472790
1005005481081745
1005004332749944
1005007409762766
1005005388285923
1005004300965164
1005006830899240
1005006419798367
1005005191887852
1005006722422294
1005007644122598
1005005939089929
1005001335387475
1005003175846965
1005007148779197
1005002575562991
1005005985297880
1005005867336561
1005005302694882
1005004748649448
1005004910465722
1005005707888633
1005003377473174
1005003461250737
1005006045778895
1005004004359592
1005007310650269
1005006053359961
1005004662096576
1005007125519019
1005007407728733
1005005707960387
1005005832916298
1005007310522271
1005006968306285
1005007410507333
1005005698872668
1005007150029724
1005005770495558
1005007635744865
1005004899583147
1005003175654616
1005004546569536
1005007003018122
1005005297039978
1005005039331702
1005001996234316
1005006063704203
1005007124959949
1005005871775708
1005006048906130
1005005857921227
1005006598151173
1005005066629485
1005004865651460
1005007150688301
1005007564148430
1005003812738593
1005006056510235
1005007000377112
1005005976155773
1005005883455317
1005005998200554
1005005471595606
1005005060889395
1005005325720161
1005007714550481
1005007783362585
1005007709830092
1005007774633848
1005007761267053
1005007795205570
1005007765140319
1005007729867292
1005007702766092
1005007702923310
1005007657670248
1005007712725577
1005007703038706
1005007766203022
1005007646963116
1005005891942628
1005007777611230
1005007774335112
1005007702569324
1005006008169698
1005007734937493
1005005003481668
1005007700010569
1005007761244186
1005007774413260
1005005893164864
1005007480578018
1005006706553908
1005005622706867
1005005951176239
1005005789790752
1005005721921961
1005006206853003
1005006014455770
1005007768626168
1005007768516361
1005007768453804
1005007768417905
1005002825641168
1005007722759004
1005007703077722
1005007701163839
1005007702472658
1005007734950827
1005007736719723
1005007812199238
1005007787203980
1005007787289312
1005007256755543
1005007407627932
1005005892489735
1005007144777874
1005005687044388
1005004439469203
1005006919290648
1005005918253940
1005004094948660
1005004116666639
1005007116603612
1005005072667881
1005004418796146
1005004091031364
1005005928613695
1005006960053876
1005005958841266
1005006610203877
1005006085211797
1005006168035942
1005005563416392
1005006706735364
1005005581797569
1005007775273258
1005007713796125
1005007692698075
32962517236
1005003075735610
1005006065402943
1005005814661291
1005005782580424
1005003568519198
32834085003
32983466912
1005001706093012
1005005237998527
1005005915786120
1005005799436400
1005005503881251
1005007216447607
1005005862949509
1005004101894549
1005006212248846
1005003706644790
1005007271047897
1005005594313651
4000562700872
1005001274606317
1005007381578876
1005007389634334
1005006727152509
1005006749437500
1005002622257837
1005004266049258
1005007218061755
1005001476284383
1005005580220303
32838358299
1005004273062582
1005007401051086
1005006400351954
32864640936
32851626329
4001274140551
32847970703
32957591946
1005001350977320
1005002978136852
1005007533426093
32860158132
32893388873
32970567966
33001030614
32967745076
32986036425
1005007032164240
32665689696
1005003369032107
32502685472
32986709462
32999477405
32966575705
4000720366382
1005003204055262
32954580963
1005001665629475
1005001776099816
4000460197269
32249119693
32969209875
4000411744096
32996421358
4000309900523
32894220568
1005003145377728
4000849612934
4000585096092
4001122688988
4000589664114
1005007574726426
4000561434829
32865690880
32667080034
1005006986996490
32666824899
32785926934
32964506849
4001244456472
1005007029543251
4000489465486
1005001345334595
32837075557
4000503823325
1005004052666941
32963204445
32958647177
32993221047
1005001658396978
32950928265
4001010369469
32964162140
4000459513523
1005003152156160
4000867616196
32952803661
32859089976
32966396031
1005001345610112
32861507899
32965025287
33025571192
1005001273125420
32859121322
32858647983
1005001818055715
32859512596
1005001804660381
4001161804937
32536909414
1005001648262389
32903848111
4000454018637
4000595028748
4000490150980
33001110405
1005004052825454
4000045012668
4000484381268
32856857098
32964639519
32965773227
32967249271
32949762260
33023995510
4000680309689
32858667525
32959112626
4000836903378
32952950181
1005007724085298
1005007748348809
1005007748435631
1005007748556004
1005007759716209
4000488944702
4000781927167
32665798031
32665681693
32989902879
32859133209
32754278671
1005005891367608
4000090232953
32706940138
1005007001663005
1005007036703908
33015003307
1005004050921635
1005006143057860
1005007083798978
4001356472634
1005007087155423
1442257823
32848266399
1005007344630249
1005007177294636
1005006043845484
32648915135
1005006993044261
1005006355198353
1005002925336937
1005007300670271
1005007479315516
1005006997248822
1005007037422733