32779669595
1005003001148267
32324400567
1005006768043825
1005004957680981
33012692497
1005007444338381
1005007010568042
1005006056633153
1005006477686683
1005006594046612
1508858720
1005006040100848
1005005861924588
1005001883030559
1005004957683908
32761846404
32926462447
1005006916461307
1005006449929518
32948023983
32797699356
33057674022
32327377187
4000271784857
32352985004
32860195491
1005005705182300
32837800116
4000863912416
1005005718707963
4000313312813
4000259790792
1005005891984522
32495923794
32315679587
32326251923
32316518789
1005003170902169
1005007429519693
1005004957842574
1005007601913591
1005007506961783
32993105960
1956718644
32519043931
32568857879
4000007921532
32356924738
32355211584
4000260067423
1005005796658834
32895608299
4001291816255
1005004178140955
32965169250
32760622818
1005006753561892
4000558678776
1005006718977109
1005003657204855
1005005918250998
32354908059
33036751796
32695474477
1005007207029852
1005006233502794
1005006395246054
1005006399058382
1005006401288741
1005002040327134
1005001864440317
1005007518700592
1005003486548954
1005007118187423
32931262418
1005007142915102
32947042683
32597906794
32859716148
1005006015185343
4000087841294
1005003003516090
32729312564
4000976943365
32692467747
1005004795580255
1005003736027555
32598556418
1005006115094613
1005005039627637
33018395207
1712178117
1005005905987404
1005007148096436
1931704699
32917730461
4001131369120
4000550228143
32861514073
1969297796
32993072981
1005004063961567
1005001342805955
32867833000
1005003221860383
1005003639004487
1005003228920969
1005004267671594
1005006786564745
1005007075129174
1005007640832080
1005001600911109
1005001600480460
1005002041637658
1005001747587062
32730030131
32733912502
32736067703
4001069076720
1005006728675615
1005006971174250
1005003535072096
1005006925540552
1005006476524540
1005007060127223
1005002834086626
1005003084988977
1005007204527133
1005005457356964
32865681310
32971899409
4000049712001
1005004888692941
1005004163881422
32495194594
32637975607
4000263686226
4000762635222
32437338608
1708965153
32762731571
4000421613128
1005001717670535
1005004409209708
1005006005576238
1005007067379542
4001170166718
1005005232009193
1005007395133218
4001029536030
1005003725816405
1005003332281378
4001012525438
4000880100793
32674675473
4001131360460
1005006869740499
4000289352339
1005006481048467
1005003787155254
1005006722222919
1005007059998632
4001116838887
1005004585719574
32398052567
32829307336
32461242356
32786008687
32816007856
33001644107
1005002687631808
32912273111
33008716224
32719473658
32861978251
32308076509
32773186479
4000570176141
1005003616046248
4000814927270
1005004638684756
1005006726810398
1005004035123377
1005003024287811
1005006434387633
1005004883363296
1005003657304191
1005003156545262
32860654838
1005005921474405
4000297485053
33056827576
32860674497
1005006810294960
10000330804684
32859672947
1005007021672954
32861719875
1005007561629682
4000995007355
1005004720657404
1005007362776654
33009275933
1005005902153182
1005006389585086
1005006594274896
1005007436554416
4001127875084
1005007000213899
1005006505493623
1005007587549429
1005006685303409
1005005642935068
1005006457252571
1005006226159653
1005005633003077
1005006085909538
1005005579636297
1005003784832535
1005006166472453
1005006304977747
1005007226088823
1005006807364069
1005006143712267
1005006037868314
1005004047307560
1005007344943702
1005005925141321
1005006151678562
1005006850160351
1005005221715553
1005006772909722
1005006007509680
1005006232834286
1005006955390302
1005007087445040
1005007064953400
1005006999995430
1005001900646438
1005007224842393
1005007173726364
1005006313673466
1005006302127916
1005007066960533
1005005862890790
1005006884716046
1005005948103257
1005006893860700
1005006403885181
1005004064152864
1005007000614265
1005006692186988
1005007104962256
1005006995972175
1005006101387949
1005007658334975
1005004595928910
1005002011956519
1005007586036798
1005006117212309
1005005826601648
1005005911088565
1005006918387892
1005006488700940
1005007430099644
1005007571842217
1005006991848795
4001142438694
1005005253819763
1005006281962706
1005006061146157
1005005644194207
1005006646264972
1005006096388534
1005007150908675
1005003107633584
1005006448020129
1005007232248467
1005004376242720
1005006199861744
32962338592
1005002297614807
1005007014038185
1005005526496690
1005005933526372
1005006208236256
1005006947883513
1005006332015463
1005004985458461
1005007161202356
1005007126361157
1005007631348465
1005007020713584
1005006161565063
1005005989509499
1005007591208487
1005006966399059
1005007618945451
1005003432755435
1005007584885705
1005004513728400
1005002350556574
1005007552644088
1005006534325084
1005006984581455
4000237963327
1005005277836948
1005007635857120
1005003397174306
1005004934463250
1005004356263349
1005006405043887
1005006699103533
1005006301752420
1005006060448098
1005005713452625
1005006491594056
1005005060727984
1005006789412750
4000941180402
1005005544866814
1005005501156856
1005004469434878
1005004115771059
1005005916691148
1005007629757037
1005003696102633
33028366607
1005007354945659
1005006437115111
1005007462801549
1005003639345283
1005006857997622
1005001703033150
32708275686
1005006260841444
1005003396069190
1005004791867334
1005006354895220
1005007487432331
1005007130902563
1005006140479673
1005004657588970
1005006782715034
1005006469253629
1005006020919344
1005005889056302
32520837485
1005005960832966
1005007523223891
32854276845
1005006377466256
1005007541602797
32809993351
1005005760335580
1005004595989451
1005007594517001
1005006412685646
4000643231049
1005006385970196
1005005844261008
1005007613354185
1005005073428034
1005005827263587
1005006006240188
1005001437624340
1005006864136537
1005006577749611
1005006289449527
1005007148552542
1005005924033860
1005004864628269
32727152781
1005007418302835
1005006285737019
1005005237774625
1005006270521695
1005005532543580
1005005847900971
1005005513698357
1005001615867450
1005006498306782
1005005639143235
1005007316266217
4000429056265
1005002305918567
1005006794423734
1005007393703659
1005007059544337
1005006706583265
1005005104945927
1005006056899344
1005001453314997
1005007246998171
1005004934498937
1005006064692374
1005003256444552
1005007615167024
1005005941763257
1005005613771473
32825647866
1005005081363548
1005004212582078
1005007632526334
1005004689691523
1005006289646371
1005007026703556
1005004913472463
1005005417662698
1005007641305082
1005006698907700
1005002116818516
1005007681018811
1005005100173428
1005007166263466
1005004952763280
1005007218899503
1005007232503076
1005004965979390
1005004481904738
1005001516277863
1005005915622522
1005006450322957
1005007428177344
1005007673069229
32619120722
1005006271094514
1005006220026482
1005004862499336
1005005362832718
1005007289269543
1005001860096499
1005004436366812
1005006309878325
1005001774721994
1005005687208326
1005005878810670
32890008135
1005005961944499
1005004505737943
1005007384962090
1005005476494813
1005005763080838
1005005880241358
1005001334390806
1005005241248704
1005006219926939
1005007402211309
1005007662208261
1005005987886153
1005007384953157
1005003774190245
1005004865485859
1005006912529599
1005006911669749
4000473337248
1005006891088890
1005005430928118
1005007511966767
1005001616994051
1005005872099463
1005007572095515
1005003432806318
4000042967419
1005007212113124
1005005199175659
1005005719772443
1005004459338163
1005006539702251
1005006859683972
1005002311057255
1005007292607285
1005006200215003
1005006791955637
1005005544874606
1005004882005340
1005005961053776
1005005104913718
1005001809630831
1005004258718708
1005005186225417
1000006771161
32913387680
1005005605967355
1005007498750229
1005005893813853
1005006133261277
1005005434509846
1005006737998191
4001264179727
1005004596018184
1005006683413928
1005004904039495
1005005272299860
1005005609080757
1005004869717946
32821675257
4000539841346
1005007594605662