1005007273084271
1005004777792081
1005005858918177
1005007431583546
1005007426205478
1005007188614201
1005005187946173
1005005305158482
1005003716087472
1005003999613437
1005006727935198
1005002973016466
1005005463456022
4001163994355
1005004791949514
1005003397918119
1005001877130423
1005004974905837
1005005187818346
4000833109343
1005001529674211
1005003166005747
1005004379303355
1005005297070664
1005004228452769
4000586860343
1005005165131607
1005001507220074
1005004918914799
1005004809910203
1005004898363828
1005002549547541
1005003532441663
1005005999928275
4000322242585
1005006721971873
4001280405841
1005007421561950
1005007459608300
1005007455164516
1005007396573418
1005007409872883
1005007097244886
1005005791066812
1005007342076893
1005006887557264
1005005042394423
1005006939758683
1005007251779684
1005007423030623
1005007046573455
1005006130432398
1005004062285331
1005004920460477
1005006929671239
1005006781756091
1005007016816175
1005006173760859
1005006902390868
1005004819543534
1005005649180209
1005005208699479
1005007123576426
1005007408864310
1005006318946355
1005007359835904
1005006902253576
1005006777097880
1005005484301802
1005006923756759
1005005467287331
1005007089363122
1005007460721538
1005006374503667
4000579963536
1005006337939293
1005005791672655
1005005507635609
1005005779350262
1005005546437986
1005002944243663
1005006923892367
1005006797993669
1005006729407893
1005004983685140
1005006166368335
1005006755370406
1005007022420729
1005005478189094
1005007120948800
1005005231139731
1005005445228828
1005004916263975
1005007346940419
1005007233374174
1005006902597232
1005007436381454
1005006695488375
1005006297142405
1005007418393487
1005005641531301
1005006618191996
1005007370066107
1005002362076931
1005007342182937
1005007408306926
1005007242511430
1005007378347185
1005005912832665
1005005785606954
1005007223489153
1005005586843279
1005006262672436
1005006269859849
1005007097690163
1005004389563443
1005005897399849
1005006975277806
1005006079597373
1005007106286819
1005005968352760
1005006277041497
1005003257683308
1005005226537235
1005004781420129
1005006683502886
1005002991908163
1005005791259772
1005003373968986
1005004523477700
1005007059659425
1005007078566835
1005006975457865
1005006328000437
1005006897160324
1005007457152269
1005006076405281
1005006924798766
1005005210347648
1005007117447231
1005004506181211
1005007047639045
1005006853394055
1005007004169570
1005007369835876
1005007116389886
1005007212739076
1005004869754806
1005006640181342
1005006588517006
1005005870077270
1005002270199954
1005007063105828
1005006357167409
1005007103633407
1005004665096515
1005005241370142
1005005904626143
1005005832078567
1005006420896002
1005006732600758
1005006409061239
1005006961514420
1005004886413316
1005007439199767
1005007393466671
1005006722351786
1005006443466784
1005004745730001
1005006528131590
32231580513
4000742462721
1005006809937802
1005005170423139
1005007411553621
1005006070198221
1005005993806934
1005007254499550
1005005573872836
1005004746735071
1005007021566921
1005007393542115
33049099914
1005004888404323
1005006620419223
1005007010687866
2039638349
1005005973691551
1005004934526771
1005004896407633
1005003897299902
1005003434523444
1005006062605426
1005006032819866
1005005896766013
1005006049537531
1005005996130497
32442454041
1005005806859015
1005006057654036
1005006583050570
1005007039723071
1005006921956914
1005005970680763
1005005215166133
4000780916381
1005005638641402
1005004321480317
1005005367778783
32587513137
1005005982204379
1005005240557228
1005006369640310
1005006046575020
1005004838141762
1005006782960559
1005005633833320
1005006461885299
1005006030281211
1005004350641136
1005006727081342
1005001835283764
32845593766
1005005304835207
1005005561204771
1005003416738900
1005005979041095
1005006767311162
1005005633934471
1005006157613666
1005006756833564
1005006959382021
1005006864985954
1005006745004938
4000777082573
1005005940474236
1005006357865632
4001214205419
4001211022549
1005005637677328
1005001890241963
1005006918302937
1005006187247041
32327878414
1005006304892526
32674240628
1005006040409871
1005007165941147
4001079691045
1005004813626394
1005006293890658
1005005920812948
1005002508883631
1005006072425612
1005007139096105
1005006767590158
1005006172299188
1005003840784343
1005004748910994
1005005490250028
1005006089516463
1005005838115974
1005006318829478
1005006063535305
1005004769523653
1005007295066709
1005007320207218
1005006679585691
1005007089667326
1005006686362437
1005003092160761
1005005452203916
1005004779850580
1005006026953570
1005007356219754
1005007385013256
1005006436044933
1005003134043785
32955325175
1005006679415727
1005001756238396
1005005922478656
1005006690636633
1005002886295717
1005006797707645
32917107090
1005004899732205
1005005416490889
1005002867633493
1005007417666366
1005004645519478
1005005901054008
1005006027228853
1005007442882351
1005004700728425
1005004767320281
1005007401955937
1005006982131354
1005007227943039
1005007064560993
1005004474923392
1005006973550239
1005005716848911
4000249096304
1005004724472696
32812450431
1005004876999580
1005004569818057
1005006395753791
1005006237042559
1005004739168749
1005005850782948
1005004890426339
1005004753421319
1005005929722445
1005003754645903
1005006658987418
1005005945214975
1005005945409034
32212426596
32408537270
1005007119601328
1005006934054132
1005006797974134
1005005721214064
1005006548646267
1005005624039194
1005003146688760
1005003275475417
1005005532765475
1005002392820847
1005006105147829
1005006648648201
1005003657905161
1005007066059895
1005004183440792
1005006034364844
1005005457971153
1005001890392383
1005006781446151
1005004266036126
1005007460759266
1005007282063966
1005007448879204
1005007384849698
1005004733453116
1005007432081559
1005006803944004
1005007432183500
1005002862438109
1005007419979212
1005007426567538
1005006912977661
1005006317930367
1005005460130141
1005003912243736
1005006183331456
1005006020742468
1005005462550124
1005006330411902
1005005720962924
1005006909003068
1005003132245320
1005007338985355
1005005530648280
1005004431041564
1005007261179846
1005007459180060
1005007254864266
1005006091377369
1005007267762897
1005006181188952
1005006337941419
1005005905323042
1005006065258798
1005006555943028
1005007392938324
1005005737883239
1005007439171023
1005006306400269
1005006144945337
1005006169112949
1005007445300669
1005007123210856
1005006174290683
1005006728367661
1005004846745030
1005003368513109
1005007084242512
1005006149926315
1005003019588359
1005007218382964
1005006853243966
1005002754012610
1005005392213065
1005006139923268
1005006232856212
1005003733265708
1005006595595614
1005006244523377
1005006803241995
1005006796785885
1005005135024956
1005006652512662
1005006484137209
1005007184020062
4000051102508
1005006411088895
1005007081147182
1005006024438569
1005006860363718
1005007204988721
1005006127597826
32987486968
1005006235747290
1005006661002674
1005006764698758
4000014924631
1005005109293476
1005007162310347
33035851278
1005006904337178
1005004996597729
1005006861751345
1005005561668135
1005006156426417
1005006413432466
1005007181108609
1005006767261551
1005004482628708
1005006249991963
1005006398102622
1005005623925763
1005006499837605
1005005827972919
1005005818518305
1005006440002814
1005005618547512
1005005037242417
1005006026556561
1005007039283194
1005006843066559
1005006589871086
1005006032160334
1005005633998182
1005004762923918
1005005854888761
1005003631270631
1005005759702447
1005006826611617
1005007181862646
1005007359017541
1005007182052277
1005006664729321
1005004581924931
1005005358643830
1005007181835758
1005007181989911
1005005759675484
1005006826893219
1005003341450709
1005007139679544
1005002745830791
1005006719984679
1005005939405912
1005007129412786
1005002345995513
1005003631244098
1005007160673960
1005004426469636
1005005824968575
1005003091081625
32869864203
1005002730104409
1005002753001064
4000160369659
1005006506107283
1005007116091820
1005003156894515
1005007171217003
1005007162769880
1005002695582907
1005007458966985
1005007413271091
1005003568341184
1005003631300892
32871002159
1005007103090937
1005006001135821
1005006888644121
1005007102796787
1005007226678979
1005007299918514
1005007309784741
1005007378350552
1005005757742181
1005005754869226
1005003343943523
1005006277476427
1005007419517794