1005003652257253
1005007309267199
1005007345057582
1005006789211787
1005007485123563
1005007485176428
1005007254235078
1005007254044432
1005007253884724
1005006639240198
1005007473081579
1005007473089510
1005007473164363
1005007473025686
1005006847042236
1005007657030569
1005006846902773
1005007392619999
1005006278555382
1005007246227423
1005006566084011
1005006539849666
1005007421340861
1005006964519068
1005007309216549
1005006963690559
1005006950483902
1005007545687143
1005006892252522
1005007135188083
1005007002810406
1005006174647932
1005006374851398
1005006441518120
1005007251054142
1005007485029926
1005007009488176
1005007307600648
1005007485421982
1005006998049469
1005007276398077
1005007623912448
1005007432575400
1005006815775824
1005006669097778
1005007323009298
1005005630777840
1005005913050451
1005007254394462
1005007253860756
1005005899888936
1005006065222270
1005007251063292
1005007255960745
1005006727127071
1005007176605071
1005006963823705
1005006362178699
1005007591742870
1005006806916967
1005007337501511
1005007330742268
1005007529154298
1005006997993445
1005006789152679
1005007538428265
1005007629763663
1005006319752274
1005007167617223
1005006838617362
1005006877347600
1005007322891206
1005001823266642
1005006375739089
1005006477933152
1005005978686633
1005006997621690
1005006702617824
1005007623945034
1005007585875404
4001267040975
1005007078913029
1005006967591757
1005007212736366
1005007209236054
1005006173535105
1005007545518645
1005006401763467
1005006892269035
1005006305646064
1005007678774144
1005007254070955
1005007254213209
1005007254338356
1005007254062838
1005007079542785
1005005899854956
1005006225231291
1005007198330051
1005007185518229
1005006180795846
1005007212580541
1005006877626198
1005006877408959
1005006259342298
1005007559760030
1005006110336597
1005005309650714
1005007586408227
1005006971382020
1005007148862116
1005007043008759
1005007521056601
1005006822762085
1005006254775952
1005006140203119
1005006021010110
1005006109442135
1005007108522627
1005007533793291
1005005367557021
1005006890043215
1005007329589156
1005007390545476
1005007504754818
1005007510973630
1005005516376962
1005007197862758
1005006148684368
1005006729477975
1005006092452474
1005007254211699
1005007254258553
1005006259370115
1005007656927786
1005005164134528
1005007634586965
1005006469819134
1005006172415251
1005007634746610
1005006191308998
1005006313598702
1005005515763528
1005005945125838
1005007449223496
1005005565358819
1005006716358377
1005007462537217
1005007122135185
1005007649688203
1005007177779958
1005007021717655
1005006042688607
1005007123333541
1005005801283180
1005006231010762
1005007473357220
1005007629414367
1005007250066644
1005007257626093
1005007542249134
1005001351218843
1005006919060208
1005007486006514
1005007554849284
1005007177801774
1005006883773282
1005006964375549
1005007617159076
1005007531359867
1005004135494129
1005004779939730
1005007432868044
1005006157443745
1005007354518129
1005007499703462
1005007531932399
1005006879136071
1005007297675778
1005007580937973
1005006136788457
1005002512889515
1005007285453033
1005007058441447
1005006948959508
1005007565267920
1005005950961955
1005007251539019
1005007210302593
1005006220990499
1005007095204269
1005007054900157
1005007437926994
1005007389561468
1005006625536153
1005007208319340
1005007571700491
1005007597074292
1005007518767517
1005005563634022
1005005793189084
1005006497650170
1005005146384510
1005001631147689
4000834620467
1005006258605109
1005006486243819
1005003257737042
1005006041446518
1005006988178580
1005005973155009
1005004844517071
1005005686946207
1005005957100959
1005004604298293
1005007119411926
1005006787991291
1005006644951306
1005006289015950
1005007392694717
1005006538636474
4000834611591
1005006500044177
1005006897694173
1005006523052044
1005005038095844
1005004912794616
1005006165253692
1005005923985541
1005006465150576
1005006890147752
1005005989581481
1005005954783074
1005001961784044
1005005675972158
1005006761821187
1005006639345586
1005005085859939
1005005982843377
1005006369247436
4001207780533
1005007102153724
1005007256501105
1005006918144372
1005007030179320
1005006625477111
1005007224745160
1005003144278838
1005005075278464
1005006754414984
4000357165404
1005007097526831
32965220016
1005006890689246
1005007273575711
1005006228024980
1005006667014007
1005006356124979
1005003363563304
1005007077922785
1005006335332596
1005007306701172
1005006262602417
1005005658543394
1005007553607862
1005006949736673
1005006105813464
1005005724482713
1005006008683698
1005006172225883
4000286740721
1005006773716109
1005006754917816
1005006717910230
1005006871788662
1005005491703577
1005007559302464
1005007465543178
1005007453349959
1005007459608091
1005006641175509
1005007453763144
1005004441334684
1005006946841307
1005007258280038
1005007209199710
1005005104734086
1005005396881974
1005005950627232
4000033287716
1005007137820463
1005007091216121
1005006881854147
1005007588772221
33011207966
1005006258583206
1005007273029185
1005006258463885
1005003605484418
1005007297517094
1005007365696924
1005004073510946
1005007244424303
1005006678293834
1005007342990161
1005006465587226
1005006578285780
1005005976843042
1005006434676487
1005006717457089
1005007143141681
1005007375748319
32991369970
1005005881895415
1005005889072442
1005002602967554
32811550557
1005005245823877
32673579517
1005006897914401
1005007657620962
1005003004467664
1005007383964105
1005006171908389
1005007509264228
1005007550626901
1005006944454253
1005007517516533
1005006329744897
1005006122988468
1005007400493570
1005006762208310
1005007299168771
1005006346909331
1005007378865033
1005007077410819
33005996371
1005007178494072
1005007346107637
1005007202371290
1005005038920360
1005006434376215
32831614161
1005007197914016
1005006058601449
1005002944435834
1005007285960998
1005006121425300
32827774669
1005007119195722
1005004015015817
1005004410843599
1005007160424934
1005006064849406
1005006515498157
1005005924755507
1005006716528567
1005006748194555
1005006469006611
1005006656018349
1005003986634566
1005006123032135
1005007349485284
1005006899058100
1005003823677338
1005007016490385
1005006104960167
4001337453849
1005006431323698
1005007177040703
1005001683623313
1005007235410424
1005006039728787
1005006043659161
4000864497942
1005001657975034
1005007278763048
1005006745330697
1005004612720647
1005006685224570
1005007621257615
1005006157664115
1005005296091400
1005006489133094
1005007307912639
1005006470970930
1005007159554676
1005005750465040
1005006865643412
1005007451562979
1005007477515029
1005005933739678
1005006529013992
1005005992619298
1005002596754949
1005006121272872
1005006320487216
1005004786632474
1005007502990359
1005007333827549
1005007451695122
1005007341008839
1005007383100199
1005006746901554
1005003988124746
1005007278526618
4000113559554
1005007299185468
1005004757371880
1005006625447221
1005006254307078
1005005319138986
1005005955294260
1005003545584770
1005005943280250
1005006750753082
1005007120058090
1005005934247954
1005006756507385
1005006285704190
1005007212616569
4000111906057
1005006101978496
1005006637630737
1005007411216510
1005007479523804
1005004120858383
1005007574804790
1005005130798275
1005006640268292
1005003772108924
1005006360424340
1005006631167537
1005006756710224
1005007432867951
1005007178896008
1005007069690492
32955912888
1005007257994933
1005005699046673
1005005429022223
1005006665335091
1005006219390422
1005007482248975
1005007437896042
1005007116430948
1005007519454115
1005007160238970
1005007550765715
1005007273091775
1005006685010573
1005007510313861
1005006861937548
4000112119464
1005003221213184
1005007092687389
1005007555799725
1005006892633733
1005006710885795
1005006466883377
1005005406798121
1005005922362570
1005006900110279
1005004774789097
1005006878890069
1005007216951756
1005005887409689
32993266361
1005005853104991
1005004190202519
1005004757067827
1005007497777074
1005001873665134
1005007450533301
1005004796041852
1005005951252481
1005007342922321
1005007584722698
1005007378836610
1005007016650864
1005005968926527
1005002025011881
1005003649086608
32991445379
32639650154
1005004844245072
32567365086
1005004848413472
32841703711
32887542443
32859067579
1005002287527424
4000176466596
4000880447289
1005007113912029
1005006341015332
1005007477264957
1005007540019566
1005005038922749
1005006755270115