1005007668835567
1005007670420299
1005007670287275
1005007670378514
1005007137463917
1005006461834235
1005007512020086
1005007468082448
1005004438850388
1005005424237568
1005007683233440
1005007677480581
1005007676016572
1005007562583357
1005007345553400
1005006317110502
4001184388803
1005006585542954
1005007667152063
1005007667073533
1005006821236538
1005007121848785
1005007150836029
1005006592701958
1005007128957879
1005007613510583
1005007045172487
1005006455197005
1005007668052028
1005007328171031
1005006896753865
1005007253427184
1005006416172315
1005007348984178
1005007436896848
1005007487369538
1005007347542625
1005005775730964
1005007262458479
1005007393556631
1005007184926008
1005007107705257
1005007553142869
1005007245810509
1005007008201299
1005006587969168
1005007122775669
1005007368563847
1005006636374535
1005007054083282
1005006529406146
1005007401176486
1005007003470349
1005007209728453
1005007279208047
1005007432866073
1005007437376926
1005007392080350
1005007352576409
1005007378616089
1005005783725393
1005007576588586
1005007473116578
1005007493724944
1005007598111688
1005007620873503
1005007592439746
1005007558266503
1005007557860933
1005005857005258
1005007008679985
1005006865807268
1005006831839728
1005006488769887
1005006826145321
1005006804139528
1005006540022920
1005006813432305
1005007506208457
1005006846717235
1005006362014935
1005006582179768
1005006006975225
1005006068097927
1005006019920632
1005004003888136
1005006168913883
1005007359895790
1005005804564858
1005006692871560
1005007556748152
1005007659160724
1005007103771746
1005007034609990
1005006957873718
1005006221343563
1005006720531937
1005007642198321
1005006053689722
1005006660429262
1005007357731683
32867444098
1005007002658036
1005007502701530
1005007113524532
1005005835021250
1005005612238877
1005006302306984
32838347753
4000191926266
1005007437984242
4001165964413
1005007158443568
1005006760970486
1005005220833318
1005006266282524
1005006267360411
1005005929977384
1005006096729982
1005007487810333
32625959206
1005002913400923
1005007642609065
1005007579293235
32878288713
1005006002286516
1005007577691831
4000675384550
1005007578799554
1005005743242818
1005007496920983
32965795234
1005007455380690
1005006974568583
1005004711501771
32862669847
1005006775834712
1005007577858342
1005007372009854
1005003434000324
1005007654476334
32624595203
1005007363826770
1005007335993129
1005007210143310
1005007267646079
1005007225369195
1005007604213126
1005007654684142
1005007796317990
1005007793044331
1005007210377188
1005007444900799
1005007051186851
1005006858770207
1005007204357534
1005003908860458
1005005815947937
1005006618856763
1005007537754786
1005006112008130
4000215253052
1005004728589158
1005003195184484
1005007646479591
1005006529718344
1005006527789545
1005004905585800
4000332174791
1005004368779401
1005007408597467
32768826376
1005003583017704
1005006180522672
32911031044
1005004398589872
32446257381
1005007158292459
1005003198352630
1005004757428518
1005004910003691
1005003304736708
4000010997350
1005006254945064
1005004940404789
1005004757653735
1005006246090123
1005003306913975
32497172637
1005006323453412
1005001350066114
1005004676058599
1005004882925664
1005004922073338
1005007340866060
32949828318
1005003148503888
1005004342709604
32950712529
1005004726246008
32882956489
4000966989033
1005003350125110
1005007192367727
1005007228304862
1005007302875100
1005006583853734
1005007208319278
1005007049536303
1005007528466494
32981890509
1005007444443964
1005006663588306
1005007103736843
1005003112406491
33041051341
1005006527790615
1005007493370788
1005004734940329
1005006783161930
1005004281053587
1005006397766111
1005006769515457
1005007526487553
1005007055360516
1005007551626612
1005006778944632
1005007551792354
1005006393593759
1005006405050722
1005006626440932
1005007520103323
1005007431135403
1005006410752385
1005006028596972
1005006378078812
1005003428267688
1005005843323749
1005007497994006
4000344537563
1005004584719922
1005006108141306
1005005473790785
1005006169029245
1005004942092216
1005005057499511
486892956
1005006129387526
1005005925209281
1005004870955951
1005006097646787
1005002801247759
1005006195420041
1005006128151536
1005006081493748
1005006190908195
1005006254483688
1005006118835586
1005004633294255
1005006014148535
1005006481596745
1005006548769870
1005007430896889
1005006803876921
1005007519315531
1005007362430685
1005007551708430
1005006609867085
1005007519930868
32911793200
1005006949984789
1005007262704236
1005007430964709
4000910070037
1005007551867250
1005004628567848
1005006510137874
1005006536789510
1005006123323720
1005007526874192
1005007526760164
1005005111301230
1005007529745711
1005004632934653
1005007431327052
1005006190733228
1005007431305107
1005002956836240
1005004712829297
1005007163682983
32936125390
1005007608678385
1005007005808288
1005007515788438
1005007483598417
1005006218023242
1005007039398129
1005007521833467
1005006503147069
1005007515357651
1005006400181437
1005007551621581
1005005881531129
1005001596556431
1005007551699462
1005007431284173
1005004892368919
32790121552
1005007049538263
1005007049424530
1005004329342495
1005007350423719
1005007320769336
1005005944651160
1005007009579344
1005007483212529
1005005902493839
32793015493
1005007576586758
1005007431274159
1005004638933988
1005007049493379
1005007331933187
1005006009802054
1005007055638185
1005006595217233
1005007682325879
1005007151438018
1005007809264251
1005007809009662
1005007803403481
1005007809723677
1005007815348277
1005007828752202
1005007828723355
1005007828739275
1005007827714775
1005007803517190
1005007827230383
1005007519778155
1005007399980291
1005007329544586
1005007633201881
1005005851898598
1005007821853525
1005007698192174
1005007813793212
1005007813370515
1005007810220605
1005007752167005
1005007744350324
1005007715172421
1005007794775857
1005007744325355
1005007755728369
1005007109132975
1005007710567153
1005007791626766
1005007791660707
1005007768694166
1005007310127862
1005007768555513
1005007768599389
1005007760144438
1005007760012627
1005007760116360
1005007751075565
1005007750997323
1005007730164033
1005007519815093
1005007519499377
1005007526244791
1005007526359649
1005006381652088
1005007515263782
1005007518923581
1005007572089284
1005006381454957
1005007515538213
1005007519700100
1005007526487821
1005007515433522
1005007529940678
1005007515431551
1005007519360621
1005007515300836
1005006378095575
1005006999577257
1005007519533422
1005007526377721
1005007515242840
1005007515567130
1005007515264765
1005007515594106
1005007515388562
1005007519889397
1005007519328434
1005007515360661
1005007641962784
1005006744120280
1005007515397480
1005007519593120
1005007633470789
1005007515445442
1005007526507902
1005007519007793
1005007519669240
1005006164160949
1005007768524653
1005007744096863
1005007744270503
1005007744278419
1005007744275476
1005007724784654
1005007724763754
1005007724835379
1005007724842321
1005007724782643
1005007724747792
1005007724784653
1005007703313950
1005007703543374
1005007703451557
1005006249476651
1005006619524158
1005005686817597
4000335591219
1005007144878201
1005005278411106
1005007316968512
1005007288172077
1005007641808534
1005006587990015
1005002771225937
1005006364741517
1005006680228705
1005007457613916
1005005825961660
1005005978712332
1005003840063265
1005006188879597
1005007518204531
1005006258876633
1005005871478072
1005006654513142
1005006597095880
4000599463887
1005007066740415
1005007306192822
1005006615549626
1005007423948111
1005006125887087
1005006593515713
1005006603233671
1005006879986099
1005007048776695
1005007422930077
1005007439116440
1005007569502662
1005007297773111
1005007378140129
1005007469867642
1005007467901300
1005006805383033
1005007270722527
1005007104451003
1005007089980132
1005005900876877
1005006750201990
1005006112905843
1005007424217445
1005007037588327
1005006164665409
1005005182470678
1005006962309713
1005006046261895
1005006646086988
1005006995380703
1005007307999729
1005005178694925
1005006739239867
1005007294789064
1005007352367966
1005005204000157
1005007005985349
1005006869847059
1005007089845626
1005006171154266
1005004211742367
1005004291157799
1005007480197664
1005007531620888
1005007431954365
1005007506300431
33024922751
1005007394356785
1005007322364173
1005007575859849
1005007163552597
1005006452381153