1005003047788429
1005003984513057
1005006124801882
1005007565290707
1005007035948129
32970759862
1005006342990219
1005003161679736
1005007393504904
1005006011642027
1005004902129806
1005006466578607
1005006111839573
1005006135505964
4000966074064
1005007250933313
1005005874379282
1005006223661882
1005004633541644
1005006689274608
1005006410387983
1005006158594727
1005007469697358
1005006309366393
1005005427941930
1005004155435072
1005006786816693
1005006996563698
1005003380032346
1005005838236787
1005006025961723
1005007448834653
1005004680647406
1005006211564147
1005001453506186
1005007102498475
1005007338844633
1005007385332767
1005005364173827
1005006877717667
1005006988483268
1005007560773522
1005007340244436
1005006820878855
1005005714530307
1005005072738044
1005007270017597
1005006318658111
1005006119518626
1005007542498117
1005006318493820
1005007559428005
1005005883253787
1005006784934541
1005007488279907
1005006119457869
1005006829932596
1005007508992170
1005007542860169
1005007185500435
1005007191728340
1005006973841796
1005007776664691
1005007710798780
1005007776678923
1005007738262277
1005007726196578
1005007710753670
1005007776393799
1005007725992812
1005007770189810
1005007559108835
1005005883462548
1005007192700704
1005006880602135
1005005031913974
1005007556676481
1005006901231053
1005005812676335
1005006391598265
1005007282343062
32966110670
1005007469003167
1005007246103934
1005006382953190
1005004920117715
1005006630283593
1005002069157153
1005007629772238
1005007552568855
1005007801447118
1005007795092115
1005007796288678
1005006908988153
1005005744211887
1005004345491870
1005007575359201
1005007639130881
1005007246389861
1005007246820143
1005007246311698
1005007246763370
1005007244827950
1005005796474645
1005006116421328
1005007619988965
1005007138030002
1005006721214712
1005005501481747
1005007619653987
1005003711120639
1005007266434559
1005006589783289
1005006877870346
1005006925134631
1005006961536616
1005007360420737
1005007253680678
1005007347112453
1005004104902619
1005006575239051
1005005644317586
1005006265389354
1005005960485035
1005006305556868
1005006302391968
1005007136472208
1005006703313640
1005004638749910
1005006156787623
1005005540330103
1005005644669781
1005005812606889
1005006313192190
1005007313835951
1005005517778247
1005006160903253
1005005691679105
1005006140514478
1005004556952159
1005006262337960
1005005994648870
1005007394462372
1005006220195771
1005005506623299
1005006102758537
1005006249830716
1005005874968670
1005005996430055
1005005985879549
1005006136134813
1005004577433217
1005005990799157
1005006220087363
1005006239747810
1005007309977180
1005006053951004
1005007546204492
1005005098257146
1005005745708081
1005005590268617
1005006151760571
1005006109693992
1005006963056881
1005005812632757
1005004847176001
1005006220048184
1005006430315002
1005007420471039
1005003113005057
1005006346264184
1005006575234066
1005006583010785
1005005806487162
1005003967373036
1005007321947514
1005007403869358
1005005338139700
1005007075899079
1005005527675977
1005006879932311
1005006931429117
1005006909998927
1005007384786620
1005005810527496
1005004040969057
1005006213711083
1005005588705636
1005005905037950
1005005246265875
1005003979894942
1005007354392995
1005006371089118
1005006410678652
1005006190429477
1005006860508637
1005005393399418
1005006265970661
1005006641123420
1005007581308340
1005007330794154
1005005558953272
1005006240282014
1005006186692475
1005003434830674
1005007150648074
1005005478697778
1005006362818313
1005006822205537
1005006838278342
1005006865950573
1005005652591697
1005007143308484
1005007433180842
1005005990625863
1005005692322436
1005006968549156
1005005538363794
1005006763284151
1005006265080531
1005007575641996
1005005476918735
1005007193014647
1005006115041326
1005005816075281
1005007069155300
1005006513350541
1005004983206253
1005005905735853
1005005460814804
1005005962147511
1005006119202079
1005005452433370
1005005848696129
1005007157995733
1005006000390242
1005006009174837
1005005553756164
1005005553044351
1005005547353179
1005007150185802
1005007346347877
1005005411523644
1005005204190982
1005004836770881
1005007068868822
1005004647780118
1005005905516966
1005006864161345
1005003688210904
1005006077798547
1005006747931347
1005006100121833
1005004904053354
1005005913146829
1005007614645419
1005006439883151
1005006239815607
1005005990569114
1005006003016569
1005005996417367
1005006046698422
1005006385556534
1005005497752090
1005005901063841
1005007433410465
1005004444283180
1005006451755206
1005006832743084
1005007460257333
1005007454016598
1005007226800759
1005006909724548
1005006871108199
1005006969652596
1005007005049505
1005006157522243
1005005504928362
1005005807059031
1005006125166353
1005006858953679
1005007069261193
1005007069315212
1005006928038419
1005006921723808
1005006871433016
1005006921912590
1005006926075137
1005005131787361
1005007099443616
1005005807069536
1005006235669064
1005007583640715
1005007119675314
1005007682550095
1005007370531120
1005007310197147
1005006577516628
1005007634447890
1005005079086749
1005007528129777
32845659428
1005005597986855
1005007312958356
1005005624033215
1005006577152642
1005006485716906
1005007385929583
1005006881300681
1005006528580464
1005007518335216
1005005986529297
1005007321867942
1005007219634122
1005005201354525
32919448341
1005004013139978
1005005961097845
1005006724841437
1005006907826379
1005005601613506
1005006624459309
1005006861498388
1005003750782271
1005006960063019
1005006779555318
33045888282
1005006781969355
1005005708606874
1005006870782204
1005006167126116
1005006991206428
1005006144001682
1005006971823875
1005005441171126
1005006866139366
1005005873884898
1005005211151179
1005006277491977
1005004598275514
1005005899902994
1005005582066561
1005006364221576
1005006800056557
1005005232741554
1005006806183037
1005006926405372
1005006682999587
1005005913746866
1005004029350244
1005005604513512
1005006733655646
1005007317249537
1005002356607751
1005003262909129
1005004022917577
4001108127789
1005007026698078
1005007001414435
1005006536894581
1005006746670156
1005002361609043
1005004053966230
1005006689074956
1005006859654925
1005006681281343
1005002919108280
1005006111783022
1005004865561633
1005004360584457
1005006881487667
1005003301212619
1005007084652546
1005005043066725
1005004117395137
1005005553986452
1005005956675848
1005007017371726
1005006975172433
1005006969210619
1005006323899293
1005004621800115
1005001947818740
1005003342518059
1005006943688648
1005007224253431
1005006015466181
1005005610314084
1005002388862959
1005006636205139
1005005583686462
1005007560624837
1005006409100917
1005007054396285
1005006620429219
1005007613811578
1005007171249186
1005006996339735
1005007038213558
1005007289857615
1005007649910242
1005007480327451
1005007228119173
1005007620934806
1005006953073172
1005007020685801
1005006749890627
1005006704497031
1005007454550458
4000083526991
1005006770792022
1005007002340732
1005007576542645
1005007440165843
1005007667344226
1005006723764733
1005007532884150
1005006159986048
1005007181011808
1005007621149184
1005007089281764
1005007503659755
1005006640251550
1005007477753715
1005006271924172
1005007103853047
1005007161560998
1005007513297728
1005007352908247
1005006719030843
1005007632686038
1005006806971511
1005005472733426
1005007475774493
1005007353941687
1005007196979564
1005005657527022
1005006429717727
1005007457715682
1005007211636937
1005006729552422
1005006674284696
1005006997267345
1005006424074866
1005007198614395
1005007286657258
1005007588241040
1005006950247591
1005007654356432
1005007560175848
1005006399808031
1005006090099489
1005007613132917
1005006936420344
1005005953106910
1005006551342827
1005007622168495
1005005991190745
1424030811273518
1005006844248249
1005007614017108
1005006878393853
1005007277762810
1005007666792751
1005006410764105
1005007275178264
1005007321617574
1005007510550452
1005007205281056
1005006631090929
1005006844445639
1005006201010327
1005005606726649
1005007176979930
1005007457324245
1005006744418652
1005007209958817
1005007648529826
1005006796484611
1005007557961893
1005007494559245
1005006593620037
1005007371022713
1005007121722917
1005007287364082
1005007348128222
1005007184041137
1005007508080499
1005007485615438
1005006861696776
1005006697840995
1005006942658361
1005007417599991
1005006876495408
1005006749781100
1005006005341832
1005007476260456
4001143360153
1005006408622379
1005007211403066