1005006052107093
1005006310809843
1005006822610567
1005006678750271
1005005042120630
1005006959723213
1005006915964590
1005006737966447
1005006903467779
1005006858179196
1005006127727546
1005004664149690
1005006141288174
1005005909075108
1005006822787296
1005006955214866
1005006856658034
1005007182751707
1005005187826238
1005006477832822
1005006909830163
1005007217571905
1005005940873067
1005006524486937
1005006099017817
1005006903743118
1005006278865426
4000041720143
1005004704061145
1005005643171452
1005007008894464
1005005505454523
1005006869232965
4001054635327
1005006990590424
1005003667765768
33002493194
1005005589491859
1005005232080976
1005005892578307
1005005777375774
1005006445203341
1005005092650159
1005006420622440
1005005774866977
1005007359718875
1005006783624223
4000132360568
1005007296101794
1005006113016765
1005006907762584
1005001844795262
1005006311233193
1005006231822916
1005006764492505
1005006519401802
1005005675440867
1005006956514214
1005007037117068
1005006053669506
1005007245047833
1005004704522026
1005005883212371
1005007177971343
1005006685907131
1005006719091609
1005006852232668
1005006851318647
1005006814360239
1005003056592196
1005002376189816
1005006909612620
1005006501319900
1005005835387968
1005006911290793
1005006949164413
1005007473247052
1005007466337916
1005007386101264
1005005288182066
1005007471653494
1005006270621450
1005007485831979
1005007481202905
1005007091103632
1005007233124230
1005007091905015
1005007470565167
1005007470446389
1005007361481525
1005007066380680
1005003391650697
1005007408878199
1005006907859228
1005006911383536
1005007076058124
1005007473928109
1005007462803245
1005007485925446
1005007485854467
1005006820628350
1005007438873590
1005004154613320
1005006659061422
1005007471622789
1005007471854265
1005007471961029
1005007471745360
1005007471757462
1005007471803205
1005007471702561
1005007471678477
1005007439481035
1005007455304193
1005006907570035
1005006907533044
1005006907266954
1005006534633507
1005007461689832
1005007443751294
1005007309536726
1005007456614673
1005007457460946
1005007461741290
1005007457650652
1005007458172690
1005007456675363
1005007461684523
1005007456663733
1005007456953122
1005007456470734
1005007462239798
1005007454812750
1005006039634824
1005006621585243
1005006565106421
1005007452943945
1005007461897419
1005007457824690
1005007440146787
1005005911489174
1005007315729005
1005006983905012
1005007431108811
1005007363304026
1005006949594591
1005007289146272
1005007432909669
1005006960129269
1005006868950893
1005007196049904
1005007438545740
1005007348274564
1005007136730302
1005007143558334
1005007441525295
1005007437351500
1005007448197307
1005007363218052
1005007423068462
1005006902251850
1005006469312343
1005007420534089
4000861250974
1005006763531350
1005003540226931
1005007384258670
1005006973931410
1005004895130925
1005007264672111
1005007361062555
1005007360835863
1005007361104631
1005007360735896
1005007361169660
1005006857086297
1005007456545611
1005007458032903
1005007456620527
1005007458060879
1005007456696387
1005007361020621
1005007361125198
1005007002255666
1005006737271864
1005003605161876
1005004069218252
1005006604172148
1005005950760811
1005006539261603
1005006546447259
1005005777863979
1005005813069693
1005005026676803
1005004862629381
1005006155842395
1005006893044614
1005006366384416
1005006892539286
1005004945207305
1005004861405044
1005006346804842
1005004694793054
1005006879065311
1005004848229454
1005004848252518
1005004915629723
1005006801043331
1005002602717448
1005003593438937
1005007098455045
1005007279385298
1005007051323210
1005007275598576
1005002841965684
1005006595820534
1005007224712392
1005005287982114
1005006347422953
1005006982440683
1005007112721518
1005005969345349
1005006975915053
1005006967981045
1005006967996065
1005001862914558
1005006336448557
1005007008957797
1005003428262111
1005003415097626
1005006472644370
1005004332330342
1005005077881122
1005005667187586
4000782743789
1005006106777996
1005005906289319
1005007125520778
1005007442447060
1005007347233776
1005006341744149
1005007289005892
1005006862339812
1005007368856820
1005006895775677
1005001539837380
4000421273693
1005004551281155
1005005583144289
1005004437281196
1005006819904647
1005005301161238
1005006060425720
1005004530402989
1005004372680693
1005006750199701
1005006122587282
1005006076045270
1005005081533613
1005004743462673
32849586641
1005006369725442
1005006064360183
32893903205
1005003047820628
1005006305301497
1005006357624715
1005004519762734
1005005482525174
1005004626696949
1005005321530220
4000848320742
32787310533
1005004400708856
4000060929555
1005004040699517
1005004619527155
32856177253
32845493070
4000987537314
1005002991249740
1005003178877568
1005003044527418
1005004681588292
32849096154
1005003033187806
1005004122181104
1005003624206318
32919191347
33047013905
1005004994273983
1005005161693673
1005003494706973
1005003311571458
1005004544930177
1005004544822217
1005004544851770
1005001309570760
4000087222514
4000090330490
1005003311397822
1005003311522160
1005005132387690
32978924935
32726066508
1005002582539426
1005001971849565
4000425173625
1005005070632030
1005004598857649
1005002292308086
1005002322718551
1005005440100371
1005003948733186
1005005488628922
1005005725281694
1005004801035197
1005007016942144
1005001552543718
1005006756615947
1005005398671675
1005007009341523
1005007221353608
1005005043341237
1005001670965728
1005007295742255
1005007114821876
1005007246807520
1005007169372645
1005007429979658
1005006911843172
1005004781998024
32850851336
1005004381479427
1005004142171903
1005004544909259
1005004517353224
1005004405557429
1005004420308075
1005004361376852
1005004353474168
1005004994287909
1005005996335097
1005005368139880
1005006216702804
1005005748450450
1005006855825279
1005005293874115
1005007448238233
1005006608715393
4000393037505
1005005849867998
1005006722068727
1005001447514695
1005006866824596
1005007269292152
1005007470337576
1005007091672948
1005005926518794
1005003570990155
1005007416742380
1005005865626700
1005007403887103
1005007358705963
1005006425209194
1005007292358833
1005007358836476
1005005211407082
1005007359480762
1005007321618073
1005006067504029
1005006806723662
1005006326410941
1005006955163760
1005006903778304
1005007452882280
1005006265288504
1005007013228984
1005005969101063
1005006270925746
1005006683448794
1005003040716892
1005007465176524
1005007422476075
1005007276067054
1005007452742303
1005007147007143
1005005801346310
1005006859538694
1005007153706655
1005006621302197
1005006261316826
1005006382115413
1005005999129677
1005007039507217
1005005102844331
1005005979181437
1005006997116640
1005003472032164
1005006470977755
1005006519000788
1005005816736182
1005006791665037
1005006776517945
1005006903753725
1005006837394201
1005007277931960
1005005083324057
1005007167222268
1005006826235873
1005007452723406
1005005932977629
1005007132790357
1005006828072496
1005007359876464
1005005830870453
1005007114879080
1005007468431830
1005006734696108
1005006728170150
1005006689125158
1005007360674417
1005007277592516
1005007055033715
1005006313959714
1005006717843994
1005007059835988
1005006159712068
1005007001501973
1005006381091151
1005005890853186
1005007412427754
1005005642547867
1005007106177238
1005005721530361
1005006997579416
1005006949249345
1005006777015917
1005005341366193
1005004705181719
1005005501900051
1005001313594057
1005007418645735
1005003697157282
1005005857285620
1005006914086130
1005005832447830
4001166685394
1005006853206115
1005006788344716
1005005499985846
1005007474811629
1005007103784197
1005002546964911
1005006060759731
1005006890144907
1005005698019360
1005006354026043
1005005767790894
1005006931397294
1005006774874034
1005007375670388
1005003084068453
1005006621134434
1005007386339098
1005006771286563
1005006640566293
1005007189425085
1005007102788550
1005007139201871
1005007240413055
32848958410
1005007255147642
1005007450866155
1005007460334663
1005007146490129
1005006014318913
1005006295542622
1005006482657555
1005005408292363
1005006826365279
1005007093755297
1005006890877400
1005006897200256
1005007268314377
1005006891759848
1005006944659276
1005006934878332
1005006820889307
1005001593002568
1005004022043198
1005006478492615
1005004212143072
1005006100068938
1005006185347807
1005006798186861
4000631443987
32902343621
1005005249258230
1005004865373680