1005006253874524
1005005318402365
1005005187286015
1005006304924189
1005006163474843
1005006159535041
1005007004759982
1005006447374976
1005004589606108
1005004772969456
1005007058171979
1005005338848708
1005004756519388
1005006135473604
1005007072511089
1005006120025896
1005004265465342
1005006622901633
1005007329806160
1005005041810133
1005004878317242
1005005212799100
1005003705386876
1005003687467957
1005006232338065
1005004765403078
1005006864561349
1005005458439303
1005003775555578
1005007307001092
1005006311422718
1005006159016282
1005003478883661
1005007194142984
1005004245539395
1005003377792148
1005005395860871
1005004739468038
1005005630710123
1005004589386295
1005006608714954
1005006612069464
1005006329127055
1005006591329835
1005006592809651
1005006587511364
1005006470047843
1005006464707271
1005006443458230
1005006438625747
1005006398167577
1005006370015033
1005006369435200
1005006334685667
1005006329458102
1005005985698813
1005006326094359
1005006289104100
1005006287439777
1005006277226382
1005006276576593
1005006257755247
1005006243439983
1005006222482020
1005006052868078
1005006316082571
1005006268913019
1005006194679206
1005004740455071
1005006171738814
1005006142087499
1005006119908157
1005006172842773
1005006167516899
1005006139739557
1005006115798383
1005006041217336
1005005978601282
1005005958554207
1005005951750826
1005005315407084
1005006057253356
1005006018738480
1005005569126354
1005005527754228
1005005447102657
1005005443073611
1005005387851440
1005005386451319
1005005349397797
1005005323640530
1005005296424316
1005005286018661
1005005244486303
1005005225993111
1005005240163079
1005005225164021
1005005217548765
1005005216549883
1005005199701051
1005005195708813
1005005184902111
1005005060721355
1005005011326088
1005004960574544
1005004910899872
1005004911218892
1005004774353688
1005004773247294
1005004742602045
1005004736879176
1005004718522539
1005004707771835
1005004795292064
1005004641990851
1005004586239564
1005004417038755
1005004072346452
1005004020884914
1005004045408563
1005003808028543
1005003799314535
1005003734933752
1005003191115818
1005003508951454
1005003024804165
1005002399248824
1005002339037476
1005004708297388
1005005641001952
1005007062764603
1005004416527825
1005007411757783
1005006110245108
1005007482421605
1005007474768617
1005007475149022
1005007464671098
1005007464461650
1005007450541460
1005007450313919
1005007364022984
1005007364172531
1005007365629826
1005007440207566
1005007440062887
1005007355535922
1005007442639304
1005006740529879
1005007426770794
1005006797027073
1005007242887641
1005007354172441
1005007337726413
1005006739462342
1005006898689034
1005007296566304
1005007296626045
1005007296546430
1005007024258964
1005006970658318
1005006983035199
1005007024454938
1005007308355883
1005007051339681
1005007014320027
4001035664557
1005007048404612
1005007014566865
1005007048831137
1005007014133382
1005007014119135
1005007084133061
1005006894236157
1005006770723398
1005007318438981
1005007318512720
1005007318518728
1005007442444494
1005007426815703
1005007041466280
1005006977452246
1005007014183204
1005007013947460
1005007014326447
1005007433671612
1005007014312581
1005004284010813
1005006909544334
1005006886396441
1005006886453163
1005007306857334
1005007012259082
1005006732324539
1005006999146439
1005007009746933
1005007107735865
1005007091863014
1005007083913556
1005007078850099
1005007082245925
1005007082139365
1005005075384497
1005007064714539
1005007027200654
1005007027188964
1005007001516907
1005006967931315
1005006967572375
32969710219
1005006925164696
1005006923408754
1005006904845909
1005005563938632
1005006880094119
1005006873142501
1005004371574525
1005006604942973
1005006704888841
1005005214358876
1005005372191790
1005004608486744
1005004941152545
1005005939681175
1005006388546923
32861335787
32849491859
32847706346
1005002287279448
1005003212018454
1005003731883972
1005003470598443
1005002523146768
1005003282120356
1005007014663306
1005007009431800
1005006998935826
1005004219781955
1005006862039068
1005005972311870
1005005040809641
1005007434086065
1005004222145991
1005006841517048
1005007078962123
1005007027970023
1005007022464941
1005003627805644
32846953266
1005004544207266
32795682202
1005005379967876
1005003423164038
1005007252143794
1005006839198623
1005006470725024
1005004259224484
1005007444341074
1005007383404822
1005006987958682
1005007215960497
1005007217182354
1005006191203233
1005007194952628
1005005805333083
1005007391578913
1005006364315127
1005006603610002
1005006805945268
1005001666481819
1005006592982547
1005007183740888
1005006827943367
1005006859447361
1005006628683731
1005006640731475
1005006383403444
1005006979525334
1005006437899733
1005006591254649
4001224688835
1005006691449808
1005006969298172
1005005508422149
1005006434643709
1005007464992010
1005007449293502
1005006852020981
1005002192010647
1005006123688174
1005004433332447
1005007240087292
1005006696234288
1005006981993569
1005006823110584
1005003611265380
4000233594663
1005006916165484
1005007183780818
1005007462533373
1005002111460016
1005006314377613
1005006916118621
1005006847088914
1005006801572345
1005007212994515
1005007022281397
1005005026577601
1005007346516995
1005006856167288
1005007254165733
1005007023014189
1005007210233144
1005006548615797
1005006376533425
1005006448116839
1005004281727837
32971740127
1005003696933144
1005005897467776
33032629314
1005007034686978
1005006993751346
1005006370210230
1005007309589372
1005003644250824
1005006465653294
1005006696799391
1005006856595067
1005007261601665
1005007427104231
1005006679408904
1005007446090513
1005007481309567
1005007469313264
1005007295687119
1005006959660547
1005007214070518
1005007473071712
1005007208731365
1005007459002126
1005007399578488
1005007399705165
1005006931403188
1005007454833546
1005005979395256
1005005929378133
1005002254712773
1005007053722855
1005004060153056
1005007144594914
1005007221681743
1005006974841361
1005006755390929
1005006754202004
1005003827716640
1005007054073317
1005005019717314
1005003845635887
1005007035721853
1005007058857112
1005003845753633
1005007058749301
1005006748469368
1005007053093865
1005006166988439
32954029198
1005006713721471
1005007385547360
1005007382586828
1005007107896454
1005007370527573
1005005009067519
1005003835108606
1005007060006224
1005007057680233
1005007051223599
1005007060862084
1005007337196416
1005007299547283
1005006995658019
1005006232490742
1005006861814676
1005007090558781
1005001310179691
1005007292979203
1005007292919645
1005007206541489
1005007274438937
1005007038909348
32820164650
1005005583672856
1005006190297919
1005006293622909
1005003422462967
1005002831034110
1005006240236709
1005007017645991
1005006761360897
1005001420288676
1005006399626612
1005006338884602
1005007208515161
1005005038841233
1005005518150614
1005007184324205
1005007181373380
1005007098818416
1005005643801962
1005004807118620
1005004807198154
4000085687401
1005006199019621
1005006065075732
1005006058596379
1005003325982705
1005006755095369
1005006760694601
1005006761049766
1005004586004484
1005006745008977
1005006742867234
1005006730212002
1005007065990112
1005007327993122
1005007327856415
1005007322497249
1005007322512193
1005007322496241
4000183172816
1005007322432455
1005005979191659
1005007275546877
1005007456629360
1005007178765312
1005007144443693
1005006900692102
1005006962923679
1005007040544590
1005005390221999
1005007178447076
1005006778739962
1005004874313044
1005006078501065
32986407774
1005007289360946
1005007170578686
1005007275162655
1005007205305178
1005006861020162
1005006894326543
1005006718526530
1005006718357253
1005007393621656
1005007405863116
1005006861037093
1005007392616483
1005007071883374
1005007453669194
1005007447494273
1005007014426850
1005007288092338
1005007283586659
1005007487687956
1005007309975348
1005007032849066
1005007468124733
1005007471438462
1005007471607098
1005007451897528
1005006801868688
1005007256618726
1005007456548723
1005007457237665
1005007419393954
1005006796919671
1005007309326487
1005007339355815
1005007315594623
1005006934327167
1005006875568695
1005007388212009
1005006860965445
1005007375685455
1005007264091784
1005007259288230
1005007281160935
1005007265591608
1005007207174647
1005007164505373
1005007202295626
1005006901798754
1005007216439054
1005007072096015
1005006949618723
1005006786226166
1005007202478374
1005007251216335
1005006801997272
1005006884319308