1005005923772673
1005006335465854
1005006122648909
1005006203770969
1005006327030441
1005006123023009
1005006042604197
1005006203711617
1005006273692104
1005006204355367
1005006042934858
1005006266480870
1005006203424813
1005006203730707
1005006203365349
1005006370765717
1005006203956576
1005006203501185
1005006203762158
1005006134561695
1005006366410130
1005006203872445
1005005921917887
1005005921941302
1005006203846835
1005006203907292
1005006203885262
1005005874414470
1005006203647684
1005006203607712
1005006270003652
1005005924331064
1005006362665045
1005006203816652
1005006244223003
1005006123349090
1005006035433876
1005006203693357
1005006203990311
1005006203902827
1005006203316509
1005006247201937
1005006203986364
1005006203865550
1005006203948177
1005006203651755
1005006203821999
1005006203818936
1005006203775021
1005006203849771
1005006203909456
1005006203837732
1005006030166445
1005006204447494
1005006128812079
1005006204487223
1005006204471324
1005004209639086
1005006204463380
1005004152416134
1005004261808840
1005004076490722
1005006202879856
1005006204082895
1005006039553732
1005005920318072
1005006030333599
1005006203739050
1005006204511112
1005006203628638
1005006204219145
1005006335322416
1005006204004502
1005004082632039
1005006204047157
1005006203995638
1005006204058086
1005006134211400
1005006202992059
1005006203238646
1005006203160837
1005006203464587
1005006203447884
1005006203954240
1005006041560062
1005006203469861
1005006203132404
1005006203961748
1005006042322566
1005006203899922
1005006203976588
1005006203951766
1005007575227273
1005007210513324
1005007657632977
1005007164407349
1005007488205919
1005007476363389
1005007562422369
1005007447342166
1005007627891271
1005007670355276
1005007447067411
1005007496887143
1005003580225603
1005007567945323
1005006908480644
1005006049533251
1005007299467323
1005006730376686
33057022237
1005002233879894
1005006090189852
1005006897140348
1005007330708011
1005006507597196
1005007438144411
1005005368143826
1005005949509958
1005004790168338
1005006357609750
1005007414130951
1005005335325686
1005005363061265
1005005335242379
1005007071637201
1005006434413245
1005006678587766
1005006520620785
1005007579894366
1005007664528923
1005007595058489
1005007176910090
1005007521225791
1005007133215063
1005007437942775
1005006878891634
1005007546733916
1005001927976325
1005007032953503
1005005956832392
1005005956480631
1005004703585252
1005007677661259
1005001581428899
1005005164512057
1005007439327162
1005004265736189
1005004467131204
1005006609388907
1005007536105504
1005004116964516
1005004773444951
1005004265959082
1005003518706743
1005004883545222
1005004522787016
1699837500
1005004192800415
1005004451398776
1005004746271487
1005007664847216
1005007540131878
1005007641066050
1005007552490874
1005004268266448
1005005450927995
1005004181569562
1005004181792165
1005004882113618
1005007213178106
1005004840172934
1005003916972030
1005004874608542
1005004139995997
1005004451474391
1005005164433542
1005004181822722
1005004042996734
1005004773511022
1005003685650690
1005004840267495
1005007769963125
1005007683418496
1005007643629305
1005007017694462
1005007609661566
1005007394252713
1005007631455432
1005007461844690
1005007464335495
1005003775134591
1005007560731878
1005007558391287
1005007651790336
1005007666144326
1005003849762916
1005007347130556
1005007380126270
1005007209162731
1005007601137341
1005005164187092
1005007610594329
1005007506908943
1005006994874213
1005006989258193
32910306730
1005007374761866
1005006633503866
1005007523176120
1005005976022248
1005007425866894
1005007615985947
1005006287626074
33009051133
1005007643275320
1005007652526120
1005006124167488
33018662580
1005007025232532
1005007125801486
1005007650605251
1005007462987198
1005006112064436
1005006923969518
1005006096820186
1005006524230396
1005006050963595
1005007131536087
1005006918802423
1005005671752445
1005003078672435
1005007647662147
1005007087570433
1005007506072026
1005005382376146
1005004801740136
1005007581205274
1005004787935617
1005006334968289
1005004974638388
1005006918478758
1005003174530370
1005006240255220
1005007052381497
32980137364
1005007637093989
1005003878819768
1005006282133236
1005005975693499
1005006615056766
1005006136367488
1005003457324372
1005006290155661
1005005670139960
1005006392370219
1005007580369555
1005006263883512
1005006626003263
1005006611201244
1005006744509669
1005006194963661
1005006229754608
1005003735562913
1005004726648858
1005007585893663
1005006435579261
1005005658295734
1005007336275447
1005007554673131
1005003287685088
1005007573048401
4000955916020
1005007335389964
1005007568061727
1005003023581883
4000474010908
1005003078773352
1005003741485797
1005006204862856
1005005818515290
1005006399078708
1005005611376038
1005002555795797
1005003411201930
32748569961
1005005249907023
1005005865189619
1005004592599756
1005007446395334
1005006041073220
32997109528
1005005162208163
1005004785032316
1005007121573716
4000283333702
1005007457782498
1005007227432630
1005001344779928
1005006778219697
1005006814518710
1005002034032291
1005005038976082
1005006488382962
4001347699809
1005005704499872
4001240943209
1005003236941754
1005003251314660
1005004305852743
33056534373
1005005033852388
1005006648693596
4000215413411
1005005999393815
1005001407622368
4000411198886
1005002766208245
1005006306509024
1005007559803067
1005006208323582
1005004833503368
1005002520083891
32961226800
1005007558642285
1005006924119379
1005004038651714
1005007288366684
1005006656610807
1005006100410913
32857921314
1005006706810305
32961697057
1005006376829086
1005007488994025
1005003621869265
1005004725163078
1005006349725350
32863688162
1005004619507598
32902506466
1005001966094365
1005004531196080
1005007594443769
1005006959241391
1005007578612703
32881705905
1005004883387345
1005006089513063
1005005913227993
1005003524300102
1005007459627269
1005007573676160
4000803194602
1005007573561538
1005005350501881
1005007500667585
1005007457408253
1005007500786084
1005007382616830
1005007600855696
1005007632641208
1005007423012066
1005005193452981
1005007219501045
1005005791317744
1005007559270145
33026593502
1005007379468262
1005006650258731
1005005805173525
1005007554134135
1005007314550630
1005006073338909
1005007268618310
1005005373785809
1005004447448394
1005005572012353
1005006560503467
1005005920384723
1005007496640674
1005006330384942
1005007567402370
1005006967178116
1005007142753129
1005007396168678
1005005692398009
1005007286941601
1005007389640097
1005007196369817
1005006778321969
1005007096949925
1005005883069992
1005005826055838
1005007268007791
1005007442834361
1005007611366353
1005006000236374
1005007316921873
1005005802345261
1005007355160058
1005006963786831
1005007183437751
1005006861815591
1005007292364634
1005007047823439
1005007065320908
1005007357566126
1005005722772778
1005007546453506
1005007374802971
1005006012029329
1005007196802381
1005006949502766
1005006365424480
1005007352084105
1005007196631424
1005007270828950
1005006637008617
1005007434495349
1005006041926787
1005007259665820
1005007572770087
1005006010726686
1005007134358594
1005006865648647
1005007121338360
1005006541068565
1005007068826413
1005007402656495
1005007032023597
1005007246067470
1005007162923903
1005005983148523
1005007485614435
1005007192114628
1005007350614320
1005004950277972
1005007341781332
1005004592298414
1005007119528047
1005006723361288
1005007557767139
1005006907607755
1005007425228180
1005006551797979
1005006409742783
1005007130519750
1005007364977363
1005006021054213
1005003995778184
1005007264314552
1005003751797137
4000313812918
1005005565518317
1005003937834412
1005002985916334
1005004149234069
1005005506309073
1005006771881256
1005004565078723
1005003044201129
1005006626335995
1005007048473826
1005007099038301
1005007150230894
1005007298872629
1005001285127361
4000311528878
1005006383755588
1005007630814298
32963005688
32997896448
1005006602107992
1005007494344973
1005007345881330
1005007558100847
1005006968614325
1005006730031423
1005007283137913
1005005803384244
1005005977877595
1005004584656669
1005004952638808
32737452096
1005005387322424
4001042206078
1005004795528521
1005006170728440
1005007660519129
1005002441465062
1005005410510491
32872336177
1005006199242859
1005003483722332
1005002292540964
4000740052536
1005005389841325
1005007363414610
1005007245142912