1005004708631345
1005004354049201
1005007338083381
1005007405465188
1005006678290097
1005004681934721
1005007211804355
1005006719810255
1005004297587095
1005007112890889
1005005556171839
1005001786344287
1005006838336480
1005006858951919
1005006374657123
1005006778373175
1005006207736029
33046817113
1005006963202163
1005002488486473
1005006117618715
1005004227454233
1005007604034499
1005005704369493
1005006017334216
1005006944746327
1005003062544017
1005005661434603
33023296169
1005003904740512
1005005735939932
1005005479163410
1005005680185654
1005006311312358
1005004499958053
1005007082989662
1005005142352988
1005006347613689
1005006550620842
1005007540268472
1005006132298834
1005007678627127
1005007259827633
1005007563069336
1005003641246917
1005007476279984
1005006243572737
1005006940433108
1005005075802248
1005005094302857
1005006606471222
1005006814593823
1005007544076566
1005007625022361
1005006940871433
1005006652618884
1005006942593148
1005005459797582
1005004642801424
1005003736590152
1005006048205034
32990144799
1005007548652384
1005007252729835
1005005148807054
1005006344798581
1005006435676246
1005005627477708
1005007156134242
4001120091595
1005007619585017
1005006506165046
1005007643044008
1005005767321343
1005007580594116
1005004223842315
1005007011156721
1005006173483879
1005007316813965
1005007083039473
1005007209794757
1005007591547501
1005006044387552
1005006588647120
1005007276379336
1005007054109214
1005007486934728
1005005526029799
1005006942641119
1005005245789749
1005005858632409
1005003576063899
1005007339225145
1005007268821165
1005007656899669
1005004199541611
4000400495388
1005007117091039
1005007309829611
1005005354524653
1005006593309536
1005005103812823
1005004635209435
1005003341321355
32840042158
1005002264903785
1005007084264197
1005007385253647
1005005192015628
1005006240686405
1005006179297101
1005004068913181
1005004418742578
1005006006137453
1005007167740036
1005007636982947
1005006691457800
4000124690665
1005005250200868
1005007285747624
1005005746164352
1005005893315563
1005007451545114
1005007025359468
1005004671399149
1005006472617829
1005006366365125
1005006920613326
1005005691699762
1005002951660972
1005007612950732
1005007603900456
1005006337850305
1005006477523402
1005004469282656
4000462957548
1005006121380785
1005006690597414
1005007635803823
1005006301415748
1005006856394283
1005007261207013
1005007279194543
1005007061948105
1005006258792873
1005006857216920
1005005648370434
1005001638538319
1005006323567877
1005006858236953
1005006917579466
1005006208519086
1005007374806424
1005003016555115
1005006712854303
1005007227064344
1005007602199487
1005006568731582
1005004770959668
1005006620334387
1005007100735950
4001110744984
1005006608695872
1005006988014272
1005006546161960
1005005151684742
1005003188628401
1005005993498041
1005007517837112
1005007135576229
1005007394217197
1005007211108117
1005006393060431
1005006397699716
1005005118251738
1005007339731474
1005006331032493
1005007217804644
1005007545064784
1005007589415601
1005007578052771
1005007426308717
1005006053616418
1005007473738993
1005005338915303
1005007300187043
1005007099724480
1005005835787617
1005005213846353
1005005896540917
1005007288410468
1005005358728602
1005003148117954
1005004878763202
1005004670500761
1005007311482325
1005003430818757
1005007414811523
1005007430314542
1005006068067516
1005007598386962
1005006387524828
1005007277815956
1005007271504663
4000956413824
1005006220873430
1005007100445859
1005007272352662
1005007178513471
1005007293061196
1005006898988562
1005006757860589
1005003809941260
1005006866249258
1005007198652975
1005006604227336
1005006135637067
1005007470341366
1005007341890057
1005007090268917
1005006890493072
1005006195066827
1005006709854109
1005006569640800
1005006068119313
1005007196347736
1005007082725902
1005005585947751
1005006701429274
1005007058549555
1005007530607396
1005005885169023
1005007670406519
1005007415977600
1005007616303018
1005006949778689
1005005943976723
1005005236360556
1005004551920116
1005007438181485
1005003089687019
1005003158989694
1005006309212846
1005002277126239
1005006662122183
1005006442596789
1005007068819893
1005006597916224
1005005658825583
1005004385807305
1005007425799559
1005006670934400
1005006824358058
1005007485481269
1005004642141169
1005005545327315
1005007189434759
1005005481906869
1005006428492610
1005003458398839
1005007650511235
1005006849483640
1005006815463943
1005006640822517
1005006884548871
1005003593157408
1005007505745928
1005007507454434
1005006381593411
4000858021349
1005007479579245
1005007082973621
4000941863545
1005007492886973
1005007115071837
1005005524761651
1005005226780756
1005006788069458
32962705716
1005006848878826
1005007589371312
1005005801976607
1005005931247156
1005006724137982
1005006123268337
1005007575610542
1005006569843795
1005005288866451
4000211723019
1005006858535924
1005007579276407
1005006444425145
1005006128453435
1005007089630830
1005007269631191
1005007540264270
1005005258395205
1005006668363475
1005005357421233
1005005081293122
1005003960194898
1005006808979874
1005006402309815
1005006969919482
1005007379431098
1005004056684814
1005002957475092
1005005065685283
1005003030929946
1005006342506901
1005005943886472
1005007274578180
1005006363339066
1005002271636522
1005006386033751
1005002406562503
33051608946
1005003988201902
1005005802261110
1005002617800304
1005007248486480
1005003830352645
1005004589817035
1005006007695760
1005004676347984
1005007155481900
1005003473714281
1005003337971421
1005005074671080
4001053235797
1005007635861607
1005006221275097
1005004585851516
1005003387595618
1005007174366576
1005007253465270
1005006889708756
1005003463144139
1005007614636584
1005002355258447
1005007580718241
1005006838812606
1005005917310316
1005006394096427
1005004055374857
1005007406803985
1005006920525717
1005002264779975
1005005307594178
1005005354493676
1005006316984687
1005007540078296
1005006144920106
1005007553319349
1005003863828966
1005007582898525
1005006846518864
1005007014046920
1005007426600093
1005006975316276
1005006377423481
1005006625655016
32903981077
1005004776213379
1005005998649429
1005004828000000
1005006863118546
1005004658550672
1005007247884218
1005005920464782
1005007225159073
32841000883
1005005055597785
1005005398124125
1005006820393022
1005005884560539
1005007362552159
1005006370691976
1005006762297733
1005006630660174
1005007584862296
1005005791921715
1005004665437973
1005006625945895
1005007251728106
1005006571691921
1005006883161303
1005006209301190
1005006503293839
1005002736670656
1005007438964578
1005007551997076
1005006418638900
4000409031192
1005007130107177
1005005797405134
1005007067967223
1005006310955814
1005007539685956
1005007456868197
1005002927103157
1005006151576848
1005007142193431
1005006224079578
1005007571746965
1005006186126026
33046793954
1005006650289497
1005005571687485
1005005161390528
1005007085789771
1005007640700766
1005006010618047
1005007268225742
1005006639211561
1005004331748615
1005007469061603
1005006836217476
4000537633543
1005007004690846
1005005310009807
1005007438003205
1005007089942366
1005005118836200
1005006629403851
1005005047932172
1005006235160641
1005007389228920
1005004391267306
1005007587164253
1005003695746390
1005006988850046
1005006023347768
1005006326722104
1005007637017088
1005002298684485
1005006603402511
1005002617867629
1005005563692257
1005004800803096
1005006774806061
1005006774556362
1005006969119535
1005006914096312
1005007418373567
1005007193433150
1005003973907930
1005007198316683
1005007319980540
1005004735767243
1005007581072523
1005006969561162
1005006363357790
1005006962898646
1005005754000674
1005007631397346
1005007005642415
1005004375410545
33012654453
1005002990821939
1005007059482962
1005002651050715
1005006542812281
1005005083011684
1005005969092454
1005007523327823
1005007187124474
1005007347847430
1005007523647064
1005004791496486
1005001807721727
1005007581971776
1005006575736032
1005007050874444
4000640975531
1005007122378019
1005005431297700
32885581266
1005001711296970
1005001797076794
1005007039249308
1005007620497468
1005007544171247
1005007468068751
1005001923827038
32859965561
1005006690958099
1005007542609474
1005005396960498
1005003874636436
1005007287257188
1005006141106154
1005006940558007
1005007580850509
1005005926707169
1005007462779070
1005001813765791
1005007010383110
1005001804993565
1005005625797404