1005007769099113
1005007752615177
1005007792134564
1005007785799748
1005007762110595
1005007753939502
1005003496413511
1005007724703947
1005007824379326
1005007822393213
1005007773981952
1005007821504013
1005007764587532
1005007823467206
1005007823095581
1005007822244895
1005007823089110
1005007717458803
1005007717341616
1005007717088005
1005007821025355
1005007822774107
1005007822749500
1005007726752531
1005007763126008
1005007296308395
1005007409399597
1005007225680159
1005007560325950
1005006282342463
1005007445886967
1005007697807841
1005007821739955
1005007807663504
1005007789899281
1005007816134118
1005007815626857
1005007784312118
1005007816285119
1005007816222147
1005007816238078
1005007816027360
1005007815865499
1005007815878325
1005007795208617
1005007764355854
1005007786019707
1005007789905489
1005007789456486
1005007752925064
1005007797301762
1005007797305583
1005007786317601
1005007760726228
1005007779700809
1005007779836157
1005007786177091
1005007785911994
1005007765840816
1005007777354711
1005007777367894
1005007785906636
1005007785980486
1005007785900884
1005007794713499
1005007766178286
1005007763336995
1005007763477768
1005007813560064
1005007687114594
1005007189483513
1005007247657906
1005007468549803
1005007561137382
1005007532075919
1005007789841750
1005007813219732
1005007750605709
1005007750351885
1005007750508475
1005007721518211
1005007730723163
1005007740623460
1005007750028914
1005007732903078
1005007744676395
1005007811990216
1005007694660300
1005007807568011
1005007753276605
1005007784201185
1005007396764875
1005007595430461
1005007225590268
1005007786400719
1005007702482790
1005007767295901
1005007702722222
1005007779934245
1005007806078260
1005007753468175
1005007744106566
1005007754078298
1005007798050606
1005007700005233
1005007805937611
1005007786697914
1005007794900332
1005007739107033
1005007744250938
1005007740921355
1005007794908849
1005007794802626
1005007794737283
1005007788014772
1005007787897877
1005007787951790
1005007787608064
1005007784658836
1005007780640307
1005007780620324
1005007780582415
1005007780620134
1005007780530305
1005007778853172
1005007778501679
1005007777004351
1005007776988467
1005007775292020
1005007772899675
1005007772506331
1005007773096329
1005007773006858
1005007770920942
1005007407859834
1005007118832742
1005007474654925
1005006008085392
1005007535673364
1005007770908316
1005007770857566
1005007770809694
1005007801774246
1005007768605328
1005007765160911
1005007786612049
1005007763467518
1005007763446386
1005007763449298
1005007762556167
1005007762492192
1005007762245106
1005007762157184
1005007761908004
1005007759449206
1005007755526350
1005007754819713
1005007754293629
1005007754278964
1005007754355047
1005007754289191
1005007754006072
1005007754090151
1005007753727264
1005007753655600
1005007753661467
1005007753622823
1005007753419942
1005007753322897
1005007753412242
1005007753261373
1005007752717019
1005007752097903
1005007751978669
1005007752010379
1005007751707198
1005007748495902
1005007744684031
1005007744551176
1005007744516190
1005007744596105
1005007744341729
1005005956254516
1005007613362909
1005007508057764
1005007744389002
1005007743213466
1005007743016925
1005007743170059
1005007742472132
1005007742380674
1005007740722920
1005007740719640
1005007785808583
1005007798507858
1005007739034020
1005007719667551
1005007798546683
1005007738975223
1005007696878074
1005007748066028
1005007112620824
1005007605218830
1005007710689668
1005007714554464
1005007750645052
1005007709692106
1005007764161486
1005007750077738
1005007720364937
1005007717137000
1005007768064123
1005007734120198
1005007692703044
1005007692735681
1005007692885162
1005007692445922
1005007692687885
1005007716739237
1005007716593316
1005007715455562
1005007725733698
1005007696846152
1005007760583508
1005007656432299
1005007672684460
1005007684294991
1005007730326296
1005007691577298
1005007705365271
1005007684514607
1005007709945190
1005007026409755
1005007697688748
1005007710413090
1005007532348409
1005007489435754
1005007409864884
1005007657370329
1005007702171225
32761430557
1005005958982778
1005007583044297
1005007560659075
1005007476948621
1005006014296471
1005006569298628
1005007618541798
1005007386373221
1005007560511336
1005007116397595
1005007296278684
1005006109230564
1005007342027678
1005007623494911
1005006856737276
1005006705987003
1005007403952397
1005007535795623
1005007646612329
1005006854645322
1005007576134615
1005007517507648
1005007336855932
1005007532031802
1005007289474827
1005007203487338
1005005879570330
1005007657437369
1005007410996561
1005006165266072
1005007431479803
1005007507212084
1005006368986179
1005007268580493
1005006869996297
1005007634497264
1005006553633689
1005007580935743
1005006171324409
1005007203622075
1005007643160053
1005007565256118
1005006017004205
1005006904366131
1005007535004034
1005006212899107
1005007205654639
1005006016945550
1005006706228149
1005007482756789
1005007625450101
1005007649739805
1005007372133102
1005007477048437
1005007508218423
1005007475045405
1005007089687748
1005007617573132
1005007421210387
1005007559473374
1005007509519758
1005007583267813
1005007496846537
1005006497513551
1005007237486822
1005007583263248
1005007132448715
1005003424057515
1005007442682986
1005003809592251
1005006555227030
1005006787425841
1005007386215323
1005007403976119
1005007403813719
1005007623717504
1005007615260517
1005007613242377
1005006963056244
1005007407851596
1005007237829288
1005007632526648
1005007252748328
1005006787441433
1005007638003947
1005007237409905
1005007657557414
1005007495765443
1005007436599795
1005006788057149
1005007477656608
1005006683493765
1005007406388092
1005005339519865
1005007095133324
1005007631795015
1005007657454715
1005007657454844
1005007657429506
1005007553207351
1005007657522440
1005007609247297
1005007495838893
1005007391371089
1005006699571654
1005006408073308
1005006617814235
1005006038865855
1005005196741672
1005006126865308
1005006041015199
1005006801223905
1005007637611873
1005006874046230
1005007579341900
1005007550813950
1005005324866135
1005005292105036
1005005292058791
1005007425606385
1005007090816564
1005005647374055
1005007245657075
1005007498448671
1005002055568500
1005005907426763
1005005958408654
1005007257281378
1005005104682280
1005006152026178
1005007386342028
1005004509256527
1005003598344910
1005004683600895
1005004341330028
1005005034196890
1005003450988253
1005006468708824
1005006775541683
1005006046788258
1005006466024541
1005001774026540
1005006470942511
1005003200899385
4000128736729
33041235247
1005006476254905
1005004580713983
1005005083754621
32548315584
1005007643257239
1005005442776467
1005006863064387
10000227223163
1005006208894709
1005007364729958
1005004556654965
1005005517855211
1005004256040922
1005007261192548
1005002537317661
1005002653033874
1005007121938823
1005006096253518
1005007486550908
1005005008045596
32970617610
1005006825538955
1005006265502470
1005003962000835
1005006411923220
1005006846360914
1005003322637551
4000165361908
1005006291118491
1005006001095222
1005007085816085
1005005755378847
4000970393855
1005005066257142
1005005468635074
1005006157863021
1005007299319685
1005006423376289
1005007112481002
1005006031120696
4000967034824
1005004291636145
1005006692736314
1005003777627148
1005005829329155
1005005201447923
1005003940508824
1005003803908165
1005006724734898
4000008860619
1005007097761621
1005007098606142
1005005883704089
1005006684826635
1005006466901488
1005006348604893
1005002424164351
32948444023
1005006411972933
1005004138628725
1005001988832550
32839893970
1005003475148161
1005006263674573
1005007450861048
1005006286058382
1005006574892902
1005005796124718
1005005471807800
1005005079285821
1005006031452527
1005006312771095
32842366478
1005005860636381
1005005088602756
1005005269735485
1005006380627617
1005005964998037
1005007224950376
1005007162837910
1005006179898133
32969650244
1005005869541576
1005005433333052
1005006924893417
1005006692638570
1005004454502970
1005007361831827
1005002304198247
1005006207357426
1005005733269124
1005006620922938
4001231193501
32949853140
1005006967071291
1005006152007287
1005007359976495
1005006131561798
1005004203746581
1005004528267865
1005003636591556
1005003391132956
4000479082690
4000120505629
1005006921796635
1005006138979575
1005005668221955
1005006315052497
32844313170
33022489972
1005003217788962
1005004836761059
32890227403