1005007675599207
1005006828404961
1005006399585334
1005006499047019
1005003769871096
1005005040719729
1005007643009339
1005006386878468
1005007479901592
1005003831163986
1005002566235614
1005005932262386
1005006044176354
1005004389597509
1005006797864066
1005007628426699
1005006889807660
1005007134506708
1005007558545996
1005003469836504
1005006880847151
1005006947687337
1005006456747833
1005007333081143
1005005530365569
1005005544495463
1005005991123690
1005006359993465
1005003958672227
1005006016575399
1005007609963004
1005006749697726
1005006203522025
33021370612
1005006780692248
1005007498562143
1005006482668148
1005004076493253
1005006131870223
1005007243209114
1005007634389875
1005006702505778
1005006361674074
1005006372142648
1005007060597320
1005007294570133
1005007354507395
1005007362901672
32974058938
1005002128479798
1005005437654362
1005006296333184
1005007180966442
1005006272930684
4000548422932
1005004682526964
1005007163922261
1005007295264574
1005003996919153
1005005557423203
1005005454827318
1005003196989649
1005006966950534
1005007036159502
1005005797549108
1005007402401559
1005007660569808
1005006672436035
1005005188592040
1005006130764797
1005007632934967
1005007634752673
1005005691518829
1005007317358838
1005006672267096
1005006635713301
1005006993550627
1005004599948701
1005007360634311
1005006400721142
1005007633802493
1005007100861650
1005007152690737
1005006689707595
1005007634943104
1005007313280078
1005007681947324
1005006017919809
1005006119834990
4000738822712
1005007267103079
1005005936156242
1005005677428848
1005007633941456
1005007585683664
1005005121156915
10000031923981
1005005908206694
33006509671
1005006410946200
1005007669283703
1005007203478019
1005007575918926
1005006219923641
1005006218559859
1005003267302945
1005006637071337
1005006754847691
1005007628476674
1005006521601408
1005003666634072
1005007008826757
1005005991200399
1005006888947369
1005006518840305
1005004346344307
1005007059347327
1005006612321855
1005002568315218
1005005792943102
1005006807971380
1005006911640041
1005007561333115
1005005772823085
1005006731938380
1005005363460214
1005005357142132
1005006882557158
1005004626320626
1005006598420222
10000031942283
1005007409270270
1005007409079476
1005005800654826
1005007081616511
1005007251488554
1005007561336139
1005007274762068
1005006733031608
1005006820765759
1005006732203222
1005007298304673
1005006854878458
1005006480145034
1005007327122594
1005005743755047
1005005992740234
1005006185747079
1005005780080424
1005006038494998
1005006717750875
1005001847690251
1005007167876242
1005007349358949
1005007566620486
1005005096298455
1005007454329568
1005006722810188
1005007085979370
1005005925031962
1005007100773706
1005002453656443
1005007327525061
1005005847341386
1005006000817117
1005006806754085
1005006503476280
1005004716588166
1005005776738039
1005007573026133
1005006753670256
4001006314687
1005003130160129
1005006684545566
1005006018766377
1005007407736945
1005006759953463
1005006802097087
1005003694357879
1005007619996245
1005006820167115
1005006831239902
1005006808369377
1005006107858268
1005007345271159
1005006416710505
1005007316703533
1005007101819806
1005007315289983
1005007013380219
1005006246166389
1005007208995568
1005003428835485
1005006715623698
1005007164482556
1005002948134696
1005004591264337
1005005450420975
1005004665890224
1005005470308118
1005005959881018
1005006833591035
1005005912748132
1005006429688643
1005006703617048
1005006088104056
1005005098989040
1005005565645245
1005003542849523
1005006037749110
1005006917569624
1005004706559736
1005006143227047
1005006124544736
1005003202984358
1005006745224874
1005007667392916
1005007619298060
1005007174575454
1005003670108768
1005007676753154
1005006363067018
1005006185508309
1005005816371432
1005006967174340
1005007317484455
1005004587235238
1005006678324995
1005006012306669
1005006183363116
1005007293969383
1005007433080020
1005007101860879
1005004484009197
1005007346341037
1005004222131204
1005006683978963
1005007407992060
1005005771492660
1005007606740056
1005006048816432
1005007002175322
1005006955354141
1005006765782609
1005006493272986
1005006781820380
1005006802310174
1005005328788752
1005005690471567
1005007103753241
1005006777496213
1005006786397429
1005006203197430
1005007104241752
1005002912336748
1005003577592941
1005005880279856
1005006020075222
1005006882680798
1005007279526723
1005006809502916
1005005123291780
1005006845028031
1005005791161238
1005002694822815
1005006996436238
1005007509779343
1005006782202812
1005006876102752
1005006897647647
1005007208758985
1005007499990377
1005004611288707
1005006020785671
1005006675871201
1005005852086827
1005006924395726
1005005929249668
1005006085290012
1005006111018881
1005007177257713
1005007232413090
1005005692267444
1005005192431836
1005006715989015
1005006765383593
1005005857000705
1005005854012166
1005006766451976
1005005017200902
1005007341308737
1005006015982808
1005006022085888
1005005560479828
1005006994120034
1005007516876222
1005006857115007
1005005613751209
1005006605186495
1005006887755262
1005006343366533
1005003803785374
1005006709114372
1005005863274830
1005006842660180
1005006727969602
1005005702323756
1005006767887463
1005005883909137
1005005921503990
1005006959970642
1005006827340385
1005001678343570
1005007329739262
1005005899360967
1005007307734095
1005007639966553
1005006775600289
1005006534215098
1005006715800898
1005006696544714
1005004404998268
1005006884459514
1005006155036707
1005006894478743
1005007430430453
1005006912900376
1005006370068338
1005006247704441
1005006243278537
1005006754749103
1005006767324173
1005002301757498
1005006872292278
1005006883891699
1005006756992800
1005006973528859
1005005184723248
1005006373012326
1005006911427921
1005006379775642
1005007326248915
1005006734725020
1005006728747575
1005006843364884
1005006865145519
1005007105079272
4000970318966
1005003665160412
1005006305330375
1005006147615679
1005003080889801
1005006766980895
1005007008883436
1005006381481542
1005006921568610
1005006600950685
1005006056996863
1005006912858365
1005007026233892
1005007368496474
1005006316554177
1005007266762582
1005006818689871
1005006896623324
4000074418837
1005007089184937
1005006107839140
1005006697788925
1005007557802995
1005006805661212
1005005004974156
1005007519930903
1005005772873040
1005006743024935
1005006886933366
1005007363483010
1005005943293057
1005006419767020
1005006742528011
1005007455809169
1005006988459665
1005004719616540
1005006896391650
1005006724146262
1005006656384821
1005006471839551
1005007407866429
1005005386670520
1005006766344433
1005006742318592
1005005657758028
4000389409071
1005007545393779
1005006306137565
1005004693596791
1005006775148602
1005006677611353
1005007032556562
1005005218106114
1005006369378008
1005007439341250
33052582232
1005006190946189
1005006683451392
1005002766335106
1005006915914901
1005006887570996
1005006818183193
1005006901686481
1005006777091811
1005006621461184
1005006685160885
1005007659504627
1005006987973189
1005006169684757
1005006256035428
1005006925367056
1005005768522557
1005006398444126
1005007061278798
1005006824418227
1005006241137548
1005003128903519
1005007204333892
1005006008695466
1005006765955243
1005006808942193
1005004543371999
1005006711320286
4000229625230
1005005899857656
1005004711232055
1005005884246880
1005007425677274
1005005339872502
1005006864701021
1005007316966695
1005006903239912
1005004604016627
1005005708778431
1005004941478174
1005006824550966
1005006971883423
1005007293335909
1005002317385716
1005007469101077
1005004309178380
1005007275794957
1005007460237873
1005007541775515
1005004945334630
1005007001709037
1005007627485248
1005002920718656
1005006981697941
1005006975600586
1005007259631045
1005005402867173
1005007455529636
1005007455737568
1005006875527017
1005006805950022
1005006805886532
1005006995098789
1005006959210652
1005007215963600
1005004777720526
1005001847901126
1005005023520678
1005007314794799
1005007234607751
1005006881643422
1005006745857828
1005006635674950
1005005848635193
1005005648217039
1005007131665003
1005003012445526
1005006657493447
1005006764919006
1005006334650836
1005007295006646
1005007299822278
1005005959739347
1005007625155880
1005004839076765
1005005736619390
1005005947042581
1005007327984161
1005005936264210
1005006728287410
1005006588106183
1005007633103505
1005006270156049
1005006782607955
1005004052187241
1005005801486908
1005006743594906
1005006864695122