4001182300684
4000967187174
4000559317011
4000534919395
4000512675508
1005005626218252
1005005850555524
1005005857724966
1005004908933762
1005001267431331
1005005850622104
1005005847486343
1005007225004260
1005007224601699
1005007605916992
4000557802501
4000557396996
4000505181056
4000421434875
1005005471457002
1005005484875347
1005006041737436
1005007168574079
1005006683829223
1005004598437307
1005005989341168
1005004584024544
4000365637085
4000565980932
1005007546368152
4001299911014
1005005863185976
4000971589326
1005005850480985
1005005847438705
1005005849999693
1005001267272695
1005006381927074
1005001844089260
1005007502335340
1005007500987902
1005006727923909
1005006727783210
4001299439839
4000103997858
4000533008842
1005005850065215
1005005847531001
1005006129745190
1005002425260320
4000981229290
1005007500443712
1005001824117195
4000570788170
1005001844697074
1005005857866268
1005005850520756
1005005850050290
1005007225055191
1005001267426303
1005001267326087
1005005857874192
1005005847445588
1005005849994699
1005005847422826
1005005857762831
1005005849944986
1005001267361781
1005005214025206
1005005847474512
1005005850504854
1005001873055781
1005005218912189
1005003680764071
1005006948911429
1005005571833145
32958572532
1005007506748297
1005002354027400
1005002071207597
1005007503971670
1005005256538333
1005004359327937
1005007355329454
32957442839
1005003413261461
32861237098
1005004360052296
1005005837232033
1005004351439770
1005003733969004
1005006218670591
1005007475590302
1005007473881763
1005002630069406
1005007425128489
1005006769164702
1005003244862018
1005007480124382
1005004378337319
1005005947875075
1005007443826215
1005007155715149
1005001456219592
1005007481148126
1005007265691551
1005007547222082
1005007281437984
1005007580946665
1005007475008064
32958402951
1005004579542277
1005004187457961
32959979369
1005001710957440
1005006971908608
1005003681006003
1005007549708162
1005006911390786
1005006790347598
1005005847905979
1005006642836392
1005007256068682
32527856759
1005007054289677
1005006876272017
1005007198932007
1005006874168935
1005007307455548
1005001851920858
1005007443698964
1005006803675560
4001259779513
1005007524977846
1005003154825084
1005005844471465
1005007152839136
1005005283928891
33047902901
32971039680
1005006809224638
32959224500
1005006982486761
1005007042215294
1005007651574387
1005004579782068
1005007082026287
1005007195578775
1005007345552482
1005007408411925
1005007421677543
1005006934137282
1005007434363503
1005007584136006
1005005870266555
1005005858485993
1005005871016719
1005006567316993
1005004795284115
1005001814091938
32871282956
1005007475549692
1005002475725596
4000090309953
1005006972284803
1005003567342996
1005003020650168
1005005692411259
1005006890151618
1005005563021402
1005007406613032
1005007303269541
1005007435974141
1005006988649832
32960578113
1005006785625029
1005007182235663
1005007338058081
1005007518090931
1005007090921734
1005005748133648
1005007256031764
1005007631478857
1005004188212806
1005007054647753
1005006880400819
1005007678859313
1005007679252788
1005007457585023
1005007024705871
1005006812317905
1005007674600362
33045281162
32988924003
1005007268450409
1005005687077277
1005006494438004
1005007270263492
1005007051546532
1005007524866310
1005007674276193
1005007570922186
32959344947
1005007218541084
1005007680542331
1005007651225020
1005007660429592
1005007672453172
1005006594879000
1005007672452136
1005007456248179
1005007650891947
32849079485
1005007067094422
1005007066790845
1005006145972286
1005006676127374
1005005930910990
1005007736715515
1005007509530398
1005007444674087
1005007305358801
1005007651680064
1005007123524489
1005007353742597
1005007557117989
1005006793943773
1005006493162045
1005006886674554
1005007645824251
1005007228668583
1005006881516732
1005007119828981
1005007426518094
1005005036320938
1005004105699981
1005007255882981
1005007819580778
1005007824456509
1005007823292182
1005007817557738
1005007819611788
1005007818992244
1005007686075911
1005007728050842
1005007807717980
1005007818987208
1005007814452933
1005007813841742
1005007811252210
1005007811051722
1005007806664862
1005007804779273
1005007798779975
1005007797476660
1005007799193428
1005007795101105
1005007795066101
1005007797205182
1005007794046049
1005007788084841
1005007782577427
1005007782476811
1005007785284754
1005007782621072
1005007782530633
1005007782627038
1005007782459851
1005007781420577
1005007780698932
1005007751342332
1005007498933962
1005007421394780
1005007350809035
1005007482213461
1005007587925505
1005005855203632
1005007467935332
1005007611294696
1005007684673858
1005007685063212
1005007684994298
1005007684967346
1005007685150103
1005007684759773
1005007684898512
1005007459560442
1005007684833626
1005007684759774
1005007751437999
1005007684802649
1005007684642934
1005007684842552
1005007685099165
1005007684955433
1005007684197810
1005007685079265
1005007685151107
1005007685117202
1005007746281077
1005007741050781
1005007738899577
1005007737275059
1005007735717380
1005007732677056
1005007731386849
1005007684348857
1005007730786158
1005007724551363
1005007686898072
1005007688978510
1005007696502896
1005007699919299
1005007709264520
1005007721163776
1005007721430199
1005007717051246
1005007716229204
1005007709626381
1005007684956363
1005007690134304
1005007695718425
1005006687758210
1005006752744476
1005007577991273
1005006970504824
1005007215008009
1005006988910179
1005007126218489
1005007611014377
1005007658729558
1005007435142019
1005005930910998
1005007256059720
1005007217556166
1005007629336369
1005007660152976
1005006950279765
1005006995976697
1005007435287735
1005007596451502
1005005931038130
1005006988626811
1005007557191680
1005007646628873
1005006518941183
1005006790497554
1005007574562114
1005007230126041
1005007660538160
1005006880342306
1005007358282820
1005007347620081
1005006963318463
1005007456965304
1005006982936577
1005007120808069
1005007252087900
1005006953881205
1005007502680968
1005007125735423
1005007453935166
1005007388393326
1005007412822814
1005007163261026
1005007651426796
1005007482555196
1005007451674338
1005007651360937
1005007588372964
1005007651693016
1005007064160790
1005007555423950
1005007526401789
1005007575660151
1005007557212549
1005007660321542
1005007064924215
1005007337899782
1005007651675057
1005007146246870
1005007651689034
1005007501798675
1005007650848966
1005007651353957
1005007454942686
1005007618836116
1005007509664180
1005007624129207
1005007451271668
1005006982597439
1005007483694438
1005007508275752
1005007453681855
1005007518103954
1005007503399348
1005007265731021
1005007503339862
1005006924598179
1005001975529481
1005006098243857
1005006924904192
1005007425040082
1005006042363479
1005006349259309
1005007090101660
1005006958641965
1005007480565700
1005007473019885
1005005243532376
1005007370922428
1005006588516700
1005007466799099
1005005777126949
1005007215523668
1005006735083066
1005007307745128
1005005494965309
1005006916945583
1005006047233691
1005007566876816
1005006221464580
1005007538711063
1005006861609051
1005006042602784
1005006528863036
1005006714644054
1005006105455712
1005004301218988
1005006105507127
1005005087289091
1005006833937566
1005006078208825
1005006285579505
1005007272635710
1005004860604722
1005005931300762
1005007001414759
1005006105319895
1005002603549086
1005004740137957
4001182409914
1005003349309643
1005004588121153
1005007268288740
1005006277655413
1005004764798673
1005005589390673
1005005568771054
1005002332769956
1005007493734250
1005007555071774
1005005472653978
1005003386081869
1005005049897389
1005004898501449
1005006728179835
1005006877539470
1005006713772122
1005006805266181
1005006743062969
1005007219761112
1005006354777339
1005007027447362
1005004032560942
1005006512134503
1005004886823747
1005006108729060
1005007277122905
1005006389520442
1005006149300079
1005007408387250
1005003325711521
1005006902190222
1005007481406027
1005004865266247
1005004294901058
1005007472896878
1005007570289967
1005004440263054
1005007228541521
1005006293404872
1005007482558248
1005006516955372
1005005881906959
1005005274481360
1005007057662216
1005006293779757
1005006012312933
1005007294550169
1005007550762765
1005006528847122
1005006935454235
1005007045970904
1005006967450531
1005006997604835
1005007658470024
1005007001323760
1005002906991313
1005007381760289