4000156295854
1005006886996665
1005005697716345
1005007625829944
1005005729994284
4000299045131
32830025386
1005007188658877
1005006746397064
1005006998912574
1005005176753249
1005006935608330
1005006739751247
1005007269356146
1005007261750936
1005007353911918
32961361811
1005007116609813
1005005626972415
1005006472874540
1005007207372664
1005006648887591
1005006730254170
1005006991578131
32950948375
1005006752577010
1005006774429616
1005007257337462
33042551149
33038580221
1005007208949064
1005004756098765
1005005242511618
1005001878754323
1005004305474729
1005005904402533
1005004403312932
1005004335557345
1005005440012350
32265494022
1005002315039259
1005002770943166
1005007224816078
1005005902377145
1005006498451614
1005006497761882
1005005070203383
1005007540287123
1005006915616075
32795167752
1005007592080194
1005007057766330
1005006372390339
1005006670446739
1005006586900750
1005004967544685
1005007551994548
1005005897777168
1005007443602742
1005006465564295
1005006195975480
1005007354003719
1005006828499319
1005007006333063
1005005971526982
1005007264286590
1005007562075342
1005005997724118
32846486079
1005007595025081
1005005997777229
32919769800
1005007218293930
1005007591910636
1005005924696632
32276994402
1005006997138870
1005003167356805
1005001530189438
1005007311946921
1005005211449192
1005001611987153
1005007591832437
1005007180484554
1005006756933055
1005006060973539
1005002766684973
1005006060982549
32785264268
1005006060740192
1005005211589183
1005006066545729
1005006720254029
1005007553355682
1005003734681984
1005006723906052
1005005995765215
1005006341221249
1005006465045189
1005006542800506
1005007591914950
1005007384729400
1005005997730394
1005007211596785
1005005971547957
1005007138052879
1005004744335442
1005007187208168
1005005937517120
1005006960143531
1005004071968385
1005006712329530
1005007638061158
1005007606414558
1005007003975971
1005006819120879
1005007089465919
1005007545333876
1005007636985755
32913464178
1005005074813296
1005007074381526
1005007517967905
32818414615
1005007545640078
1005007236299205
1005001948877649
32511249210
1005007545484380
1005004721904736
1005006962619529
1005007678236143
1005007591687299
1005005532366459
1005007640354969
1005006121027553
1005006443300804
1005006498915632
1005006639103890
1005005996664846
1005007651787393
1005007647368344
1005007715653442
1005007683697776
1005007819865790
1005007714384103
1005007811692804
1005007810319370
1005007786030000
1005007809733852
1005007722140645
1005007787417007
1005007787497558
1005007799915614
1005007799723971
1005007828585264
1005007820802197
1005007716181156
1005007722127614
1005007702280003
1005007716414443
1005007813716220
1005007792361993
1005007708325638
1005007810389644
1005007759542557
1005007792845777
32949924201
1005006271724620
4001199836792
1005006967376639
1005005881617063
2044079362
32822853979
1005006488447944
1005007482191060
1005007486556735
1005006832746077
1005005889090666
1005007113358176
1005006296019610
1005006498342815
1005002874169887
1005006116919966
1005006497764323
1005006318580292
1005006196543764
1005007439648517
1005006924011468
1005006431721762
1005003594378833
1005006837681966
1005006431821778
1005006208240607
1005006991002958
1005006195241904
1005002841002064
1005006463058403
1005006698342270
1005005933099615
1005007375308508
1005006498123409
1005007259786277
1005006243689043
1005007520039366
1005007461178336
1005007458467445
1005007402921131
1005006463199906
1005007211806651
1005005245273845
1005006432709312
1005006861435614
1005006463859358
1005003106149640
1005006865538332
1005007327728032
1005007336041766
1005006861784855
1005007353145042
1005006788812365
1005007353112114
1005006465992073
1005007585887381
1005006722084975
1005006935238449
1005006848531471
1005006467192578
1005007425541880
1005006982270127
1005007310855027
1005007171563893
1005007307564227
1005007169937121
1005007620700270
1005007486266378
1005006548751217
1005007576229474
1005005713993737
1005006169948418
1005007594648454
1005007138387503
1005007519827920
1005003942489694
1005006529032632
1005007403094512
1005007378711058
1005006203530533
1005006588631491
1005007473066145
1005006394269133
1005006132882596
1005006282357428
1005006995779085
1005005266776380
1005006856531137
1005007494348656
1005006837971985
1005006920832994
1005006710287785
1005007213483387
1005007310867359
1005006430817284
1005002938748927
1005006977054362
1005006546108394
1005006724760409
1005006227349604
1005007335322112
1005005986025183
1005007593273418
1005006998087933
1005006846916721
1005007052239467
1005007432979801
1005006857110879
1005005996786384
1005007268427876
1005007519474721
1005006432770626
1005006850481528
1005005906090382
1005007439691735
1005007613084182
1005006850065106
1005007204952159
1005007591606826
1005007288436435
1005006698614914
1005006854739409
1005006148417143
1005006462475905
1005007535238270
1005006821687012
1005006203616100
1005007539452291
1005007502720422
1005007260164875
1005007361421371
1005006977042722
1005003981954576
1005007614302993
1005006966672122
1005007003629562
1005007531168949
1005006934994135
1005007315712324
1005005554718097
1005007464467871
1005005976876414
1005007131761828
1005002490190288
1005006145704005
1005006629122291
1005007542501190
1005006991099422
1005005742770191
1005007620303750
1005007296506101
1005006990870971
1005007055309230
1005006086210802
1005005995739538
1005006431543278
1005005996740976
1005006862722591
1005007204491624
1005007347102035
1005006866007531
1005007380152530
1005006145641431
1005006432043412
1005007251780976
1005007354371597
1005005986270055
1005007598184481
1005006061552974
1005006296133172
1005007031783005
1005007616118292
1005006989862521
1005007539018347
1005007587578349
1005007516580185
1005007615454217
1005007573339999
1005005268847779
1005007514241456
1005007587843621
1005006699071071
1005006497784852
1005006568064333
1005007573308775
1005007589291608
1005006628563579
1005006895193815
1005005844428216
10000035140172
10000033034994
1005006120123066
1005004513008629
33059237815
10000039668823
1005005891378857
1005006011247532
1005006776422010
1005006581175144
10000148397293
1005006060484337
1005007031066773
4000761643532
1005007101103762
1005007016459831
1005006703783547
1005007372722489
1005007643409001
1005007295910092
1005007581533239
1005007391864045
1005005746492716
1005006336753303
1005007485467040
1005007188216950
1005007522028735
1005007234043916
1005006880079122
1005007552883724
1005007298492372
1005007522129702
1005007519494798
1005007731594179
1005007741292265
1005007741280362
1005007732699574
1005007728986186
1005006965900665
1005006174114795
1005005447219487
1005007517483395
1005007553037427
1005006347787674
1005006347885005
1005007522324116
1005007737068851
1005007736978945
1005007351669172
1005006583525834
1005005386739567
1005005166892813
1005007495186787
1005007608560046
1005007016762404
1005006924451047
1005006257949490
1005007015978763
1005007248915341
1005007536423969
1005007050371326
1005007267350365
1005007498320860
1005007300929952
1005006064434170
1005005178378696
1005007437724687
1005007555895438
1005007611276378
1005006867826535
1005007354404145
1005007536503809
1005007424105952
1005007594567591
1005005537285364
1005007530082985
1005007530212694
1005006984905509
1005006984822800
1005007557233327
1005007456787142
1005007541353445
1005006593287176
1005006515120949
1005007368113324
1005007378199146
1005007125261701
1005007296307822
1005007300328734
1005005171748962
1005007016752130
1005007498121376
1005006924410458
1005007114846996
1005006961087131
1005006968712900
1005006911694732
1005007635954961
1005006692187257
1005007268149562
1005006348867038
1005005157469420
1005007632528795
1005007114936771
1005007142412249
1005007301697653
1005007608398722
1005005830601790
1005006467536374
1005006964670613
1005007537794780
1005007627789648
1005007438405111
1005007053639762
1005007386169201
1005005311236254
1005007117785553
1005007538736406
1005007117769972
1005007665318092
1005007664263590
1005007618432642
1005007514533822
1005007532851348
1005007370693703
1005005830308952
1005007537992677
1005006340583033
1005006807526128
1005007342019292
1005007431413849
1005007117848434
1005007310394202
1005007392637804
1005007309900903
1005007398332250
1005007046494100
1005006989372251
1005006789412011
1005007608339740
1005004582881030
1005007025709359
1005005669333408