1005007775171932
1005007775221429
1005007775229406
1005007775214512
1005007772820801
1005007772606451
1005007752770399
1005006869932796
1005006868590817
1005006868738061
1005006870042098
1005007783389609
1005007450614610
1005007716045998
1005007715458092
1005007714730885
1005004994100003
1005004993980738
1005007210056802
1005007706387286
1005007343955135
1005007343902307
1005007344038018
1005007343758345
1005007343834368
1005007343972111
1005007344042058
1005007343847191
1005007343909449
1005007344085126
1005007344090106
1005007344105228
1005007343814403
1005007657337704
1005007657356604
1005007657565009
1005007657440357
1005007657347640
1005007657816434
1005007657721764
1005007657820360
1005007657748614
1005007657508179
1005007654628562
1005007656412845
1005007654677432
1005007657705777
1005007657970015
1005007657692769
1005007657834379
1005007657635974
1005007657749639
1005007657802474
1005007657898188
1005007657866289
1005007657679885
1005007657885232
1005007657745701
1005007657843364
1005007657723706
1005007657692776
1005007657725707
1005007657685786
1005007657751611
1005007657673923
1005007657652934
1005007657816438
1005007657798468
1005007657856306
1005007657794451
1005007657903175
1005007657798470
1005007657649937
1005007657948073
1005007657705790
1005007657974017
1005007657747648
1005007657901168
1005007657786543
1005007657711776
1005007657887201
1005007657770523
1005007657767564
1005007657872301
1005007657780536
1005007657891215
1005007657867293
1005007657676833
1005007657789473
1005007657835425
1005007657635961
1005007657901175
1005007657895206
1005007657802493
1005007657780537
1005007657848331
1005007657975025
1005007657636990
1005007657882231
1005007657714789
1005007657884253
1005007657858313
1005007657829390
1005007657858315
1005007657764627
1005007657910178
1005007657820377
1005007657662869
1005007657762610
1005007657644919
1005007657838388
1005007657868279
1005007657824411
1005007657699776
1005007657794460
1005007657766568
1005007657896178
1005007657743632
1005007657644923
1005007657933129
1005007657853318
1005007657671894
1005007657660932
1005007657753629
1005007657743637
1005007657906174
1005007657902168
1005007657795468
1005007657895216
1005007657724700
1005007657906175
1005007657681853
1005007657970032
1005007657721793
1005007657657929
1005007657969031
1005007657693816
1005007657679896
1005007657734652
1005007657736646
1005007657906181
1005007657969032
1005007657841349
1005007657820391
1005007657739663
1005007657630986
1005007657691793
1005007657715780
1005007657654948
1005007657800509
1005007657707834
1005007657921153
1005007657738693
1005007657632987
1005007657867310
1005007657730717
1005007657688804
1005007657924145
1005007657920175
1005007657807440
1005007657800513
1005007657681860
1005007657763568
1005007657892201
1005007657838405
1005007657808474
1005007657643900
1005007657708761
1005007657766583
1005006410559783
1005006410490581
1005006552413454
1005007468733033
1005007547885712
1005007482421410
1005007288481606
1005005994820009
1005006770572538
1005006357034024
1005005258338173
1005003421072145
1005006232912261
1005006211874896
1005006770679344
1005007306614861
1005005805848934
1005006749503179
1005004629813219
1005007273425030
1005004409141887
1005005847958040
1005007002684703
1005006346539338
1005005767655977
1005006081179944
1005007123773289
1005006432152389
1005007380891625
1005006611314342
1005007508019043
1005006598278235
1005007119910935
1005007343486596
1005007440648900
1005006865985175
1005007632817110
1005007592622203
1005007563646427
1005007655008445
1005007538375145
1005006552302793
1005007342152933
1005007483202289
1005007380735607
32820111792
1005007528137734
1005007096300331
1005007615323410
1005006150445044
1005003497483309
1005003668257687
1005006902362208
1005006242790449
1005007474237864
1005005597900818
1005007055480312
1005005264628082
1005003979743677
1005001357978002
1005007615338311
1005004991743902
1005001935625354
1005007650632706
1005004991778733
1005001630543024
1005007361210593
1005004332499774
1005007690729120
1005007483571756
1005005283500129
1005001639033979
1005006317618466
1005006168464343
1005006308956528
1005005744095611
1005007052921111
1005005908078626
4001050419141
1005007300474711
1005006544059268
1005003483611285
1005001566079241
1005006803646373
1005005232840858
1005007546479944
32950951836
1005006227916948
1005006359585633
1005006828205523
1005002287525615
1005004272469491
1005007141308222
1005004932267862
1005006431281697
1005005707860767
1005005578954540
32817354722
32959820258
1005006429014347
1005005771227605
1005007277723952
1005005924638259
1005007046957693
1005006745205956
1005007511050149
1005007007418767
1005005590424637
4000543702352
1005005197456950
1005007019182138
32798281150
32674249888
1005006260053114
1005007233804641
1005007003557046
1005006371788012
4000843713330
32808771000
1005001356739500
1005006837930915
1005004159488272
1005004532037789
1005006689602526
1005007631238632
1005007045362009
1005005715737226
1005005570987990
1005005775807232
1005007763640852
1005007772825149
1005007776236436
1005007763748414
1005007776242564
1005007776345636
1005007776263706
1005007776263553
1005007781135917
1005007730065824
1005007775756618
1005007737398214
1005006520582416
1005007288833204
1005005593361231
1005006738575653
1005007015861704
1005007021616661
1005007016894427
32517454914
1005007560310459
1005006169969175
4001275597753
1005005231217868
1005006068819183
1005004055993529
1005004055800808
1005003699951941
1005007310727956
4000269370968
1005004050398862
1005005259799572
4001021151380
1005007579719094
1005003091919634
1005007598488761
32991738559
1005002002291566
1005004004418998
1005006056609784
32864070329
1005004008318719
1005003993989954
1005003136352794
1005006056555701
1005005231098179
1005007322567893
1005006111978099
1005004008856634
1005007075755365
1005003172560322
1005003999778832
4001365051431
1005005579468254
1005006170174838
1005001935241671
1005004065113314
1005002459430584
1005006451200990
1005001560498009
1005004055994636
1005004099224529
1005004180824790
1005003670830993
1005005366961789
1005005231007420
1005007010054073
1005006821628211
1005005286743749
1005005753303374
1005006821456487
1005006220778047
1005007093257411
1005005371894291
1005006344495642
1005006960476121
1005002429341307
4001019179412
1005005800078322
4001264106984
1005007089609189
1005007310735846
1005005785778379
1005006148384665
1005006141705379
1005007089407415
1005005720505521
1005006821519650
1005006965651816
1005006056695501
1005007088149756
1005006141640792
1005004358833709
1005003065678188
4000895464799
1005006297036758
1005007458010978
1005007075418011
1005006366020043
1005006215616723
1005006821361961
1005007310880198
1005007310755769
1005006056444890
1005005264153158
1005004056071026
1005005921926774
1005005818727881
1005005753041067
1005004341869068
1005005354246605
1005005824238756
32802009421
1005007086077836
32956107508
1005007639767844
1005007085216303
1005005929090437
1005003079323928
1005002878006985
4000933104554
1005007310889206
1005007444615548
1005005941370705
4000899021321
1005006821611361
1005002091941175
1005006221419287
1005005367094610
1005006821706088
1005005461799460
1005006821522371
1005006141689496
1005007088174684
1005003050257199
1005003931496954
1005004566240552
1005001311666843
1005005757048802
1005002863690535
1005001974636919
4001083376848
1005006102818766
1005007145791847
1005006297106409
1005005578781886
1005007310924156
1005007310855333
1005006821498550
1005005287033364
1005005818924127
1005005828492972
1005007310822471
1005005824332555
1005005818540083
1005004562801295
1005006821725085
1005005007419336
1005002552796264
1005003489995646
1005005708793885
1005003136440057
1005003937731590
4001030048776
1005003937403223
4001064148459
1005001560298721
1005005761776873
32972984873
1005003191268229
1005006821534380
1005003257285007
1005007830391193
1005007750900403
1005007803368097
1005007803128985
1005007803260493
1005007803275497
1005007801685767
1005007801793412
1005007074670880
1005006821564644
1005005837262828
1005005796588794
1005005787021066
1005005794913755
1005006297022898
1005006297014819
1005006296462304
1005005631075991
1005006296344944
1005006821660288
1005006821676109
1005004007406706
1005006821649179
1005007803133855
1005007791500244
1005007791326836
1005007604619102
1005007728245395
1005007074761308
1005005796274208