1005007175556896
1005006613360129
1005007461350104
1005007496133541
1005006139250309
1005007146425257
1005007173887064
1005006613022483
1005007519311944
1005005494374999
1005007368184127
1005007549967711
1005007146067878
1005006415432711
1005007593986219
1005006489124147
1005007323027851
1005005454145330
1005007198533487
1005006613359061
1005007432418986
1005005794031748
1005007198532577
1005007146058915
1005007138307703
1005007139026542
32827944485
1005006419579175
32829503143
1005007335273227
1005007198303914
1005007014258266
1005007050516260
1005007560511619
1005007557448728
1005006636516660
33051027282
1005007370232988
1005007071274652
1005007642430675
1005007174298750
1005007430292517
4000457115212
1005007013447998
1005005773401916
1005006612876936
1005006613278218
1005007375153709
1005006827242452
1005007146378310
1005007146207586
1005005986195631
1005004799082677
1005006877481547
1005007146592069
1005007542787187
1005007198498861
1005005988296707
1005006384084690
1005007563488772
1005007367204892
1005007301192315
1005007323213247
1005006208514998
1005007322992899
1005007542651554
1005007605227902
1005006839102873
1005007132500678
1005005544595883
1005007500720420
1005007562420132
1005004029693433
1005007301190039
1005007115987357
1005006408707726
1005006613428060
1005007198692255
1005006612938798
1005006612888936
1005007660257233
1005006172415330
1005006613222184
1005007433232556
1005006613330193
1005007146426333
1005007146277572
1005007146006953
1005007413145700
1005004011937758
1005007146052848
1005006415543649
1005006442048650
1005006415247431
1005007138430818
1005006412059095
1005006783470401
1005006783645806
1005007768543449
1005007731044811
1005007811287625
1005007828135958
1005007827594604
1005007702683208
1005007825392585
1005007804753368
1005007709671076
1005007817936489
1005007768883731
1005007722066577
1005007811788981
1005007805182249
1005007723778133
1005007781415822
1005007820739965
1005007731069628
1005007813629347
1005007196740595
1005007781004386
1005007805492328
1005007804180063
1005007588172956
1005007733529049
1005006718958644
1005007782079128
1005007693640580
1005007542352300
1005006419465169
1005006602887758
1005007437988451
1005007419666740
1005007198752228
1005007198431164
1005007198300741
1005007198742207
1005006613357170
1005006613595062
1005006980926008
1005007146546047
1005007594215747
1005007464907998
1005006613421099
1005007771379698
1005007770838419
1005007751747977
1005007751375890
1005007727469621
1005007743870460
1005007743834250
1005007730444938
1005007690685617
1005006174209300
1005007730649159
1005007730424764
1005007730549370
1005007722683360
1005007718304787
1005007705623571
1005007687388016
1005007555119891
1005006212465863
1005007501941716
1005007348064733
1005007497636566
1005007505054966
1005007162745544
1005007522398411
1005007476406518
1005007514743440
1005006716577729
1005007472234881
1005007510361767
1005007531670043
1005007506893675
1005007505276117
1005006602802680
1005006667958928
1005006578783439
1005007502284579
1005007506601275
1005007535826351
1005007530874503
1005006594566988
1005007537332040
1005007539403380
1005007539178693
1005006589473593
1005007476202663
1005007562318573
1005007539719009
1005006870944627
1005007463848140
1005007567511317
1005007508792414
1005007472466361
1005007538046500
1005007536177127
1005007480693657
1005007535742324
1005002511444943
1005005468909022
1005005670622975
1005004014245691
1005007428894360
1005007266932747
1005006710439443
1005007436126176
1005005497357103
1005007520191950
1005005519984674
1005005508723787
1005005475203817
1005005588258920
1005002133538471
1005004660335915
1005004093334551
1005005773903470
1005006755468049
1005002203613787
4000327560148
1005006438608338
1005007267108210
1005006289089157
1005004895477112
1005005547428965
1005004333769919
1005005830627340
1005005498836370
1005006825801034
1005005553409338
1005007632855960
1005007574310683
1005005081073576
1005007144662360
1005007145994992
1005007455125280
1005007146405340
1005007198124997
1005007198427941
1005007198782240
1005007198610187
1005007491802891
1005007479596605
1005007198421361
1005007474648965
1005007198205802
1005007198813101
1005007198072634
1005007198728100
1005007520982532
1005007730550602
1005007730411887
1005007730627197
1005007730590407
1005007730699214
1005007730691213
1005007730476596
1005006885281504
1005007580837786
1005007505694500
1005006144256285
1005005507345437
1005006750668406
1005007653598502
1005007653612266
1005007124490806
1005005557673350
1005002632346172
4000353804397
1005005979402404
4000346168299
1005007179889725
1005006120381060
1005006421569626
1005002632348220
1005007792029831
1005005678501622
1005007758911552
1005007581635863
1005007653332872
1005007505801367
1005007505858222
1005007202146623
33011641078
1005007512529390
1005007251433566
1005006175370663
1005007648643119
1005006017867542
1005007093353405
1005007418268434
1005006017802844
1005005455462298
1005005455456360
1005007796738499
1005007789993032
1005007784499466
1005007138751067
1005007487842520
1005007175575226
4000836937737
1005007447934297
1005006583865103
1005007502987485
1005002702660631
1005006754763182
1005007557532524
1005007203327263
1005007267173923
1005003387701595
33021733559
1005005279304166
1005007170956920
1005003471969569
1005005393541182
1005004638833324
1005007172001441
1005007591875598
1005005279304102
1005006691348700
1005006417784676
1005006359105493
1005006437128259
1005007585418853
1005003710050137
1005004331677888
1005006730908798
4000236112479
1005006950191214
33063255533
1005006712589568
1005006298859889
1005005320802403
1005004247969249
1005007199617736
1005006872852846
1005004427865981
1005006997180119
1005007381895590
1005005966097536
1005001265631754
1005003778471603
1005003374186066
1005004503797195
4000993457724
1005006709783163
1005006410108444
1005006499706850
1005006167238426
32845300282
1005005788810797
1005007722828348
1005007722889154
1005007743257473
1005007725661767
1005007253953081
1005007337119943
4000800392981
4000800375146
1005004317239751
4000225862252
4000081566282
1005007557349802
1005006891474975
4000031944791
4000081517123
1005007252996963
1005007556987776
1005007557898022
1005007557101784
1005007287024633
1005007254677410
1005007287146010
32306639427
1005004909414711
1005005769208522
1005007330716480
1005007472646905
1005006326313029
1005002327032491
1005004616449799
1931058901
1005007172814711
33014370102
1005002604630343
1005006056247194
32758553560
1005005461255292
1005003023561538
1005005942137849
1005003201299631
1005003774783896
1005005089009280
1005005383396287
1005005566561439
1005006850844020
1005007017078685
1005006229717465
1005007216293157
1005006474453134
1005006047562332
1005007163536258
1005002395850913
1005006389125782
1005006070888297
32967382140
1005006564643423
1005004590330169
32865187276
1005007233271705
1005006282676717
1005007253705128
1005003784581104
1005004203468630
1005005287895473
1005005867167163
4000324817143
1005007476884960
1005004598255688
1005007538319790
1005007473582543
1005006849805060
1005004883017792
1005006490398687
1005006573360481
1005005703235986
1005007340501327
1005007419753005
1005007538259261
1005007083952364
1005007317025120
1005006612703935
1005006870616686
1005006690139457
1005005917620368
1005007459024322
1005002225208254
1005006150175700
1005007363685088
1005007124108314
1005007198226911
1005007354655381
1005006855450872
1005003579731338
1005005871822039
1005006882783987
1005006674779673
1005003079586916
33059359651
1005003313179094
1005004195891907
1005005492915280
1005007618168967
1005004593999488
1005006091364311
1005006270601080
1005004222068023
1005007013047711
1005004267549074
1005005441765446
1005006689075234
1005001907508827
1005004777634681
1005006378870920
1005007004907709
1005006883170953
1005006250579293
1005006355190229
1005006199261665
1005005300261898
1005007207081498
1005007260530407
1005006166376025
1005007364402537
1005006825659057
1005005416804558
1005006329716604
1005007226315258
1005006381080386
1005005479315243
1005006893630800
1005005456795948
1005002652687454
1005005832385544
1005005134639646
1005007074708944
1005005131099064
1005006737185827
1005006536205009
32734075064
1005007402862389
1005004453619375
1005004369788587
1005005996532298
1005007467292113
1005006265974548
1005006822674071
1005006436361442
1005006355696153
1005007234115822