1005005474036031
1005007413129333
1005005857025510
32636900377
1005007413061573
1005006286492691
1005006533380351
1005006142813653
1005006008787447
1005002651680582
1005006728654985
1005006749498413
1005003330306064
1005006813359765
1005005050199273
1005004477552499
1005006205356888
1005007135658040
4001069277376
1005004187076393
1005006277530675
1005007329611086
1005003745129785
1005005866767772
1005006196883261
1005005102607955
1005006809705614
1005006376329087
1005006913718831
1005007336279936
1005006915284801
1005007170881205
1005004957068413
1005003423831622
1005006418517522
1005005179842571
1005006608981425
1005006367586732
1005007235085111
1005002866453029
1005006675732891
1005004388441703
1005007063292073
1005004629802863
1005006468106228
1005002532866618
32343423606
1005006394785955
1005007201434626
10000400131088
32744097342
1005004764276160
1005006238401866
4001200075811
1005004823101459
1005004802539369
1005007403520059
1005007220457172
1005007264231987
1005006577526005
1005005509237542
1005001969923929
1005007081042835
1005006104856028
1005006374368629
1005005192552400
1005005079530451
1005006176315822
1005005016495912
1005005201489530
1005005959115913
4001152954014
1005005477395669
1005002157351014
1005002347900879
1005006032495386
4001061823072
1005006911280094
1005004799549642
1005003111594056
4001231263848
1005001914295369
1005006103907011
1005004850181331
1005006989154342
1005006908267425
1005004097814343
1005006877980319
1005006759817511
1005004121144529
1005006204917091
1005006260087349
1005006710749162
1005005271267997
1005006689723694
1005006766740861
1005003662056808
1005005413049378
1005007220246845
1005007196433442
1005007227577278
1005007110440793
1005003167734490
1005003377740957
1005007386620677
1005007068304492
1005007385901256
1005006119433413
1005007277926359
1005006212416215
1005004503198733
1005007173096570
1005007188604106
1005004258376383
1005007193351299
1005004938399489
1005007007451963
1005006633387481
1005006959796111
1005001339728080
1005006850166289
1005006440422930
1005003158770652
1005006827152041
1005006864537835
1005006262312242
1005007130024398
1005007419626377
1005005593504486
1005007440572435
1005006825185545
1005006064616443
1005006644478808
1005006229886535
1005007279033548
1005007130665278
1005006112399446
1005006186511947
1005006433528742
1005005425494847
1005006101600750
1005005925200129
1005006909863351
1005003745707595
1005006745443291
1005007295766835
1005007392394253
1005003937545706
4000857155542
1005003116626758
1005007413590561
1005006269768798
1005004578155235
1005007458655700
1005007355770316
1005007244540247
1005006760125882
1005007279056170
1005007300817016
1005007341711221
1005006962210456
1005006777737971
1005001690988370
1005006978847723
1005003165422821
1005005459258043
1005006794227683
1005007331143767
1005006037394690
1005004383909243
1005005390213815
1005005466080465
1005007347899055
1005005273368712
1005007206290620
1005006249259818
1005006922524999
1005001979588492
1005006196334322
1005002405449087
33028072731
1005007266209507
1005007337036348
1005006910083337
1005007439728900
32964650412
1005003518239024
1005007261432487
1005007251340977
1005004006796740
1005005609898441
1005006691941807
1005006878131778
1005006236177098
1005007301953095
4000445316669
1005003843726188
1005007274796550
1005007336903513
1005007235107225
1005005016384571
1005006989860927
1005005020912163
1005006479073844
1005007410899831
1005004613647724
1005004084343285
1005006450958374
1005005415995169
1005005768789406
1005005995611123
1005003305491703
1005003597455380
1005007353674489
1005002750982737
1005007325588442
1005006079091453
4000239483074
1005001625576704
1005004388785129
1005005042637588
1005006313519944
1005003933755142
1005004872976641
1005007010740199
1005004051981218
1005007328993115
1005006943840802
1005006254031884
32820760979
1005006955792932
1005007091071733
1005007361227730
1005006300379650
1005003769514447
1005007145966584
1005002531603985
32873627094
1005002003767482
1005004883869376
1005006195565538
1005003701789688
1005006185785301
1005007395759261
1005007168670908
1005006735200208
1005007210933871
1005007105915227
1005007413782421
1005006818615194
1005004727726426
1005003728431738
1005006271764395
1005007396370129
1005006692522417
1005005406755336
1005006516272729
1005005213652481
32456757636
1005004820140390
32889894088
1005002110902915
1005007402106847
1005003327437451
1005005203302968
1005007398912224
1005005236932134
1005006896522138
1005004557693066
1005007029393720
1005007108110162
1005006349038192
1005006265324002
1005001758827349
33041138479
1005006977734835
1005005902081910
1005004385126812
1005006990487016
1005006295190662
1005006786973288
1005007116777968
1005007228071171
1005005192333477
1005007427276255
1005006844212421
1005005928108644
1005007039217951
1005006224613202
1005006348528859
1005006582031687
1005006876189593
1005006989776317
1005006884044507
1005006865821663
1005005819379689
1005006895213958
1005004490965997
1005004951597094
1005001817111583
1005003687241713
1005006367306181
1005006136035145
32861410790
1005004298720214
1005005770565932
1005004218295100
1005006801098697
1005006064528336
1005005521834355
1005005239111581
1005004807724523
1005004946185495
1005007327456960
1005007227780517
1005005085887352
1005005621796517
1005005666295117
1005004207135434
1005002974115162
1005007045045476
4000725405544
32838578546
1005006990457091
1005003505026549
1005007112354799
1005007058840915
1005006991763509
1005006942213570
32798634120
1005006039203527
1005005201607104
1005007168033538
1005007047540119
1005006959014527
1005005673169903
1005006053172892
1005006324142533
1005006284905600
1005006267206203
1005005786910370
1005006991651815
1005004968262261
1005001300706010
1005006059845361
1005006361698548
1005006856701326
1005003099968981
1005006008853009
1005006141278688
1005001274940802
4000333576924
1005006431763270
1005007032122709
32812905179
1005006258740181
1005001747711469
1005007060192719
1005005766186366
32993273676
1005005918006668
1005007360954501
1005004476882677
1005003133321861
1005004292231145
1005006050099972
1005006304620419
1005006842887446
1005006711770697
1005004418031633
1005006599445948
1005005853736493
1005003634651508
1005003756905998
1005004038830430
1005006085549787
1005006729019666
1005004178373101
1005004246206474
1005006174869510
1005004233393213
1005004754942266
1005006377790771
1005006862236343
1005005918537016
1005007030070202
1005005433725043
1005006044156975
1005006332440421
1005004311223043
1005006902006873
1005002346594915
1005005425960942
1005006975399164
1005004277361589
1005004173490696
1005006858673394
1005007026414967
1005002973454949
1005006864591703
1005006612632326
1005004266090162
1005006932197575
1005006584436461
1005007349256577
1005006505671530
1005007107739973
1005005043111926
32321581301
1005004523534750
1005006905157616
1005006691177432
1005006969283970
1005007474539814
1005007474196647
1005007473969227
33014494557
33035107265
32832679386
1005003712415764
32884903360
1005005393161046
1005004359624767
1005004366893934
32889972844
32821679749
1005004428092010
1005004987864790
1005007464982544
1005006486911251
1005007457372889
1005002660538386
1005006984491899
32310657784
1005007147520035
4000648114397
1005006953267070
1005005978717524
1005005338930318
1005005790273005
1005007366488929
1005004744339497
1005004805381154
1005005042616492
1005004733766724
1005005248655030
1005004737020044
1005004743629518
1005002305842105
1005003298627139
1005005014633643
1005002746236920
1005005334108400
1005002382380411
1005005931031686
1005004906428630
1005004795740412
1005002317599193
1005005415675692
33005014951
1005007470201219
1005005702063047
1005002745313393
32822119955
1005004272902092
1005004325064891
1005002952381943
1005004197504745
1005002946972593
1005005586651269
1005005626475559
1005006537840243
1005006960366605
1005006980520828
1005005779254336
1005003819450649
1005007450233544
1005007133060983
1005005254305307
4001062580307
1005007390966523
1005002960022950
1005006597803803
1005007160557607
1005004044701769
32791942996
32794183435
1005005975262608
1005006783676895
1005005455025824
32961577676
1005007443133700
1005006054787243
1005004151273597
1005007017868016
1005002982772777
1005007385793091
4001123700343
32891163032
1005005910291074