1005007574318646
1005007343987093
1005006311816234
1005007150198818
1005007600854862
1005007404937506
1005007138636686
1005002070824531
1005007522719708
1005006118222993
1005007458467689
1005006719377000
1005007238170608
1005007532628244
1005007511567108
1005006610202770
1005006497197099
1005006695652745
1005007639473097
1005006929381303
1005007469402689
1005007380576648
1005006604994777
1005007303808229
1005007186995063
1005007049622152
1005007325122699
1005007330761306
1005006597930121
1005007615015946
1005005034293270
1005007340045358
1005007524885501
1005006625789151
1005004357900058
1005004840768305
1005007338286001
1005007473444116
1005003154991236
1005005908493381
1005007320792293
1005007354134985
1005005967677987
1005007332003174
1005007488201048
1005007488868278
1005007343997297
1005006549011624
1005005310413004
1005007337962294
1005007352530830
1005007126675867
1005003511016188
1005007199575285
1005006058812724
1005007486847644
1005007488051501
1005007343790522
1005007344000311
1005007331719667
1005007413730024
1005005970921234
1005007362076662
1005006895972017
1005007344010051
1005003525315179
1005006625505842
1005004832457243
1005007343757355
1005007344094234
1005006530664659
1005007380736300
1005007345762026
1005006547196836
1005005977496197
1005007301889326
1005006611290222
1005007206416501
1005006980626209
1005007212294020
1005007318495027
1005007517037509
1005007424152486
1005007245307095
1005007134129969
1005007092602338
1005007044291199
1005007191377856
1005007658284089
1005007082706769
1005007404842855
1005007090734495
1005007148690167
1005007405001882
1005007421414612
1005006928016814
1005006610855060
1005007335378628
1005006976052816
1005007356016418
1005006543053756
1005007198897780
1005006875555395
1005007189657691
1005007506150223
1005007408650585
1005005277695236
1005007021638769
1005006481442977
1005007264594926
1005007483084793
1005006526050730
1005007157678506
1005006469764426
1005007449460649
1005007150914899
1005007486988757
1005003372597073
1005007277244985
1005007344143124
1005005050039663
1005007475103074
1005005907405631
1005005050033738
1005006666697558
1005007574894266
1005006929896479
1005006910929271
1005007487707049
1005007020334954
1005007336514899
1005007449241793
1005007343722427
1005006186324244
1005002687794759
1005007021759281
1005007574200917
1005007175025960
1005007321758766
1005007457153913
1005007537886123
1005006026895547
1005006850139196
1005007379197284
1005007280495115
1005006078834216
1005007397136449
1005007055885292
1005007370135125
1005007049232885
1005007177071620
1005006445936006
1005007404974755
1005001392385300
1005007325522298
1005006943905946
1005007532170701
1005007320384572
1005006154266512
1005007525289187
1005006609392101
1005005868856658
1005007520523024
1005007055420295
1005007684991919
1005007685110620
1005007684816867
1005007686642363
1005007685025642
1005007686407863
1005007685165561
1005007685929127
1005007670008592
1005007658034158
1005007685606923
1005007614054702
1005007677452212
1005007378221604
1005007378686572
1005007810890830
1005007812384577
1005007818391619
1005007818525401
1005007811994493
1005007818482018
1005007817557953
1005007818441259
1005007805710039
1005007817605426
1005007805653444
1005007812688426
1005007826740629
1005007809963896
1005007381749326
1005007818570038
1005007805215454
1005007782551436
1005007807497163
1005007807178673
1005007684871816
1005007689736531
1005007685472383
1005007685552179
1005007689290595
1005007689411280
1005007689534737
1005007806701672
1005007806751593
1005007790137500
1005007803159371
1005007802979627
1005007802902654
1005007777837062
1005007777259967
1005007800916145
1005007800477612
1005007694187718
1005007799802544
1005007798569777
1005007798794089
1005007798643290
1005007798789160
1005007797951274
1005007707992493
1005007708273305
1005007735037212
1005007797286264
1005007774540493
1005007774569448
1005007773856376
1005007774136757
1005007773452546
1005007774622499
1005007774480812
1005007752090916
1005007775361086
1005007775259476
1005007752259044
1005007774195759
1005007752584758
1005007774424050
1005007775808615
1005007773039967
1005007774437036
1005007752569039
1005007656654764
1005007656885107
1005007656907044
1005007752573005
1005007752556066
1005007796448942
1005007752411807
1005007775289565
1005007772394895
1005007772529477
1005007774080368
1005007774030618
1005007773592703
1005007786490933
1005007772887471
1005007774928898
1005007752785402
1005007752733550
1005007752838114
1005007752894594
1005006624346821
1005007755355536
1005007755336533
1005007755379528
1005006995299052
1005006995202099
1005006995238889
1005006995380402
1005007735931442
1005007735833037
1005007735855026
1005007735645943
1005007816856538
1005007381665838
1005007774693247
1005007774475903
1005007774488863
1005007774440093
1005007774619833
1005007752553084
1005007752452460
1005007752540133
1005007752395858
1005007774671073
1005007774604320
1005007774405973
1005007755061382
1005007755325397
1005007755318443
1005007755251755
1005007710543231
1005007703668670
1005007689549785
1005007792579731
1005007694122266
1005007792054442
1005007706212056
1005007791102634
1005007790555913
1005007790322448
1005007789678653
1005007789651198
1005007789588457
1005007787169272
1005007785291255
1005007778705850
1005007777658615
1005007783647162
1005007783540524
1005007781217853
1005007780828794
1005007697531853
1005007697733364
1005007697613811
1005007769833233
1005007739614124
1005007766274655
1005007766097686
1005007766454037
1005007760643040
1005007761334538
1005007711546528
1005006994921803
1005006995034573
1005006994923772
1005007752531142
1005007752499225
1005007752403894
1005007774717828
1005007774663117
1005007774506578
1005007751223813
1005007746704294
1005007740649698
1005007449657301
1005007735752831
1005007467805831
1005007523513987
1005007523502527
1005007071650889
1005007710431085
1005007698928401
1005007705590508
1005007689410927
1005007689419859
1005007690842944
1005007688954266
1005007689833741
1005007765017510
1005007687039222
1005007686683603
1005007711493307
1005007703412008
1005007760732252
1005006118350463
1005007701582418
1005007697610015
1005007697492386
1005007716335170
1005007689827004
1005007757161134
1005007689853249
1005007752514201
1005007752540156
1005007752470496
1005007755316584
1005007755548292
1005007755555261
1005006995400684
1005006995501653
1005006995130508
1005007709813308
1005007709797311
1005006810026776
1005006792495968
1005006995384404
1005006990921231
1005007704970131
1005007377064661
1005007689249048
1005007697330743
1005007697216666
1005007567794075
1005007221363317
1005007486364114
1005007685331240
1005007224303235
1005006995328731
1005006995506577
1005006995721155
1005006995416798
32984170569
1005006353895336
1005006112185963
1005006752401227
1005005704650401
1005007148277931
1005007148419692
1005007225745313
1005004127102656
1005006480791530
1005007158885681
1005007276638819
1005007557509380
1005007537019648
1005005704795956
1005007544741523
1005007345603724
1005007345334942
1005007345820464
1005007345572940
1005006996405167
1005007045204743
1005007075419046
1005007466097135
1005007466174031
1005007479131383
1005006399237772
1005006940493999
1005006612428417
1005007052366845
1005007295504143
1005004339517495
1005007647100761
1005007590765353
1005007643727743
1005005128461205
1005007643717528
1005007196981575
1005007643985063
1005007586779815
1005007643741976
1005003741260539
1005007590622673
1005007494614568
1005006396076302
1005007648463226
1005006718647829
1005007271706479
1005007641159422
1005007566633589
1005006827814625
1005007215528879
1005007473704579
1005006884097974
1005007175618382
1005007264180895
1005007355927558
1005007370298460
1005007544968078
1005007479829597
1005007021495248
1005007431668253
1005007548334104
1005007538138581
1005006948186976
1005007144972098
1005006848861493
1005007252110180
1005007586732862
1005003014382063
1005007379000628
1005005957689129
1005006444414062
1005007202290471
1005007209326909
1005006788360051
1005007585869531
1005007341984105
1005007175029329
1005007051389502
1005007566511584
1005007643833270
1005006875516208
1005007573417333
1005007592998317
1005006924290794
1005003013899436
1005007273689441
1005007354778742
1005007076511317
1005006246291827
1005007259459492
1005006975629126
1005006113140706
1005004544245711
1005007499457695
1005007540987983
1005006476588037
1005007455443451
1005003741332179
1005007566748003
1005001992553441
1005007635901403
1005007165379530