1005007021984537
1005006463644210
1005005906147619
1005007558856418
1005006836814426
1005006892593068
1005006888967398
1005007623662032
1005006461897927
1005007649961843
1005007625294488
1005006892311551
1005006936954224
1005007063094126
1005006458754149
1005007551791052
1005007393461436
1005007556426815
1005007005301739
1005007505804962
1005007017031233
1005007539490852
1005007022626688
1005007011468422
1005007182163260
1005007481200994
1005007576891747
1005007562561808
1005006753648459
1005001805154634
1005006753604739
1005004883740424
32997139987
1005005542694801
4001245091406
4000282079606
1005007112446366
1005007506785470
1005006865502457
1005004121521133
1005001278962670
1005003722657888
1005005160086699
1005004538454865
1005007329856730
1005002823214144
1005007383336690
1005005217439337
1005003229086898
1005005916317313
1005004487486982
1005004957135035
4000613872565
4000724149315
4000087428141
1005007342533105
1005005359796388
1005002833315545
1005007506687741
1005001577016880
1005001641178686
1005005913695374
1005007549897987
1005007342333390
1005002835738057
1005006898913930
1005006579365180
1005003239300035
1005007654105974
1005007376315714
1005006957080310
1005007477308916
1005006411796250
1005002006472448
1005004665346055
1005007389049137
1005004230199188
1005003365216371
1005003344907372
1005007197716714
1005001326136195
1005006723492480
1005006843839683
4000229439649
1005002314445840
1005005178262747
1005005935365579
1005007197708668
1005005904276275
1005006837719492
4000538260361
1005007513379389
1005006082271182
1005007300384685
1005005913700698
1005005921202488
1005007502468154
1005006581211189
1005006887278762
1005007047229789
1005007634338145
1005007206342699
1005002658419679
1005006723522491
32990484929
1005006053839148
1005002324987927
1005002931699425
1005007509101877
1005007290516135
4000627929041
1005002577981582
1005007670401190
1005007815106678
1005007818065137
1005007800037494
1005007785416884
1005007699062912
1005006046187763
1005007806386184
1005007806278297
1005007806097793
1005007805860910
1005007798037483
1005007797913822
1005007798098356
1005007798088410
1005007708664341
1005007702298986
1005007692900397
1005007654189726
1005005921494411
1005006819830332
1005005865982156
1005005921503829
1005001899384114
1005007481092500
1005005865866806
1005006998116476
1005006815629454
1005006890724890
1005006994507928
1005007611386719
1005007634119673
1005005921137810
1005007295137722
1005003205152571
1005007046869463
1005006468666929
1005006466367045
1005006471391647
1005007261239068
1005005906182492
1005006471364649
1005007138243877
1005007232226633
1005004305504509
1005005249329652
1005006676815480
1005006827976847
1005007342214432
1005006279138589
1005005610437374
1005006993100493
1005002234606804
1005005899982945
1005006775381474
1005007208256214
1005005458943850
1005005279268771
1005006230468179
1005003662535094
1005007596772944
33047573194
1005005915764321
1005007532456290
1005004781709090
1005005875209883
20000003788994
1005001837251011
1005005963771367
1005003111011041
1005005833659129
1005007330377867
1005005933626991
1005003301471751
1005006353386854
1005001480154855
1005003762687670
1005007225898433
1005007225633956
1005007225978389
1005007225962997
1005007227242065
1005007227143228
1005007477105999
1005007226990508
1005007225944512
1005007705634053
1005007714264163
1005007709012392
1005007226718918
1005007226755995
1005007226075287
1005007226128210
1005007225664888
1005007225963418
1005007226822783
1005007709154619
1005007709164070
1005006845543035
1005005486159755
1005002762686305
1005003110862038
1005005671648228
1005005047530998
1005004697787498
1005005720081508
1005005014750456
1005003534589514
1005006845071740
1005005806354053
32869939238
1005002885522333
32869487020
32866605802
1005007682007156
1005005194769437
1005005325536276
1005006085456690
1005006191684713
1005005078243813
1005007702857779
1005005925023463
1005006044927670
1005007375052131
1005006887586226
1005002696579796
1005003754848690
1005002701373255
1005006286330932
1005007449022745
1005007629794200
1005005300080298
1005003493301746
1005007444503632
1005005300315550
1005004177138689
1005001388266210
1005005286489161
1005001942060140
1005003599799689
1005007458491793
1005007679390566
1005007522914630
1005005299749582
1005006367750834
4000283725963
1005007235759499
1005003194599311
1005005648270938
1005006710305199
1005005580888616
1005005948206318
1005001328904743
1005007267756409
1005002661805420
1005004295351541
1005004225102793
1005007218350792
1005006771497514
1005002267633465
1005002467374799
1005007228067547
1005003201898446
1005003342435477
1005003223356076
1005004904972792
1005003954226231
1005003135902662
1005002696539062
1005005185952706
4000542528240
4000503716957
32956720673
4001237701478
1005001565242175
32959567129
1005006368606891
1005003342400420
1005007408424778
1005001444678862
4001254558681
1005006837841626
1005001269668535
1005006842572307
1005007408567237
4000770348364
4000639873928
1005006782987192
1005005077700872
32916272844
1005001489358278
32959567144
1005004208756095
1005001589174159
32977099922
4000443947859
1005002244634141
1005003489774610
32955068388
1005004881830520
1005003469669703
1005003074603493
1005007625415783
1005003300260584
1005003749069599
1005003125407828
1005005198978846
1005001565298329
1005007308097647
1005001445101986
1005004043773492
4000437596245
4001262341193
1005001445118142
1005001565033438
4000291667435
32913169102
1005001565205159
1005007575368865
4000305285102
4001174418207
1005001565119555
32967887977
4001174497413
4001265016614
4000925311913
32955084269
4001174337308
32915930926
1005006976641876
4000528013859
1005003438974219
4001172022243
1005001564895731
4001195927907
1005003277728849
1005003453741476
1005007393191318
1005006800738153
4000925844903
1005003119412693
32956658799
32807640015
32956049263
32956716696
4000679809023
1005002775816095
32961373981
32961728519
4000770313467
1005007743730310
1005007736061381
1005007696629022
1005001444957692
1005001444938007
1005004689116198
1005001450975322
1005001445196562
4000437596423
4000433921579
4001313211914
1005007221381110
1005001564908653
1005001565018421
1005001559640653
4001174238919
4000926127635
4001174406897
4000925909235
4000925818618
4001238619786
4000528063315
1005003427290996
1005007689154738
1005007685932234
1005007706451621
1005006854314382
1005001598333907
4001173677869
4001254664391
1005001804135358
4000925916388
4001174305731
4001174359958
4000925892514
4000925952065
4000925835142
4001313257126
4000926175933
4000925816841
1005001446896460
4000925865321
4001174407740
1005001447380345
4001172083105
4001174273743
4001240855802
1005001447288664
4000926186615
1005001447015095
4001174522249
1005001368127372
1005001444773554
1005001993642702
1005005481529846
1005007791707739
1005006215429883
1005005820970636
1005004917154231
1005005613810429
1005006262736794
1005005486066736
1005007408051842
1005007044138761
1005006762674461
1005006066089052
1005005503553726
1005006998377423
1005006994901419
1005006047238471
1005006995145494
1005005936835505
1005006322026883
1005005966812402
1005007119301932
1005006967287576
1005007095875769
1005003298133687
1005004573409608
1005006468740458
1005006543256889
33006821568
1005007386746024
1005006996372023
1005004612874394
1005006649451406
1005007218750068
1005006970776771
1005007057405976
1005007100628699
1005006317760866
1005006940390741
1005006807775517
1005007601264572
1005005452297639
1005007550836620
1005002847526702
1005004749052607
1005005220656232
1005006989085821
1005006381451207
1005007229226227
1005006655560264
1005007263091613
1005006745775624
4001188233537
1005001861353303
1005005931816507
1005002357561767
1005007345137502
1005007103850114
1005001670511609
1005006879648180
1005006843280390
1005006837734648
1005006648686888
1005006768599003
1005006730467523
1005003416526788
1005003763284945
1005006820393069
1005006395175747
1005007550992393
32811425410
1005006850306232
1005007598214999
1005005141319897
1005004837094172
1005001380966143
1005005032833840
1005004934717493
1005005862869039
1005006832499380
1005002848320783
1005006583697900
1005005032275087
4001344787532
1005004858040063