32901047660
1005003590658059
1005006272729039
1005005302122595
1005007484047320
1005007594545610
1005004031152002
1005006306186521
1005004816307477
1005005286405533
1005007096703631
1005007627925236
1005007198887127
1005003604893879
1005004104404710
1005002693550251
1005004452176316
1005006881894016
1005004800632664
1005007016038584
1005007572298191
1005003745886239
1005006979101534
1005006450587819
1005004300210230
1005007350791169
1005007105955233
1005007587910280
1005006784967573
1005005528187249
1005007376353893
1005006684913680
1005006873795556
1005004282508282
1005003535119367
33061759808
1005006961373669
1005007598250922
1005003120370259
1005001354704687
4000675666207
1005007036430771
1005002739090798
1005003658681512
1005007669053529
1005007674317913
1005007674985154
1005003469123212
1005001648174496
1005006084075315
1005003038892169
1005005824054894
1005003120533596
1005002782448995
1005004790809922
1005007769451235
1005007691762651
1005007692334650
1005006080674581
1005006634790993
1005006337713951
1005006080706515
1005006080625834
1005006080779026
1005005814365587
1005006995596313
1005006979944269
1005006984662144
1005006395355093
1005005707559767
1005006915821107
1005007545861242
1005007169441419
1005007623383836
1005006685397020
1005007506190006
1005006783924051
1005006988419989
1005005929173107
1005005286434564
1005007233223443
1005005993522135
1005006928939468
1005006832839233
1005006260188283
1005007525763353
1005004719672510
1005007637639535
1005007022167517
1005007578661824
1005007097288228
1005007097641543
1005007587493549
1005007085865443
1005007454980822
32521247142
1005004408677807
1005007315517031
1005007261317057
1005007382324885
1000006612594
1005005814307764
1005004607176091
1005007014860795
1005005959868566
1005007532169303
1005007523689665
1005007417277562
1005007388961213
1005006908976224
1005002942284833
1005007266647967
1005007176361734
1005007254302861
1005007411686950
1005006757455312
1005007061976686
1005007418611356
1005007363339531
1005007639065704
1005007315074559
1005007283454848
1005007459029322
1005006871572374
1005006468452168
1005007529159712
1005007342568758
1005007232714907
1005007417336660
1005005557484047
1005007601710880
1005007359966154
1005007644199478
1005007373234319
1005006980920433
1005007492137802
1005006795497132
1005007655081758
1005006698200799
1005007184499667
1005007643606389
1005007037667182
1005007012194247
1005007374095090
1005007062569347
1005007572736229
1005007364114361
1005007351681394
1005007294094288
1005007393518854
1005007041244357
1005007459225303
1005002718369052
1005005136274421
1005005250234999
1005007009942544
1005007400841948
1005006673989721
1005007530995660
1005005163798701
1005007022756617
1005006065472071
1005007061801364
1005007324654614
1005003789188898
1005007283192706
1005006481698140
1005007653738720
1005007535882251
1005007500792881
1005003728700972
1005007617792739
1005007176037019
1005007357212339
1005006960275662
1005006728207025
1005007582388386
1005007667974522
1005006869001387
1005007653763607
1005007342275781
1005007654789482
1005005779521192
1005007463464949
1005007671252032
1005006054524504
1005007363405122
1005006884451044
1005007639371419
1005007446494254
1005004192003312
1005006895663005
1005007443504469
1005005505946250
1005007302758252
1005007604673908
1005005354593729
1005007308518635
1005006879921637
1005007363867383
1005007267012340
1005007520870533
1005007435973672
1005007179210895
1005007579568364
1005007370304587
1005007618007447
1005006873738823
1005006878955545
1005007489351011
1005007200172379
1005007634567307
1005007517285015
1005006353124670
1005007368638070
1005007067318871
1005007457802439
1005006920407910
1005007367482333
1005006671461036
1005007451996980
1005003732074114
1005004611545071
1005005774053936
1005007529439025
1005006858195169
1005007532617834
1005006876289043
1005006825467612
1005007344919975
1005006209488611
1005006995046048
1005007280481965
1005006976444928
1005006868871261
1005007415787882
1005007322757351
1005006547700202
1005007564497746
1005006396230387
1005006696927035
1005006779602054
1005006209480645
1005006744822571
1005006626374230
1005007204268152
1005007504226343
1005007345936845
1005007664123537
1005007452191135
1005004145040465
1005007355727420
1005007022780042
1005006838262260
1005006668867892
1005007667864783
1005006698360141
1005006894299708
1005007130259848
1005007500366414
1005006888948799
1005002255508902
1005007333680813
1005007117597799
1005007640194103
1005006781033199
1005006997095693
1005007089948196
1005006617316368
1005005716742216
1005007375477128
1005007573312504
1005006462519481
1005005961691395
1005006978522266
1005007151173502
1005006887246344
1005007412223535
1005006724261286
1005007666055513
1005007449392339
1005002232777015
1005007184558846
1005007261387363
1005006452065732
1005007435686110
1005007123178949
1005006699852598
1005007271363102
1005001298587590
1005006512186161
1005004626359128
1005007569533536
1005007537095515
1005007555493126
1005007570192059
1005007092063527
1005007601366625
1005007640390841
1005005467016251
1005007288900112
1005007113582284
1005006883185806
4001256633743
1005007500632313
32838177487
1005006916982201
1005006770136547
1005004545589356
1005007264522057
1005007372512396
1005007196262549
1005007071466044
1005007358879434
1005006889336109
1005007027280593
1005006179482461
1005007162333652
1005006892163238
1005005907390610
1005007021991411
1005006959700854
1005007157630608
1005007505419647
1005007580691242
1005007350578663
1005007042831349
1005005911280358
1005007387426101
1005007394261459
1005007609285176
1005007505260676
1005007126236905
1005007487960187
1005007146999019
1005007503348189
1005007485259411
1005007479004363
1005007479050145
1005007376487163
1005007387855721
1005007337499160
1005007594122240
1005007037654294
1005007424632816
1005007336886662
1005007336975496
1005007354226308
1005007190201002
1005007189672587
1005007010025662
1005006887660048
1005007325313008
1005006657271154
1005003376224251
32965759048
1005007164142634
1005006533485522
1005006481410931
1005007170077546
1005007440711750
1005007190557083
1005007350721440
32860509007
1005007277365851
1005007404969482
1005006051429067
1005006802539073
1005006501678233
1005006926968328
1005007561371145
1005006481472617
1005006798145282
1005007405001441
1005007602448402
1005007126315744
1005006806586487
1005007321977986
1005007634513431
1005007593503796
1005006530603997
1005006745052712
1005002537624904
1005006032873266
1005007490973607
1005006346711655
1005006358301169
1005007055715458
1005006448189350
1005007476517071
1005007419335138
1005007133317852
1005007555256760
1005007126418597
1005007134699145
1005007648115294
1005006150193205
1005007038831353
1005007134466503
1005007587496053
1005007508895997
1005003377008297
1005007403083314
1005007509118456
1005007567624643
1005006497124026
1005007361618215
1005006798129613
1005006656952658
1005007483038813
1005006107234986
1005006799067650
1005007505365928
1005007541354249
1005006377955829
1005006107322482
1005007340455415
1005007332101418
1005007340059536
1005007420583032
1005007606374672
1005007585652293
1005007486515021
1005007579166627
1005003144831883
1005003144841834
1005007267585693
1005007658333048
1005007658177440
1005007677057443
1005007827720183
1005007825889444
1005007825404709
1005007756463888
1005007224482407
1005007317140955
1005007728609857
1005007703243229
1005007626064279
1005007825087666
1005007419833530
1005006610683094
1005006514030138
1005005398380055
1005007168890068
1005001298031371
1005006091391580
1005007490447885
1005007125340029
1005006325391019
1005007528280654
1005007622160400
1005007256934955
1005007139010067
1005002940480070
1005007521500609
1005006397934867
1005007126002601
1005007672286287
1005007671942419
1005007546020520
1005007615303448
1005007403565396
1005007615345440
1005006997063602
1005007196253191
1005007616125338
1005006830844144
1005007262657830
1005007131210090
1005007125716764
1005006548219332
1005007405276157
1005007689311160
1005007789249393
1005007689911416
1005006973039097
1005007054721733
1005007710565177
1005007736238451
1005007734949369
1005006809070523
1005007187421958
1005006578534389
1005006647977469
1005006187662695
1005004007296075
1005006739459494
1005003718000464
1005007198891867
1005006184336979
1005007674232593
1005007535652986
1005007502466269
1005007580776718
1005006666103675
1005007502068802
1005006819257563
1005006186713630
1005006666047831