1005007325364293
1005007033398201
1005007126300930
1005007150930065
1005007126150243
1005006604485027
1005006002026390
1005007043101284
1005007042870471
1005007343997112
1005007343648847
1005007325927507
1005007302620072
1005007302495490
1005007075894292
1005006878766537
1005006727878253
1005007094799094
1005007337187577
1005005619874711
1005005762074780
1005007387532060
1005007452750861
1005007595542270
1005006802491081
1005006554018834
1005007045621170
1005007078866547
1005007489768905
1005007490155792
1005007623322250
1005007671850694
1005006364715717
1005006802526974
1005007029851146
1005007616270341
1005005079471289
1005007473304827
1005007467350588
1005004862390700
1005007299175589
1005007487238815
1005007573055247
1005007032883478
1005007449439265
1005007537937257
1005005564365637
1005007624455506
1005007485470795
1005007671410131
1005006996499524
1005005534920564
1005007373652690
1005007583449110
1005002804431873
1005007109536246
1005006837155730
1005004342923559
1005007229496409
1005005109280628
1005007448678478
1005007175475908
1005007057159640
1005007287432047
1005007500605557
1005003221318270
1005007125988806
1005006849968138
1005007169188410
1005006925346730
1005007321913313
1005007268230684
1005007449028856
33029749562
1005007139411457
1005006992205274
1005006444314188
1005007202006501
1005007227429897
1005006960724998
1005004504751169
1005006399218777
1005007125915327
33016862570
1005007387416446
1005007387971978
1005007381307226
1005006787979928
1005007280425523
1005007020296176
1005006656711110
1005007284668318
1005003229157802
32826248775
1005007019947942
1005006992943895
1005004553266845
1005005978498219
1005006875844917
1005007255603089
1005002251685779
1005004970241461
1005006916112705
1005006563209147
1005003736720617
1005007049189254
1005004556006760
1005007359252628
1005006929108665
1005006760020789
1005006872455947
1005007070479440
1005007188367284
1005004740987950
1005007084280633
1005007449093464
1005001276028824
1005007163874628
1005007035408678
1005007449162939
1005007019068883
1005006845496274
1005007421409350
1005007540105921
1005007368521161
1005007384831768
1005007506478924
1005007130863083
1005007304140342
1005007255580208
1005007070655234
1005006150433017
1005007119894276
1005007018804981
1005007041342422
1005007338612946
1005007054684758
1005007450132605
1005007450058702
1005007394707829
1005007361398912
1005007092851501
1005007320089667
1005007048773611
1005006907100262
1005003262237133
1005007363105490
32843652455
1005007122806939
1005007302101945
1005007097209631
1005007095939651
1005007361697548
4000420764601
33034097126
33007118045
4000371009764
4000341345666
1005007146744040
1005006387146498
1005002147762275
1005007371428391
1005004651333293
1005003979396954
1005005573033735
1005007279246547
1005006177274520
1005005222988049
1005007479029705
1005007506022297
1005007494017125
1005007505797788
1005007497409842
1005007481718488
1005007431754645
1005007481630336
1005007479573013
1005006771605727
1005007004438785
1005007084064595
1005007430492894
1005005371898943
1005007558829547
1005006992283033
1005007028671066
1005006548393018
1005007093190200
1005007273206551
1005007018024742
1005004113256186
1005007275001157
1005007167806621
1005007375346486
1005007273678193
1005007448436824
1005007236605139
1005007163620959
1005005707502428
1005007146724176
1005007183463093
1005007088185922
1005007314445810
1005007189949838
1005006926002303
1005005253772882
1005007119758481
1005007485526174
1005007326171585
1005006891177160
1005007506709235
1005007192531519
1005007109320662
1005002603988334
1005007018975708
1005007290097718
4000377018197
1005006757866568
1005006789203290
1005007028065262
1005007402845230
1005007293897571
1005007277958775
1005007028412854
1005006518549885
1005005210540660
1005007548934607
1005004588043273
1005005763197089
4000159138476
1005003167421703
1005007023152956
4000890532122
1005005594209847
1005006339289156
1005006815699143
1005003028088420
1005005875525558
32707315880
1005005780247785
1005007582614851
1005006736685710
1005007647649232
1005005681993572
1005007458056445
1005007479394222
1005007586323133
1005007462562948
1005006934474249
1005001335696585
1005005651485896
1005005310370385
1005007495376717
1005006709908640
1005006760324024
1005006042883309
32793258395
1005005625671252
1005006221783180
1005002003685777
1005002565465264
1005005136667068
1005005632872174
1005005776090193
4000152750018
4000388955918
1005007368604218
1005006917039449
1005005267060627
1005005902631677
1005002409420971
33017035996
1005007271262937
1005007460759666
1005006002307861
1005004544013494
1005004281345148
1005003300398986
1005006918406102
1005005878568461
1005006955865783
1005007408977944
32752317967
1005003985644527
32322925689
32964957470
1005007354457076
1005005182983474
1005006488162487
1005007682295152
1005007587706958
1005006170140850
2036928760
1005006579045191
1005006776960273
1005007684499589
1005007587784397
1005007637381034
1005005545031087
1005007345575241
1005007625179763
1005007591386718
1005006889397148
1005007637556974
1005006461730788
1005007620368970
1005006966413321
1005007090139905
1005007435373145
1005007477424911
1005005818260823
1005006607962572
1005007308649439
1005006385370119
32602528236
1005006943103105
1005006424385943
1005007448577774
1005007637181817
1005006767270726
1005005893982114
4000866733308
1005004859484768
1005007586909763
1005006427542871
1005007454924457
1005007551734481
1005007336668975
1005007579638580
1005007029534263
1005004686636375
1005005057737685
1005005445691643
1005007579501251
1005004686663427
1005007243815951
1005007644951192
1005007513829744
1005007458222129
1005006894512257
1005004652342618
1005007667392837
1005006104420806
1005006688906823
1005007551923216
1005006600753318
1005006758800081
1005007550222554
1005007429585244
1005007459405092
1005007493659468
1005007540718113
1005006975184958
1005007499337608
1005005045724607
1005006032150423
1005006013986595
1005007637159318
1005006168499572
1005007418489150
1005006324584991
1005006596905689
1005003421224907
1005007655244335
1005006917491139
1005006353725040
1005003221278606
1005003290470194
1005007478907312
1005006802612093
1005006166412170
1005007285735691
1005007474710819
1005007578188896
1005007440973951
1005007425372111
1005005451967424
1005007513548774
1005005432791565
1005007115543450
1005006089985671
32617379076
1005006151887580
1005006121756192
1005004874015132
1005006318247736
1005007218688873
1005007561981498
1005005969248682
1005005705069593
1005006435737023
1005007023350524
1005002028359965
1005007024628114
1005006788078571
1005004923196177
1005006492328678
1005006889527683
1005007409994153
1005002652681462
1005007003918697
1005007219010245
1005006364475049
1005006392403028
1005006287838333
1005004783219431
1005007099677744
1005006380886222
32851158433
1005006926258489
1005006316857439
1005007401145191
1005005179044536
1005004625967698
1005006169863776
1005005928964663
1005004580254072
1005007019020991
1005004081500508
1005006016400899
1005004776306899
1005005042658395
1005006169758406
1005005983019379
1005003780830340
1005002549735009
1005006316909526
1005006133100826
1005007019646675
1005006913444343
1005006451374317
1005004874409806
1005006499249572
1005007218810627
1005006256977338
1005002827222971
33032610072
32676129718
1005007552133780
1005005652513651
1005006697272577
1005005142064675
1005006392040980
1005006392033993
1005005179082239
1005006380827291
1005006321498599
1005004923129458
4001267740272
1005007354016711
1005007532724225
1005004016336231
1005007218932350
1005006389080789
1005001933186759
1005006160963519
1005006432092027
1005007433970107
1005006381386301
1005004579930442
1005003047997184
1005005972391675
1005003300396984
32899232143
1005004178594474
1005001839671034
1005006494182042
1005007369053093
1005005024243345
1005006886040007
1005002448079161
1005006156729115
1005005024063910
32871094452
1005006860870383
1005005986738532
32894104803
1005005816806699
1005007322292292
1005006001027142
1005006155230794
1005007004085946
32439067935
1005006861177056
1005007535711545
1005006256967554
1005007552177506
32964676165
1005006297268607
1005004568698992
1005006744955129
4000001417518
1005005552438149
1005005063290979
1005006330570042
1005002058028044
1005007524015239
1005006185512366
1005003718674351
1005002527253670
1005007091288638