1005006864646492
4000336346216
4000199054573
1005007560401243
1005007560054914
4000336413398
1005007216399018
1005003324093267
1005006818622118
1005004708491882
1005006097499592
1005006345411462
1005007140180154
1005006760929502
1005005855161629
1005006789856790
4000575484315
1005005824732910
1005007560724887
1005007187024039
1005007565900832
1005007162021907
1005003890357607
1005006825084311
1005006825158169
1005006913177691
1005006398317510
1005002947208172
4000055519997
4001268684938
33058113998
1005006767347859
1005006212278466
1005007490098909
1005007425298574
1005006910701224
32993290347
1005007292723947
1005006986076700
1005003091174462
1005007136993078
1005005878647512
1005007082515976
1005007055676322
1005002483370787
1005002396112534
1005006316950696
1005006417503085
4001123576347
1005002014142528
1005003051082736
1005002692703331
4000422849159
1005006056670133
1005005709612762
4001157603917
1005005319435742
32847722406
4001039029487
1005006476655537
1005006895749432
1005006140238146
1005006865744699
1005006638607339
1005006645376889
1005007336234558
1005006477748554
1005006814213399
1005006733523357
1005006879723533
1005006318521448
1005006393205586
1005007492401778
1005007551190877
1005007549936430
1005006243365337
1005007484634870
1005006876982642
1005006223503690
1005007500945669
1005007484576932
1005007556623742
1005007134294626
1005007551995038
1005007171428251
1005006207463459
1005005874614364
1005007535100107
1005006688652817
1005007134470383
1005007470983440
1005001644584993
1005006180149926
1005006541856370
1005006172509539
1005007199361671
1005005878716398
1005006539418423
1005007478945639
1005007701983922
1005006019849580
1005007161752189
1005007392689119
1005006277524645
1005005809870871
1005004886296322
1005006388711318
1005006568447616
1005007188239975
1005006038258885
1005006108959190
1005006125000173
1005003350782636
1005006042409514
1005007626629292
1005007357115584
1005007668335314
1005007186512732
1000005531153
1005006084928331
1005007100002293
1005007537459078
1005007757117385
1005007147640581
1005005357821982
1005007703027465
1005004930098798
1005007055586048
1005006212801319
4000011853754
1005007767135779
1005006146943998
1005007695444849
1005007772350298
1005007644719837
1005005894136075
1005007143549239
1005007763996912
1005007715847362
1005007728090830
1005007766105451
1005007376366071
1005005858798503
1005006384192281
1005007302578517
1005007214162362
1005003035508623
1005006969468192
1005007583283322
1005007666537489
1005006207973232
1005005974594902
1005004603054070
1005006408134246
1005006278217468
1005006339845765
1005007662689475
1005002292946986
1005007290105084
4000608277820
1005005377498684
1005006912133376
1005007413183769
1005004568537319
1005007671860424
1005002634522477
1005006875369598
1005006122008112
1005007501069625
1005006364143629
1005006395235921
1005007695211074
1005007518534417
1005006363116800
1005004204986203
1005007672036198
1005007376323308
1005006305389606
1005005965603598
1005007004192142
1005007671734946
1005006770479505
1005006889392008
1005007583259545
1005007665512469
1005006806617259
1005007585629213
1005007467112351
1005007666177787
1005007555461985
1005007126055818
1005007186628710
1005007751393709
1005007778999117
1005007751572131
1005007786599083
1005007777942363
1005007773356278
1005007762562312
1005007768715084
1005006720345085
1005006984209728
1005007769250262
32953324231
32836689721
1005007563126704
1005005637260842
1005007744521751
1005004559150176
1005007175891502
1005005089433882
1005006143601877
1005006729403657
1005002007472243
1005004431935990
1005005937464422
1005006628165096
1005007481743407
1005007772022191
1005006636319701
1005007014053625
1005004957743944
1005005225903936
1005006740948806
1005007438814267
1005007758232058
1005006389853015
1005007199279290
1005007525055173
1005006748912869
1005006711862221
1005004507604918
1005007668865973
1005007386326448
1005007574806516
1005002701074975
1005005818556763
1005005371149165
32295667735
1005004407848757
1005007096769443
1005007669052542
1005007449687177
1005007386450054
1005007455413898
1005006331116794
1005005055737603
1005005839150861
4000780786057
1005007520237091
1005007666546074
1005006864953331
1005006365476799
1005006177730582
32829886765
1005006729288511
1005007003950460
1005006611536994
1005007388618203
1005003595817804
1005005060330995
1005004796394264
1005007087790185
1005005106942832
1005007091882666
1005006229241061
1005006968261262
1005007169431350
1005004488373705
1005003397373488
1005007386383122
1005005768635851
1005006865853416
1005005955153200
1005007655924918
1005007666753290
1005006412321486
1005007186886414
1005007202557970
1005006541098676
1005006368749610
1005006274059370
1005007076722424
1005005377049481
1005007188669316
1005004954497307
1005006606696069
1005006865542138
1005006281204762
1005006860759454
1005007591894215
1005006132267465
1005004741783720
1005007331609661
1005007671760685
1005007102560882
1005005878981122
1005006982765796
1005006581731416
1005006230844753
1005006460676178
1005006359523932
1005007666528320
1005007563644510
1005007562877504
1005006220713261
1005007302381197
1005007444354322
1005007671939182
1005002119662038
1005004437551724
1005007671692801
1005007014142826
1005007275495110
1005004608623869
1005007557335377
1005007665141226
1005007393455943
1005004386580399
1005004544588216
1005006371973979
1005006671474229
1005006997250458
1005007136951105
1005005786388935
1005002827369333
1005004799841058
1005007097065306
1005005824771666
1005006808928634
1005005046736070
1005006056676549
1005006116904532
1005006070842733
1005007686393541
1005006363065482
1005004744034002
1005007592911722
1005006327923224
1005007386397136
1005007579314189
1005007586715019
1005007592558149
1005006488471725
1005006975636998
1005006200600261
1005007710888504
1005006210846805
1005007225981185
1005007161037210
1005005758518076
1005005840262141
1005007652249985
1005004226716398
1005007393443697
1005007581696603
1005004284887134
1005004829228838
1005007097248042
1005007692225293
1005001899789535
1005005820594829
1005006329757844
1005005005075726
1005003359555523
1005007671190114
1005005557178953
1005006195933255
1005005884570892
1005005532748425
1005007667640328
1005006912865315
1005005363268487
1005004262345510
1005002549121852
1005007670891969
1005006300573291
1005007584527570
1005005425499891
1005007343152783
1005006614344652
1005005096706165
1005007567402038
4000826325768
32872995819
1005005863286550
1005002077141646
1005005708350853
1005006828882019
1005006583352562
1005005438641730
1005006125019924
1005003118030889
1005007750800175
1005007666805580
1005007568145092
1005006345362475
1005007526576863
1005007130237904
1005004229662529
32973605127
1005006884380313
1005002709785481
1005006765525154
1005007601619584
1005005579858222
1005006749114686
1005007608167515
1005006939357725
1005007452194989
1005007598012415
1005006749844524
1005005969527184
1005007526562621
1005007298768674
1005006727252810
1005005166101892
1005005658147140
1005003467592599
4001222534042
1005007055476432
1005003129745057
1005005542666775
4001286245113
1005005543730558
32778264934
1005003445539516
1005005919744105
1005007168865157
1005007575424226
1005005127567363
1005006618427057
1005001380681217
1005006078516674
1005006232747291
1005003114056924
1005006140497395
4000169439078
1005006255252198
1005005799711331
1005007386410093
1005003830681645
1005005273732529
1005004551790794
32884776476
1005005905595098
1005004962121052
1005005621121188
4001029308674
1005005971484312
1005005027988760
1005006734058570
1005007244807451
1005007510810620
1005006336699435
1005007581938213
1005006884303600
1005005944579117
1005007413107687
1005007531712830
1005003486348152
1005007512032861
1005003586209514
1005005226346014
1005007643736154
32836569197
32817519154
1005004178758100
1005006177470478
1005007347071419
1005007585210925
1005003295749953
1005006130463694
1005003591608784
1005007564478985
1005005982024851
1005007574790526
1005005447773542
1005007334500832
1005007601177546
1005004691456593
1005005874392051
1005007634269598
1005005055315455
1005007561206257
1005005960306319
1005005032209756
1005001994650151
1005007452757713
1005005736693017
1005007519539306
1005006230662660
1005007576308891
1005003630149118
1005004254350879
1005007566240754
1005006512343918
1005006067830657
1005007161210044
1005006289005626