1005005823608919
1005006159142424
1005006996780447
1005007090387960
1005002177512898
1005007340772735
1005005513973366
1005007091714190
1005006174708106
1005007298270076
1005004245173485
1005007393432009
1005007031781122
1005005638021307
1005006312943099
1005007379800191
1005007199333433
1005006145472388
1005007329853097
1005006119241493
1005007083066477
1005007390125994
1005006820314518
1005006761424518
1005006023572285
1005004704356249
1005003305163255
1005006633704078
1005006266418355
1005005796880424
4000013256086
1005006155498583
1005007297668809
1005006859821307
1005005376608248
1005006523416192
1005007244427244
1005006615433373
1005006286098794
1005006820366019
1005004758023963
1005006255766313
1005006408395538
1005002630579132
1005005786028460
1005006255124837
1005007154985428
1005004949885923
1005004578856589
1005005997873699
1005006381448074
32849022575
1005004984436488
1005006712362622
1005006696124218
1005006161238801
1005006845951484
1005006343346019
1005004028825219
32886561036
1005006213397443
1005007368869560
1005002776927503
1005005920860563
1005006242129491
1005007083485060
1005007162480802
1005007018301128
1005007328766831
1005006314844277
1005007183168528
1005006499265086
1005006652889376
1005006820214477
1005007329434688
1005001379499116
1005003303319547
1005005277183849
1005003084319266
1005006131418483
1005007233400904
1005006429833920
1005006745911188
1005004398500054
1005004766174922
1005002142893232
1005006959288780
1005007204584697
1005002526571712
1005005989740823
1005006603680276
1005004110598003
1005007137128869
4000168086449
1005006393818654
1005006870380927
1005001327256761
1005007104741332
1005004279836814
1005006155212639
4000010321901
1005007313394794
1005006861096233
1005007313215482
1005007197264614
4001224759696
1005006399666712
1005005141983804
1005003847569732
1005006182987641
1005006954733658
1005006079609579
1005007308077977
1005006193130209
1005004921157144
32886477899
1005005357262245
1005006996375605
1005006648238184
1005003658411399
1005006892658081
1005007336834007
1005006281794561
1005007185166540
1005006711180351
1005007337700010
1005007411900788
1005006759383196
32823818695
1005002734133055
1005004581570585
1005006288394565
1005006756355267
1005001356357150
1005006642844253
1005006173238593
1005001908573429
1005006155025864
1005004101752863
1005002096274057
1005006923300128
1005001700546292
1005007212633304
1005006020314212
1005006535741569
1005006259034853
1005006735643622
1005005780345003
1005006224802745
1005002388802254
1005006254401120
1005007073989202
1005004580293689
4001010320237
1005006171824736
1005005548761779
1005006318430597
1005006467596156
1005006996327304
1005007315173947
1005006117293351
1005006500328573
1005005383786206
1005006865635895
1005006444468153
1005005732118672
1005007027491619
1005006117901231
1005004351930196
1005006820120968
4000308886153
1005006510451604
1005005223241569
1005007226781584
1005006686168756
1005006332683635
1005005490207601
1005007271984065
1005003745363531
1005006804176881
1005006648214695
1005006837389338
1005006443514852
1005006219990107
1005006434902735
1005001953141928
1005007045063390
1005006768799594
1005001423303782
1005005831226191
1005006624195384
1005004170533763
1005006301393022
1005003160102660
1005006903221521
1005001710914469
1005006821152591
1005005836417161
1005004381039902
1005006014253020
1005004036944989
1005006547824791
1005006760989687
1005004065209267
1005005906277599
1005005698974060
1005007085472521
1005006141457480
1005006882928168
1005006735545585
1005006405349712
1005005995117517
32881227449
1005006784676603
1005006815062393
1005007186456443
1005006181498933
4001138852834
1005005759186781
1005007267200872
1005005994023972
1005006806753875
1005006906947256
1005006987549683
1005006796981706
1005006826255230
1005006273800607
1005007017477129
1005006205617974
1005007145779961
1005006262377131
1005006904984130
1005007360100285
1005006673003393
32854164099
1005005166797964
1005004052483885
1005006232119482
1005006179477302
1005006684864467
1005007312853637
1005006310156135
1005005835763037
1005004828703605
1005001694218417
1005005032917217
1005007154186728
1005007135607865
1005007046305786
1005007113045205
4000941960690
1005007029032241
1005004320013418
1005005929254322
1005006962714410
1005005050402076
1005006792881048
1005002360551016
1005006071236707
1005006413351156
1005007011178763
1005006322242742
1005007220213808
1005004905480054
1005006832049851
1005007168385464
1005006843167695
1005006803869557
1005005835217268
1005007437372821
1005005201948195
1005007322658506
1005006089314344
1005006835355268
1005005927837327
1005005685318746
1005006806584172
1005005204710252
1005002011725404
1005004844542684
1005006769186378
1005006947287958
1005005607098736
1005005872787778
1005005908903452
1005005897806109
1005005042242659
1005005005935011
1005006063548887
1005001877177452
1005004711841349
1005004412785571
1005007046607603
1005006910767175
1005007375355857
1005007052909333
1005007415537814
1005005182720134
1005006639974785
1005004327586847
1005007125426803
1005006348917162
1005006452977708
1005001936042390
1005006803974299
1005006545993342
1005006761577088
1005006863749710
1005005861933503
1005007192564428
1005007103384450
1005007343601446
1005007092889272
1005006775026641
1005006119016728
1005006436393517
1005003970018610
1005007249441708
1005006680468883
1005006683157141
1005006760178963
1005007070584653
1005007041732144
1005003635705125
1005007249701429
1005006621209077
1005006879461512
1005006137696745
33000956816
1005006524511336
1005006959140801
1005005604380129
1005007192207725
1005007051696577
1005007034628136
1005006843436458
1005007377364830
1005006033051706
1005007103190413
1005006712635844
1005007139537380
1005006215952231
1005001413656995
1005006273016557
1005007375423045
1005006173757542
1005006014008001
1005006485833293
1005005513676477
1005007029993317
1005005492443817
1005007266318244
1005004028617380
1005005835597760
1005006782728202
1005006755494395
1005006464476306
1005006117763371
1005006287693538
1005006070007013
1005007285174363
1005006823520780
1005006826362122
1005005137680338
1005006374670170
1005006182171911
1005007291519308
1005006802808483
1005007097515335
1005006627900905
4001231167671
1005006367572333
1005007346863013
1005006993579023
1005007374100373
1005006195475290
1005005007162412
1005007353667470
1005007128901642
1005005796865821
1005007099556719
1005006981160848
1005007327345445
1005007171366322
1005004899526697
1005005945940163
1005004896377990
1005005336839170
1005007257139132
1005002964074858
1005006722588480
1005006019232373
1005006525936569
1005007384093520
1005006764606434
1005002537547841
1005006674709624
1005006463616673
1005005953640238
1005001939841147
1005007198868059
1005007032624205
1005006927335472
1005006071224396
1005007192654278
1005006768976276
1005006903915180
1005005750284141
1005006019997889
1005006683240142
1005006039080365
1005006682945795
1005006020048553
1005006755292627
1005006374507578
1005006682990612
32857230248
1005005707313142
1005006469207337
1005005724380048
1005006691754555
1005006734722152
1005006843014299
1005005365098170
1005007247351742
1005006997600582
1005006141021402
1005003778591329
1005007235167094
1005006843211392
1005005779986489
1005006821486731
1005007360372433
1005006112919534
1005006876762588
1005004884703585
1005006395267485
1005005406927430
1005005821643742
1005006033546147
1005006369547895
1005006733376383
1005005966413103
32891228461
1005007154529603
1005007306601249
1005006796504878
1005005908742090
1005006993360797
1005006490743590
1005006275577456
1005006071630552
1005006205614832
1005006716876483
1005006595193087
1005006228175248
1005006819508047
1005006249572264
1005006448589926
1005004680848506
1005007012012357
1005004994638477
32811088451
1005004284238660
1005006019111602
1005006725106924
1005005902485334
1005005334426273
1005005835033578
1005006850274791
1005007016359120
1005006637422714
1005006923835756
1005004604880844
1005006273045781
1005006786617268
1005006828041198
1005006856350891
1005006685733217
1005006346217059
1005003698394381
4000580581208
1005004219423900
1005006849436165
1005006667722517
1005006191079631
4000436995414
1005005900438485
1005001810602627
1005006247621940
1005005407004685
1005006987315765
1005007112904531
1005006357109154
1005003965849857
1005007154713794
1005005219563611
1005005916619334
1005006782825633
1005007325555287