1005007386362428
1005006692119903
1005007092871154
1005007128909371
1005006798338421
1005006760954733
1005005930205713
1005003153253229
1005007342473199
1005006873432754
32916085323
1005006934081464
1005007253672897
1005007017915694
1005006821918868
1005006781319356
1005005675149533
1005004612760606
1005007162427363
1005007302318207
1005007316251559
1005006802679620
32970405818
1005004537353212
1005006424381156
1005004457947828
1005006323697100
1005006126892079
1005005702749749
1005005486000984
1005005273904696
1005005021580647
1005006725078929
1005004647582411
1005007433423701
1005005815513369
1005007219136939
1005006145279016
1005006891133442
1005006984314717
1005006954437267
1005004720467374
1005004351178280
1005004705836903
33001793331
1005005174835385
1005002848943578
32947796450
1005007440885730
1005004223069707
1005005134812173
1005005036410004
1005005949042556
1005005364332106
1005005926014521
1005007433733324
1005007433379994
32839893003
1005007092745299
1005007071255276
1005007116008241
1005007122973494
1005003760375591
1005005168976804
1005007403750010
1005006893586584
1005006795385836
1005006780961095
1005006793883677
1005006660173718
1005006927225854
1005007448102990
1005007444204412
1005004319429391
1005004334096332
32929547202
1005005107197375
32965431031
1005002680370934
1005007317709183
1005004836930002
1005004541821765
32965052347
1005004730816451
1005004464070514
1005005504342416
1005001593526384
4000205474051
33029050115
1005007029850761
1005002357736426
1005005282758544
1005003518159689
1005004431621335
33032326582
32852426373
1005005178845011
1005006755325181
1005006849921066
1005007060775827
1005006640189681
1005006974434174
1005006960304184
1005006267726307
1005007464220857
1005003907601694
1005006942762863
1005007123905543
1005004403923883
1924527610
1005005580973734
1005007384897536
1005004038796445
1005007372604477
1005007205152416
1005005218902523
1005006809197250
1005007256942363
1005004068392941
1005004118722766
1005007263804807
1005006804308498
1005006509861458
1005007061738338
1005005233782711
1005005647235349
1005007345490210
1005003962029118
1005005611150380
1005006471285466
1005005447830171
1005003193306884
1005006042888378
1005006638353117
1005006061310262
1005007129849506
1005006621025210
1005006619804286
1005007031436216
1005005929803054
1005006109328192
1005006444413496
1005006436557232
1005003980505519
1005003941879955
1005004893487125
33039949173
1005006463802253
1005002953497237
1005005896041519
4000735028196
1005006486590051
1005007255735631
1005006447598416
1005005667175950
1005005070367252
1005006081683771
1005006760208198
1005006012573033
1005006440414232
1005006683595495
1005006928401194
1005005709416936
1005007434533638
1005006784824229
1005005959428217
1005006815192473
1005006390714535
1005006923353166
1005006472702418
1005006362439412
1005005539665090
1005006684645121
1005005317575838
1005005532643956
1005006964679049
1005002095237140
1005006896830017
1005006521414788
4000597881060
1005006374802562
1005006882884422
1005007151334536
1005007103648966
4000399101910
1005007053798637
1005005833751604
1005006858662434
1005006447509433
1005004892297311
1005006890938022
1005005847575764
1005006809167954
1005002054702560
1005006406538825
1005006828069820
1005004059107541
1005004155822311
1005007030303740
1005006464453734
1005006178631177
32854524745
1005006204656585
4001085770133
1005005972104314
1005004744611252
1005007113276525
1005006338791238
32842866575
1005004357223207
1005007142842005
1005006816870007
1005006346804331
1005004617583601
1005006384709182
1005006902565605
1005004234700101
1005005085047829
1005006509158136
1005006156787538
1005003370265353
1005006859034557
1005007211751969
1005006339307036
1005006807417877
1005005811418783
1005003556131028
1005004267462706
1005005927069546
1005004479860015
1005007185362205
1005006985146135
1005004829308666
1005004778200535
1005006734819739
1005006662133518
1005002866506471
1005004286667392
1005003568550412
1005005579229553
33040087866
1005006059670622
1005003167720785
1005001496074557
1005004804940840
1005007292728347
1005003949656273
1005005787926494
1005001866775920
1005003169575257
1005004165576889
1005005126641558
1005005307061739
1005005958820945
1005005771957030
1005006151356890
1005006157660870
1005006381157071
1005004792250959
1005006735325621
1005006725343456
1005002611679454
32323782894
1005005945234127
1005006029234924
1005004018816696
1005007330617971
1005006334543976
1005007060249866
1005006454731745
1005006792513736
1005007385202251
4000465281701
1005006390001227
1005006793975518
1005006746077413
1005004193124228
1005005854717445
1005004655075782
1005001838672360
1005006451911944
1005007129485405
1005004881719344
1005007024015237
1005001606561317
1005005922007246
4000405870385
1005004857230771
32959948971
1005005436840343
1005007396837015
32722083237
1005006954776320
10000335740256
1005005192828529
4000007654112
1005006771339564
1005006797470634
32961776316
1005006471024129
32868434492
1005001793767112
32915058107
1005001432177750
1005006166303689
1005004116935032
1005002408501609
1005004417986859
1005005042986931
32866106293
1005005762118857
1005002956626886
4000203391297
1005006339719913
1005005686172946
1005004502142141
1005007107120011
1005006723711093
1005006243985113
32429228905
1005005192128640
32813656437
1005006842442556
1005006161578045
1005006773163923
1005006731792141
33016981180
32948857150
1005005494743076
1005005102373663
1005004165711107
1005006920861257
1005006493805562
1005006440927711
1005006932084719
1005007470694656
1005006913937750
32918627249
1005006384192215
32828930362
1005006773933395
1005006172233360
1005006717111021
1005005258135034
1005003944090904
1005006754375548
1005006218046975
1005006492891408
1005005647889451
1005006395381856
1005006882053345
1005007022949405
1005004251992312
1005005114151326
1005005759516810
1005004814728815
1005005192851464
1005002913653236
1005007212083605
1005003638095078
1005001854936705
1005003784752764
1005004603089586
1005003638129790
1005003487535192
1005001854913964
1005006766677063
1005006042395602
1005005321759277
1005006057807317
1005006301609800
1005006401237063
1005004490656289
1005007469914892
1005006085405730
1005006885193146
1005006016517883
1005005192773717
32855498132
1005007072828422
1005007136854626
1005002239650497
1005005876806194
1005006006887826
1005006975852150
1005007271593755
1005006110121948
1005005499646237
33040182888
1005006534102019
1005006072809204
1005006974080301
32911727788
1005003116491014
1005006911686254
1005006597094812
1005001653015205
1005007209161500
1005005306914170
1005001621789013
1005007101094768
1005007371230791
1005006421881589
1005006558073014
4000131198213
1005007038140835
1005006981751606
1005007056407701
1005003599789744
1005005082353500
1005004383104189
1005006196176388
1005005178907329
1005006942457053
1005007142665379
1005006224106028
1005005217441625
1005006860560845
1005006413087729
1005007225466755
1005007315603964
1005002670592876
1005005336968944
1005002207678150
1005006587853481
1005006293100388
1005005947079841
1005006394671417
1005005405559532
1005006425057131
1005007272392028
1005006444862165
1005006949546048
1005007274756477
1005005382648085
32976786957
1005004858240776
1005005470232791
1005005173222180
1005006917704307
1005005445002887
1005007043415852
1005005903190739
1005007182134523
1005007026384872
1005006411071597
1005006615077559
32370210246
4000029469862
1005006895669121
1005003917580929
1005003673824821
1005004228940801
1005006374463825
1005006895550287
1005002330016745
1005006827639579
1005005470132258
1005006083329374
1005006358484352
1005005406347904
1005007251724311
1005006946513564
1005006514741787
1005005430259712
4000843163346
1005006951747078
1005007209927932
1005006612760182
1005005753859173
1005006794239029
1005007228209228
1005007315779291
1000007328026
1005006415882558
1005005981876703
1005006076319087
1005005865785688
1005006229640436
1005005955031652
1005007131262252
1005006372667685
1005007216748823
1005006358059212
1005005093997742
1005005880890056
1005003616306583
1005005834683820
1005005115037072
1005007142973083
32671807527
1005005099569145
1005006263023169
1005006379582780
1005005590862926
1005006965818114
1005006422729179
1005005895692437
1005007402176652
1005007045691978