1005006148695037
1005005503640698
1005006103319616
1005006889494432
1005006837090933
1005002855418099
1005006810926034
32845979794
4001327257256
1005004698626584
1005005956064325
1005006964989741
1005007198854565
1005006861211212
1005005633107346
1005007206131008
1005005785778178
1005005265425114
4000224044705
1005002082190386
1005005515582231
1005006765283245
1005004784166933
1005002038119717
1005003859805391
1005007400848953
1005005109678154
1005005274606758
1005007348142133
1005006429541124
1005005929563872
1005005983134750
4000975488008
1005002130871840
1005007361220129
1005005913387063
1005007107082995
1005007204505985
1005006849839888
1005006813920242
1005007250007240
1005006962432754
1005006974222327
1005006728973702
1005006006502536
1005007161984886
1005006104125228
1005006942316130
1005007417247934
1005007166730211
1005006798882384
1005004293411075
1005007162481535
1005005955401606
1005006507611791
1005005934231291
1005007383462496
1005005318376771
1005006484351608
1005007265841130
1005006579084200
1005007459572027
1005005979726800
1005006124202215
1005006788559140
1005006495425229
1005006949849864
1005003516361725
1005007471397000
1005006846622087
1005007014234468
1005006146705296
1005006675874396
1005006557414181
1005005540087680
1005006889940262
1005006972764103
1005006860738187
1005005083161966
1005007470464815
1005007457869454
1005007445807170
1005007282265766
1005006557312266
1005006070446773
1005005882853090
1005006484468072
1005006265023717
1005007439241462
1005003742201953
1005001725902625
1005005989424359
1005007158709162
1005006326749867
1005007460985436
1005006635691465
1005005837863108
1005006734992412
1005006632377194
1005007354729395
1005007106281977
1005003027031365
1005006119110576
1005006199777271
1005006869557970
1005006990826781
1005005565204922
1005007339043443
1005006786710874
1005006972696137
1005004930131284
1005005481470974
1005007355239758
1005005544227122
1005007107113999
1005006467038804
1005006888873040
1005006163086900
1005003854621398
1005005749915564
1005006846549103
1005006874265361
1005003067974658
1005005878753308
1005007047423219
1005007020846063
1005006760282501
1005004841104072
1005007306795355
1005006023541352
1005006766671785
1005007009398884
1005006499027392
1005005620883852
1005005988496677
1005006453415930
1005007439069339
1005005981849118
1005006794176590
4000177171412
1005006748583702
1005005009850666
1005006972652935
1005005049659826
1005006989582486
1005004919552917
1005006807256134
1005007465456813
1005006884591896
1005007183339026
1005005286631081
1005006634258519
1005003318461137
4000531901471
1005006846189795
1005005571086465
1005007123348684
1005007345039902
1005004604343557
1005005586587777
1005004798313345
1005006845655342
1005007345353420
1005006368653148
1005006564974750
1005002239583086
1005007462095013
1005005741379378
1005006762371059
1005006189861371
1005005938685382
1005006988388028
33002265701
1005006994742718
1005005801964365
1005004033073364
1005006100890798
1005001864712101
1005005647748950
1005004701831158
1005006364664198
1005006235598261
1005006485810419
1005007328884930
1005007445114503
1005004337416323
1005006989252772
1005006656323167
1005006861682063
1005004905702521
1005004661715864
1005005910191442
1005006018762153
1005006390505718
33047568930
1005007471960412
1005005472222517
1005005629306402
1005006882731331
1005005997590728
1005007043562934
1005003347984102
1005005195890930
1005007096271286
1005006366509589
1005005600915681
1005005777527893
1005006187867010
1005007095825848
1005007320222098
32985361397
1005006578802935
1005006070092828
1005006432239015
1005007341028045
1005005908778086
1005006869731432
1005005609473861
1005007166165250
1005006903099668
1005006961411254
1005006794098393
1005004455601814
1005005920399572
1005006958295302
33001360530
1005005350269453
1005004101884754
1005006723964047
1005006071707880
1005006653041589
1005006564752750
1005007438713148
1005005834734870
1005004659431901
1005006343537952
1005005906770331
32717114366
1005006239599147
1005006193813963
1005006793966148
1005005401802594
1005006861418150
1005007013971285
1005006316547772
1005006850702962
1005006802020550
1005007021239180
1005006793995849
1005006071498618
1005006414049298
1005006519248517
1005006883741924
1005006812822864
1005006923569894
1005006583179768
1005006624233172
1005007096924444
1005004557195007
1005005434553746
1005007243541554
1005005287418523
1005006423057852
1005001865856215
4001267141187
1005006747347776
1005006728351651
1005004962655242
1005006123943570
1005006899974698
1005006773554989
1005005977122416
1005006121575662
1005006684779897
1005005270096259
1005005283098853
1005006736668658
1005006103246823
1005006773346417
1005005157225576
1005006848556685
1005006472180025
1005006968651342
1005007127963837
1005005974264931
1005007267733852
1005006824415151
1005006921195502
1005005712802839
1005006676427553
32916465810
1005007242766682
1005006314000790
1005007249946782
1005005558178710
1005006792441891
1005006678692496
1005007401683853
1005007080104078
1005006543604617
1005004756640089
1005005482105264
1005007444416134
1005006960252895
1005005889033225
1005007020473980
1005006835123008
1005003087853681
1005006625266476
1005001467985690
1005006383135999
1005006964655443
1005006664015246
1005006965923632
1005006776362164
1005007168735219
1005007345114797
1005006033313645
1005006773256185
1005005608921382
1005007108886478
1005005613812353
32884958610
1005005226106094
32886580671
1005005497615261
1005005420954275
1005004573551902
1005006133786270
1005006311016318
1005007277136177
1005007259521787
1005006904022007
1005006620767336
1005006772675570
1005007310746671
1005005526858283
1005006391327533
1005007089207011
1005007397182913
1005006160926841
1005006952946316
1005005319909036
1005006184476357
32909542814
1005005951012788
1005003654689542
1005006693342135
1005005777887778
1005007147395396
1005004044629137
1005003125930112
1005003988695370
1005004783064442
1005007347599780
1005006986594185
1005007444994851
1005007184027189
1005006675786236
1005006576244659
1005006859818757
1005006869863457
1005007105471077
1005007370995526
1005005964155317
1005003838981334
1005006609543364
1005006083547794
1005005999333727
1005001639049422
1005006161503154
1005005732184104
1005003116921711
1005004392685403
1005006853227795
1005005368504735
1005005742609602
1005006309581729
1005007196666771
1005006221407529
1005005690750841
1005007353201282
1005003104542310
1005005768590602
1005006327524881
1005006603688351
1005006165261787
1005006199765469
1005006720070452
1005006233777026
1005004731108153
1005006864524968
1005007265968089
1005007245534231
1005006392851804
1005004455687311
1005006727666015
1005005935441924
1005006890679874
1005006121794365
1005007007237243
1005007443956841
1005006493925252
1005007038644040
1005004968535646
1005006440844883
1005007280896780
1005006913172074
1005007354547874
1005007136697547
1005005621363466
1005006267093950
1005005573386626
1005007257214343
1005006584345152
1005006748854004
1005005227349965
1005007170906695
1005007211175037
1005005824662997
1005007178789350
1005006353794421
1005006217194580
1005007224945949
1005006719992489
1005004923892200
1005007061413679
1005006909300481
1005006699378783
1005005962247847
1005006144951946
1005005336242405
1005006543152911
1005006956492929
1005006385467584
1005006269692274
1005005880416500
1005007117881583
1005006754677332
1005004535561760
1005007159404710
4000413875816
1005005859618931
1005006671508649
1005006701896079
1005006855736351
1005006849400225
1005006784351331
1005006995441484
1005007352276940
1005007015640734
1005006317756752
1005006868051682
1005005091327493
1005007345017453
1005005875636438
1005006672447719
1005005989428811
1005005219426618
1005006573255911
1005007447987611
1005007300010477
1005006834091637
1005007355240658
1005006901352686
1005006781020707
1005007370108585
1005007317582456
1005005639214130
1005006602594932
1005007254520476
1005005970391709
1005005111479541
1005006869737152
1005005466924335
1005004770449462
624972643
1005006642158579
1005005570206801
1005006409300627
1005007014252662
1005006684994195
1005006434321689
1005006735063597
1005005774826823
1005004979214389
1005004355961616
1005006376218387
1005007188916377
1005006727764252
1005007047112245
1005006782758010
1005007124217806
1005006994083916
1005006814165839
1005006390199714
1005004535591074
1005007066713422
1005006769939156
1005007077143115