1005005939321075
1005003152923776
1005005710064066
1005005886356354
1005005302631103
1005005748558608
1005006142442409
1005006450062234
1005004941991271
1005005659020939
1005006278292612
1005005588817334
1005006459049993
1005005715679291
1005006458894874
1005006724244360
1005007045670288
1005005943544105
1005006562524723
1005007157053517
1005006407934502
1005006429923701
1005006788800147
1005006856286070
1005006255291013
1005005603828043
1005005306527923
1005005003690850
1005006494235325
1005006459079829
1005006470981625
1005007403872191
1005007189462155
1005006990150352
1005007170945512
1005006724390864
1005007152509680
1005007253433213
1005006457026191
1005006454467300
1005005935970884
1005006962218544
1005005141487838
1005006404376014
1005006444891675
1005007336048233
1005005728149644
1005005406025891
1005006067513701
1005005680186393
1005007096573754
1005006332134428
1005005949326464
1005004867393702
1005004895431953
1005006459147391
1005005973679153
1005005003759421
1005005988858302
1005005089087615
1005005059330161
1005004987315647
1005007360037481
1005007219155705
1005006653624848
1005006459231034
1005005076432823
1005005849901066
1005007188938958
1005006946945120
1005007336682812
1005006724872622
1005006057932525
1005007317597314
1005005000096069
1005004993313274
1005006539968304
1005006247256328
1005006360901331
1005004944817975
1005005625515595
1005006508940070
1005006756007240
1005006727555227
1005006913679527
1005006215224944
1005005206215928
1005005338753341
1005007118602452
1005006608151547
1005006086128214
1005006104551504
1005006343674203
1005006137758305
1005004999992429
1005004982911980
1005004993251556
1005006808487787
1005006982867617
1005006251656422
1005005625039809
1005005085709404
1005006253708564
1005006917261887
1005007206603185
1005005003838078
1005004666058570
1005007031869167
1005005795234333
1005004804920654
1005005685911739
1005006778766491
1005007189430232
1005007262231329
1005004888366476
1005005785477032
1005005034362784
1005006597200703
1005007204142212
1005007031632421
1005005180966906
1005007031803244
1005006176195207
1005006584608132
1005006960363340
1005004999865901
1005006127653546
1005003377245631
1005003725595366
1005006606568004
1005005382791878
1005005034665484
1005006870035609
1005006202628969
1005007292038411
1005007392558673
1005006851252003
1005007294229475
1005007266814713
1005006877733957
1005003822299007
1005005787342521
1005001424574086
1005004903360903
1005004920657416
1005004868992352
1005005992061449
1005006240892217
1005004913642998
1005004912452124
1005005082165844
1005005839417574
1005004906264869
1005004888564625
1005004877983550
1005004917943957
1005004900208125
1005005058320194
1005004054961525
1005001621285343
1005007195753217
1005007370500159
1005004443849414
1005007096645802
1005006079586844
1005003890696708
1005007100686314
1005007028485126
1005006139636219
4001127007379
1005005938062878
1005007113673005
1005006249545930
1005007392248673
1005006379077451
1005003227496306
1005006599178532
1005005402483814
1005005739279178
1005006961023311
1005006853467746
1005006890553977
1005003227548980
1005001571617464
1005007011379917
1005007001355939
1005007333747741
32993987698
1005006818697041
1005006893672087
1005006440622257
1005006394722479
1005006859751324
1005004966940491
1005004443051959
1005007475567242
1005007123411718
1005006322707208
1005006167749763
1005007379650571
1005007391317606
1005004369864240
1005004155108931
1005003576885411
1005005413391842
1005004731551447
1005004221330222
1005007092272559
1005003175163525
1005004415239034
1005007094817322
1005004187190832
1005007481183249
1005007457444862
1005007457895115
1005007457884243
1005007457544640
1005007331509567
1005007283790866
1005002531282909
1005006999002815
1005007431857162
1005007364215364
1005007368933428
1005007260069611
1005005715538296
1005007364027381
1005006984685505
1005004012917065
1005003249213216
1005006494629554
1005007224942296
1005006777207476
1005004600005554
1005007402909530
1005006722229493
1005006399236942
1005007204163654
1005007402967308
1005006349098233
1005006913102758
1005006867277587
1005006858515998
1005007420586957
1005006815033281
1005006833594670
1005006537378298
1005006966197932
1005007052779479
1005007024381708
1005007155892274
1005007280683111
1005007280645528
1005007048730535
1005006973521632
1005007104837713
1005006865619674
1005006841045633
1005006331358263
1005006911970655
1005007049019008
1005006840987903
1005007460702911
1005006917344599
1005007130204150
1005007060955114
1005006990252082
1005006804714255
1005007021980141
1005007022662507
1005007289337896
1005007252394410
1005007132696889
1005005488797814
1005007218100292
1005005540713515
1005007153311767
1005004084705730
1005006374761883
1005007283161401
1005006460662064
1005007167101466
1005006985110411
1005006898192145
1005007450817444
1005007280553609
1005007088842622
1005006349055103
1005007259296191
1005007088380392
1005007112426275
1005006557983727
1005006811969219
1005007089935608
1005006913410771
1005006985077533
1005006422912554
1005006960235852
1005005286017190
1005006854714175
1005006862025650
1005005608405994
1005006271458508
1005007248601026
1005006943388717
1005005988459910
1005006485964817
1005006841157230
1005005273045303
1005007049065201
1005007135912345
1005006993824617
1005007188945685
1005006893906812
1005006864532240
1005006976316004
1005006860859063
1005007243833329
1005007116257750
1005006841080449
1005007108653810
1005006912047273
1005006984617917
1005005973668608
1005006738049048
1005006990272060
1005005578880165
1005007149953994
1005005900827061
1005006425581314
1005006840847004
1005006827369290
1005006943339489
1005006664457377
1005007011319129
1005007048457989
1005007333538486
1005006769295779
1005007048648676
1005007153463608
1005006849800340
1005006996827604
1005006648923643
1005007248025862
1005007258486692
1005006931796189
1005007196641583
1005006538062193
1005007329633209
1005006904252157
1005007251346030
1005005177219004
1005006645079054
1005007038448374
1005007353485111
1005006795085532
1005007188584494
1005007345610227
1005007247296592
1005007010536313
1005006850868838
1005006644656733
1005006618847932
1005006841116363
1005007088598048
1005006926595952
1005007048033120
1005006421987485
1005006524121255
1005006102247297
1005007145642751
1005007085200541
1005007249814492
1005006879568274
1005007046707570
1005006546030212
1005007238437461
1005006955113731
1005006872727697
1005006873688412
1005006676789388
1005006841149225
1005006604248963
1005006955236250
1005006843949957
1005006713777700
1005007316790889
1005007014545940
1005007046737565
1005006989681953
1005007244021586
1005007116586670
1005006078921715
1005006826454801
1005006884487934
1005006416454091
1005007333556452
1005005516335050
1005006794669590
1005006578744037
1005005930216605
1005006777624665
1005007153706095
1005007251286405
1005006989815292
1005007251165527
1005006734591780
1005006765283973
1005006519806491
1005007023873949
1005006943554141
1005006992147253
1005006826828927
1005007330165160
1005006914217704
1005006811728134
1005007330088178
1005006454097734
1005006998515127
1005006887505174
1005006997291024
1005007153608265
1005006949781987
1005006849149284
1005006861354186
1005006968837280
1005006996857533
1005006725306785
1005007048843539
1005007048942124
1005006529865733
1005006989628901
1005006981222605
1005007209948352
1005006412015497
1005006938235371
1005005639909501
1005006735025117
1005006849353544
1005007248495016
1005007247224962
1005007048570898
1005007309924550
1005006989689849
1005007252141307
1005005968507071
1005007153369692
1005007289710970
1005006597474989
1005007294052046
1005007148694421
1005006877250141
1005006841141263
1005007246559962
1005006833220521
1005007048450934
1005006697161946
1005005594312091
1005007008594869
1005007088147769
1005007332570797
1005005713486866
1005006981321400
1005006812288690
1005007048867489
1005006452954173
1005004701350316
1005007309996486
1005005210803237
1005007250804217
1005006980120255
1005006985185193
1005007377839442
1005007084565100
1005006901708825
1005007244375020
1005007067905368
1005007460308390
1005006939735351
1005006955174524
1005007297685145
1005006787769699
1005007021051787
1005007312900816
1005007247509863
1005002567044767
1005006127230574
1005007451013606
1005007247663993
1005006985215197
1005007339853261
1005005799068986
1005007178016418
1005006973417931
1005006998469345
1005005742199561
1005007405780607
1005005616217107
1005006366220490
1005006429913095