32971159310
1005003615956327
32768622821
1005003796046825
1005005323814835
1005003972488138
1005001657923473
33001373353
4000404858679
1005001698647955
4000367952917
1005002776555709
1005005467360100
32820204184
1005004186738815
1005003215896411
1005003461961058
32972609347
33038235726
33052479419
33002334677
1005003193826327
1005003117006648
1005004748249140
1005001596665007
32824672250
1005004766133276
1005003244610914
1005004988695995
32589551083
1005004340253990
1005002032946459
1005002822571084
1005003504959415
1005005452521880
4000104466236
32815733492
1005004703997714
1005005444188355
4001310831351
1005004787478041
4000098371913
1005005097323531
1005005056221739
4001290486738
1005004026426268
33025848158
1005003054960620
4001145892487
32952468326
1005003162870052
1005003931608291
32981040465
4001216076499
1005004570849998
1005004377892838
1005004083583916
1005004017202339
32796500232
1005003355256161
32702633494
1864315942
1005003325356810
1005003606976274
1005001672453878
1005003620821363
1005001433669336
1005004474894532
1005001975262147
1005005278329858
1005004428250168
33003406022
1005005244827680
1005004448260972
1005002441554799
1005003412316691
1005002619284066
1005003218309176
1005004787394068
32841306143
1005003112645910
1005004320785823
1005002395470672
1005004790481332
1005004035628948
33011833892
1005002700640253
1005004728085119
1005003877363969
1005003339294223
1005003145434275
1005002929931256
1005003505907022
1005004504357370
1005004848835094
1005001393168230
1005001299243727
32851177350
32970374157
1005005457400769
4000849591802
1005003108413859
32816598708
1005004967976258
1005005297396275
1005004913363942
1005004105037053
1005001785015144
1005005441256390
4000736577152
32600191045
1005004415057725
32810086141
4000542888530
33002364245
1005005216522485
1005003139704994
4000493314316
1005003740168811
32956870299
4001232791244
1005004919261059
1005002724946612
1005003731319078
1005002650542663
1005001779593052
32890561940
32898881043
1005002920603866
1005001840566093
1005005231413144
4000111952091
1005003265945952
32896644310
4000226683659
1005004590519512
4000297096825
1005004685795057
1005003233758322
1005004342879536
32855170683
32812107734
1005005301372866
1005003101841949
1005004986693323
33056029670
1005007406771634
1005007243407807
1005006854230091
32881906123
32988150026
1005002192513086
32971595636
1005006363100837
1005005675763979
1005002582872755
1005006117045581
1005006227829079
1005007154412966
1005005865424793
1005006245154577
1005006068828517
1005005562056008
1005007199824377
1005006793143105
1005006480047758
1005006245828571
1005007027965219
1005004995475798
1005006779433055
1005006777293150
1005006812400333
1005006727559272
1005007442734817
1005007448216460
1005007400539469
1005007463049463
1005007462585764
1005007463036609
1005007442965159
1005007432052213
1005007482246944
1005007482428259
1005007482580057
1005007482338403
1005007482140965
1005007482601104
1005007482348392
1005007462912637
1005007462869956
1005007437382043
1005007482520052
1005007482479222
1005007482310618
1005007436871767
1005007358827187
1005007462786504
1005007462647731
1005007449057676
1005007448471187
1005007400367855
1005007439978371
1005007122008818
1005007462787251
1005007048319848
1005007462650841
1005007463036452
1005007482520260
1005007412740087
1005007408654263
1005007463133802
1005007462525894
1005007448789971
1005007462981705
1005007463030587
1005007448089865
1005007439531988
1005007462806939
1005007439587799
1005007439694802
1005007431121971
1005007408806312
1005007173985606
1005007482219639
1005007482170743
1005007482237770
1005007482539063
1005007482309517
1005007482158837
1005007482189806
1005007436920467
1005007462752634
1005007463279092
1005007447868752
1005007448054493
1005007328971484
1005007462540721
1005007462988492
1005007462756433
1005007459337566
1005007226152640
1005007437163088
1005007448173182
1005007442786448
1005007462839351
1005007431686679
1005007436561154
1005007482169767
1005007482113804
1005007482268603
1005007463237866
1005007400358737
1005007400381451
1005007437205236
1005007462958667
1005007448431162
1005007436889693
1005007447864991
1005007434355851
1005006513578290
1005007195784166
1005007482236934
1005007482307609
1005007486384168
1005007463257067
1005007462967549
1005007436956660
1005007437077430
1005007436936718
1005007447982540
1005007447894738
1005007347102790
1005007462962009
1005007462743650
1005007462659759
1005006337108647
1005005094296272
1005006045201372
1005006326444354
1005006855649745
1005006807692301
1005006008730048
1005005937627955
1005006044164205
1005006335557074
1005005339557753
1005006925213535
1005007470111970
1005007456674163
1005007457144567
1005007359049132
1005005977564469
1005007456283834
1005004440007935
1005004301457610
1005002328526805
1005007197321133
1005007183162000
1005006826498495
1005007214260479
32866639490
1005006320910409
1005005754158929
1005002254292334
1005005964885484
1005007377299655
1005007209002952
1005007360518482
1005005137541268
1005005767785853
1005006819307636
1005007431926578
1005006316277169
1005006310528573
1005005806018202
1005005648374450
1005002932084124
4000304840034
1005007136534909
1005006952719300
1005007358616461
1005006303706837
1005005916963745
1005006796729402
1005006057431766
1005006040235125
1005006975322234
1005005324483455
1005005504226645
1005005043894956
1005007286777510
32945417074
1005003515083416
1005006082456585
1005003342931934
1005007018106367
1005007291693803
4000881469623
1005006112854592
1005007027328558
1005004077163772
1005006711508194
1005006583261922
1005007053343396
4000459989534
1005006902068322
1005007244176848
1005007095765700
1005007442800321
32968683382
1005006435119571
32772826730
1005007295567720
1005006258611682
1005007372449894
1005007235107775
1005007401214825
1005004732770033
1005007320293126
1005004499461324
1005005034336752
1005005431258036
1005007433161957
1005006850844775
1005007404091655
1005007008600602
1005006338646205
1005006531258769
1005006777872957
1005006519085254
1005007118302397
1005006934125392
1005005686337445
1005006317811530
1005006457840579
1005007156729371
1005006398825024
1005006216828106
1005006348455664
1005007199626994
1005006043374903
1005006164840840
1005006661774643
1005006295868906
1005005638548913
1005006007517493
1005003004162080
1005007459759717
1005005471486574
1005006168113031
1005007013943839
1005006855021644
4000216148147
1005006472170651
1005005302472674
1005005601369894
1005007275322356
1005001555375721
1005006875183692
1005006214264185
1005006609326703
1005007299346776
1005005466691533
1005006532080502
1005006250347920
4000206754828
1005005988166274
1005006779414484
1005007182155989
1005001425787017
1005007136562329
1005005704724366
1005004558113053
1005006609621415
1005005466644576
1005007346929711
1005007256724823
1005006108300084
1005007135165753
1005006903004285
1005006808062892
1005005220520762
1005007402475689
1005006104352372
1005007038995982
1005006100028499
1005006998926361
1005007243979272
1005006368148853
1005006861291763
1005005909802215
1005004148192601
1005007107207351
1005006624379074
1005005808935791
1005006365598985
1005005212388616
4000151166636
1005007400959327
1005007176892034
1005006325905368
1005006758716151
1005007394919928
1005007354228576
1005004799883191
1005006984614090
1005001711287228
1005007316485194
1005007161873026
1005006587095077
1005002172959757
1005007297009039
1005006472453619
1005006272806124
1005007183916509
1005007004195620
1005006021215476
1005006652927765
1005006979998625
1005006603376333
1005007252235874
1005007110779255
1005006967709592
1000008660785
1005005362153102
1005007301203735
1005006609682957
1005006433965694
1005006981466643
1005006830764539
1005007031398939
1005005892219386
1005007391826746
1005006338560647
1005006727330247
1005005604463946
1005005889208141
1005006723689494
1005007123259037
1005002567314863
1005007219848787
1005006257085907
1005005828513166
1005004069167422
1005007180375387
1005006057170153
1005006514699898
1005006052394042
1005005940060938
1005007087563345
1005006589171850
1005005004795659
1005007316528058
1005006763832833
1005006652569183
1005006681507840
1005007479400539
1005007475148291
1005001648389952
1005006689623103