1005006677307786
1005006162037381
1005006397805806
1005005770820288
1005007188771412
1005004615931073
1005007347991059
1005005195655226
1005007319809964
1005007332631289
1005005912414951
1005007038232790
1005005071852354
1005006665483232
4001286439366
1005004528520095
1005006745952028
1005007171703086
1005007136873072
1005006341727071
1005007365157901
1005006067249039
1005007171619350
1005007084183414
1005005815263692
1005006771033867
1005005857194923
1005007440681969
1005006892225269
1005005825150213
1005006098762775
1005006962431298
1005006600169143
1005004527916290
1005005919236535
4001084318010
1005005737502762
4000085803271
1005002828890204
1005006988377901
1005006766692005
1005006770813973
1005007275052550
1005005885782640
1005006336812760
32887848162
1005006827275983
1005003943983819
1005006863691970
1005002827780844
1005006685033584
1005005514058601
1005007198910880
1005006902097646
1005007208744617
1005006742096086
1005006827116491
1005004237091526
33001290021
1005006646651169
1005006119433080
1005007208925246
1005006719625990
1005005432994260
1005006784478232
1005005580330995
1005007274105137
1005006615094508
1005004660973257
1005005825533294
1005005665766544
1005007169026623
1005005997068824
1005004588297075
1005002247560305
1005006799022733
1005006090390455
1005005973131684
1005005182507568
1005004978556416
1005006263942444
1005006954993356
1005007051163384
1005007153127831
1005006689316296
1005006266385131
1005007347979156
1005004037801503
1005007259539193
1005007245994667
1005007167483298
1005002656947449
1005006016104903
1005005298769602
1005006652846321
1005003764597644
1005005698502481
1005006813537939
1005003989392574
1005006138226444
1005007363357391
1005006716828788
1005005985169315
1005005841045403
1005007219777832
1005007015688608
1005007332047104
1005006070842529
1005006096210776
1005006031305557
1005006142859130
1005006600574649
1005001652912448
1005006790663100
1005004126767237
1005005629369443
1005006170393056
1005005891072738
1005005982691760
1005006824436697
4000022169967
1005005740999982
1005004782474872
1005006381880426
1005006089075473
1005004551906392
1005005617364487
1005005599583503
1005006771277215
1005007355782008
1005006083201967
4001120703636
1005007365109827
1005004604521613
1005007348920561
1005006506143272
1005005000541093
1005002732702632
1005006263836932
32816853223
1005005344614907
1005007309908516
1005002523255179
1005006446829430
1005006892212451
1005004613577838
1005002642226452
1005007346712943
4001042699641
1005004713892845
1005005632490367
1005006768887411
1005002277982596
1005004973471032
1005005570726493
1005002695306194
1005005588147831
1005004750106005
1005002481201376
1005006158430657
1005007282477964
1005007017471576
1005005865768075
1005007033130856
1005004261607307
1005005829484220
1005006213957456
1005007269677393
1005007275451784
1005006878354460
1005006968856016
1005004277001014
1005003019984445
1005002776332751
1005005996297090
1005006821378089
1005007320026816
1005006366715633
1005006886676228
1005006935389868
1005006973896948
1005006175404213
1005006777860486
1005007254842918
1005005880379051
1005007066900462
1005005687503629
1005006947678732
1005005671231691
1005006990585605
1005005948081182
1005005950952817
1005006654855197
1005005968850441
1005005554852800
1005004835789335
1005005944723337
1005006467125868
1005007149727497
32818701156
4000198110267
1005006500777045
1005001481572371
1005002307571171
1005004360000419
1005007182366649
1005003329436462
1005004399122141
1005002348075711
1005002971086357
1005003090387292
1005003595424246
1005006990245477
1005006183938884
1005005570212590
1005006876542247
1005005121143629
1005001840720471
1005005567353963
32900208860
1005004885967975
1005007174572026
1005005209505260
1005003154736796
1005004400720378
1005006948890821
1005006113836019
1005006975032591
1005005495574112
1005005351358307
1005003602089364
1005005081915987
1005004304316580
1005006385342782
1005004920473035
1005004759668704
1005002352747424
1005004845342398
1005004969635208
1005004658668930
1005004900494591
1005003611494655
1005006746674499
32964780472
1005006876928943
1005004749210838
1005007173417941
1005007417611912
1005004095657816
1005005614741798
1005003370155092
1005005144750523
1005003908174597
1005004556389363
1005004913571043
1005006988365700
1005006947218956
4000440127251
1005001652518214
1005007299906693
4001048879032
1005005549206535
32951743847
4001070867232
1005004861784177
1005005187556539
1005006954620596
1005001695618508
1005004069824331
1005007440354835
1005004405412395
1005002242073299
1005005235875139
1005007306794599
1005007116075679
1005006190935110
1005006357706510
1005006379199717
1005007385748968
1005006422665195
1005007328530221
1005006370778746
1005006224751219
1005006172204604
1005006366699744
1005004132865193
1005004378965766
1005007294783875
1005002669283411
1005006752172209
1005006148665606
1005005259598733
4000138098522
1005007299444411
1005007112024825
1005006068275119
1005001469367615
1005005886549754
1005005349758276
4001037524156
1005004898219634
1005007226857424
1005006490220004
1005004712829612
1005007288829710
1005006818273932
1005005494089211
1005007049884991
1005007382740366
1005005550185111
1005004961910209
1005007328267552
1005005371482528
1005004515672040
1005007050292167
1005006711161918
1005005550493445
1005005752415707
1005006627278210
4000594839675
1005006671166281
1005006509627360
1005006279977473
1005004732944414
1005005625343829
1005006781921187
1005007203684602
1005007181105646
1005004325686076
1005006711660924
1005006882866270
1005005373077050
1005007069941632
1005007053498036
4001062946844
1005006897857640
1005004851972213
1005003381715853
1005004322569158
1005007426719683
4001296754431
1005006283837693
32730699850
1005005532577749
4000110295306
1005006049825433
1005006049742867
1005007049891881
1005007253912909
1005003340796549
4000907813786
1005006859611487
1005004961807287
1005006855640840
1005007112152601
1005007076818615
1005004983274593
1005006690807939
1005007050119682
1005006840503399
32972761262
1005006978991512
1005006037939746
1005007108794138
1005006788890378
1005005258567948
1005005163500517
1005006316910216
4000747101829
1005006762385099
1005004609213300
4001006463941
1005005263859072
1005005258666024
1005007464798270
32966022136
1005003361656472
1005004570944448
1005007443613218
1005006547858000
32914742406
1005004899976818
1005007470585953
1005006080179882
1005006439991092
4001054146650
1005006437115155
1005007383152056
1005007011407200
1005006908481275
1005006143539005
1005006751535790
1005003575650802
1005006831978370
1005006870057165
1005001620646895
1005005260965852
1005007339652120
1005006054751057
1005006398317161
1005005497537077
1005006354013732
4000440032839
1005006779601321
1005006699483495
1005005740899598
1005006870019333
1005007403500103
1005004894589135
1005005963356776
32912969362
1005005671403449
1005005374202440
1005004522666084
1005007188795975
1005003133843147
1005006306069671
1005003421812598
1005004397342246
1005005427179117
1005005451944393
1005007455267247
1005007470481737
1005005982514685
1005006402634931
1005006163378591
1005006066376923
1005003636220840
1005006605022257
1005007316147777
1005005819062227
1005007101136023
1005001264918738
1005002239140604
1005007316208657
1005006728681842
1005005943472988
1005002900478962
1005006343307332
1005007212592820
1005007150492877
1005005827720898
1005005216745535
1005006630976912
1005006364816847
1005006980228480
1005007227393561
1005006277399288
1005006234125129
1005006417791078
32903071989
1005006411977815
1005002883512651
1005004885629864
1005005924244033
1005006886924357
32903051856
1005005930232483
1005007274225084
1005005238292156
1005006412035450
1005006486241732
4001283051045
1005006386650158
1005005451819700
1005006470573673
1005007391254688
32911761458
1005006327716108
1005004698148772
1005003412567552
1005006088076448
1005007203801996
1005006390373193
1005007211859580
1005004573262339
1005006679105256
1005007184702019
1005006310812785
1005003620048538
1005004574743837
1005005150272913
32866602045
1005003972851032
1005002205829552
32472212207
1005006973075482
1005006560187471
1005006710207549
1005004895691615
1005006453458297
1005006912644227
1005006138112616
1005007436236604
1005005249083750
1005006310178642
1005006027512901
1005005416978453
1005007286676919
32820436565