1005007161613106
1005006389218507
1005006062567557
1005004787457194
4000814772044
4000131010044
1005005368053962
1005006320314635
1005005448969538
1005005404785410
1005006212424653
1005005694669563
32691547493
1005007209949917
1005006988835043
4001321881339
1005004991701217
1005003204462646
1005006343463559
1005007166861469
1005006090863809
1005006787291348
1005005997230075
1005007005427969
1005006049501295
1005005645075266
1005006983102465
1005007003325811
1005007047200207
1005007176790553
1005007185076421
1005006635453095
1005006466705788
1005007093719324
1005006795337825
1005007192645938
1005007005624789
1005003109307922
1005005835073343
1005006871509548
1005006732164135
1005005838301932
1005003109397117
1005006697412125
1005006174174038
1005004743435954
1005006858842081
1005002959733278
1005006133126059
1005005847532977
1005005934305733
1005005874673061
1005007387345461
1005006846684114
1005006796033305
1005006789708491
1005006520211343
1005007439987110
1005006693054970
1005004432753404
1005006166956609
1005005522413439
1005006208531751
1005007122264503
1005006937633373
1005006182742718
1005005897776107
1005006815660718
1005006261569685
1005007193124116
1005006726734987
1005007205313402
1005005742451719
1005006924644970
1005005262691109
1005005292445798
1005005234332994
1005006178969555
1005005188930258
1005002412897294
1005005210657020
1005005108788510
1005001409431529
1859123009
4000932032591
1005004582968614
32572398502
1005005201360669
1005003274753046
1005003780919994
1005001314649138
1005003433565174
1005004752648194
4001127485441
4000830043449
1005006826388691
4001039287700
1005005982471492
1005007054364179
1005005936173733
1005005729272716
1005004350811172
1005005366618652
1005004116339622
32826855385
1005004988974205
1005005228633784
1005004738909742
1005006397310028
1005006629890354
1005005772918442
32809858223
1005006881496927
1005006911872664
1005005538798628
1005007204295196
1005007256853437
1005006661443880
4000534510289
1005007341459901
1005005383191208
1005006563763220
1005006239741861
1005007310068292
1005006832872370
1005006511127873
1005006598136273
1005004272353809
1005006343456883
4000296131074
1005006794656698
1005001450279547
1005005823041523
1005006809343064
1005004382991985
1005005593401064
1005005345807822
1005007015579882
1005006070398694
1005006640919330
1005007401164508
1005003296765202
1005004039404263
1005005141958333
1005005114192160
1005006396420367
1005006100549248
1005007302141459
1005005105063985
1005007244082590
1005005203658329
1005002591958635
1005006590363950
1005005565137222
1005006842789287
1005006765707847
1005004934877131
1005007329474419
1005003009128565
1005006398268448
1005001689641694
1005006866068979
1005001616105693
1005002612544811
1005005937649744
1005006789296523
1005007117710579
1005006142473368
1005007031043347
1005006856377883
4001315640069
1005006966181803
1005006571282548
1005004678404004
1005006539941522
1005005703753612
1005006054527465
1005006965566926
1005006397865551
1005004519373229
4001061895061
1005004617130980
1005006864951354
1005006972941823
1005005895503578
1005006603808000
1005001612471828
1005004840045563
1005006334272092
1005006672753940
1005007124401666
1005007275345182
1005006524982957
1005007393965255
1005007167585812
1005006519443758
1005006955065809
1005006935372148
1005006286468681
1005006935152817
1005007433481384
1005007260903714
1005004816406623
1005006981245104
1005005418118091
1005007260870823
1005006263478844
1005004757429835
1005003274584122
1005007263620309
1005007348283756
1005007407944217
1005007407901968
1005005279106983
1005005631413311
1005006927937664
1005007477905767
1005007477023770
1005007312262081
1005004913442728
1005007349978694
1005002110490891
1005005676927304
1005004074991070
1005007109725001
1005007465835261
1005007477808375
1005004776277922
1005007477348289
1005007477793696
1005007469923343
1005005168227301
1005007472659453
1005007477557991
1005007481449977
1005005780157091
1005007460198181
1005007459561631
1005007459456835
4000936047539
1005007451537091
1005007411436203
1005007449068676
1005006097551051
1005007447189418
1005006585289225
1005006103416901
32888640008
1005004221113469
1005007224075888
1005005806836085
1005004532048599
1005007315863028
1005005901165205
1005006494348206
1005004387539453
1005005695850835
1005004421076272
1005007320249464
1005004739646543
1005006161320653
1005005310610933
1005007281451875
1005006596607727
1005007058525993
1005006642201442
1005005762576685
1005007129358838
1005005281396480
1005006161612072
1005007196909900
1005006030940456
1005007073737077
1005005676758998
1005006691147035
1005006226093835
1005006819081492
1005005822277082
1005004241317157
1005007260181314
1005006978623847
1005006120446118
1005007044189527
1005005980763406
1005006822608038
1005004873566692
1005004766484716
1005007279145008
1005006006529793
1005007054123588
1005006491333711
1005005533778773
1005005690090488
1005005925845741
1005007446141821
1005003288113136
1005006638423124
1005005956413745
1005005768124798
1005005990127701
1005006850133638
1005001972779524
1005001699505593
1005004590569330
1005006947038863
1005006493464069
1005006497848142
1005003739362434
1005007288118883
1005006047483198
1005004917940426
1005005768153714
1005005720472064
1005006169445451
1005006878868988
1005004766345341
1005004509121893
1005007180588495
1005005495360336
1005006254774556
1005005532308073
1005007146014615
1005007269291736
1005007060939875
1005005786175487
1005006264014217
1005005834533761
1005005211695081
1005005246650438
1005004967230049
32825348081
4001050593235
1005006331111210
1005006995256012
4000021253255
1005005600783112
1005004689438392
1005006861445080
1005007308019570
1005003797842171
1005006307189337
1005004995412458
1005001903040278
1005002337988981
1005006661614815
1005003975962310
1005003764067449
1005005905198732
1005006243531652
1005003764018504
4001208816335
1005005678117756
4001138950627
1005004795449049
1005005849607100
1005006695361782
1005006678447015
1005006864751078
1005003287470572
32882855685
1005007298599884
1005005637992371
33025753247
1005007377835668
1005002749269559
1005005256928897
4001199170564
1005006480541647
1005003528105548
32784846445
33043696152
1005004291173503
4000856389920
10000285929517
1005002700939286
1005005034087080
10000068012963
10000286226034
1005005308090281
1005004999771680
4001105155869
1005004831023270
1005005450581673
32808152619
1005004489233435
1005004625248174
1005003337032759
1005003177387867
4000281798746
1005005247107255
4000356045005
32822023599
1005003447184777
1005003990990886
1005005457386864
32846516769
1005001623496285
1005002934675438
1005004104249573
1005004596311443
1005003740624365
1005004300777882
4000543975056
1005002316137828
1005003453451295
32293431844
1005002941267330
1005005642417906
4001243709865
32909827916
1005005480606293
1005005461743084
32957160156
1005004335700927
1005004327714125
1005004796554516
32958722868
1005005159879964
1005001726303248
4000153677531
1005003797349122
1005002722633200
1005005008426207
1005003551915726
1005003261999701
1005005246545426
1005003330380417
32852861060
1005005132783960
4000404286672
1005004825615623
1005001706711021
1005007161555784
1005003809969105
1005006717052590
1005002687284422
1005003624526662
1005004846359906
1005007202204322
1005004518176699
1005002070310308
1005004694459482
1005007329123974
1005003323463345
1005004786464992
1005004970022512
1005004868708676
4000575057447
1005004909753488
4000404742713
1005004686946555
1005005281670792
1005006652529525
1005004969776539
1005003766136185
1005002003045225
1005006057468234
1005004152710962
1005004212644716
1005007394639530
4000190123625
4000252280039
1005002511479273
1005007118071729
4001219046024
1005004754759557
1005006408866273
32917830189
1005005458094259
1005004371357364
1005006722620143
1005001802647458
1005004617161402
1005002337289089
32813519273
1005004953502388
1005006818128832
32914048170
32732340628
1005002563775090
32426941401
1005003727692158
32966883709
1005007113201245
4000460524703
32465523965
32882771021
1005006997368085
4000096330737
4001075423388
1005005610282839
1005004242268105
1005004701225734
32956402423
32664212857
1005007301208682
1005003230700043
32858282579
1005004849416760
1005006616356262