1005006352424844
1005006037614865
1005005853582922
1005006093658559
1005006004652909
1005005020661044
1005006339653983
1005006860906652
1005002635640430
1005004078110249
1005002224936618
1005004990686737
1005007169028225
1005003648926454
1005002492356140
4001145668049
32630677645
1005006970198795
32973673039
4000833326160
1005002668135554
32379977429
1005005809200765
4001305774259
4000137259778
1005005692681630
1005005079214899
1005005108705997
1787901854
4001231390434
1005003585922665
1005003377258367
32970384130
4000504089323
1005003009242041
1005005437232902
1005005575239413
1005003384974081
32428552277
1005005082234353
32950553434
32904277853
4000808112032
1005007187622764
1005004959708000
1005005556013383
4000921875387
1005002870556640
4000050343781
1005005437193943
1005003084259114
1005007347932072
1005007433282556
1005006051465238
4000042087303
1005006767861811
32907154922
1005003003352138
1005005928748471
32971718253
32780006272
32884074917
1005004550548103
32838589394
1005002809028687
1005003077996127
32837573069
1871502450
1005004959841300
1005005222304202
1005004996232582
1005005065552149
1005002865038866
1005002682764609
1005005235873246
1005002774238555
1005003459686293
32774612247
2045011729
1005004968312131
1005003116963249
32994719238
1005001475113648
1005002697527264
32887008513
1005006209435475
1005001757155475
1005003020100950
1005004536480685
1005003370381930
1005005122084530
4001180561879
32814380612
33060350732
1005002592698449
32807813849
1005001946482868
32377121521
1005001494292221
32849485552
1005003990643406
1005007009086813
1005001582621712
1005002495866484
1005002790454791
1005001303405753
1005004328228032
1005002092479844
1005003333528202
32234370332
32950980089
1005004911585065
32368900905
4000837821922
32842123299
1005005326820010
1005004641356114
32921101262
1005004536173267
1005004192044860
1005007158581168
1005004287793972
1005002717766599
32348009002
32508993201
32887342207
2047227707
1005002026956275
1005003489700993
1005004242591839
1005004895422606
1005003192718603
1005004139339771
1005002747191869
32807805718
1005003390625505
1005006074260383
1005005218258979
32882087194
1005007419191651
32848393249
1851687750
1005003125093465
32817915796
1005004536555517
1005004046869112
2047190815
4000696147841
1005004506599311
1005004808877409
1005003255365885
1005005721185343
33058849044
1005002661096390
32820821442
1005004266406901
1005006786852366
32906146902
1005003650696409
32923736894
1005002084120199
32664666349
1005005437296800
32348931821
4000492660220
33053620956
1005002329052487
4000898143504
1152927345
1005003745861187
4000754302464
2047367843
32712902278
1005005377938531
32924191014
1547976079
1005004995445250
1005007287269183
1089766760
1005001411011592
10000390906090
1005002254257870
1005003389562373
1005004619208582
1005003490026839
1005004912227954
1005002957511255
1005004679876277
1005004851898865
1005004863860895
32988120861
1005003308349564
1005003092409764
1005002946014900
33000853314
929891325
1005003325708459
32811057337
1005001482849604
1005005203786672
1005002704135244
1005005828755913
32971778226
32803091509
1005003325841922
1005002293682371
1005003815810119
1005004462138268
1005003227902781
33001612553
32833488800
32847161000
1005005384711520
4000733186481
1005001416905920
1005002892021949
4000467967171
1005007419316263
32898594176
32841094368
4000465179463
1005006085887005
33058807647
1005005986441305
1005002110722806
1005005931662604
1005006032187581
1005005982363431
32981571892
1005007464486606
1005007469489399
1005006384500791
1005006803577592
1005007452852850
1005006564218678
1005006084982039
1005005066080074
1005004466785768
1005005972110544
1005007356142661
1005003463517397
1005005551824116
4001334530103
1005005657441500
1005004216605144
1005007310234088
1005006861759539
1005006861925175
1005006852868071
1005006472842565
1005006861910181
1005006913531550
1005006212566608
1005006361466140
1005005512332601
1005004148147760
1005005702840208
1005007007723545
1005007392603255
1005007078431061
1005006497295033
1005003498639548
1005003879369641
1005005489517404
1005004188842690
1005006613437024
1005004124387449
1005007383909620
1005006485198373
1005005797299166
1005007451286930
1005006476366806
32583679429
1005003061147266
1005006855982804
1005006870727136
1005004850524435
1005006520081189
1005007383927144
4000960543083
1005007369189915
32832138853
1005007456727930
1005006793029547
1005006884774870
1005006950298076
1005006344834613
1005006133997816
1005006423511735
32998220434
32832884804
1005007060621247
1005007450688124
1005006605260698
1005007458954110
1005007418056795
1005003983699755
32974857130
1005006136607812
1005005823694319
1005005387202324
1005007341441865
1005007030877721
1005007114721927
1005005919601238
1005006583152264
1005005698723203
4000087599587
1005005561496846
1005002412682107
32992982488
1005005807526395
4000925973730
1005001310410631
1005006754986111
1005001726340098
4000826266874
1005006283845752
4000927217983
1005005249893211
1005004099872834
1005005624660152
1005004984870328
1005005250642432
32974865002
33019445103
1005006849370496
1005006069097788
1005005819903810
1005006134395714
33019768757
1005005174980284
1005005875046036
1005005247716941
1005005737671745
1005005318792052
1005005933218104
1005005745256686
1005005499268794
1005005952154120
1005006416284451
1005007107194773
32998795673
1005005954988979
4000256685536
32916198070
1005004612640446
1005006149707535
1005005578794518
1005007083579708
1005002901423694
1005002855903162
1005006987130554
1005003317851492
1005005702897849
32633733488
4001295427797
1005006201751111
1005004984637558
32987100051
1005006802185919
32831836895
1005006813930769
1005006605614111
1005006261191092
1005005780395630
1005005983504922
1005006558467069
1005006462976407
1005006227470093
32970716782
1005006138458142
4000298720631
1005003257391283
1005003745089989
4001020371123
32832483097
1005006782899552
1005006739670312
1005005683494800
4001294325451
1005007176060195
32969138946
1005004014586403
1005006410457168
1005006918601627
1005004949336230
1005006103791836
1005006077529861
4000512029561
1005006102262590
4000030696523
32862618932
1005004708202738
1005004027515242
1005006833685366
1005005959414870
1005005404708853
4001188017882
1005005671505380
1005006734270865
4001346567506
4001202317825
1005004021609996
1005007440427128
1005005310651194
1005006221819475
1005006181458158
1005006915106990
32840770301
1005003562411072
1005007061918067
1005007341023405
1005006026206060
1005006816066788
1005006922405050
1005006357601491
1005005367682934
1005004879781242
1005007414823357
1005006994518074
1005007288430658
1005006692052265
1005006723114188
1005006247248078
1005006165513464
1005007488800281
1005006575906214
1005006007180852
1005007484272540
1005007478065180
1005006430270892
1005006359033266
1005007464985659
1005003380817830
1005005955194081
1005007075754228
1005004437865369
1005005610446282
1005005396730791
1005006732056284
1005007343111154
1005007207203599
1005006421179118
1005004875697974
1005007296879884
1005005743064567
1005006954967111
1005007210485441
1005007290247049
1005006696730842
1005007116145559
1005007227222663
1005006498326383
1005007029394396
1005006839812810
1005005865661961
1005004991690025
1005005885757234
1005005293861945
33058635246
1005006191161548
1005006889547312
1005007316756335
1005007359454306
1005006969022212
1005006144323014
1005006861085702
1005002986342146
1005006440467542
1005006258390484
1005006888909741
1005006086249696
1005006114287683
1005001797499215
1005006955859938
1005005928725845
1005004160119758
1005002954184072
4000991874520
1005002518242913
1005002966302688
1005004366290962
1005006812175091
1005007482898209
1005007484446618
1005007483949980
1005001329593421
1005007471807305
1005007473025221
1005007403762027
1005006096715880
1005004383767863
1005006421010869
1005007164417942
1005005616724470
1005007048279857
1005006773335605
32884522564
1005006861848176