1005006903810185
1005006919581497
1005006302183149
1005007051768843
1005006588162637
1005006934720810
1005006054738463
1005007353917550
1005006224493752
1005006225196110
1005006809366579
1005007279428434
1005006955269493
1005007091664800
1005007107747621
1005006808246432
1005006930550287
1005003780365471
1005006809581288
1005007076387561
1005004200425568
33027442429
1005005966639955
1005006718634615
1005007136041091
1005006604569906
1005006869992960
1005005914038953
1005007263578619
1005006534288237
1005006533525614
1005007030968826
1005006938655369
1005005955900724
1005006626256155
1005007048686953
1005005988603457
1005007192300048
1005006914332580
1005006914383099
1005007077092564
1005007097147522
1005006873007477
1005006808884394
1005006914197969
1005007071825396
1005007077122439
1005007029064531
1005007201303566
1005006534225381
1005007097395046
1005006312728172
1005007343605654
1005006855951115
1005005985584279
1005006727890365
1005006619685490
1005006649134942
1005006993578876
1005007015073104
1005007326311993
1005005709681976
1005006914396103
1005006808355006
1005006808297270
1005007348743443
1005006871716607
1005007346587539
1005006977456018
1005006054631838
32878260113
1005004304136003
1005004509546089
1005005972640049
1005007038861350
1005007039116203
1005006908312696
1005007341057466
1005006966876588
1005006975527216
1005007232420233
1005006658593825
1005006815601395
1005006903968094
1005007309017708
1005006975250860
1005007384650227
1005006604818651
1005005614559660
1005005614558792
32903053929
1005006640263588
1005005848388046
1005004696841561
1005003622215022
4000272709833
1005007277377010
1005007459861566
1005007470071168
1005005676764273
1005004026782655
1005006458067974
1005005199945684
1005006458106721
1005005642736838
1005005356359193
1005007226592572
1005005833767261
1005004743937398
1005006830821155
1005006948589576
1005005632864020
33034021911
1005007053925231
1005002809688136
1005007464652518
1005007308840682
1005006252545016
32861018751
1005006806020483
1005006473387245
1005007438501404
1005006990809468
1005006796539743
1005006694812860
1005006818282058
1005005582734115
1005007467876073
1005002363644014
1005007138639556
1005002445884988
1005007226840713
1005004700693499
32859696902
32969408193
1005005893718423
1005005316380448
1005007266436377
1005005897986686
1005005893687615
32951096730
1005003249459081
1005007066716310
1005007467523794
32353431728
32352333430
1005002282535753
4000307719567
1005006819426842
1005005503821881
1005007424189704
1005006377813123
1005006757226107
1005007321192117
1005007277239147
4000179781314
1005007468527842
1005004607634173
1005005996168848
1005004421484883
1005006904691320
1005006988431195
1005005897985847
32813464268
1005005264215774
1005007274879956
1005004672242421
1005004506325720
1005006100137667
1005004441087790
1005006967705084
1005004816003507
32878297916
4001115465542
1005004672208405
1005004660894907
1005006857108883
1005007081254352
1005007278907977
1005002332850672
1005003147216445
32756468001
32974608238
1005001726414283
1005004520596471
1005004521959515
32899983640
1005006386375326
1005006838543534
1005006838504774
1005006838641294
1005006838558526
1005007469382080
1005006802209589
1005001481865974
32720332207
1005007035478306
1005007032715203
1005006734960312
32899093232
1005006991062313
1005006603517999
1005007458001350
1005006636800283
1005006975121506
1005005209923779
1005007476229577
1005007045731770
1005006462676482
10000354880505
1005007314312283
1005007463727956
1005007464187306
1005007456551331
1005005105492828
1005007449655094
1005004672271115
1005006982158824
1005007436360720
1005007339674906
4000687072518
1005007442682692
1005006847979130
1005005261752350
1005007095870728
1005006971760927
1005007426126818
1005007426407380
1005007426222540
1005007066011876
1005006848886008
1005006848543229
1005006848036994
1005006982017974
1005006833057554
1005005957600075
33057810460
1005007319390804
32829641998
1005003510209186
1005007003362818
1005004476788127
1005006577061901
1005007212986881
1005005410545709
1005007085808788
1005006976971116
4000119204848
1005006845597783
1005006846965162
1005006845710299
1005006845677433
1005006629629227
1005006845600772
1005007042876946
1005005597064762
1005005594531190
1005005412045795
1005003912507785
1005005955914200
1005005566605471
1005005108215927
1005005066955560
1005007279286862
1005005541349433
1005006601088336
1005007313594511
32821051969
1005003536538602
1005006756931956
1005006697403224
1005005201356526
1005007046054341
1005005234028481
1005007279233384
1005005105568750
1005005269011917
1005007423684475
1005007335178467
1005007111437570
1005006931976394
1005004776736892
1005003795394113
1005003795341467
1005006405728597
1005006913997337
1005006413737134
1005006413702129
1005006387372657
1005006915116607
1005006858025224
1005007044059977
1005006821579115
1005005815533899
1005006356500181
1005004953809442
33036626336
1005004645209403
1005005340550823
1005003959966070
1005006623339547
32955983596
1005001557096345
1005003779857697
1005003605796965
1005001329115510
1005006065237896
4000918784620
1005005613846022
1005007476275366
1005004023916719
1005004686363561
1005004815934170
1005007461742273
1005004815926868
32706683014
33041153830
1005004878124459
32897129821
1056831443
1005002452808416
4000199822825
32953484848
32911807364
781145691
1005006655641525
1005003951510314
1005006996435993
1005007234195221
1005006334045325
1005007398952772
1005007398254996
1005007398654724
1005007319861092
1005007233849924
1005007360997523
1005007365073774
1005007365196073
1005007358473815
1005007234131536
1005006972644582
1005006972611641
1005007319856405
1005005260475685
1005005344703129
1005006252151305
1005006218058388
1005006218012570
1005005754980875
1005005540055931
1005006868849131
1005006848739589
1005006857756285
1005006887338483
1005006868781014
1005006844644959
1005005562498148
1005006864813679
1005006865070266
32915055623
1005007309359856
32915047575
1005006439479312
1005005262244839
32988488352
1005006096389361
1005005517462245
1005004689304912
1005004686387432
1005004686361589
1005007476117641
1852002925
1005004401182370
1005004401484211
1005006592435423
1005002713002552
1005005475795253
4001283642573
1005004085691493
1005005106675268
1005007353409759
1005002424457584
1005006861503919
1005002565424520
1005004194719467
1005004401278134
1005006983298499
4000307995027
4001361021998
1005006889663281
1005006716489243
1005002265622406
1005007460256096
1005005884752521
1005005534250506
1005005282759413
1005003776057065
1005006727957258
1005006992828083
1005006155316348
1005007343626068
1005002766317450
32664947446
1005006101960431
1005006727662364
1005006941246714
1005005261794877
1005003788217876
1005006979273681
1005007031540483
1005001511851931
4000152096989
1005005005782690
1005006861602731
33006703087
1005007373070586
4000894988509
1005003788202909
1005002298545379
1005007476896229
1005003950701794
1005001373190332
1005001792117729
1005004396324769
1005002958250229
1005006692406629
1005005215002847
1005006628425388
1880029534
1005005371189728
1005002392220014
1005006974351879
1005003034274701
1005005281978523
1005002137372617
1005007488463949
1005007484224510
1005007312768086
1005005959473305
1005007476754435
1005007476632614
1005007477352642
1005007476553281
1005007476731438
1005007476609629
1005007475679785
1005007478779184
1005006932294010
1005007466174274
1005007443347742
1005007477975524
1005007465832047
4001208429851
1005007176847423
1005007465414874
1005006817142546
1005006971269077
1005007486106831
1005007465527621
1005007477961530
1005007470390773
1005007482189609
1005007465581497
1005007465456796
1005007471646598
1005006909069537
1005007470999639
1005007478762105
1005007465815814
1005007441281278
1005007483021336
1005007440970798
1005007465699331
1005007465414909
1005007465574503
1005007012134422
1005007446000152
1005007465777131
1005007465672278
1005006337690603
1005007459711195
1005007454404545
1005007403561562
1005007475530207
1005006901756153
1005007245445102
1005007003856497
1005007141537248
1005007443565772
1005007443455304
1005005414732916
1005007446891073
1005007454796205
1005007126229764
1005006839268706
1005007266998099
1005007441507321
1005006833953963
1005005917475590
1005006538089956