1005007302903424
1005007290136607
1005006875199819
1005006863563982
1005007387509672
1005006912034491
1005007110066855
1005006963859343
1005007113486268
1005007295544352
1005007370133846
1005007320163794
1005007372110378
1005006302942312
1005007331978545
1005006326312583
1005007366269530
1005007082123452
1005007366152357
1005006751972362
1005006752408537
1005006752277856
1005007149889718
1005007140219831
1005007147746513
1005007152408191
1005007151890928
1005007151957751
1005007148115218
1005007171678346
1005007141604210
1005007141031690
1005007141229253
1005007280888048
1005007147630799
1005007241343614
1005007151790982
1005007350436526
1005007350282094
1005007311820808
1005007113796633
1005006992113840
1005007296310765
1005007018948165
1005007336208272
1005007287495313
1005007326108263
1005007296044571
1005007296115506
1005007336787497
1005007311664968
1005007294039797
1005007296233185
1005007310195246
1005007322557695
1005007286602055
1005007296317854
1005007235468410
1005006992518543
1005005642040660
1005007295392463
1005007075294789
1005007074363209
1005007087544148
1005007221303615
1005007339833572
1005007332225085
1005007276139107
1005006774906965
1005007323744861
1005007323991097
33031629372
1005007323662754
1005007290597060
1005007317675726
1005007278096139
1005006810623152
1005006825018915
1005007315427287
1005007310655086
1005007314899409
1005007314939942
1005007314719781
1005005237563674
1005007230301798
1005007217360811
1005007217043157
1005007216960338
1005007217738060
1005007108975437
1005007217928166
1005007217251086
1005007160373995
1005007161364347
1005007112466437
1005007189860859
1005007190101590
1005007190691025
1005007146721251
1005007146256253
1005007138080082
1005007107219189
1005007103871851
1005006867511253
1005007104700277
1005007099120812
1005007099210577
1005007098665527
1005006860751726
1005007072914388
1005007071875704
1005007062563831
1005007063499189
1005007063095814
1005007064385033
1005007063846539
1005007063755630
1005007050792634
1005007017604691
1005007018322195
1005006728521705
1005006683136180
1005006728618623
1005006690843574
1005006662134362
1005006661615725
1005006661690693
1005006649812090
1005006644186596
1005006380138602
1005006649145605
1005006650234387
1005003154374683
1005005779189433
1005005444004110
1005003253205628
1005006631466811
1005006629914002
1005006629211708
1005006169820908
1005006621989957
1005005913413827
1005006616506369
1005006173697830
1005006016058488
1005005102226166
1005006562410839
1005005263825812
1005005884448799
1005006306683394
33025885147
1005007322370365
1005005385939723
4001196941121
1005003132879895
1005007306666298
1005007322057563
33050328688
1005005761139517
1005007457216210
1005005783053791
1005007445100721
1005007206537584
32957702738
1005007444165934
1005007316173955
1005002634655311
1005006039415975
1005007474262001
1005007360448534
32220798055
1005006176407661
32655416549
1005007444570317
1005003769367923
1005007470204483
1005007197137610
1005001794733912
1005007331756268
1005007444631534
1005007401412239
1005001794916915
1005004983476302
1005007465216455
33011172376
1005006488714093
1005003148691980
1005005563180381
1005007395446336
1005004354463073
4000266998843
1005006508591870
1005002966121930
1005004612319527
1005007003423460
1005006020894769
1005003503971252
1005005122743712
1005007287592081
1005005547528338
1005003767200145
1005007299712123
1005001769031017
1005006598956149
1005005539302552
1005007103067473
1005004517994523
1005001475369057
1005004518095084
4000237653247
1005002966030199
1005007061694023
1005007442786332
1005006020941587
1005006598957332
1869648185
1005004810681958
1005001604925232
33003332016
1005007269348111
32753935708
1005005037358609
1005007255214931
1005004094661472
1005007310584174
1005006797136866
1005007447720340
1005004685213221
32795144625
1005007040496175
1005005695415284
1005005453498429
1005003468808532
10000401488735
1005003542123891
1005003224209517
1005004438546731
4001273251622
32859020343
1005002420986961
1005003924703269
1005007240338313
1005003345833645
1005007136828509
32898472998
1005007061232757
1005007175240589
1005001858820611
1005002712039496
1005004640317880
1005006713393443
1005006504776029
32801772770
4000419565043
10000393176248
1005004712813567
1005005401494831
1005004273350396
10000397011438
1005005313381234
1005007360764785
1005003847717398
1005005391734736
10000393441048
1005004930651163
32817845661
1005007462159599
1005003165588840
1005007444027432
1005007244345214
1005006622206136
1005007443564101
1005007463216624
1005003510200096
1005006103020932
1005005385163945
1005007466167160
1005007392618172
1005001989172178
1005007424340099
1005006020915731
1005007215602797
1005005748805278
1005007117177338
1005004773106162
1005007444690288
32998776753
1005007087467913
1005007283214491
1005007265942980
1005007447695338
1005007322888074
1005004712851134
1005003187225970
1005004333517619
1005007389760043
1005005124492850
1005001471212762
1005007136884289
1005007444463219
1005007385924480
1005007417551663
4000434422224
1005004290771272
1005007374605763
1005006041776184
1005006267882945
1005004463493610
1005003801457721
1005003160577243
1005005125808539
1005006855087844
1005007315754635
1005007144923609
1005004135130157
32502694767
1005007221136387
1005005610846291
1005006135538032
1005005111272441
1005005853731173
1005004254554743
1005002297632188
1005007334102922
1005005143677466
1005005653872730
1005007352847258
4000798317222
1005007223319172
1005007207886387
1005007136150749
1005006469540385
1005004981386849
1005006758279198
1005007208329807
1005006423748323
1005005578489388
1005007383994851
1005004921089066
1005005900718148
1005005230415061
1005007374929236
1005007061542300
1005007136067175
1005006220128131
1005002297587306
1005004844887605
1005006511365421
1005005578297949
1005007201058932
1005004737135324
1005006604356271
1005005143742807
1005002327266530
1005002468107639
4000464645224
32912756110
1005003092136479
1005005345410717
1005004055717791
1005004109676426
1005005188605575
1005001469606563
1005005561385153
1005001825174510
32809124159
32790119430
1005001653070477
1005003230377976
1005007477766747
1005007247973238
1005007444773079
1005005805598524
1005005121578294
1005006787790805
1005007123669070
1005006918732258
1005007123603232
1005006542591939
1005006818242863
1005001458751382
1005007128353158
1005006487727957
1005007440676891
1005006029327347
1005007204049378
1005004013211732
1005005977233264
1005004995843055
1005007145899461
1005005651725203
1005004239467651
1005007445561162
1005006219017164
1005001458452666
1005004551863702
1005004281008548
1005006864945651
1005003403169378
32971614989
1005002271733187
1005007446185915
1005005656713670
1005006898563278
1005001509483625
1005007444666270
1005007315895311
1005006490084316
1005006414893051
1005004470044485
1005004634181969
1005007394582597
1005006819609889
1005007188917300
1005004034195088
1005004755163438
1005007089976281
1005004333487092
1005007125473225
1005004032586883
1005007429362026
1005005636544297
1005005951386319
1005003791562663
1005006199840349
1005007365495456
1005003194605254
1005004417018623
1005007389499678
1005007268914003
1005007089854456
1005007306410920
33004448383
1005006141586112
1005007244497568
1005006752891613
1005003673570234
1005003478799451
1005005275251743
1005005284393193
32794498046
1005004174585832
1005006851711031
1005006952140804
1005005953988946
1005005298714622
1005006087509440
1005006751406591
1005003416399894
1005005985668801
1005007290214865
1005005898933138
1005002256934456
32921141801
1005002989994199
1005005942203286
1005001389315262
32873432134
1005002840234059
1005007314361479
1005002634398000
1005007014340320
4000192431919
1005007258172047
1005003983212837
1005007087256456
1005007410521266
32989781320
1005001608675121
1005007059796935
1005005549261874
1005006501252340
1005006139671562
1005005078692621
1005007401074582
1005006851181799
1005001555138582
1005007306421426
1005007400227605
1005006008163237
1005006753283584
4000078832329
1005005457953187
1005006740225717
1005007438437838
1005005822879980
4000070801016
1005006905414953
1005005257346968
1005004556682712
32989803657
1005003831203863
1005001389702837
1891705811
1005007401942415
1005004320408037
32990304169
1005004045657998
1005007132971430
1005004929215950