1005007167464352
1005004429823751
1005006023165985
1005003986674342
1005007219788222
1005004663279787
4000315007740
1005007212579291
1005007368757362
1005004426093967
1005004091884445
32901152668
1005001411294050
1005001394664593
1005002439466042
1005004253442002
1005003219671658
4000690033249
1005003361323236
1005004880006751
32857870621
1005004401133470
33012263131
1005005178531189
1005002453286053
1005005519798418
1005003228932406
1005005470816332
32859516642
4000852881150
1005002514012754
1005002994491955
1005004977874333
4001214147923
32970357336
1005004034439824
1005003574929626
1005003882903463
1005002593791555
4000116869955
1005001817884758
33012734815
1005004728324552
1005005121357292
1005007349056147
1005007348929643
10000041970503
1005007472590701
1005006471226608
1005004433766178
1005003389287162
1005006614616056
1005006610570293
1005006610569251
1005007206077559
1005007206247158
1005007391861466
1005004428319169
1005005242227238
10000034324120
1005005921910531
1005004084547459
1005004084329031
1005007456184839
1005007466718775
1005006855866259
1005007347054946
1005006699860100
1005006580169475
1005006715434431
1005007112630975
1005006787419126
1005006658400490
1005007097199333
1005006368425194
1005007390560683
1005006447774644
1005004014220659
1005005174765458
1005006198303471
1005006850561394
1005007175259314
1005006956756296
1005006384039787
1005007174348924
1005006378448561
1005005923346138
1005007227792549
1005007321833535
1005007176978779
1005007153419838
1005007173667456
1005006837549083
1005005814895157
1005006756141047
1005006843013236
1005003895639669
1005006847799999
1005006303403816
1005006945431066
1005007300155527
1005007471952404
1005007465949084
1005005993800246
1005007459016237
1005007428625053
1005005445569278
1005005860549473
1005006594191392
1005003433778108
1005006916095893
1005005499449421
1005006082803500
1005007484306254
1005007475652741
1005007464384436
1005006225981996
1005003740696232
1005006304485083
1005006190353559
1005006011331748
1005006327836848
1005005715776506
1005006010430981
1005006850615828
1005006986814476
1005005883511615
1005005996906102
1005004041525282
1005006067717003
1005007154978207
1005005990215294
1005005901916847
1005006408263077
1005003446233081
1005005869910000
1005004668326226
1005006778960523
1005003418669026
1005007050210492
1005006988173108
1005006165819237
1005006394466585
1005005197739918
1005005469619466
1005005730150724
1005002659288271
1005006930932907
1005006299024632
1005007179729635
32962746264
1005006267103414
1005006304175733
1005007089369112
1005006975430503
1005007476949485
1005007268884249
1005004647910826
1005006912171491
1005006904705445
1005006756513588
1005005199566454
2046489898
1005004069602768
1005002342776672
1005004877763108
1005005994583984
1005006969357761
1005006010598180
1005005306724229
1005006186715385
1005007175319599
1005006884684902
4001344205695
1005006904792113
1005006489006773
1005004485186535
1005007168054468
1005003082127537
1005006121344583
1005007022219661
1005007266424292
1005006699563910
1005006463353294
1005006352999485
1005006372404519
1005006111668245
1005007188215637
1005006656068542
1005006838625710
1005005556181903
1005007002835192
1005006808389953
1005006591671765
1005006966035207
1005007052227423
1005006996007782
1005006434975411
1005007317123665
1005007488082173
1005007463749711
1005006943988842
1005006938932222
1005005772568034
1005003767018799
1005007345416468
1005004600775831
1005005848768737
1005006656747533
1005006523003022
1005005298710458
1005005990024141
1005006480415521
1005006733563434
1005006656735539
1005006869782444
1005006656644745
1005007037344607
1005007469324418
1005006923289850
1005007462267116
1005007445736622
1005007467333171
1005006890331550
1005007468683585
1005007284674849
1005007137294405
1005007444618268
1005006145098180
1005007172725021
1005006063816806
1005007445892076
1005007463600456
1005007470485463
1005007170309869
1005006566497636
1005006097856125
1005006175969778
1005007445678287
1005007475584144
1005007448739287
1005007448478322
1005006417584512
1005007353293272
1005005883254365
1005007073389935
1005004987543692
1005007355752793
1005006131305422
1005006912082084
1005007313959407
1005007444271949
1005007444948276
1005007137458839
1005007018132299
1005007378687261
1005007048152268
1005006605561934
1005005870886386
1005007066012004
1005005580268114
1005006699785804
1005007363425074
1005007355566831
1005006205557738
1005005856873899
1005007003960208
1005006686068466
1005007352368012
1005006942903274
1005006050329021
1005007424731521
1005006771854953
1005007313703934
1005006016743512
1005006346324393
1005006255862958
1005006194755297
1005007150279051
1005001339778615
1005007467140176
1005007446412794
1005007452505348
1005005294593795
1005005198133094
32286164554
1005006282333198
1005007410191605
1005007261834838
1005005484080669
1005007259671160
1005006422101335
1005007205926852
1005007261056472
1005003038711782
1005005292409158
32790765687
1005007310022072
1005007458325078
1005007452778346
1005007270859749
4000472907662
32907635604
1005003032759799
1005004868547097
1005006668049167
1005005531127357
1005004766072697
1005007224992760
1005006035478273
1005007072516706
1005007441603593
1005007429391218
1005007283082221
1005006506904011
1005007448595224
1005007445769298
1005004582335252
1005007225399026
1005007351898414
1005006600649757
1005007089705725
1005006623353105
1005007442194449
1005007448401353
1005007461950825
1005007382659488
1005006384777837
1005007442333262
1005007463109056
1005004829456555
1005007224942795
1005007454658691
1005007474385559
1005007449469820
1005007103111860
1005005656845933
1005007066974712
1005005129180352
1005005097297916
1005007449923336
1005006038004093
1005007239388445
1005007345306949
1005001998615046
1005007342973507
1005007450463928
1005006037413414
1005005317436941
1005006261394048
1005005576666696
1005007445424888
1005007275106773
1005007289240560
1005004336976967
1005006608241179
1005003996218789
1005007444566624
1005007344384717
1005005212482349
1005006276823894
1005007310547585
1005007445275878
1005007442090694
1005007043125973
1005007225989392
1005007256836465
1005006341936155
1005005082739089
1005005995736355
1005006855063829
1005006331774492
1005005616415402
1005006193393697
1005007469692329
1005006955820836
4000323948430
1005006602884514
1005007089419191
1005006489134480
1005007178734408
1005007385352107
1005007353232207
1005007408757771
1005007331392172
1005007451036971
1005007109716422
1005007046837721
1005002776311438
32780257545
1005005625768238
1005003537718311
1005007322215230
1005001889930288
1005007268499257
1005006042889129
1005007336350804
1005006044050260
1005006782602346
1005006136432099
1005006172990272
1005005666036422
1005007443724234
1005005858825524
1005007339120015
1005006749524958
1005007127969488
1005006978739396
1005007413981893
1005007246007276
1005006113650178
1005007457127582
1005007220951842
1005004540411893
32783827572
4000204602877
1005007455490348
1005005802291610
1005005339104328
1005006389526338
1005002342584348
1005005247874841
1005006389362685
1005007129324628
1005005245312674
1005005320010221
1005006390155543
1005006877865744
1005002501908812
1005005930435815
1005006287671856
1005005186195352
1005006364315766
1005002995361803
1005007425414502
1005007371097184
1005006820657991
1005007472298145
1005005315667775
1005005315898480
1005007342634480
1005007311560122
1005007437885207
1005007421631780
1005007405025274
1005007182871933
1005007421618890
1005007421339030
1005007488273747
1005007451298205
1005007414574052
1005007366485093
1005007421800322
1005007421099617
1005007421899111
1005007421360002
1005007421945058
1005007421786314
1005007419067889
1005007421593859
1005006326881495
1005007335538483
1005004757800541
1005005965062820
1005007371672841
32994073042
1005006446886492
1005005633186945
1005007236297035
1005007315600948
1005006643860312
1005007022965877
1005007045894271
1005006890893816
1005007217512089
1005006069105948
1005007371865344
1005006225104908
1005007135999187
1005006305169653
1005007333988200
1005006490191327
1005007103878913
1005006885272004
1005006208365660
1005006987108894
1005006637215478
1005006896704486
1005007137644591
1005007139031550
1005006173908012
1005006860787440
1005006212341720
1005007137473801
1005007187711505
1005006844973586
1005005755371708
1005006608832757
1005006721607097
1005006851478107