1005007061528697
1005005924199297
1005006471521351
1005006460298805
1005006164004412
32837377001
1005006136312749
1005006758514804
1005007301959239
1005006888985709
1005006777775196
1005006775932473
1005006160329445
1005006015295465
32989309478
4000337318091
1005007364022909
1005006075681089
1005002489765269
1005004892201233
1005005020985750
1005007089930485
32871071543
1005006471820787
4000074316456
1005003265781018
1005006524533298
1005003031594725
1005006945766393
1005002834813267
1005004685336153
1005006247305738
1005006370645525
1005003143094206
1005005982620059
32789334211
1005002888522547
32992540872
1005006099211163
1005006476714922
1005005039936384
1005005916100285
1005003931611437
1005005970514903
1005004133699462
1005007053442817
4000218807255
1005007342441852
1005005786798719
1005005944304110
1005004193509846
1005004854679318
1005003076067534
33010771459
32923008846
1005006471803982
33053519920
1005005884653162
32821982226
1005006277362871
1005007449914222
32843706622
1005003667521310
1005005240935377
32839160361
32869549747
1005002446932170
1005005131768540
1005002671854337
1005005213669755
1005005227675872
32837720640
32968389149
1005006182329148
1005004847288808
32990865940
1005005948447671
32850413281
1005004414870819
1005006181623922
1005005015463255
1005004052094890
1005005772858310
1005006253679060
1005005952515118
1005006393188214
1005005837220819
1005006263093381
1005005002322097
32903528569
4001014769819
1005004338378609
1005004736492081
4001014892096
1005006703331633
1005001592419394
1005006480442877
1005002248856566
1005006821853566
1005006794017800
1005007090463123
1005005871737391
1005006136795095
1005003819064683
1005003817773084
1005004150163488
1005006290783755
4000353800154
1005004007265255
4000263593317
1005005868723866
1005003371610061
1005006975230878
4001295358697
1005005477010482
1005005452534694
1005006316816333
1005005340113658
1005004899390450
1005005671117993
33005072621
1005002427888202
1005007032050848
4001292286506
1005006186027603
1005003444206363
1005005653268362
4001131928774
1005004865957274
1005006859897414
1005006753739222
1005003648701333
1005006259251319
1005004987329172
1005006263024698
1005002299243217
1005006743517171
1005003634201492
1005006691792920
1005006859858490
1005006939264135
1005006281910648
1005004210984990
32882562214
1005006041959214
1005005876541001
1005007116565630
32962679268
1005005649000313
1005006722041487
1005007148524926
1005005051860505
1005006471695844
1005004251619930
32976030248
32993548571
1005004204675466
1005005831168140
1005001703918230
1005006909350108
1005006955872919
1005005002213937
32848801698
1005004046381534
4000098028212
1005006961937758
1005006962079529
1005005806681130
1005006733347083
32992000234
1005005121811477
1005005874818601
1005002226436376
1005006845401939
1005004918811581
1005003838212624
1005005460112005
1005006844925955
1005005853699195
1005006111291665
1005004650608012
1005006948644901
1005006895212765
1005004914427502
1005006840981819
1005006086038108
1005006750430016
1005006697701454
1005007022342289
1005006861204950
1005004987823531
1005007216217344
1005006434677251
1005007202816041
1005007203959591
1005006394586217
4000806301420
1005007166714305
1005005816511778
1005007089785960
33054817654
32963935753
32960972867
1005007083680578
1005007011522836
1005007005402561
1005007066011194
1005007065927615
4001249609848
1005006965090844
1005006969956031
1005006968827978
1005006890397821
1005004738315008
1005001939738866
1005006259230676
1005003053938703
1005004530198067
1005006844494713
1005007137259853
1005007033497758
1005006331360484
1005004484320839
1005004860495145
1005004298618567
1005006948701719
1005006108328029
1005006844968575
1005006750371163
1005007289569894
1005007131024420
4000798176408
1005001802373999
32588228487
1005004874419728
1005001968829110
1005005406646989
1005003649912766
1005003991749775
1005005592779242
32884679100
1005002269953362
1005005846047075
1005006503677776
4001286673417
1005005261380571
1005002552682259
1005004303965141
1005006472364220
1005006471731342
4000536890836
1005005456085698
1005005911214744
1005003506476585
1005005757902676
1005006425458327
1005006262878585
1005005848831867
1005005292879433
1005004322565654
33027441382
4000386984546
32883452740
32913885409
33029140105
1005005895729699
32898768296
1005003235580144
1005004633463291
1005005528219349
1005005532356981
4001230342932
1005004377268105
1005005851244928
1005006117065105
1005005848716935
32886697854
32884690179
1005002904094294
1005002848584421
1005003245869695
1005006112447576
1005006061561179
1005004313676310
1005002324676541
1005003364236572
1005004757554793
32924342668
32895924549
1005002672401808
32916404780
1005005848462537
4000385202201
1005004740927510
1005005850533626
1005005134664455
4000386991712
1005004184919536
1005006243170480
1005005915148263
32887650766
1005006845053475
1005007219290070
4001286560289
32906529208
32895313531
1005005315649278
1005005538987956
1005004289878423
1005005751160113
1005005536449292
1005005610928862
1005002781777192
1005001381990802
1005006170003988
1005003562236758
1005001774470606
1005002965070923
1005002401690539
32952873181
33033365070
4000944922915
1005001963138363
1005004896229183
1005005020018683
1005004241994638
1005004356627717
1005004344129489
4000370510462
1005006844362924
1005007015270592
1005007015753039
1005007015725042
1005007015415607
1005007015589362
1005007015714782
1005005915959132
1005006172339127
1005005196065325
1005007004508281
1005006062464975
1005006807822851
1005006399938401
1005006898729799
1005006745424211
1005007067177501
1005006807788877
1005005769537394
1005007211526898
1005001996087161
1005006193314479
1005006193226990
1005003623933523
1005006732573274
1005006808764299
1005005060010857
1005006143984104
1005006038154948
1005006672369952
1005005824333137
1005006243854875
1005006272288891
1005004616886234
1005006127172668
1005006744481648
1005005532074934
1005007067182497
1005004607238999
1005006361360689
1005006435228265
1005005556572507
1005006193352308
1005005093659785
1005007211689715
1005006220852225
1005005415739179
1005006127162715
1005007305607616
1005004073336099
1005006788675049
1005006825769585
1005005807496709
4000138952565
1005005976686385
1005007209415176
1005001856409760
1005007211509967
1005004211305538
1005006814035747
1005006348610016
1005006814163655
1005005915834837
1005006745800052
1005007297505719
1005006678379488
1005003486647647
1005006169790103
1005006006862698
1005006834115066
1005006618152681
1005006827527876
1005006746261807
1005006544114943
1005005941425225
1005006898782522
1005003949354847
1005006733104900
1005006034119957
1005006108791467
1005005723910692
1005006899871340
1005005691389594
1005006206018863
1005006632562559
1005006833651812
1005006261742056
1005004353531208
1005005651769981
1005007188035095
1005005862069874
32986012353
1005006850724035
1005004591505518
1005006807609254
1005004028422601
1005005082277152
1005004595534619
1005005439979211
1005006844450867
1005006672425862
1005004371724228
1005002375513872
1005006825894203
1005006252478474
1005006632429782
1005006844534692
1005007088039640
1005006989563512
1005006672535745
1005004410344481
1005005533919598
1005006959788243
1005006672539616
1005006357890238
1005005524925359
1005006716564547
1005007143450673
1005006193282698
1005005544018579
1005006268935633
1005006314161735
1005006848558707
1005006314198071
1005005050908951
1005003438356385
1005006285793480
1005006898957276
1005005448008123
1005006262999877
32626540742
1005005756417370
1005006246093149
1005005753925702
1005004091585681
1005006042539836
1005006631621732
1005005359013119
1005006152145484
1005005819362960
32983695990
1005006924894560
1005005190596061
1005005517237837
32887364080
1005006082998748
1005006143846867
1005007054171302
1005001641283812
1005001984681303
1005005946509044
1005006307347125
1005006370462456
1005006320559752
1005003150445648
1005007124430824
1005006445758448
1005004073018004
1005004519363078
1005005133446258
1005005591121587
1005006897339883
1005006115411134
1005006417436990
1005006160977208
1005006169683730
1005006759485769
1005004565821609
1005007065467101
32922797053
1005007060524507