1005005386358548
1005004351663778
1005004634701686
32863612228
1005006699175312
1005004992411760
1005007332852833
1005007391535855
1005006623073851
1005005310661842
4000081713957
1005007349058363
1005007299717113
1005007431912945
1005004629241022
1005005363097262
1005006986202468
4000090156466
1005002537871119
1005001706299443
1005005191099707
1005004720128863
4000058449142
1005007384541120
1005006890730446
32957970983
1005004808872103
1005004765997855
1005007320057686
1005005459046408
1005004742841708
1005005486840136
1005005481633148
1005005823075722
1005005373127519
1005006429861723
1005007349312836
1005005372276294
1005005823168162
1005007442563140
1005005486840193
1005005823097590
1005005363010898
1005005823099586
1005005823169142
1005005363013862
32860279489
1005004595132148
1005006031584552
1005005736558413
1005006686708167
1005006848296243
1005007382653155
1005004183948265
1005005459710642
1005006953029870
1005007429632870
1005005829496934
1005006863349032
1005004626748431
1005007447905411
32920928969
1005006335132572
1005006172453172
1005006890536380
1005004425028797
1005007457699785
1005007390681665
1005007457145925
1005005244140275
1005004099736324
1005006725288628
1005005686313712
1005002511792719
1005005570868722
1005006048297100
1005004706093783
1005006191841350
1005004146554451
1005006623119171
1005002618605340
1005007442318979
1005005557404033
1005006018385059
1005007320152461
1005005545004182
1005006228013766
32832334319
1005004351708196
1005006018300599
1005007129582729
1005007145658746
1005004239578309
1005007155269448
1005004343157655
1005007061562668
1005007153582007
1005006509059745
1005007173507623
1005006776065163
1005005579444797
1005007022766503
1005007097346551
1005006997761962
1005007102473715
1005007062559542
1005007445994225
1005005327796199
1005007382767052
4000345963592
1005006775828579
1005007097444411
1005003267853734
1005006546340540
1005007274668668
1005003409774620
1005006775906489
1005006604112573
1005007448069815
1005007077886572
1005005792126914
1005006440228669
1005005795075595
1005006020043669
1005004228820331
1005007022982151
1005007264643375
1005006169559418
1005007377693931
1005006233250358
1005004662456742
1005007044309820
1005006612757623
1005006048282348
1005007050864937
1005007455401394
1005001581656875
1005002803454427
1005006830614674
1005007382547758
1005006777889502
1005005453069996
1005006628210903
1005007426588014
1005002803368371
1005007097543164
1005006196985801
1005006821841699
1005005579331207
1005004019942098
1005004391339469
1005006771251111
1005007186724783
1005003897572519
1005006978827292
1005006246799192
1005003205900058
1005006000007078
1005005801433223
1005003279988161
1005004180431321
1005006546168837
1005007251165250
1005006170224912
1005005238436111
1005006261055914
1005006109460883
1005001581371455
4001163450256
1005007360670244
1005003825701584
1005006936065773
1005007431996643
1005005222665649
1005007270737124
1005006775873513
1005006860421509
1005007309448655
1005002368991893
1005004123570525
1005005104795234
33012717902
1005007445208989
1005006857240085
1005005256991179
1005004265208039
1005007243848360
1005004327190961
1005004113648281
1005007122561548
1005006754099033
1005001809459557
1005001728696142
1005007223687148
1005004839517383
1005006461847557
1005006996414409
1005004706138095
1005007089435130
1005006860803714
1005006416059590
1005005863443079
1005006108570986
4000027878249
1005001386917003
33015014362
1005007309644909
33052429696
1005007199832772
1005007199919711
1005006938760051
1005007199727908
1005007200217250
33001032347
1005004735395727
1005006019396091
1005006371922905
1005006682259017
4001066006714
1005006262374827
1005005795059663
1005005792222312
1005006428464645
1005004995847674
4000879336755
1005006748951930
1005005992198272
4000248692807
1005005575063088
1005005201709034
32886432135
1005004018947383
1005005736731328
1005006588217493
1005006023242212
1005006068056827
4000047929426
1005005939795402
1005005638151462
1005006210891154
1005006211071276
1005005104595874
1005005513721274
1005004260973902
1005005388164463
1005006785850997
1005006227987836
1005006228009785
1005001567037354
1005006220523145
1005007200209039
1005007200003422
1005007200058517
1005007199942536
1005007123011700
1005007338798617
1005007256778188
1005007275376139
1005007263999889
1005006255136389
1005007271794410
1005007145719476
1005006335647396
1005007199869668
1005007200093532
1005003668391547
1005006546903529
1005006967566901
1005007062539081
1005006561102246
1005005648430501
1005006020155056
1005007054804120
1005007054819031
1005005226724733
1005006777508506
1005007446044210
1005006257548609
1005007054654288
1005007054663276
1005006290396761
1005007054623289
1005006220098580
1005005233993208
1005006257631221
1005006290527182
1005007054356826
1005005898410205
1005007061945170
1005006290483370
1005006299049349
1005006679472221
32451518701
1005004539392027
1005006844695484
1005006732907626
1005007422447622
1005007475245414
1005005646146640
1005007061218055
1005005712743670
1005007371189231
1005006863942778
1005004552335281
1005007479937801
1005005469796509
1005006456917092
1005006613295088
1005005771530453
1005007024668068
1005006877253844
1005006455675555
1005007424998593
1005007425031268
1005006132695129
1005006456042743
1005006609169528
1005006825725333
1005005918080260
1005007195938427
1005007175043139
1005007299249516
1005007174950406
1005005918085238
1005005873935891
1005007480691564
1005007480802227
1005007475488289
1005007089511113
1005007088462299
1005007088194184
1005006820231758
1005007272212383
1005006026404409
1005007208087498
1005007457161446
1005007272257173
1005007174836401
1005007286467687
1005006691493402
1005005929766891
1005003724373465
1005006161526267
1005006614414893
1005005935792149
1005007096800088
1005005500897276
1005007273199799
1005007210583670
1005002700063234
1005007076703822
1005006198451076
1005006301991202
1005007217543331
1005005889120413
1005005707697081
1005007401053093
1005006812613746
1005006430587338
1005007101219711
1005006564350826
1005006981021221
1005006636526294
1005005351660445
1005002719812994
1005006350442418
1005005557105251
1005005778601964
1005006039336634
1005005637069086
1005005439564958
1005006592447899
1005005848180790
1005006394613113
1005006137024247
1005007129381920
1005007368722799
1005007014400214
1005007010693150
1005006869575789
1005006380320244
1005005967325031
1005004353849568
4000031470339
1005007376765881
1005005838117357
1005006752464127
1005007392106409
1005006828294254
1005006398609713
1005007262902151
1005007244424903
1005006374449007
1005002560188564
1005004054632852
1005006046111397
1005005352978805
1005006301672207
1005006261999084
1005007176203747
1005006831822149
1005006539229901
1005004613027661
1005005314347493
1005003103987192
1005006922490304
1005006483146843
1005006301610049
1005006436411298
1005004837035849
1005006861814296
1005006973488627
1005007173979566
1005006756211109
1005005732153956
1005007102026997
1005004718256179
1005006763672396
1005006082751925
1005006670955342
1005006735720032
1005002103623620
1005005766294199
1005006474704355
1005003911415880
1005007455445819
1005006636689038
1005006175903797
32837650634
1005007234132137
1005006476702577
1005006070108381
1005006436198991
1005006635127584
1005006974070172
1005007252309609
1005007330147878
1005006789231129
1005007390800300
1005006746418471
1005006790205648
1005007129476012
1005006639029562
1005006027438982
1005006026020605
1005006104819920
1005007432711333
1005007302401455
1005007458932975
1005006424119304
1005006834935644
1005007473700593
1005005957503214
1005007051649314
1005006854662986
1005006431783908
1005007479386674
1005007447699156
1005006191238773
1005007291865988
1005007305891862
1005007176501010
1005007273456879
1005006834625327
1005006593458433
1005007392593997
1005001432127005
1005006614931637
1005006830037482
1005005044381550
1005007084943912
1005003809694289
1005006011087213
1005007174651247
1005007431953365
1005005777347981
1005004664004434
1005007459100632
1005007130016754
1005007027097274
1005004358544871
1005004763133974
1005006478923051
1005005778151947
1005006320784567
1005006099452852
1005005809162045
1005006691794032
1005007208520134
1005005778371615
1005007067478737
1005006444878661
1005007440429503
1005006646003768
1005007314612784
1005006800420529
1005007067353987
1005006837640009
1005005418476397
1005005300469286