1005006223877117
1005006868957285
1005007293633857
1005007343071955
1005007437426362
1005006843812655
1005005536575370
1005007224540454
4001175441120
1005007466300201
1005006081448112
1005007343377182
1005007389988207
1005006307208958
1005007444649605
1005007440639603
1005003422148566
1005005661455347
1005007438881542
1005005904451866
1005007414281834
1005006274531098
1005005973733166
1005006925594650
1005006810857059
1005005332607934
1005005398741599
1005002871543081
1005007272871157
1005004365656863
1005006996363424
1005007433214155
1005005400904632
10000136280668
1005006367022252
1005007414453451
1005007306571787
1005006904657291
1005006995443549
1005004452524306
1005004508693722
1005005669653883
1005005927977702
1005006057718263
1005005682058148
1005005565225582
1005005450175901
1005006751613892
1005007123442171
1005006833074777
1005004258378342
1005007428633607
1005005300948768
1005004612457267
1005006853124474
1005005688921360
1005006639047485
1005006987202200
1005004452183807
1005007444338802
1005005911796104
1005005911689640
1005006498611253
1005005718315704
1005007335413901
1005006418751261
1005006677014815
1005007433063424
1005006036661600
1005007224664483
1005005655445323
1005006057621495
1005006935633742
1005007240525598
1005005661281930
1005006815713101
1005007433893808
1005005617227385
1005006091244431
1005006751121470
1005006091093892
1005007438902517
1005006072693719
1005006362366208
1005007249862229
1005004833355175
1005006242595249
1005004611295554
1005006277710869
1005006236904797
1005006858543490
1005006739383161
1005005577041020
1005007317057067
1005006925396995
1005004514051462
1005006060332767
1005007267895572
1005005378695178
1005004816655831
1005006042656709
1005005392851612
1005006958629628
1005007132633101
1005007266031932
1005002081404180
1005006380085635
1005005380351239
1005007414519245
1005006925550509
1005007443870375
1005007443609865
1005007210508203
1005004552586208
1005004670423744
1005006437577917
1005007137541454
4000797960730
1005004583795341
1005005931774227
1005005897409843
1005005896285094
1005005364072022
1005007418233673
1005007013877043
1005006384826926
1005007206837556
1005007059999787
1005006936159256
1005007437369393
1005007407468487
1005007414278837
1005007440709874
1005007421493267
1005007412699523
1005006286573629
1005007438939469
1005007160075307
1005006445316880
1005006384908547
1005007453607967
1005004818240192
1005007407587256
1005007337125681
1005004013374170
1005006808264112
1005007137349803
1005007398836071
1005005434910182
1005007433183211
1005007444100140
1005006844819961
1005005947051780
1005004772071955
1005004477269724
1005007054186274
1005006585366456
1005003903559960
1005006243222255
1005003037948706
1005007384154232
1005005591246952
1005005904513484
1005005235813860
1005006498441856
1005006936206447
1005007414179790
1005004945884616
1005006026920207
1005006029274470
1005005911615860
1005006267858081
1005005911755139
1005007210302020
1005006628683103
1005006810558139
1005004410720066
1005005056506333
1005006576270871
1005006816672376
1005005972999714
1005006589727486
1005004743399113
1005005834347152
1005006243327156
1005007437882562
1005005754887600
1005006044276575
1005007437806613
1005007335507829
1005006877888164
1005003016472635
1005004394422400
1005007297436147
1005007318148085
1005006994860765
1005005969932823
1005002554291651
1005005887192038
1005005600284810
1005006923896670
32851851550
1005006300865633
1005006805212215
1005007394381347
1005007465352870
1005007455518823
1005005380386438
1005005918684117
1005005641818625
1005005398404087
1005006815188648
1005006796636182
1005007449679936
1005004562667248
1005007436967477
1005006308324851
1005006999560954
1000005055947
1005006106123164
1005007440225773
1005006243935145
1005006556959923
1005007414421590
1005007097439463
1005006775460091
1005004197869224
1005006024497207
1005007439290482
1005006773407072
1005007018050657
1005003081596416
1005005823391242
1005006249321103
1005007421009869
1005006920074573
1005004511029497
1005005112581121
1005005965689794
1005007465515734
1005006588604972
1005007385721891
1005004709964279
1005007450011276
1005006593045490
1005007425369604
1005007271898629
1005006286823007
1005006735172217
1005006131254808
1005004365623639
1005003389549487
1005007053933502
1005006295068157
1005007160823992
1005006440465415
1005007420373237
1005006290819017
1005005911748125
1005004862343233
1005005100430587
1005006459892089
1005004276910574
1005005341796884
1005007407576264
1005006232796881
1005006019525317
32572207628
1005002917599203
1005006072533675
1005004385376341
1005005927605612
1005006788809142
1005007452193328
1005006820873390
1005002688601545
1005005485299956
1005005834624173
1005005257320461
1005007440811629
1005007090816996
1005006243787691
1005002716753543
1005006630254403
1005006403132869
1005005506729289
1005007316883710
1005006636947357
1005007438028252
1005005605054697
1005006829566496
1005007080982684
1005006250701879
1005006395511789
1005006121727655
1005006913106212
1005006189473555
1005007204686353
1005007448512723
1005005842230118
1005006223505015
1005007449873532
1005005446776518
1005006751648519
1005005936205174
1005005591311710
1005007437529054
1005005458090895
1005006627010494
1005006975819579
1005006955778910
1005007425504515
1005005578357077
1005004740407375
1005007438820414
1005006244142052
1005003292938012
1005006422763571
1005007390941470
1005004455059649
1005006373627530
1005007437676824
1005006823111991
1005006895783332
1005007437984333
1005007210654685
1005005334908956
1005005316844928
1005007117599707
1005005243576146
1005006169288022
1005007432854922
1005006907153188
1005006318443188
1005006089373649
10000125452124
1005007437845610
1005007398830936
1005007437207697
1005007449673932
1005005545483806
1005003956251841
1005006982240606
1005006392405240
1005007228166794
1005005578523604
1005005687542547
1005007079103882
1005007067844725
1005007410650588
1005006627039384
1005006837449718
1005006557534244
1005006391217270
1005007449226147
1005006779408369
1005003741337603
1005003375088670
1005007418510241
1005007437356444
1005006950155560
1005006469079963
1005006911244071
1005005880130127
1005005421437057
1005005112559276
1005003479749202
1005003569329224
1005007382575631
1005003439574160
1005006982173132
1005006095170394
1005007054011764
1005007197018513
1005005252981162
1005002501562236
1005005499230467
1005005893093192
1005007444827089
1005006688916878
1005006724617015
1005006413880184
1005003646949809
1005007437960348
1005005454713519
1005006338677423
1005007097205878
1005006253044244
1005004584391955
1005005842171814
1005007219492537
1005004967490884
1005006107736667
1005006708119398
1005007437311776
1005006973935953
1005007451171406
1005006089964881
1005006689861859
1005005526691961
1005006107753793
1005003871227294
1005004750421022
1005005768359403
1005006128359900
1005006863599467
1005002346058516
1005007388784569
1005005591307705
1005006580093348
1005006377931844
1005007041624111
1005006725861226
1005005857856840
1005006894455389
1005006730563731
1005007097708216
1005006139230852
1005003736981184
1005006074363435
1005006418092225
1005004646528585
1005007319974832
1005006165781539
1005006352643614
1005005941401805
1005007288923804
1005007445079439
1005006198275981
1005006105961916
1005006403274188
1005007206596141
1005006274457588
1005006376236222
1005005358738108
1005006026281896
1005006908687290
1005007420977087
1005006186236871
1005006821203734
4000008812186
1005003270609488
1005005386397997
1005006032162524
1005005941417573
1005005500820026
1005005115040683
1005005927920400
1005005591433139
1005006656888093
1005005626364860
1005007185556385
4001090630095
1005004351336711
1005006908624296
1005007027569718
1005007009434222
1005006731296660
1005005842244593
4000307224478
1005006770711624
1005005927718110
1005003408243380
1005007051452016
1005006071700361
1005006060229942
1005006107773538
1005007022162654
1005007097625862
1005006139275423
4000246109824
1005007022079582
1005005843747535
1005006286669844
1005006405685885
1005004762789554
1005007375327599
1005006185813707
1005006790556296
1005007185740168
1005004937449018
4001323216910
1005006439775071
1005004781618199
1005005776142759
1005006605815186
1005004436681850
1005003149866591
1005007047295630
1005004491129414
1005006417253438
1005006645471412
32857523151
1005007190124283
1005006164014918
1005001527809122
1005007404947526
1005006757381765
1005005526704815
1005007393706569