1005005012683906
1005005434326913
1005007345539551
1005005228065374
1005007474874356
1005007474756874
1005006852226733
1005007335744531
1005006734728313
1005007406896072
1005007370507623
1005007339194899
1005007370469537
1005007335444981
1005006852343651
1005006959277772
1005006361174615
1005007474612987
1005006959214956
1005007281885251
1005006472367930
1005007406831115
1005004787484912
1005004787694564
1005005092142893
1005004675565357
1005007063261584
1005006734633665
1005007293875976
1005004912385126
1005007121439688
1005007203548981
1005007227948585
1005007370428493
1005006733513947
1005007462946203
1005007370335740
1005005421656831
1005004787509976
1005006691795415
1005006895012273
1005004071894160
1005006115196264
1005005980729939
1005001631011283
1005007144474015
1005006395190405
1005004350844692
4001279480830
1005004987304819
1005006068954339
1005006454204968
1005004036041399
1005003952258465
1005006916345139
1005002022156048
1005003978374421
1005003923233278
1005006093472014
1005004798044008
1005005648675060
4001221861794
32993092497
1005003581439063
32889194694
1005007052363960
32850844324
32815569383
1005002259247326
1005006593523155
1005006426723407
4000788730304
1005005973358743
1005003249235181
1005005864248126
1005005542628994
1005006361971683
1005004468096658
1005007192872542
1005006513183069
4000169105371
1005006624374766
1005004193344992
1005002482055336
1005006399340669
4001297708501
1005005568324255
32838461096
4000167026468
1005006890711023
1005006760140497
1005006782982971
1005006679027943
1005006584203436
1005006414996126
1005004383174147
1005004970437185
1005006344031311
1005002618262278
1005003314115834
1005001697763675
1005003439139238
1005006572166429
1005005113742765
1005004467948150
1005006796463245
1005004658020911
4001093980098
32923215057
1005007196142733
1005006896980620
1005003038460949
1005003284272703
1005006411831173
1005004501161830
1005004884516292
1005006854150210
1005007360338735
1005004562699041
1005007320815039
1005004798663012
1005003287123107
1005004573499238
1005007111766236
1005006230620935
1005007270698460
32907308530
1005006584948205
1005001865377252
4001200182943
1005007179921582
4000823929399
1005003032860932
1005001487577308
1005007416244240
1005007470025466
1005006265871647
1005003433904176
1005005222244320
1005007455163938
1005007426347282
1005007448552707
1005002399263142
32847128821
1005007470033416
1005007431570068
32845948937
1005006961056436
1005007469870625
4000781818987
1005003639827441
1005007470016371
1005002176595226
1005002328137499
1005005397184049
1005006010611589
1005007462444352
1005007466234853
1005007116079183
1005007214700908
1005007470109266
1005005289272432
1005006318292866
1005006340180701
32280021627
1005007384810469
1005007435853362
1005007330773560
1005007372046662
1005007455612764
1005007380796759
1005006907807092
32961956565
1005006500513027
1005007199739040
1005007216560672
1005007448148211
1005006119400063
1005007433712563
1005007262055289
1005001444735942
1005005967431393
1005004772146171
1005005273094104
32906069799
1005006938934613
1005007423089192
1005005056383788
1005004800522944
1005006493882437
32947575988
1005005750000133
1005003371679521
1005005801449493
1005007240090428
1005003453128383
1005003498003134
1005006575987229
1005007220907210
1005007434322973
1005005810561071
1005005610387299
1005004883213158
1005006800166512
1005007420456877
1005006043248785
1005005964669974
1005003629075819
1005005981431106
1005005189086536
4001314615656
1005002162370620
1005007451702571
1005004299363041
1005003993258158
1005004441550206
1005003546465481
4000358220247
1005006002049128
1005007446916108
1005006122964509
32807177041
1005003036053169
1005006555578354
1005006759969135
1005007375198051
1005007345180737
1005007443084575
1005005929047813
1005007399577690
1005007449078452
1005004538513358
1005006035183040
1005005278288152
1005005247771989
1005007386086993
1005003191866679
1005004795404435
1005007074072683
1005007300379299
1005007377669489
1005006038110276
1005006866635987
1005005656471736
1005007117085576
1005007261065625
1005007051912731
1005007230638832
1005006781248696
1005006254983521
1005006639334904
1005007244170799
1005007385130505
1005002558844371
1005006078633833
1005007039756801
1005002508615714
1005002394788065
1005007425950848
1005007052576297
1005006567413698
32840195275
1005007296586542
1005007199247801
1005005552809818
1005006834611931
1005007234723434
1005007028790856
1005007090064641
32667259438
1005003030578894
1005007442477702
1005007393556749
1005006845134237
1005005770492775
1005005416050093
4000506006868
1005007076753308
4001150554098
1005005912525228
4000429962034
1005004924643748
1005003237853189
1005007466911682
1005006530765695
1005006212680054
4000926609901
1005005199563446
1005004873639994
32820753471
1903293878
1005007158659226
1005007403865451
1005004182818973
1005007340993755
1005005906801593
1005007444006147
1005001527561195
1005006688208930
1005005935772604
1005004167604318
1005005131126194
1005005273181730
1005004816343568
1005005433888480
1005007406182562
1005005884559003
1005007431451206
1005004112442093
1005004917861334
1005007420002599
1005007105596707
1005005384037400
1005006528293696
1005007426742430
1005002598280318
1005006040104701
1005004601404705
1005007425260717
1005005298578181
1005004995991581
1005004396051937
1005004587656368
1005006637423713
1005005081533871
1005004375010370
1005002106637304
1005007341097856
1005007176465722
1005007287918725
1005004438261649
1005005458358373
1005006491150260
4000896383940
1005002263949736
1005003526375622
4000600361294
1005004221714191
4000061500807
1005007307284879
1005007380972336
1005007460715574
1005007380796412
1005007353951339
1005004913872604
1005006992990439
1005007104332667
1005005403075877
1005006104853080
1005006352174031
1005005640865067
1005005708150598
1005006803566751
1005006803794255
1005004266148258
1005006115884146
1005006672298463
1005003319651964
1005005619772370
1005007135606679
1005005999801851
1005006907860998
1005002655790297
1005004275355462
1005006078472695
32883435653
1005007289873479
1005005796680508
1005006596928741
1005006209867630
1005005704522680
1005006512526505
1005006755112226
1005006463456071
1005007352397666
1005005949973905
1005006624586573
1005007452492600
32608868653
1005007370421125
1005005929584250
1005005508281364
1005007392037499
1005005907389285
1005002513692053
1005006357054624
1005001867952026
1005007431820469
1005006017459539
1005006781366987
1005006145987560
1005006755160099
1005004458422660
1005005658910807
1005005304946006
1005005455401159
4000115723896
1005006042462190
1005004955228671
1005004706394492
1005005828006285
1005006162249407
1005004743820842
1005006839064979
1005007075092581
1005005366448882
32850426566
32764481606
4001245041346
1005007211969566
1005006338758445
1005006111039280
1005007399700362
4000776769866
1005007069462588
1005002718765211
1005006170810460
1005006873729613
1005007295932048
1005006195566312
32767861799
1005006705860878
1005005805790802
32654055810
1005007096712610
1005005988179106
4000511527513
1005007339266579
32970784649
1005005328645625
1005003388118497
1005004769566086
1005005590816868
1005005929326687
1005006363813633
4001083345344
1005007189570378
1005006473503143
1005002058096107
1005006330311852
1005004899312892
1005005862396415
1005006251159270
1005003539771671
1005005940030251
1005005333890015
32710814302
1005004320006021
1005005117724775
1005007445046712
32605252160
1005004083145479
1005006710751775
1005007136946571
1005002951021358
1005003467332467
1005003703573296
4000466186224
1005001544041359
1005006037955725
1005006352473538
1005007368545094
1005003385030697
1005006503783602
1005007466857780
1005006058189469
1005003967271971
1005005799546286
1005006802917073
1005005384249495
1005007424099812
1005005019769789
1005007235131403
1005006960434080
1005005585135651
4001191671148
1005003968679119
1005005201324337
1005006037214914
1005006064391693
1005006584360331
32809937292
1005007443758364
1005005138778766
1005006042120894
1005003388181366
1005007108885653
4000939786332
1005004570038022
1005007080763634
1005007447995561
1005004691038062
1005005674188252
1005004269357717
1005006978499964
1005006162338347
1005007298192684
1005004821875335
1005004294865824
1005005099673732