4000037282944
1005006426165117
1005007261738400
1005007123124667
1005006909670937
1005007421544837
1005005960885955
1005005544392136
1005006366139509
1005003897583265
1005007122322480
1005006802527002
1005007338018299
1005007018998919
1005007273146296
1005007342079052
1005007157104123
1005003160432151
1005007356478981
32720839093
1005005804618236
1005006682072091
1005005502689190
1005006743568091
1005007249157606
32329745064
1005006740443999
1005006426869645
1005007117444917
1005006391744785
1005007118743188
1005007242462387
1005006842444481
1005006846877894
1005005957323216
1005006186882929
1005006633077181
1005005913727274
1005006644879870
1005003617779557
1005006848690790
1005006910901957
1005001377089814
1005007298026486
1005005988570037
1005007296228418
32802676222
1005007290414425
1005006671396815
33062066616
1005002979841119
1005005280759320
1005006796502288
1005006935589856
1005005680207674
1005006928637269
1005007160728825
1005005662885813
1005007089981819
1005004084219231
1005007063527197
1005007165347587
1005007346938387
1005006415561730
4000570259154
1005004304768127
1005003621275198
1005003521880113
32827534620
1005007199729485
1005006997649223
1005005554243911
1005007346399596
1005007016717621
1005005387284009
4001142897968
4001137946107
1005006930048339
1005007363758819
1005007102528826
1005007142551662
32905201313
1005006647971180
1005004265749040
1005006877354626
1005005709105907
1005007377300373
1005003512008409
4000272654226
1005006192912695
1005006053054215
1005005544146725
1005006813035544
1005006757385695
1005007162446351
1005007161032196
1005007255440791
1005006163884022
1005006197811743
1005007034980275
1005007181569707
1005007339217638
1005007242647009
1005005901926238
1005005972672796
1005007142725745
1005004441253461
1005005977486712
1005005908244306
1005005967760150
1005007161084336
1005005943959155
1005007254997949
1005005368278028
1005007086443591
1005005636154890
1005006477372525
1005005968640492
1005004215718350
1005004542150427
1005007299726773
1005005925973296
1005005896001443
1005006096017401
1005006134126620
1005004826939817
1005005965206000
1005005741912830
32867604019
1005007376901954
1005006353493663
1005005956998703
1005001693128179
1005007431491621
1005004943661945
1005006412625692
1005007052509778
1005006768788429
1005007130454305
1005007345581877
1005006168968081
1005006802458286
1005006906854607
1005006328849901
1005006874957897
1005007117422991
1005007184842018
1005007142972486
1005007184827029
1005006862866556
1005007121525182
1005006866205854
1005006857594710
1005005304788634
1005006672392616
1005005924777927
1005007135553275
1005004266369632
1005007435467791
1005002517766356
1005004256104377
32823873664
1005007347724984
1005003384198674
1005002605808861
1005007261679533
1005003199810451
1005006573739913
1005006642160207
1005006858643268
1005005995323868
1005006703476101
1005005821470464
1005007096951826
1005007152517880
1005005754403591
1005006457466542
1005004581157663
4000164323824
1005007074958027
1005006770463250
1005005246090581
1005007030354035
1005005775317792
1005006013301308
1005007029209955
1005006834114352
1005006802305789
32964102526
1005007277065714
1005007388281744
1005005148433377
1005006093399180
1005006760134147
1005007117555657
1005007267754466
1005007247022000
1005005943320452
1005006050092551
1005006815721150
1005006869534204
1005007357934854
1005006670989866
1005007115422479
1005005910516467
1005006698839060
1005006223166242
1005006766603758
1005007152362707
1005007152540468
1005006752300351
1005005852162921
4000982652016
1005004647307919
1005007356315407
1005006031412929
1005007079051985
1005007087929683
1005006855691173
1005007385797827
1005007261448978
1005006124101274
1005006065877403
32987229143
1005007423386270
1005005223152974
1005006493955109
1005004347347020
1005006027137253
1005005737470445
1005006660879736
1005007000023030
1005007038430357
1005005987911096
1005006363348476
1005004469021633
1005007135362469
1005006846921947
1005006848120611
1005005940058215
1005007402017716
1005006846930888
1005007282781506
1005002438066584
1005007098284406
32695199196
1005006040567431
1005006186243675
1005007117422850
1005002253877636
1005006993226565
1005007161395605
1005007027732153
1005006925823118
1005006773968319
1005005302562465
1005007069006051
1005004939216948
1005004176982811
1005007178555108
1005005967191211
1005006679389228
1005004149399367
32862410063
1005007188675914
1005007248084966
1005007052408133
1005004442937960
1005006116377601
1005006961916138
1005007123905353
1005006557770406
1005007391906666
1005004715672692
1005005585891841
1005006506661937
1005004682817336
1005007086684305
1005007330508210
1005006621123604
1005006632432652
1005004667553270
1005007450244054
1005007096487829
1005005852490289
1005007341902849
1005006719004421
1005006847157065
1005007189096938
1005005741975348
1005005977323402
1005002589924462
1005005943270227
1005006165800487
1005005879472624
1005007443827891
1005007441223336
1005007459009661
4000766317684
1005006957897607
1005007464993069
1005007455300597
1005005955404630
1005006120698062
1005003135342226
1005007073778265
1005007084737022
1005007404523093
1005007189595063
1005007128270998
1005006367013614
1005006506742760
1005006407686639
1005004799732354
1005007181130547
1005007427412048
1005006076392425
1005007457569980
1005007117292970
1005007461662647
1005007473845963
1005007307046975
1005006952372346
4001142959803
4001143159207
1005003129467313
1005007199604718
1005007200108862
1005005972215653
1005005938771937
1005005902150484
1005006161937208
1005007019278122
1005007175339637
4001085743454
1005006546211302
1005006194934466
1005006113728042
1005007171524523
1005006836539917
1005006850572889
1005005611597963
1005007235003788
1005006765757959
1005006117468644
1005006946874126
4001076609906
1005005956459525
33054289202
1005007184322622
1005005421596233
1005005925868588
1005005892047219
1005007202523106
1005005933093151
1005006331430927
1005005902003248
1005006388890566
1005003606048038
1005006730201390
1005006125074661
1005006291419053
1005005906566292
1005006013404831
4000125078790
1005006386445173
1005004047250153
4000045757308
1005007061311294
1005007228735010
1005007442809232
1005007467522056
1005005469654184
1005007203958031
1005007403456816
1005007364028073
1005007219156031
1005006215663634
1005006223570553
1005006770622442
1005007104311832
1005006800727771
1005007171721356
1005006827072247
1005007152602282
1005006979876223
1005006900433758
1005007349232605
1005007239538207
1005006101090975
1005007049376667
1005006536560036
1005007392028945
1005007093477169
1005006536890050
1005006805055983
1005007128206562
1005007101200613
1005006855230189
1005007171759259
1005007192875521
1005005966106111
1005007339995703
1005004938535384
1005007101451694
1005003560173854
1005007082115499
1005007259000877
1005007102315793
1005007163349302
1005006624750989
1005006848821356
1005006968019211
1005007104219433
1005003662243141
1005007058923639
1005004637042095
1005004182456559
1005006272642452
1005007342641524
1005006323528186
1005006854034020
1005006767398257
1005006991621559
1005006771019138
1005004662283882
1005006171861295
1005007023169322
1005006767032444
1005007183955322
1005005902272990
1005006881872211
1005006944807384
1005007152922902
1005006126484655
1005007156483285
1005005469487795
1005007255389635
1005006805069615
1005006220080697
1005006769697262
1005007128204676
1005007001005483
1005007174050128
1005004545697155
1005006437920090
1005006386549689
1005006975528467
1005006048945791
1005007208513190
1005007122765362
1005004633065175
1005007240719896
1005007353386424
1005007134510695
1005006805030760
1005003002519761
1005006634510442
1005006813857771
1005007309279226
1005007177638779
1005006048963660
1005006531750580
1005007342481021
1005006832434688
1005006805180195
1005006853691215
1005007142866367
1005006903970205
1005007249656015
1005006724435710
1005007188422507
1005006940625114
1005003843800466
1005007344933403
1005007004982067
1005007433418093
1005006737387026
1005006642518537
1005005997147905
1005006646124497
1005006407098507
1005007163562533
1005003694184909
1005007444926179
32892431201
1005007347474566
1005005755429969
1005007376114324
1005007321400623
1005006629147343
1005007388554342
1005005154725763
1005007348517351
1005007063955814
1005007355880284
1005007295780359
1005007478687471
1005007387534372
1005006760484714