1005006622810202
1005006246124762
1005007411853447
32827842688
1005005176361046
1005006975693548
1005007147508546
1005002639037169
1005004598447408
32982860501
1005006766791856
1005007321175432
1005006872388077
1005004649046132
1005006895284543
1005007141050727
1005003321884802
1005007147669454
1005007125056768
1005006757665970
1005002479038862
1005004135574347
1005006738733037
1005006692562606
1005007086533395
1005006569861802
1005007427409932
1005007357134421
1005006374980067
1005004730733737
1005006912956811
1005006510183200
1005006033445198
1005005461692506
1005007130148971
1005006774111936
1005005441377564
1005007055213074
1005007284631328
1005006752256355
1005004465550117
1005006047555333
1005006954840206
1005006856194639
1005003992889343
1005007365952395
1005005631639230
1005007392864052
1005002652528819
32968053100
1005004501051248
1005001499770101
1005006988463515
1005006749307100
1005007470722460
1005005710329523
1005007149885770
1005006885656835
1005004874449943
1005005823481566
1005006774045811
1005006009801804
1005005974287658
1005007334441073
1005005343504085
1005006584478358
1005007152296306
1005002915174264
1005007223182713
1005005565058832
1005005788261275
1005007104465611
1005006646472728
1005006021679331
1005006010082580
1005007246095888
1005007299299879
1005006975624802
1005007174014003
1005007052990021
1005007151537159
1005006571330342
1005006903999074
1005005831690451
1005006175914916
1005007076402657
1005005399178741
1005005267036100
1005007255848580
1005004614746994
1005003511702546
1005007086682172
1005004216663247
1005007255952367
1005004636350525
1005006766534973
1005006000731937
1005004703187416
1005003570605335
1005003946094891
1005005941879515
1005006395719300
32962634936
1005007043882516
1005006920438904
1005007255827655
1005007097676223
1005006743874628
1005007210293355
1005005461956017
1005003231821147
1005006006838270
1005007384918384
4000299564223
1005006705073052
1005007300038086
1005002716494953
1005005685327604
1005006144732646
1005007070979237
1005005166190480
1005006271291218
1005007147547137
1005006896414505
1005007196134767
1005007350364977
1005006647313257
1005007434952765
1005006683791484
1005007376439810
1005006981535616
1005004652317020
1005006975710501
1005002632285777
1005002508385357
1005006860338669
1005006782890249
1005007358197201
1005006344608294
1005006186526174
1005007077457128
1005007151986275
1005007380349197
1005005177643491
1005005132232636
1005006184523614
1005007180186233
1005006191643508
1005007270205151
1005006278480745
1005007050514517
1005007190640926
1005007325232711
1005007147736307
1005005468977683
1005003449737241
1005005658954379
1005007061855701
1005007169530386
1005005751242689
1005006960223871
1005003412981028
1005005558331148
1005006136990272
1005005746018576
1005006604750356
1005004216312332
1005007303379243
1005006959885803
1005007251898197
1005006981425083
1005006213756439
1005004005756649
1005007088308440
1005006612359908
1005005905623987
1005006120143262
1005001631388852
1005004834315540
1005006296691970
1005007339229581
1005007068961590
1005007256042149
1005007010768699
1005003198678834
1005006408565345
1005006834955532
32696884128
1005006174148979
1005007171845615
1005006741383228
1005006682796287
1005007322736380
1005007086159812
1005006240419536
1005003029463275
1005005771157594
1005006318248677
1005007151923822
1005005523276822
1005003836664217
1005005782480420
1005005425966763
1005006115093489
1005007211244669
1005006739537795
1005007106001171
1005007058904720
1005006259784704
1005005290695876
1005007191350481
1005007079544322
1005006436701013
1005007296462012
1005007255865531
1005006341115804
1005006680866607
1005006984366440
1005003697042136
1005005812734831
1005007283458435
1005007164310035
1005003984709756
1005006007461235
1005006298087028
1005003505138724
1005007105691485
1005004603489270
1005007255971287
1005004843413979
1005006659817950
1005006668888543
1005005876659515
1005006167370368
1005005417305795
32880197397
1005005548215837
1005006518090945
1005007416566631
1005006979888441
1005007107219608
1005006836694942
1005002320736321
1005007091281567
1005007101126743
1005006970261770
1005006065914227
1005004623661732
1005006167285805
1005006417499099
1005002657759753
1005007255856559
1005006026803283
4000630393452
1005005872144538
1005006047000077
1005006174310887
1005004355669963
1005007434841914
1005006680718341
1005006637504945
1005007256004280
1005005887378789
1005007116198912
1005003373906230
1005007123961163
1005007225051403
1005006897427324
4000311317403
1005006842949604
1005006427417082
1005005636183320
1005006196967037
1005007106180296
1005007274701899
1005006208429550
1005006967855092
1005006371836062
1005006691011546
1005005091548995
1005005807269306
1005003979878306
1005007084154999
1005004604588889
1005007265319579
1005007002442509
1005006634834130
1005005859745519
1005006725755176
1005006183474860
1005007308340979
1005007149475903
1005003079829935
1005006295097645
1005005073895905
1005005426949334
1005006739170186
1005005998927020
1005006124234612
1005006295112635
1005007307907382
1005007032354650
1005006711235161
1005004702153661
1005006740864858
1005004438817980
1005005808055193
1005006957101519
1005006448673963
1005005486222936
1005006647959697
1005006196688561
1005004896140558
1005006975844231
1005005914191152
1005006865375245
1005006757963134
1005007048482395
1005006975675538
1005005725160097
1005002311074827
1005007144356462
1005006571004066
1005007105577920
1005002957119936
1005006682253201
1005006280886996
1005004675390639
32948332228
1005005442026621
32804662385
1005006885822266
4000556977110
1005004200205088
1005006021243782
1005006054345378
1005003903993362
1005006371387588
1005007105703669
1005007097822715
1005006405210066
1005003041180287
1005007027721215
1005004890939682
1005006145967330
1005007395251060
1005007419395756
1005005145838277
1005007295189265
1005004598340817
1005004767385119
1005004922402280
1005003252084102
1005005842113239
1005005881247845
1005006287438851
1005006374594163
1005005689158763
1005006140744049
1005005802642082
4000167104626
1005007260551989
1005005146670631
1005007106125339
1005006288153095
1005004186066587
1005004040598783
1005005680930267
1005005061593112
1005001722792772
1005006213149161
1005006304128971
1005006070267125
1005005902671640
1005006974737302
1005007064221693
1005005311790249
1005004867134430
1005004515850505
1005006981221999
1005005402446774
1005004243621890
1005004527701047
1005002225969339
1005005223141995
1005006907311862
1005007107624343
1005007262217775
33034328426
1005006315303489
1005003237913698
1005007022206245
1005005269619784
1005003284971162
1005006969124858
1005005949896779
1005005479729486
1005006003588732
4001254882443
1005005493795093
1005005808048212
1005007257478371
1005005727968914
1005004148014027
1005003116566353
1005005981432624
1005004947874966
1005006360259064
1005006431353657
1005006717759292
1005004293743576
1005003634319121
1005002632173069
1005007322234626
1005006950084394
1005005486375213
1005003264892823
1005003579732416
1005006145874904
1005006273941114
1005003710135776
1005005022096869
1005004587237426
1005004798919470
1005006584121740
1005005134738573
1005001677546252
1005006739506760
1005005569267737
1005006812836797
1005003245725028
1005004252350238
1005004557881965
1005006935688047
1005006725279892
1005006105597810
1005006149207541
1005007229353551
4001044988490
1005005797303713
1005006108054604
1005006274420083
1005006801696357
1005007074275308
1005006879771665
1005006995612212
1005006167317648
1005003280263768
1005005477204273
1005006609543554
1005007003953682
1005006108407488
1005003384122875
1005007000876629
1005003425107114
1005007218949682
1005004250467259
1005006472945795
1005001809028296
1005002844102426
1005002317915460
1005005550026529
1005007229609200
1005004594937486
1005007106126360
1005007274774886
1005006232389684
4000039830203
1005006173343357
1005005884758866
1005005442015858
1005007053937110
1005007102621615
1005004675573602
1005006569617341
1005002697675127
1005004117431226
1005006975631783
1005006643313051
1005007428823976
1005006717687813
1005006371341537
1005004999847865
1005006972534979
4000075263526
1005003060407483
1005006258963722
1005007027348236
1005007144643287
1005005214888595
1005004582164136
1005005336583671
1005005542266136
1005006111119545
32868605619
1005003202528727
1005004594828674
1005005324487324
1005005073639588
1005001872981655