1005006265648013
1005003629121651
1005002881072938
1005006670831111
1005004276332595
1005006225157802
1005006883974269
1005006357992779
1005007340058125
1005007130329799
1005007123102346
1005005260177693
33004322315
1005007129787276
1005004417706602
1005007392547263
1005005966207049
1005004924625089
1005006847836722
1005007085830891
1005005206587090
1005005804481671
1005003767813646
1005006803496707
1005007105632786
1005006117802186
1005006792122381
1005007053894643
1005006895215986
1005006495365361
1005004632153240
1005006630699181
1005005930956232
1005006203741790
1005007043677607
1005003132339241
1005005562780953
1005006048544619
1005004614948953
1005006549711228
1005007010827501
1005006126756873
4000125119118
1005006021379744
1005006957639796
1005006782600431
1005006599947778
1005006855548731
1005004200377152
1005005715806597
1005006604574905
1005006864450050
1005006607507205
1005006935445743
1005005835711373
1005006836166170
1005006300933201
1005006917922691
1005006169193434
1005006026035485
1005006033239981
1005007089614965
1005007044505117
1005005896845288
1005006172234926
1005007166855671
1005006213070666
1005005859219007
4001259214516
1005006805528267
1005006875558304
1005006949716304
1005007124673744
1005006238439901
1005005585896600
1005004666031709
1005006058105020
1005007209292389
1005005115747563
1005006282148471
1005006583065169
1005006404642748
1005006781548522
1005006266605571
1005001474184743
1005004047695168
1005005615767795
1005006944018548
1005005709374066
1005007359213720
1005003660881202
1005004255043071
1005007355317784
1005002240753607
32948240209
1005006599283540
1005006212243592
1005006683625205
1005006834225606
1005007440912053
1005007066310433
1005006767828766
1005006430140450
1005007055580626
1005004988402802
1005006821869962
1005006864716266
1005006908209859
1005006907900669
1005003336157267
1005005015712841
1005005981821296
1005005274657623
1005006710226910
1005007198815191
1005005275188458
1005004907535396
1005006655524062
1005005277690427
1005006486230678
1005006068256588
1005006276558807
1005003711933451
1005006349234977
32814272709
1005002175233456
1005007131281907
1005004608795319
1005006750528658
1005006433956381
1005001678192649
4000322297040
1005006140305955
1005003522329151
1005006777780776
1005006896268490
1005006630103006
1005004504709475
1005006212656219
1005004912014701
32895497199
1005005751111746
1005006924902836
1005006741180515
1005007457113141
1005004194103541
1005006064150384
1005003510717779
1005006504772189
1005007003287465
1005006943695253
1005006314531235
1005004919831474
1005007165263996
1005004015159998
1005005927934118
1005007037225942
1005001446376757
1005003548529707
1005006733000056
1005006439622541
1005007254250620
1005007379573024
1005006347968306
1005006361260457
1005007137094598
1005007075623808
1005006574849166
1005006055269708
32833056914
1005007391341260
1005006613558543
1005006502584247
32833298558
1005006011691323
1005007347734331
1005006569473049
1005006093111513
1005003139834065
1005006208543440
1005007136456705
1005005088003579
1005006361493301
1005006996771266
1005005310550104
1005006879761405
1005006529880484
1005005725773530
1005006773321571
32961735471
32814730285
1005007039046152
1005007302167355
1005006653230618
1005006220653779
1005005681484153
1005004487832209
1005005708472283
1005005764210736
1005006172650173
1005006094714734
1005007310811576
1005007130344960
1005006683718481
1005005035224748
1005006034438053
1005007387531353
1005006389285624
1005005932406124
1005006150294646
1005002738146559
1005006955607928
1005005296682499
1005007197328373
1005006037605008
1005006314155464
1005006994960356
1005006093035935
1005007008024527
1005007145958141
1005006548728203
1005006712278201
1005005263189216
1005006593252518
1005007318032792
1005004234965356
1005006012473196
1005007107466442
1005006484675155
1005002293776988
1005007066882716
1005002070941578
1005004972768420
1005004011849305
1005002060262778
1005007137130582
1005007033297721
1005005300294654
1005006318516266
1005005764331353
1005006577341996
1005005710547661
1005005989204352
1005004452989939
1005006997917291
1005004464628020
1005006836379156
1005002885028239
1005006514769218
1005006347667556
1005007336949453
1005005942542318
1005006354630777
1005006722552080
1005005679832153
4000178259282
1005006972691235
4000539049839
1005006775389925
1005005532282847
1005004833262221
1005006391022501
1005003304842754
1005006770412958
1005004993357985
1005005387693598
1005007041492965
1005007030573887
1005004593384068
1005004192978664
1005006269263296
1005006381137863
1005006425209349
4000096590045
1005004854799665
4001305683899
1005005888514931
1005005784822867
1005004938713295
1005004852097410
1005005576957527
1005001498770962
1005006067691063
1005006231699488
1005004703608018
1005005087122756
1005004712137385
1005005755574480
1005005440252024
1005001498858521
1005005933023858
1005007009718005
1005006912185987
1005006212610565
1005005356081217
1005005811744080
1005005907688561
1005006603660673
1005005878177314
1005005733553790
1005005126091877
1005005068803743
1005006136222069
1005007408374641
1005006727531315
1005006304572691
1005005739826812
1005006925439749
1005006969051422
1005005064902433
1005006279209321
1005005472160438
1005001363315078
1005006777689196
1005007349325987
1005006734764114
1005006773862485
1005006359218459
1005007398993264
1005006516778062
1005007113168061
1005005850544830
1005006519080869
1005006920373285
1005004729001741
1005006335504890
1005003493551567
1005007273455457
1005006592889250
1005005686657267
1005004972809363
1005006314507556
1005006131137291
1005006755200792
1005005425144444
33020027364
1005005444401193
1005002533385291
1005006402505526
1005007001670454
1005006835151215
1005005701949106
1005003352940650
1005003204535142
1005003724201485
1005006500259766
1005005088777598
1005006123055039
1005007400274750
1005006069835242
1005005892697385
1005005669280186
1005006166239038
1005006034303967
1005006367604173
4000502316809
1005007007282222
1005006041499514
1005006492403033
1005007061577689
1005006955056193
1005006684797553
1005004726784387
1005007226736670
1005006060116905
1005007385373974
1005006317184239
1005006829088384
1005005894240406
1005005300752852
1005007393588354
1005005501199783
1005006487676149
1005007032190868
1005007078384361
1005006172149784
1005006345233663
1005007329337898
1005005648473400
1005006103085814
1005005996380965
1005006539441182
1005006462121844
1005007299528710
1005006879951593
1005005715501731
1005004396844919
4001063670859
1005006208186553
1005005993584088
1005006121440516
1005006020064377
1005004310623903
1005004003143884
1005006789589524
1005007105883705
1005007356473026
1005006385452599
1005007030794761
1005004870808537
1005006419389248
1005006372382130
1005002978915797
1005005562932004
1005005116747790
1005006819068805
1005005245860458
1005006470583214
1005007264453833
4000396528119
1005005499239349
1005006393994841
1005006695443699
1005006745472650
4000325307663
1005005617328228
33042301185
1005006943188431
1005007054025560
1005005922328534
1005007234381171
1005006997197466
1005003677677478
1005006675770747
1005007335718998
4000322770206
1005004905285660
4001241884436
1005005870693351
1005005445126058
1005004641306315
1005005750771983
1005006410242162
1005006932016343
1005006771697199
1005005537789257
1005006339550742
1005006957811956
1005007052644651
1005006968479385
1005005847651235
1005005802387616
1005005575876018
1005005580337368
1005006511070463
1005004712227178
1005006318894651
1005006682135794
1005004031341428
1005006357928650
1005003891754224
1005004427733497
1005001942591738
1005004843201629
4000259004426
1005006237252921
1005004375959232
1005005599018617
1005004724009010
1005001360891384
1005001325857231
1005007120758809
1005005297546651
1005002496229805
1005006418428488
1005006401401084
1005002717317909
1005004592556696
1005006889505445
1005007393385635
4000865637341
1005004379137850
1005001762501043
1005005500691186
4001066309078
1005006262995747
1005006519108468
1005006558082678
1005001937961559
1005001363282388
1005005702075803
1005007346796602
1005003158146034
1005006769508015
1005006679016610
1005007334738335
1005004340287380
1005006111424575
1005005995077593
1005007014437375
1005007305308546
1005006763011084
32862575684
1005005796756087
1005005538958512
1005001593304886
1005005542644965
1005006507575941
1005006843244863
1005002051003065