1005003283586707
1005007272474119
1005005827493784
1005007417991066
1005007163883928
1005006048731754
1005007382320915
1005007252624461
1005006038938331
1005005708654341
1005006599017494
1005006902412708
4001251019621
1005006872239323
1005005670840406
1005006966391238
1005006645658598
1005007402902419
1005005836749654
1005007426221196
1005007145726867
4000038751783
1005003213084935
1005002293693300
1005007359212524
1005006986333073
1005005765606476
1005007234586935
1005007155092333
1005006991046727
1005002918601756
1005005532056361
1005003453916920
1005005675183177
1005006742645468
1005007039055651
1005006049591248
1005006770182487
1005007430113593
1005006798123701
1005005631011609
1005007354767374
1005007330021621
1005007463213064
1005007309868974
1005006020540038
1005004656080197
1005006839198097
1005007128475431
1005005937857602
1005007191244759
1005006186195835
1005007376145189
1005007246799396
1005005360032243
1005007405149418
1005007403608194
1005007488988372
1005007405389418
1005007405359285
1005007407758952
1005007483264583
1005007483456347
1005007043163679
1005007481513899
1005007412761672
1005007483656948
1005007484868808
1005007483434585
1005007481600646
1005007483024651
1005007485401797
1005007483669248
1005007483580820
1005007483303946
1005007483378484
1005007145264197
1005007483463333
1005007479390015
1005007483082693
1005007486986845
1005007486935344
1005007305419219
1005006546616811
1005006597452903
1005006163045548
1005007305381799
1005007387884018
1005006533894534
1005007468537992
1005007468618709
1005007198080254
1005007474512878
1005007474968122
1005007387795379
1005007481801932
1005007349768775
1005007287057191
1005006965095921
1005007463894437
1005007462732307
1005007459071715
1005007436665801
1005006310814299
1005007463970256
1005007467854306
1005007445942219
1005007382637357
1005007382758011
1005006070677625
1005006545849335
1005007388685428
1005007197885225
1005007450689076
1005007449689365
1005007320755301
1005007448067048
1005007361344159
1005007381029545
1005007292918021
1005007381217132
1005007381224198
1005007380695104
1005007108754229
1005007438998345
1005007076449133
1005007340983517
1005007438413093
1005007424655290
1005005086538839
1005007422320382
1005007424572093
1005007421114161
1005007423912640
1005007424178712
1005007316568369
1005007303246574
1005007144338566
1005007422495261
1005007349975876
1005007423171675
1005006422729755
1005007314150531
1005007099038410
1005007398480332
1005007392443546
1005007390924413
1005007245386866
1005007359135512
1005007355452389
1005007364112507
1005007309958921
1005007277978293
1005007262335868
1005007163966394
1005007247910770
1005007232192781
1005007151000441
1005007155496100
1005007154902479
1005006015763464
1005007150409715
1005007157414823
1005007130741480
1005007155299011
1005007155005945
1005007154870879
1005007144088923
1005007143379585
1005007150729941
1005007154990411
1005007150447806
1005006230036492
1005007144707573
1005007138240926
1005007126602294
1005007138257937
1005007119132128
1005007363915084
1005007118193866
1005007109984723
1005007102891460
1005007409081224
1005007103140983
1005007091938934
1005007092636558
1005007082784594
1005007062606583
1005007041970124
1005007055045360
1005007049155252
1005007041406888
1005007041577663
1005007307525393
1005007092265500
1005007109194945
1005007150962353
1005007109628623
1005007277698087
1005007042695975
1005007155393098
1005007154982364
1005007042951603
1005007082697393
1005007048857518
1005007041985576
1005007042065040
1005007049401184
1005007054524992
1005007042052056
1005007164455019
1005007055527313
1005007309591335
1005007150667234
1005007054603504
1005007041729721
1005006548501095
1005007033073687
1005007320645978
1005007118116923
1005007317140372
1005007056012104
1005006955400052
1005007320338753
1005006943988374
1005006998875240
1005007054473645
1005006935559429
1005007048982983
1005006964725577
1005006935412120
1005006929137135
1005006929037776
1005006929427688
1005006929440406
1005007331672340
1005007331831218
1005007332099030
1005006929391380
1005007321184014
1005006757748996
1005006752021312
1005006610841926
1005006603677001
1005006600470381
1005006600411261
1005007301553361
1005007327355973
1005007301619248
1005007300367080
1005007305376875
1005007316146035
1005007060701219
1005007129078372
1005007164230951
1005007099564302
1005007137579431
1005006922062051
1005006859078450
1005006740493752
1005007306479120
1005005061459576
1005007190134039
1005007264449354
1005007072038390
1005007079074190
1005007092862495
1005007081839897
1005007082681396
1005007320038842
1005007244442953
1005007203425997
1005007149699376
1005007244886385
1005007245005215
1005007244675770
1005007313941136
1005007262055167
1005006279674925
1005007384553397
1005005839196726
1005007179649247
1005007138279440
1005007130564896
1005004093641458
1005005449208641
1005006993248329
1005006232180967
1005004933911812
1005007327549421
1005007212562523
1005007281634333
1005006462142816
1005006766450058
1005004514963261
1005006915971038
1005007448044309
1005007203978903
1005007265356790
1005004621236778
1005004650642875
1005003239007785
1005003239040240
1005004359014317
1005004673335597
1005006092675172
1005005939309112
1005007482705979
1005007348475440
1005007487955245
1005007475105874
1005007460063088
1005007468986276
1005007468717999
1005006125000267
1005007370386836
1005004149949152
1005007089810190
1005007180463632
1005007250939659
1005007337653314
1005004702270646
1005007271903618
1005007088883764
1005006314452173
1005004777605092
1005003884646531
1005004941375366
1005005720996884
1005007161708247
4000226780125
1005006053689023
1005004570548637
1005005753197138
1005006975178242
1005005115087254
1005005632535996
4000090077190
1005006947646802
1005007468634892
1005007476242788
1005007468410433
1005006064257180
1005006214633165
1005006116617272
1005006116483108
1005006353972232
1005006190490014
1005007328032622
1005007360399897
1005007462399631
1005007456529962
1005007131386446
1005005956008123
1005002017139222
1005006831296686
1005007335353240
1005006578927635
1005007348147194
1005007386027122
1005006366459039
1005006778209141
1005006918621892
1005007355430517
1005004902866790
1005006876722519
1005006381297234
1005006852274999
1005006399697846
1005006066871411
1005006737687222
1005007258424836
1005007360497952
1005004679061798
32919180739
1005007433673393
1005007182636846
1005007423683643
1005007439653174
1005005952319060
1005003618594113
1005007363182332
1005004301416572
1005007142382729
1005007384910278
1005007277249519
1005005871733994
1005007174295942
1005007142339591
1005005440775161
1005005466440070
1005006257743136
1005007146790508
1005007330082506
32660454722
1005006778044533
1005007346457999
1005003221439108
1005007204394408
1005005611330972
1005007370746532
1005007439392215
1005006650257053
1005007274394185
1005007005634556
1005006078165786
1005005575264929
4000325225767
1005007360216370
1005003838064854
1005006269315784
1005006078971537
1005006140689893
1005007084315041
1005005631778168
1005006451115838
1005007273267277
1005005073288808
1005007124119439
1005007040880876
1005005814888975
1005007450305677
1005002017048632
1005007031517534
1005007128286955
1005007455235384
1005007455085490
1005006217097396
1005005043386146
1005003803382478
1005007328476188
1005004678759066
1005002569776758
1005003215856956
1005006467701509
1005003493581259
1005007331941182
1005005233632782
1005005162080581
1005007293953909
1005005533098173
1005005932442727
1005004144923166
1005007093893486
1005007331461985
1005005100558484
1005006471952772
1005007089878088
4000977386665
1005004641993523
1005001960656401
4001101580617
1005004165745503
1005006472197016
1005006850668317
1005006866927001
4000374033271
1005007097640265
1005007029995422
4000098322504
1005007081753245
1005004826463231
4001250079101
1005001352362427
1005002919001794
1005002777780938
1005003765575218
1005006363401928
1005004038100778
1005007333601830
1005003976230272
4000295862446
1005005904932768
1005005629530637
4000034678002
1005001853131691
1005004373795619
1005006939376011
1005005824143402
1005004338793402
4000760399673
1005006939171950
1005006117765142
1005006796756131
1005005092450905
1005005961464799
1005006796624659
4001111220550
1005003401589948
1005006117687602
1005007246158481
1005005441320329
1005005792140147
1005007112504276
1005006134302096
1005006954361918
4000826433833
1005002739991321
1005006673097546
1005003402027246