1005007441068801
1005007434962029
1005007441230046
1005007327780671
1005007441372082
1005007434540946
1005007431043967
1005007434946120
1005007435111302
1005007429196295
1005007434716812
1005007434899250
1005007339589440
1005007006342204
1005007275525549
1005007412424285
1005005164367222
1005006317333459
1005007048194450
1005007324080265
1005007289147291
32802884943
1005005938010857
1005006336834533
1005006722491577
4000991192249
1005005397613473
1005004619225779
1005005902935452
1005003227836620
1005007485605185
1005007485453945
1005007485859617
1005007481071928
1005007434686796
1005007441221518
1005007451563879
1005007455080886
1005007451237593
1005007441140396
1005007465785360
1005007441101658
1005007483185692
1005007485609662
1005007485507382
1005007466873991
1005007455161870
1005007455292354
1005007455152845
1005007409528106
1005007488530065
1005007488335500
1005007488102775
1005007488414046
1005007488080529
1005007488056714
1005007486851536
1005007478159039
1005007488447013
1005007440408708
1005007488244441
1005007479399213
1005007335146369
1005007467193164
1005007451976133
1005007483432409
1005007471920117
1005007473282234
1005007481710137
1005007485704888
1005007485462968
1005007486040057
1005007478233566
1005007478640751
1005007485517430
1005007481716132
1005007413086090
1005007436055908
1005007416498046
1005007399295239
1005007414703934
1005007454049055
1005007471642230
1005007487978096
1005007487704803
1005007451916135
1005007453727892
1005007465645430
1005007447198515
1005007460694570
1005007441350095
1005007411462527
1005007477710936
1005007403135964
1005007477028808
1005007459707341
1005007423290016
1005007477923646
1005007459454995
1005007477795679
1005007478055270
1005007471411859
1005007457749169
1005007459546763
1005007459249223
1005007459823237
1005007478161078
1005007470723778
1005007470923358
1005007470813563
1005007470948306
1005007470785609
1005007472872030
1005007453646916
1005007451616276
1005007459787163
1005007454530855
1005007459275905
1005007459772233
1005007459403734
1005007451386232
1005007453656932
1005007451656161
1005007465659685
1005007465628612
1005007466891922
1005007455528582
1005007416271962
1005007457673172
1005007457435872
1005007455844089
1005007459609599
1005007457798731
1005007436453040
1005007421338894
1005007453986214
1005007455268980
1005007447112556
1005007454109002
1005007397406098
1005007453811628
1005005705483460
1005007451757525
1005007452007887
1005007440833946
1005007421859717
1005007364171634
1005007416227601
1005007273381072
1005007417695969
1005006840830902
1005006837097573
1005007292934204
1005007189267285
1005007067392387
1005006319097128
1005005938020864
1005006116898016
1005005968634235
1005006343367871
1005005857465094
1005006411651412
1005005528836551
1005007412371132
1005007387263764
1005007434823542
1005007421448068
1005007412109994
1005007441138466
1005007421663963
1005007440994822
1005006992979034
1005007435703883
1005007266554283
1005007431171910
1005007408878288
1005007003939652
1005007214987505
1005007435077355
1005007437567842
1005007437912565
1005007434523572
1005007413644995
1005007374395422
1005007074695503
1005007441101318
1005007440487446
1005007440939549
1005007441020666
1005007327647397
1005007377283134
1005007373417394
1005007373341058
1005007405936832
1005007405892647
1005007327906160
1005006986822907
1005004835589997
1005005938067498
1005007387204771
1005007423213503
1005007428222569
1005007412244712
1005007421873509
1005007447142340
1005007434544871
1005007442339300
1005007288828354
1005006728561700
1005006926857343
1005006878376275
1005007071331974
1005006965907101
1005006975534250
1005007359602746
1005003195570571
1005007422326279
1005004056737453
1005007116844101
1005006968392584
1005007151655407
1005004519593151
1005006444543827
1005007321475287
1005006771183617
1005006279703476
1005005518561530
1005003368196755
1005005518440938
1005003135621505
1005001286666571
1005005193091329
1005007086754414
1005006853954288
1005007292734015
1005005640004152
1005006929975034
1005007343887987
1005007092092914
1005007124988901
1005007402474935
1005005336081334
1005005979009331
1005003595662686
1005005884911593
1005006188777155
1005006867905144
1005006826869159
1005006335911596
1005006905508069
4000179134134
1005006246821701
1005005591140538
1005004612206985
1005006996796493
1005006913489313
1005006761583195
1005006467278745
1005007038394406
1005006965758521
1005007392102465
1005006414876787
1005004519583418
1005005697135065
1005003487109323
1005006068808135
1005004622545858
1005006203415601
1005006859876155
1005002376573468
1005004786920185
4000184123744
1005002467809758
1005006446432838
1005005264819257
1005007047436678
1005002487733850
4000328060943
4001204494294
1005006024035444
1005006873040028
1005001510519895
1005006886619798
1005007138391582
1005007434706407
1005007219044951
1005007473859208
1005006123188909
1005006716385503
4001275810923
1005007468097906
4001200627091
1005007433438568
1005007386504799
1005007468237630
1005007466581034
1005007482785816
1005007438955452
1005007467098076
1005007343605697
1005007482955790
1005007483258125
1005004212372744
1005007477653998
1005007484067471
1005007477514810
1005007477650607
1005007488221208
1005007488124486
1005007471563727
1005006423040711
1005007465340131
4000305396010
1005007345054932
1005006886590671
1005006828691886
1005006312785542
4000691411746
4001360576476
1005007175385014
1005006359121579
1005001392951086
1005007433726561
1005007433613330
1005007451638081
1005006354639909
32830406875
1005007377724736
1005006965685733
1005007440261907
1005007452991700
1005006728545679
1005005856122671
1005007449349784
1005005718786865
1005007141954140
1005007012172708
32947727623
1005007472894817
1005006212186735
1005006865375769
1005005298096940
1005007329816319
1005004417525956
1005002695849901
1005007089519681
1005003804505570
1005007320724976
1005007094651623
1005005298012056
1005006363032754
1005006958593485
32904667529
1005005968158554
1005007295228557
1005003073878073
1005002502419246
1005007085987145
1005007105046357
32968130447
1005006328223317
1005006425518272
1005007216230238
1005002058651411
1005006639416199
1005001555946801
1005006285028530
1005007117743997
1005007128141012
1005002100396032
1005007339891543
1005007116763782
1005005458247842
32878043928
1005006422324502
1005006821902120
1005007121914231
1005006730689248
1005004621432656
1005006172485632
1005004013686166
1005001869656412
1005005043263722
4000604351713
1005003970551114
1005006948257842
1005007433559588
1005007437103844
1005006157433823
1005007084919340
1005006355795478
1005007177913219
1005006419754654
1005006529252280
1005007177793886
1005007403442157
4001263861291
1005007152521035
1005006828177139
1005006972438419
1005006956182872
1005007064701693
1005006138391197
1005006839125922
1005006752023126
1005007308643943
1005005298122771
1005006707111138
1005005389066198
1005007089607579
1005007343547268
1005001859611981
1005003742979368
1005007236440083
1005006788684513
1005007345239258
1005006879985793
1005002803053803
1005004521513814
1005006169426602
1005006760452755
4000511170199
1005006019773448
1005006656169202
32901525044
1005007433585368
1005004418464406
1005004542089562
1005005389082967
1005005298090890
1005007420456749
1005007424457935
1005006451597582
1005006995138220
1005007128955965
1005006814977001
1005006533014276
1005006728734797
1005006724833066
1005006495145585
1005004007105661
1005003670919787
1005004640318156
1005006278892222
1005006524121331
1005007317554946
1005006298359242
1005007261484009
1005006352542967
1005005069434344
1005005476794880
1005006625127307
1005007432383921
1005006419632093
1005007008075386
1005005788552814
1005006958830355
1005007433501699
1005006930039083
1005006926922145
1005006324981539
1005006100111097
1005007013594914
1005007021383812
1005002428165942
1005006143662529
1005004417924333
1005005637214210
1005007361215835
1005007468519362
1005007310765525
1005007218191521
1005007039706974
1005007208146238
1005007208082622
1005007095433497
1005007150686361
1005005444285936
1005006062232228
1005005552306964
1005006864999167
1005001940000901
1005006955921285
1005003074098989
1005003666068253
1005006407625734
1005007444343649
1005006882720780
1005007393261313
1005006104580627
1005007361377365
1005007287643072
32868677489
1005006149328717
1005006235831932
1005005520309354
4000152609663
1005007007336555
1005007402669783
1005005131479866