1005007257196956
1005007258537410
1005007276991854
1005004150962338
1005004927445017
1005007285648440
4001219887724
1005007267232602
1005007271137293
1005007262579000
1005005124134498
1005001377530133
4000223337218
1005007169229442
1005007411356778
1005007428079683
1005004594343124
1005007324162926
1005007414709123
1005007414621256
1005007434858157
1005007430213003
1005007423796233
1005007420018827
1005007399711953
1005007217675740
1005007131327869
1005006648320314
1005006788560151
1005006635438665
1005007205070910
32934482765
1005007199194593
1005005386222800
1005007021122749
1005005124143177
1005006149196544
1005007169203486
1005004600041109
1005003386887123
1005004406356527
1005006210976017
1005006210871643
1005005772560572
1005006084100859
1005003323720493
1005005974027925
1005001901973051
1005001901410790
1005005256484536
1005003599927063
1005006373487883
1005002747083062
1005006892713314
1005006892586694
1005006892728239
1005005658634272
1005006888825353
1005004274274535
1005006894006667
1005005837153496
1005003542691266
1005002747280996
4000890228243
1005006808603842
1005006795604533
1005006795543869
1005002985732391
1005002758608285
1005004247342117
1005006602804697
1005006186986062
1005004587321810
1005004265034090
4000221347232
1005006301798393
4001073161113
32815707185
1005003192093470
1005001769291842
1005004060934174
4001091027456
4000382149248
1005005892302137
1005003047369500
1005006667442709
1005003252926346
1005004110594118
1005004110321431
1005001865194570
1005006371134064
1005004839192043
1005003882326691
1005003306899358
1005004904353115
1005003527798896
1005004551411012
1005004654782218
1005004568694113
1005003826697912
1005004500323205
1005005985548934
1005005826107991
1005005777639975
1005005737889948
1005005720808256
1005006103715014
1005004199419047
1005006186943583
1005002197369030
1005002228957262
1005004432506380
1005004106789074
4000274171194
1005006445519067
4001190858141
1005002504371735
1005006144440659
33053564237
1005005973486350
1005005107229622
1005004121251518
1005002562559404
10000348576469
1005007448886942
1005007388080361
1005005561439183
1005007428037854
1005007413598542
1005007388732610
1005007423152707
1005007423181211
1005007419398799
1005007295677050
1005006385645282
1005007121581053
1005007169337202
1005006165864172
1005005124072826
1005006084118717
1005004331992740
1005006601543347
1005005605065426
1005004408235259
1005003323893064
1005006224263928
1005002562628109
4001223661657
4000274227374
32948739074
1005003495909017
1005004121311415
1005002333871177
4000055944605
1005005545490426
1005005545445624
1005005547242503
4000020070419
1005003192539979
1005002645290169
32871951149
32842077102
32363442429
1005005037484545
4000269626960
1005002035312931
1005005832656224
1005006181462687
1005005631259841
1005004102011315
1005002941918629
1005002439944487
1005002561617366
1005006358707830
1005002698275586
1005005708103490
1005007447046512
1005007440968498
1005006567098796
1005007421593849
1005007421759135
1005007406174819
1005007405969668
1005007372180942
1005007433077285
1005007432905969
1005007422951510
1005007422870529
1005007418128582
1005007415384000
1005007399461469
1005007382722824
1005007424542013
1005007424336933
1005005648846007
1005006310296657
1005005910267117
1005006404627670
1005006086302592
1005007211273427
1005007418383026
1005006339138511
1005006421164634
1005006819961652
1005006738134226
1005007203717263
1005007160376036
1005007211342478
1005007243515308
1005007301506827
1005007298035823
1005006546378753
1005007177805740
1005007126131546
1005006156627041
1005006294476246
1005007040244743
1005005124081862
1005006702751037
1005005124169082
1005005990453269
1005006165062038
1005005990452406
1005005990363793
1005005990473201
1005006373417925
1005006373325980
4001222839789
1005006862295907
1005007479373317
1005003640367710
1005006814012495
1005006789147047
1005001846296621
1005006812989100
1005006789121089
1005006954360693
1005003640323906
1005006814908932
1005006961067862
1005004896040042
1005007176987559
1005007177300120
1005006154659331
1005007404554054
1005006750667991
1005007421460968
1005006836924218
1005005431620053
1005005653970249
1005005990357894
1005007446060809
1005006584935478
1005005543697928
1005007303410793
1005007005907948
32920809031
1005006493937224
1005002592446121
32808247702
32972475450
1005006807756684
1005007285747656
1005007089636356
1005006997766901
1005005275505471
1005007259728065
1005005274750377
1005005508727844
1005001906912687
1005007470109882
1005005994862944
1005007040155063
1005007391471262
1005002865406825
1005005400511393
32962088488
1005007285691848
1005006495415112
1005006160665721
1005004894549545
1005005291667141
1005007227407774
1005005871101884
4000349358183
1005007285764541
1005007285770437
1005007212069443
1005003640416749
1005007022059246
1005006398636851
1005005995020013
1005005920431919
1005007283408843
1005004476373676
1005005466499205
1005006260127293
1005007404467578
1005004724591543
1005006732048833
1005006659527294
1005006816377673
1005006796593107
1005003376998689
1005007406851521
1005005585391101
1005007325562447
1005007314958159
1005004152327212
1005001361333364
1005007178482082
33018727001
1005006955984875
1005003123811294
1005004782602016
1005005170762526
1005007197291888
1005006292526306
1005002805623977
1005004504932982
1005005250217181
1005006052986180
1005005912937795
1005006654553487
1005007353173635
1005006904610428
1005007344928818
1005006117788191
1005006176932983
1005002734396059
1005006112247791
1005004715469202
1005006674471133
4000353839545
4000419008493
1005005730667396
1005006493718971
1005004644187007
1005005759569255
1005007242839141
1005007216652260
1005007138181501
1005005884523934
1005006743730685
1005006293846888
1005003631178221
1005007120640829
1005006110873054
1005003514636170
1005006417578178
1005005874659061
1005007479516295
1005006767368702
1005006254372258
1005007084009054
1005004644118519
1005004247788455
1005006263346863
1005006149554760
1005006337730012
1005004067009750
1005006860819203
1260199836
1005005852753398
1005007153030793
1005006801536564
1005004612899938
4000420510718
1005007043561742
1005005854867421
1005002494398142
1005006225153048
1005006724932907
1005006331550278
1005007021949153
1005006701588211
1005006341189373
1005007075911612
1005006696884499
1005005140704996
32970976544
1005007284251239
1005006119039782
1005005623115107
1005006754903802
1005006254329748
1005005846994744
32978275594
1005006168416838
1005006417555639
4001294871131
1005006930830894
1005007188906946
1005007122424694
1005006104028540
1005006047806807
1005002761100564
1005006593617485
1005005349261529
1005005799084792
1005006728395897
1005007099365397
1005002124284982
1005007003848828
1005006382743729
1005006593495571
1005006955215566
1005006413956759
1005006136761466
1005006237722082
1005007348843369
1005006105452368
1005006201753807
1005003697409580
1005006019945911
1005006097870812
1005005137621087
1005006912368126
32804243347
1005007135365875
1005006240894628
1005006740839367
1005007234463362
1005006339218755
32321965094
1005007331570703
1005006267431573
1005007189124345
1005005777134862
1005005936650066
1005007369696084
1005004782395970
32404275865
1005007097960752
1005005100468699
1005005530032103
1005005201532208
1005005405462556
4000506193174
32958123371
1005006159097201
1005006836774403
1005007321402027
1005005275166327
1005007124125777
1005006856408217
1005005103285710
1005005653467524
1005002992102696
1005005137533509
1005002024257173
1005004469106068
1005006828390661
1005005182028530
1005001858719352
1005006931168083
1005005293715167
2021790580
1005005609791221
1005004626377832
1005006925538654
1005004845172158
1005002371782421
1005006330185778
1005006439978041
1005007134820883
1005005825038280
1005005887025841
1005005261511933
1005007144882172
32822233611
1005003716692815
32844896254
1005003467712029
32955379048
1005006849511500
1005006294373689
1005006900112861
4000988457198
1005004668079506
1005003075104701
1005007178270340
1005001289724885
1005006802879477
1005002871418852
1005007299690018
1005007288419743
1005006379522161
32876806601
1005006165166932
1005004674144343
1005006412470767
1005004382859513
1005006394583249
1005006628052153
1005002271283524
32581813738
4000579965872
1005005456111303
1005007474812850