33028245472
1005007160148286
1005007417265244
1005006822300753
1005006477838727
1005006471621036
1005007109128088
1005007386426435
1005006085019135
1005006379690480
1005006135971574
1005006529962356
1005006329891573
1005007301594060
1005002485778053
1005006734806895
1005006064957749
1005002921083378
1005007399120981
1005006746062065
1005007288878033
1005006741667416
1005006603906946
1005006947577348
1005005509680697
1005006432929299
1005006947294800
1005006252302548
1005007364507051
1005007299028644
1005007266484825
1005006099570704
1005007341469076
1005007100845497
1005005978455703
1005007297524767
1005005881270283
1005006971745055
1005005798566764
1005007111697178
1005005174055801
1005006587777372
1005007150045670
1005007308396683
1005007177040040
1005007039366703
1005007372165084
1005005474884284
1005005303373773
1005007341176064
1005006814127949
1005007310224831
1005006612152493
1005007313650141
1005005981284986
1005006438673888
1005006312971441
1005006968812098
1005007101256705
1005006761851953
1005003922554989
1005006018624637
1005007464427534
1005006218134996
1005005223325551
1005006947673113
1005007177022073
4000723961178
1005006594284242
1005006440846116
1005007017045349
1005006277289331
1005005488706574
1005005336202169
1005007162504015
1005007294293695
1005005970484578
1005005641516313
1005005911820192
1005004217961430
1005006974935425
1005005494954396
1005006878135676
1005006947502775
1005006133447620
1005005399353837
1005007463872430
4000589269833
1005007175838984
1005005586269659
1005006767503704
1005005716783870
1005005551834345
1005006452728015
1005005787024199
1005007028594561
1005006618984562
1005007308812593
1005007123916319
1005006169490305
1005007090662468
1005007274771902
1005004431490077
1005005951809760
1005005848224872
1005006237733538
1005006553048256
1005006975442606
1005005699524911
1005007341200626
1005006947541509
1005007354051710
1005007205604495
1005005952868876
1005006199735922
1005006015037905
1005006809207903
1005007311446970
1005005986547121
1005006556298036
1005006425604916
1005006849930066
1005007380785674
1005007109272052
1005007162447431
1005006874342741
1005006338914729
1005007397363105
1005006472594562
1005007258621773
1005007422574108
1005006183115363
1005006302536743
1005006203197183
1005007442026250
1005004879134906
1005007390097654
1005003484757094
1005001309775598
1005001540205571
1005006053489636
1005007423905005
1005003504800251
1005006978860546
1005006251922690
1005007329620352
1005007488474228
1005007484472219
1005007477693985
1005007481628696
1005007474135142
1005007478107192
1005007468524548
1005007461685334
1005007451943525
1005007436575448
1005007435748913
1005007415431165
1005006797898862
32838624201
1005006931405441
1005006931415371
1005003355466389
1005006086298808
1005005887226938
1005003329585828
1005004807122381
1005006243810839
1005005975060934
1005001308056345
1005004713311474
1005006246929591
1005006001153994
1005004866590625
1005007385914807
1005007375558401
1005007308624665
1005006113693688
1005006793418863
1005005560881720
1005005566103206
1005006792502724
1005003473713229
1005006218798335
1005007226470339
1005006405038898
1005005866798693
1005007477827717
1005006206993422
1005006260057246
1005006224502019
1005007342261150
1005007266234383
1005007358737280
1005004866861901
1884336437
1005003193141277
1005006213202544
1005007336884652
1005007302483172
1005007340700545
1005006773424300
1005002454340579
1005006773564996
1005007292491602
1005006204852363
1005006309948877
1005005863936027
1005005895769010
1005006187264044
1005007204164621
1005006829103147
1005007417373171
1005007355651565
1005007284556217
1005006071822456
1005006704734642
1005006502603462
1005007355780222
1005007134606059
1005005524755659
1005006775703349
1005007088290935
1005007108024413
1005006672488927
1005006520616023
1005004012698115
1005005855127644
1005007451306302
1005007076480997
1005007446688116
1005005419764608
1005007412702959
1005006996484770
1005007252014462
1005007416076305
1005007446363674
1005007195594429
1005007239221842
1005007066911853
1005007045355858
1005007356076086
1005007438297730
1005007248132138
1005007321010545
1005004769263395
1005007266833799
1005007076650587
1005004570246191
1005006989046607
1005006098125820
1005006821803505
1005006777546305
1005006819895546
1005006169042240
1005005561023423
32792188388
1005005418103199
1005007003429250
1005005237981549
1005006262008270
1005006867181549
1005006704639406
1005006609634910
1005005979476170
1005005167758194
1005006471853234
1005006838650687
1005007052423016
1005005702361880
1005005310473144
1005006362310547
1005005586776479
1005005844454060
1005006031245540
1005005876560098
1005006677554188
1005006418124482
1005007169800327
4001085609233
1005006903839825
1005006797185562
1005005937626547
1005006469663584
1005007004254235
1005005680036259
1005006697905753
1005006300333212
1005006605401246
1005005943255527
1005005824468789
1005007076036193
1005004192095083
1005006099401639
33002117241
1005006407355228
1005004537965747
1005006710734453
1005006885374815
1005005362660263
1005003197030995
1005006802648066
1005006139019888
1005006107805396
1005007032992071
1005006895244429
1005007190866815
1005006954340612
1005007066801531
1005006882242156
1005006949260797
1005007037217616
1005005648869968
1005003705622596
1005006020107892
1005006212450568
1005006136146606
1005006973071849
1005005257825972
1005006821745273
1005004242653698
4000041620983
1005006057894297
1005006792418058
1005007275030695
1005004035814500
1005005393617090
1005007015928475
1005006876573094
1005006060210327
1005006771564163
1005004940111383
1005006974192261
1005003285729360
1005005543683740
1005007332425806
1005007170207913
1005006418532843
1005007096732862
1005005300389449
1005005364492208
1005006056763112
1005005086070035
1005004543415499
1005007180423696
1005006424843045
1005006984803424
1005006947676093
1005006948534081
1005007030212837
32968150915
1005006186891668
1005006610032419
1005005970565554
1005002460470239
1005001971876259
33062674887
1005006825239103
1005006173427598
1005006256927296
1005005246201813
1005004988742839
1005007292362017
1005007223960975
1005007212447725
1005007157644000
32970181767
1005005828909475
1005006240464433
1005006173633046
1005005968020852
1005006994907640
1005007136951898
1005007273312265
1005006625893012
1005005548125650
1005005866968783
1005006814047532
1005007295779993
1005007336635322
32995526967
1005006783093074
1005006473658354
1005001829287759
1005006182324640
1005004640338294
1005006824755903
1005007345190172
1005007162671227
1005007052098850
1005006505498743
1005006099311278
1005005891866429
1005006190483430
1005006854634714
1005007309120238
1005006920968113
1005006339273709
1005006868859763
1005006534098021
1005001424230258
1005004537959718
1005006676722661
1005007077372935
1005006947455830
1005006989839638
1005007031240922
1005006703812860
1005007002850453
1005006219181582
1005007141341389
1005007295709784
4000074141957
1005007033319351
1005006402842984
1005006259210186
1005007170592636
1005006289648504
1005005757770733
1005005821288702
1005007287687326
1005007336415274
1005006431627613
1005005024149542
1005003250709833
1005007096959005
1005006035473847
1005007022784206
1005006839478714
1005002879634680
1005006465992661
1005004053160363
1005006955199469
1005005954746696
1005003574853029
1005003749737359
1005006919330382
1005007184295349
1005007254367924
1005007270461915
1005007139801560
1005007248611019
1005005355001317
1005007175243355
1005007042287058
4000249352865
1005005766087348
1005006318894437
1005005708946034
1005006620065497
1005004707157314
1005003038264247
1005006144945859
1005005970812207
1005004537985469
1005007030861153
1005005562734851
1005006665723948
1005006344524125
1005005571177599
1005007097553158
1005006306538018
1005005859553611
1005007208787958
1005005799364937
4000896264205
1005005637639215
1005007281585631
1005004537948905
1005005483835816
1005003955107025
1005005235653412
1005007091647464
1005006454284786
1005006350664022
1005006078756119
32464259538
4000945363877
1005006269802793
1005005205229613
1005006110749650
1005005865814604
4000919613910
1005002759352291
1005007169686617
1005005680941424
1005006808199607
1005006956227343
1005003715945759
1005003540352727
1005006892239262
1005006822899243
1005005843069954
1005002405784202
1005007299439772
1005001598311199
4000107245638
1005001685120239
1005007066887539
1005006352354566