1005006974156746
1005004690934841
1005006074644013
1005006014264732
1005006015317500
1005006066768718
1005006461351227
1005007241955513
1005006442099920
1005007137039669
2011523231
1005007096652252
1005006191270157
1005006750069530
1005006240665806
1005006478666788
1005006121023619
1005005538737712
1005007061694303
1005005527358023
1005006313320463
1005007031992056
1005006402959357
1005006444388583
1005004732818139
2029850142
1005005557094870
1005006977951635
1005006784901181
1005006932890534
1005006609515394
1005006938689241
1005006072506776
1005006659341863
1005004651401131
1005006774140299
1005006681877783
1005004649301119
1005004810656363
1005007166526772
1005004480818632
1005003942126797
1005006417237320
1005005533195320
1005006458745861
1005004892949689
1005006489646320
1005006031080865
1005006020666124
1005006067404996
1005006019120599
1005007263142310
1005006075641028
1005003135865384
1005006293453417
1005006078742431
1005006866049713
1005006773032001
1005007360840157
1005007078250021
1005006167593295
1005006413114796
1005007036409909
1005007077998041
1005001445649778
1005006244880687
1005006755644827
1005006140306696
1005006054020027
1005007195525292
1005006865789032
1005005925856760
1005007205504904
1005006394694666
1005006431395072
1005006908234122
1005006016038020
1005007029346269
1005006247109287
1005001381820348
1005005548904556
1005005562774730
1005006449390727
1005006311011044
1005006228293943
1005007102828692
1005005969702691
1005006024169039
1005006067488254
1005004702766468
1005006394498943
1005006977608502
1005004960016040
1005006856513746
1005006208106855
1005006053980369
1005006465080821
1005005369932456
1005006919469068
1005006697618141
1005005615766612
1005006074748192
1005005309828418
1005006804133214
1005007177051290
1005005991650301
1005007301719483
1005006710836522
1005005603257995
1005006411752620
1005006660219980
1005006858609911
1005006820899103
1005006300007566
1005006909601997
1005007051563283
1005001599053423
1005006487863492
1005003574412714
1005006695720962
1005007287363331
1005005953710364
1005006014335255
1005006475888685
1005006020146010
1005006718851967
1005005510881420
1005006980910476
32963509429
1005006851108817
1005006621421003
1005005415735741
1005005853972116
1005005430393194
1005007001090416
1005006158032385
1005005702086838
1005006633935902
1005005916118521
1005007139152406
1005005970208393
1005006990573956
1005007130497441
1005006744054779
1005007021837788
1005006024529322
1005005921862985
1005002788350442
1005006996135703
1005006838606896
33042939528
1005005845564121
1005006536567694
1005007100538851
1005007310352952
1005006354552556
1005007055471948
1005004468944604
1005002899634731
1005006125914024
1005004577343314
1005005692173266
1005007167279020
1005006640937365
1005001411291609
1005006065181975
1005006018675532
1005005972086715
1005006398836724
1005006537473051
1005007369318070
1005006439165433
1005006007395854
1005005048627584
1005003594382201
1005003596568181
1005005787794330
1005005850750158
1005002412303854
1005006438048877
1005006120006358
1005007111689872
1005007251532581
1005005925776051
1005007137422223
1005006959640225
1005004432677861
1005006064982997
1005006584235411
1005004068753244
1005007066803391
1005005933167919
1005007032775121
1005006494824843
1005007083007651
1005005617985427
1005006391838781
1005005958782699
1005005916400029
1005006119901635
1005006869229318
1005006705775017
1005007052915233
1005004445578084
1005007044283285
1005006121344811
1005005920990984
1005005951317280
1005006658245580
1005007243323291
1005006023507507
1005005882566672
1005006065134823
1005005562895138
1005005562503758
1005003969834739
1005007228251061
1005005984598110
1005006917432434
1005006507426427
1005006557782791
1005006837635638
1005006831710276
32969530697
32832641608
1005007096252747
1005004498524474
1005006394380899
1005006078063403
1005005656769119
1005006166256957
1005006321093664
1005006784631895
1005004917402784
1005007102660754
1005006343897533
1005006087924119
1005006866126672
1005007288548782
1005006770633758
1005006692855014
1005007017786517
1005006878486110
1005006220985546
1005006497664526
1005006198099330
1005004442979199
1005007448971769
1005006815417831
1005004871575427
1005005903058368
1005003238569261
1005005973134064
1005006067435043
1005006067685585
1005006030547020
1005006477063400
1005007161702538
1005007358424055
1005005648192945
1005003239815248
1005006409179562
1005006067773970
1005006148364593
1005005604573789
1005006067433454
1005006536557488
1005006273144039
1005006078566174
1005003460516147
1005006310864516
1005006191298367
1005006151086315
1005006386865350
1005006325022104
1005007254481207
1005006065512044
1005007271243288
1005007183773015
1005005833604658
1005006861772185
1005006830672829
1005006268584076
1005003336011610
1005005089457941
1005003135453492
1005006918827984
1005006300069410
1005006074649531
1005006064380178
1005006019466595
1005006064967043
1005006636873473
1005006212333065
1005005995434488
1005006278353884
1005006115993182
32951422382
1005006057429859
1005006182917645
1005006554390426
4001198062803
1005006126926278
1005005891804274
1005006934172289
1005006467462097
1005007157035393
1005007433919204
1005005901771871
1005006724481698
1005005604698702
1005001495863772
1005007286813271
1005005581019616
1005006115215839
1005006841445096
1005004714342847
1005007034840082
1005006315010818
1005006673456809
1005006314501579
1005005989015227
1005005963472343
1005006408874775
1005007217516771
1005006868042724
1005006856851360
1005006794830603
1005005767589889
1005007048265403
1005005971749632
1005006068034900
1005005945334287
1005006031484200
1005003913350635
1005006778550929
1005007216360826
1005006112856788
1005006115849595
1005007124434995
1005007018022815
1005007213630981
1005006354974928
1005006164244371
1005005902724060
1005006412436576
1005007032837038
1005005367915871
1005007187837680
1005005883789975
1005004409277092
1005005908164851
1005002264753155
1005006691692719
1005005925685320
1005006084646631
1005006489048805
1005006003558171
1005005204138113
1005007103096877
1005007225616791
1005006895630576
1005002240636411
1005007102811441
1005006462814418
1005005880890690
1005005978594940
1005006425170611
32918086980
1005005672094333
1005007184476380
1005005203035449
1005001453339347
1005003129273658
1005006643444158
1005006076191717
1005006065071217
1005006021914234
1005006116257089
1005006190701555
1005006948582812
1005006687943213
1005006063965093
1005007137690670
1005007172381047
1005005675281481
1005006845459054
1005006802504567
1005005335999183
1005007055005087
1005007274840981
1005006728626304
1005006432730620
1005006294273890
1005007031447212
1005006897181077
1005006346014143
1005006828356643
1005006778449814
1005007220917867
1005006370118747
1005007259524171
1005005665227117
1005007060070076
1005007318930156
1005006447242240
1005004420326065
1005006730165924
1005006416710819
1005007030450226
1005006865785951
1005006634024791
1005007052870448
1005007029686213
1005006468002920
1005002888471545
1005006454558670
1005005997626581
1005006967695719
1005006585002249
1005006901749920
1005005871104225
1005006076154131
1005006068693177
1005006030895503
1005006066890569
1005006022564083
1005006023068571
1005006020629622
1005006077958804
1005007196917893
1005006008703639
1005006068034057
1005006015575198
1005006030243706
1005006002577434
1005005971597022
1005006717805712
1005006718859127
1005007372046587
1005007427389422
1005006779397210
1005006899218421
1005005081911743
1005007060539093
1005007355593366
4000020833651
1005007253280976
1005006150442193
1005007153092649
1005003091670229
1005005283316346
4000736594676
1005006441314223
1005006642924929
1005005175292091
1005007269671857
1005005340312429
1005005579898773
32776690445
1005004385612648
1005005776626466
4000300657472
1005006568253356
1005005470880282
1005006536887022
1005004671060807
1005003328092071
4000144200581
33002626234
4001024742274
1005006236290889
1005005000759507
1005006595465125
32904677124
1005004772639867
32602526725
1005004059121733
1005002983432687
1005002513421469
1005001808827543
1005004918351097
1005005431068331
1005003038336641
1005004694059700
1005003908237460
32797972069
32879184579
1005004565886239
1005004775056876
32998303251
1005003703100635
1005003200576294
1005003614927345
33060979221
32836203417
1878765417
32702577979
1005001986064669
1005003488884093