1005002431902871
1005004705532807
1005007457139656
1005007342922344
1005006820846873
32913311192
1005007469422597
1005005449622942
1005007176796189
1005005392401796
1005006457895163
1005007000888388
1005006913368144
1005006432194195
1005002982141996
32858406266
1005006822049083
1005007009449881
1005004852974508
1005005732913786
1005006173455581
1005004745341747
1005003729817232
1005007130345990
1005006228028589
1005004552138091
32867546162
1005006944698427
1005007093726997
1005002752656968
1005004080392809
4001003433704
1005002970434502
1005006131969674
1005006509597643
32283225626
1005007067342887
1005004779699065
1005002304239085
1005004626216234
1005006591571592
1005007008666961
1005003007456981
1005006270091312
1005007253483696
1005005979409590
1005006431458464
1005006049253700
1005006221235774
1005007306348264
1005007118588416
1005005807169289
1005007319816727
1005005064841763
1005006208202458
1005005927069832
32886486367
32947937758
1005005997569084
1005007431125880
32963535713
1005006529038733
1005002431892916
1005005392491513
1005006372133242
32816949917
1005006265416608
1005006569164802
1005006845397016
1005007022677127
1005006422086226
1005005127630595
1005006228088297
1005003447006134
1005003340377229
1005004856184351
1005006649475299
1005003589367700
1005007218941336
1005006637799416
1005005921529598
1005003793980016
1005007096406320
1005006569043145
1005005621492083
1005005303017917
1005003191580976
4000926922309
1005002532124883
1005006458389427
1005003539572727
1005007402562931
1005007001662911
1005005882864503
1005006357061162
1005006608031825
1005006891567604
1005007182675675
1005007097100908
1005006649606023
1005003669805098
1005007257542623
1005001676890393
32772890690
1005006515578559
1005005840866881
1005006479571073
2048219732
1005006745069682
1005007218967359
1005006704517662
1005006971658114
1005004990654638
1005006978906610
4001006415083
1005005472485798
32764483496
1005002748161961
1005006574523626
1005001677376837
1005006220284555
1005007051328763
1005002868048083
32982785626
32959544103
4000072494178
1005001754831155
1005003086026175
1005006745891661
1005006614083708
1005005328851956
1005003186913316
1005005037764150
1005006044484707
4000960283846
32720773810
1005001966045212
1005005544331414
1005001928910621
32832777346
1005004261179688
1005005916469298
1005006215817318
1005001267601451
1005003822273614
1005005178646954
4000291446589
1005006142012337
1005006281371875
1005004266187459
1005007246409308
1005003198112076
1005007310720549
1005004673232294
1005004705130324
1005005788920416
1005005708355709
32912228799
1005007030917113
1005005496686690
32809884255
1005005584946697
1005007060071788
1005005787425990
1005002761644382
1005004496619638
1005006230764794
1005006584254274
1005006375780676
32958262165
2047798232
1005006853108566
1005006088938428
4001186568557
1005006074440838
1005006216223957
1005004463650540
1005001469585118
1005004049950888
1005007317104264
1005001501783776
1005002838642410
1005001293049931
1005004886642443
1005006884773810
32768281081
33060527802
1005005087727726
1005006253763783
1005006200347721
1005003168472531
1005005919074417
1005005409600206
1005004862465511
1005006167229008
1005007271911248
1005006439028007
32727175165
1005003080580600
4001243820945
1005007067323850
1005007116913399
4000829870992
1005005195639001
1005006144621523
1005006845740355
1005007143568266
1005002004856366
1005007016481066
1005004176580240
1005002939930368
1005006574273548
1005005282282145
1005006337688236
1005006635203015
1005005187295843
1005006997788517
1005006711690198
1005004294876025
1005006199471232
32917808918
32967290032
1005005456948184
32901207574
32954084770
1005006011756131
1005005024652801
1005007211260385
1005005362012919
1005001718707702
4000022067430
32972398653
1005005672081819
1005005287164995
1005005207091402
1005001604170741
1005003070876129
1005005944386433
1005006787225759
32810174819
32947306398
1005006745090405
1005007216159011
1005004864917678
1005006471295043
1005003112893504
1005005654529434
1005003989834718
1005001849754839
4001186062151
1005007181456082
1005007353030172
1005004546085975
1005006326887390
1005007127721652
4000468112325
1005004951348295
1005007204582393
1005006174275310
1005004697743605
32515747890
1005006076974554
1005007143367017
1005003311275022
1005001965867761
1005007320279112
32576699195
1005005449509166
1005005082416784
1005003403274573
1005001468278391
1005002565407232
1005004895131076
1005005794827962
1005006696787676
32858535298
1005005989133496
10000317997560
32863714973
1005006158179466
1005003409542081
1005004528086696
1005006485411699
1005007017950501
1005006353749671
4000707749886
4000271252851
4001154038341
1005006955302431
1005006925159130
1005006327308003
1005006582822615
1005006651312049
1005005363309588
4000238864984
1005005082513039
1005006125250457
1005007060160326
1005002983622634
1005005889569000
1005005023735014
1005002038583959
1005005305912311
1005003198379579
1005006765898515
1005004212223884
1005006885179531
1005003085035535
1005006345571003
32843809675
1005006392076496
1005005391157458
1005006791100588
1005006024232611
32964725862
1005006594198073
32809885125
1005005225662748
1005006803898498
1005004735933566
1005005235233998
1005006776984220
1005006424809043
4001270416942
1005004514075963
32735254432
1005005221555480
1005005453722270
1005007360100477
1005002275569316
1005003155065733
1005002022874902
1005003462153867
1005004351079296
1005006919016780
1005007488522303
1005007476044867
1005007158318338
1005005585175316
1005006900911593
1005007199130064
1005007487183656
1005006627140681
1005007476237191
1005007255901041
1005007487992911
1005007487719510
1005006852320314
1005007477363001
1005006972140334
1005006967427253
1005007031126777
1005007152535747
1005004971108059
1005007486159052
1005007136469507
1005005589099640
1005007220041646
1005007193191468
1005007147752495
1005006753881681
1005006859051715
1005007485756154
1005007463915222
1005007481311635
1005007137882364
1005007480458387
1005007477746822
1005007475502082
1005007474637441
1005007477293416
1005007479231618
1005007479201715
1005007478985305
1005002382329615
1005007475516036
1005007483731465
1005007204542060
1005007252512094
4000094634844
1005003007666825
1005007018200339
1005002640873883
1005006249780910
1005005557344275
1005006043008473
1005006927343797
1005006927810527
1005007155738122
1005007139830123
1005001970238865
1005006654109519
1005007348715001
1005006360347255
1005007129642179
1005006986002953
1005007103728159
1005006957319587
1005007268393912
1005007198570967
1005007269596828
1005007268337863
1005006859264410
4000032177358
1005005873740516
1005007090138843
1005007105249091
1005007142638815
1005007205101655
1005007271408273
1005005448791393
1005006807905529
1005007442149891
1005006843692955
1005007464345112
1005006699842821
1005004937476990
1005006808620418
1005006389629214
1005006817163637
1005007479643373
1005007200286256
1005006657375316
1005006860557291
1005005951093275
1005005951082443
1005006785249444
1005006879351917
1005007073015444
1005007439524857
1005007439562915
1005006362778138
1005006823446760
1005005392456976
1005007443224963
1005007464353484
1005007443287843
1005007245685755
1005007470155205
1005003286429740
1005006541497201
1005005797801268
1005007199087186
1005007466751748
1005007181328098
1005007466533496
1005007456971193
1005004000498283
1005006642855088
1005006628443917
1005006934020820
1005006625232232
1005007441522052
1005004228169527
1005006885219724
1005004294735030
1005007052282182
1005007474405517
1005007392237103
1005007451796998
32981777280
1005006822070728
1005007456837004
1005007456723426
1005007458788094
1005005677130517
1005007463552277
1005007464366304
1005004260870275
1005005733644343
1005007428294037
1005007453709274
1005007453323857
1005007452232870
1005007435412218
1005007444651916
1005007450111341
1005007329872571
1005006808828394
1005006699091180
1005007290333220
1005007255967054
1005006375448702
1005007447527094
1005007218737693
1005007438523270
1005007438261126
1005007440696000
32694836809
1005003208631794
1005007442145275
1005005047954543
1005007442378626
1005007148517675
1005007136339310
1005007015587080
1005007371197635
1005003979787051
1005006699776909
1005007292517310