1005004350441985
1005006165202818
1005006976062751
1005005414186315
1005005978788123
1005006827391467
1005006075016929
1005007232351708
1005006866611209
1005004468146803
1005005973787412
1005006900451487
1005006987525836
1005005046092757
1005007108152186
1005006012953896
1005006355609361
1005006388272806
1005006624377632
1005005336081868
1005004387916537
1005005059874079
1005004840666012
1005006860881882
1005004250808087
1005006682669449
4001065450777
1005006119831988
1005005919733417
4000159773673
1005007103214200
33055628346
1005006996886738
1005007261487316
1005006919687252
1005006487071224
1005004934391954
1005006532378179
1005003628134305
1005006399921515
1005007001574490
1005002982450285
1005007036424534
1005006673118148
1005006864427750
1005007014753041
1005001690244369
1005006900006824
1005005520308225
1005006654722311
32949639313
1005002214882947
1005006808724815
1005006352931967
1005002846032977
1005006193892551
1005007045864114
1005006159326095
1005004623227554
1005006092458973
1005004839518522
32677086329
1005001593337546
1005005388649815
1005006085315007
1005001459012595
1005007101142898
1005006741944831
1005006329962178
1005006825924611
1005003745697195
1005004754956479
1005003096731652
1005006673012545
32868678955
1005007009317697
1005006727305326
1005004762838159
1005005772934954
1005003770601533
1005005029430854
33002601344
1005005529224923
1005007095807832
1005005498468515
1005004214708389
32917073465
1005005274352994
1005006035882781
1005007307227763
1005007177077661
32685542324
1005007351790989
1005006724998529
1005001598573020
1005006973651510
1005006515639584
1005004187339659
1005006788054618
1005005237013627
1005006583377706
1005006916116835
1005005366260560
1005006213724073
1005005857066948
1005006311227129
1005006877450845
1005006991784453
1005006332605553
1005004446480539
1005007139610291
1005003127213334
1005005780644328
1005002038398519
1005007371613674
1005007082783594
1005006125560219
1005005972060711
1005007017101426
1005006581619242
1005005598328658
1005005875295378
1005007427291803
1005006847440221
1005007293331436
1005007313679538
1005007036039364
1005007336227948
1005006353293725
1005003990109279
1005007140926486
1005005303341289
1005006068011084
1005007393955173
1005006618889053
1005005942767778
1005007286826035
1005007109121305
1005007287245627
1005007296723434
1005005133988279
1005007225977461
1005006953607791
1005006815083167
1005006990325033
1005006729184192
1005006909152441
1005006499386464
1005007309258678
1005006955453743
1005007044862827
1005007227453743
1005007300029283
1005006997737065
1005006584399833
1005005187088565
1005007268968619
1005007107698199
1005007316158243
1005006328145579
1005007096731508
1005007044476191
1005006465948174
1005005990529850
1005006266670945
1005006664214749
1005007204674508
1005005798447421
1005007231555467
1005007109434610
1005006870742358
1005006140202883
1005006202851650
1005007363118840
1005006694139249
1005006728923951
1005007067386387
1005007076276855
1005006729418767
1005007315011571
1005006451805984
1005006980999121
1005006786811383
1005006782897147
1005007279078229
1005007098042955
1005006451710810
1005006646238955
1005004754183808
1005006223864187
1005006236178751
1005005083320682
1005007235061104
1005006939199436
1005002722631732
1005006411378540
32922430445
1005001758734564
1005006453785307
32997953658
1005006664710699
1005006597672113
1005007349481808
1005006959730377
1005006619411323
1005007196800393
1005007343140481
1005007308965029
1005005878406124
1005007144993392
1005007218686306
1005006782272843
1005006391843805
1005006640045357
1005006673048720
1005006864718456
1005006787070741
1005005947207839
1005006300891623
1005006200345220
1005006759560680
1005007016880021
1005006086847170
1005006113228312
1005006999315596
1005007052906118
1005006574303629
1005006623353472
1005006142807158
1005006608501946
1005006838275288
1005006510820753
1005006102228972
1005007199031039
1005007000007580
1005007342669351
1005006032885147
1005005909152729
1005006953011572
1005006641595799
1005006568850037
1005007058127550
1005006837798974
1005006174041736
1005007342382181
1005007308924680
1005001860850233
1005003611606253
1005006759853327
1005006302221880
1005007122647636
1005002976990997
1005007190382464
1005005845228996
1005006820921455
1005006129633005
1005004997256884
1005006880739307
1005006903882250
1005007294679881
1005003888688366
1005002837860475
1005006115891288
1005006664080073
1005007290815761
32351111302
4000537613354
4000057692114
1005007077205039
1005006763991630
1005006470770126
1005006455688431
1005006415232141
1005006271089106
1005006270905974
1005005931629077
1005005668330892
1005006598176274
1005004427882886
1005003483780513
1005003075900193
1005006390485537
1005007036625891
1005007138415109
1005006882761523
1005007051605827
1005007076897312
1005007030574751
1005006636631167
1005006064412393
1005007260203548
1005006648660361
1005006692436876
1005006742789659
1005006148431439
1005006291939918
1005006223832226
1005006243428185
1005007075941982
1005006820971948
1005006771631936
1005006272967312
1005006379090034
1005006861379481
1005006865045427
1005007257418132
1005006053206074
1005005940196702
1005007311190616
1005006442858701
1005005964614241
1005006679988466
1005007307405250
1005006026842392
1005007298992641
1005006750250437
32809933599
1005007189681203
1005006065213309
1005007076016984
1005006062246148
1005006826609207
1005006822511301
1005006686877781
1005006756710062
1005006756646053
1005006548231417
1005006509247302
1005005992845753
1005006001041994
1005005553875466
1005005545738274
1005005545430192
1005005226354425
1005004581665247
1005004178145760
1005002512968307
1005003980981231
1005007121178571
1005006690908019
1005002983804956
4000073136550
4001272649084
1005007131787126
1005005914864106
1005007277800167
1005004177190642
1005007267997520
1005006327636317
1005005288215481
32898785272
1005007044779437
1005007258221612
1005007253530298
1005003943912211
1005004164808078
1005005068129818
1005007101570066
1005002950442923
1005006444184435
1005005580599063
1005007101404095
1005001599540115
1005003589270057
1005007169820925
33017484541
1005007176276876
1005003445203613
1005007112414704
1005004439155452
1005007128679017
1005005274965634
1005001558329951
1005003571999873
1005005985303039
1005006075354032
1005006402951268
1005006901743134
1005004565942258
1005006619856302
1005003475845393
1005006995749034
1005004895535171
1005006713791011
1005004857885172
1005003286847925
1005003639044666
1005006923741320
1005006917188183
1005006761472971
1005006300547798
1005006857256915
1005003476715825
1005006744699250
1005006355160126
1005006753206750
1005004000469043
4001259476753
1005005363150302
1005006684900479
1005006539677582
1005002397829161
1005006678259289
1005005619508501
1005006261151259
1005006280276408
1005006668157561
1005006609731516
1005005456980487
1005002353427417
1005001666661371
1005002949170525
1005004613619664
33052101625
1005002489072802
1005006068114569
1005005541076478
1005006092387796
1005005214876784
1005005116856385
32379601215
1005005846220187
32828820044
1005004415865820
32944353072
1005004396240968
1005005741289297
4000899930058
1005005020634980
1005005518241626
4000145385207
1005003573688201
32886086358
1005006388973583
1005005599027837
1005001735130511
1005003980623171
1005005234744508
1005005692099958
1005005922326821
32872887839
1005002193869156
32344543604
1005004561477560
1005005972069145
1005005974698963
1005005680806305
1005004727859147
1005007039782034
1005007131513761
1005004384383178
1005005605483760
1005006587385763
1005006469109970
1005006990790934
1005005842870326
1005006415605068
1005006596292932
1005006390865583
1005006640538476
1005006871279328
1005006359562795
1005007028312556
1005006437049469
1005006696220345
1005005742641494
1005002432392793
32625398100
1005005599099235
1005006684974277
1005005164344461
1005004431933719
1005006782340590
1005007037458819
1005007159368289
1005002628952792
1005005828860419
1005004191418930
1005006648482573
1005006537151074
1005005900018906
1005007162679548
1005004981910921
1005005652327078
1005006897329984
1005006793538572
1005006163505515
1005006539094059
1005007418735709
1005006408025245
1005007205637482
1005006996793555
1005004876603191
1005007071932125
1005003171770366
33029490885
1005007343849426
1005006899964704
1005006328678589
1005006881357413