1005006421861767
1005007028729174
1005004057176260
1005006146441841
1005007057754721
1005006311838486
1005007103448647
1005006843561694
1005005763587267
1005005079613406
1005004364890068
1005006809592537
1005006898307904
1005006394259991
1005007075336909
1005002959958087
1005005833732036
1005006111535890
1005006328365364
1005007169350295
1005003069775671
1005006462072513
1005007310161177
1005007144998960
32824892265
1005007243578953
1005005297508032
1005006233077134
1005005037567454
1005003436491312
1005007116709293
1005007107268905
1005006211010826
1005003017823081
1005006386790390
1005006861646122
1005006611056704
1005006778634031
1005003652422610
1005003077115928
1005006263760677
1005007257543096
1005007257233854
1005007113518340
1005006331368879
1005005026262921
1005007034702901
1005004312042420
1005006992839097
1005002304579105
1005006118250321
1005003253818512
1005003629176480
1005006439914101
33047509000
1005005558723122
1005003387687624
1005006655521332
1005006000500360
1005006063059847
1005007077010346
1005005255116607
1005007217594351
1005007371724969
1005005926945662
1005006782668217
1005006257364100
1005006922488832
1005006713891237
1005003167345901
1005006928362236
1005006453578736
1005006356851295
1005006301702784
1005006073219010
1005006405160811
4000325527343
1005006304936111
1005003576452087
1005006068069266
1005004057067908
1005007031239212
33013643703
4000338880537
1005006063791246
1005006590443233
1005006217760380
1005005575796077
1005005184019055
1005007444467904
1005006486044477
1005006306037016
1005007015343389
4001014429281
1005006879006784
1005003911164736
1005006853593865
1005006898584174
1005006284769132
1005007040104650
4001365686765
1005005750975665
1005006103325012
4001324175462
1005007027469226
1005006501544237
1005006490360522
1005005860339070
1005007008897697
1005001986522658
1005003240685877
1005006963400374
1005005570123165
1005002739899791
1005003767684169
1005006124654910
4000774460717
1005004851813619
1005005193006459
1005006926381142
1005006127722336
1005005700073096
1005005742475094
1005007128208256
1005006386657197
1005006824431603
1005006484660877
1005006346865019
1005006544672595
32956554170
1005006213345928
1005006020776669
1005003105804358
1005007111073443
1005006390913001
1005002656989703
1005005261890286
1005006442568927
1005001771721557
1005006899676465
1005006422396343
1005006473130913
1005003331600069
1005006989782221
1005005482806917
1005002007751988
1005005565921842
1005006123459543
1005004863040000
1005004936783228
1005004479803065
1005006787015691
1005006661889558
1005006519833870
1005005797468585
1005006749758801
1005006397965562
1005006397961506
1005003326109353
1005006989785725
1005006257995552
1005001382173857
1005006259248303
1005004186434842
1005006929893422
1005004760930626
1005001700883608
1005006063341546
1005005999591806
1005007310086124
1005006408595704
1005006815958862
1005005825754615
1005004849364121
1005006872167327
1005005965310489
1005006278020869
1005006593507206
1005003991511330
1005006296089499
1005006679122576
33036115819
1005006037919520
1005006995877411
1005005442884821
1005006289008490
1005003087460122
1005006685853709
1005007221965234
1005003184425379
1005005477959569
1005006407346938
1005006542088728
1005004447264723
1005002395328006
1005007330254325
1005003760628313
1005006705299490
1005006402231632
1005002688745191
1005006896282800
1005005871229702
1005005708364395
1005006372197250
1005006873207826
1005005822913246
1005006376239949
1005006383624605
1005003322125892
1005006556292887
1005001691188194
1005007449807785
1005006923120119
1005003844998879
1005007023275058
1005006308042269
1005006395399861
1005006338256787
1005006219580991
1005006150210250
1005006332405549
1005006103778784
1005007218483298
1005005575456487
1005005571085996
1005006287999973
1005005614729671
1005007118526602
1005007342803665
1005006947742661
1005003472082359
1005006498093178
1005006267605343
1005006895803445
1005007340686269
1005006128281141
1005002621925700
1005005823688155
1005005685334031
1005007243923390
1005006550457048
1005006764077509
1005003258340165
1005005599448003
1005005574873245
1005005528007235
1005006814676685
1005005255826810
1005007253106146
1005006335841047
1005003175872174
1005006217316288
1005006342840613
1005007309813039
1005006466599599
1005005039043361
1005005933978380
1005006082332163
1005007137253028
1005007469725924
1005005704528168
1005006588569068
1005003366807131
1005004242499958
1005007282005778
1005006180968497
1005005499875621
1005006484849955
1005005641610139
1005001706463917
1005005117044965
1005006494142404
1005004493041267
1005007469836681
1005005959490604
1005006384761679
1005006775461523
1005006114203272
1005007168812872
1005005698766539
1005001980984093
1005006149180114
1005005767529290
33012940981
1005007042913494
1005005448563197
1005006166134475
1005002874007259
1005006292914021
1005006341288803
1005005835763818
33009054990
1005003270499574
1005003223198869
1005006831681163
1005006197525204
1005007044230278
1005006269906458
1005006006809781
1005007342618829
1005005924679143
1005006425487834
1005006238943661
1005004312008747
1005006094944404
1005005622422021
1005003242767244
1005006776176903
1005002608801703
1005004863283119
1005001701191075
1005006077896454
1005004251136439
1005007026649405
1005004765518489
1005007356253501
1005007330385197
1005007100413828
1005005632569332
1005006744117635
1005004479827870
1005007335632169
1005002791530149
1005003616207373
1005006152426392
1005004338363209
1005006820437828
1005007341365373
1005006756941333
1005006041390818
1005004756326299
1005007043701224
1005003476354332
1005005790800766
1005007450285204
1005004646428021
1005006294221750
1005006843298861
1005003846526985
1005005269270283
1005006468543740
1005006584141797
1005001686355812
1005005465979412
32866124248
1005006723015353
4000317514222
1005006071718893
1005007403492178
1005007340842212
1005004568917673
1005006038008425
1005006988816244
1005007275178756
1005005088733898
1005002230125015
1005006712300073
1005006100431716
1005006156913295
1005006726922846
1005005705978311
1005006825818479
1005005499808511
1005006499603113
1005001934231923
1005006112777750
1005001691242485
1005006857890414
1005007202751702
1005005901088156
1005001689462674
1005006086480242
1005007084449798
1005006235628728
1005005692283904
1005006680069805
1005007337279803
1005006777021995
1005005977315164
1005005939410832
1005005925858541
1005003081480208
1005006918043586
1005007094614121
1005006444764042
1005007341065703
1005006173364162
1005006398972392
1005002903546939
1005006140708837
1005006335310555
1005007054235463
1005006154416817
1005005413639474
1005006838118047
1005006217787923
1005006102591514
1005006500966096
1005005707564446
1005004068637340
1005007074342896
1005006105971133
1005007003524084
33006586003
1005006356905407
1005005382810751
1005003907358137
1005006257476075
1005003777585405
1005005897568808
1005006457908360
1005004156849264
33007979545
1005007302150424
1005006634072803
1005006247623521
1005006756358347
1005005917118735
1005006894277352
1005006261359652
1005006446448799
1005007007274492
1005002004589081
1005005382809705
1005006385886149
1005003748448332
1005006386628900
1005003426375877
1005006365676245
33027375854
1005004174671235
1005006414155436
1005006952394326
1005004867053842
1005004972537368
1005006825811268
1005002950801645
33005247705
1005007327790158
1005006938359851
1005006832985674
1005006662905078
1005006162754932
1005007289561422
1005001686344744
1005004657087128
1005006334444533
1005007108217198
1005004249947702
33012374030
1005007027868386
1005006078559073
1005005144664507
1005005541484744
1005005458184840
1005006480275941
1005007130523514
32963875509
1005007051773633
1005005924968412
33004016211
1005004997002645
1005006143166890
4000008187082
1005005562446848
1005006701961379
1005006147319630
1005003404803394
1005005626841390
1005007309510721
1005005307638471
1005005248317086
1005001636361853
4000910284474
1005006248314157
1005007299734446
1005007188152986
1005007274091515
1005006624322714
1005001719103109
1005007103040892
1005005203113783
1005006181436213
1005005708979781
1005006371351474
1005006060373898
1005006358031779
1005007260671895
1005006233647437
1005005729779858
1005006329240502
1005005066100833
1005005977424064
1005006543173908
1005006331538251
1005006032349918
1005006620823349
1005005936484317
1005007436040991
1005006636430707