32876725626
1005006300509664
1005005847788407
1005004657716698
1005007242449643
1005007242946670
1005003938151822
1005007138526434
1005007139181365
1005007035145523
1005007034952745
1005006996044414
1005006996434124
1005006990535086
1005006989664111
1005006845178169
1005006914407525
1005005951111902
1005004463446051
1005005671672320
1005003278378694
1005007482005462
1005007486066751
1005007468430587
1005007468311279
1005007455907754
1005007456329119
1005006809203386
1005006719468085
1005005339859036
1005003514043529
1005006729414606
1005006685395920
1005006070850716
1005004743107165
1005005930310317
1005006613619305
1005006613103012
1005006570381496
1005006060941583
4000755336133
1005005918368301
1005001624960453
1005004869673496
32957877843
1005004099092302
1005003767460189
1005005440936939
1005005815523102
1005006376738952
1005005653890416
1005005648726815
1005001525734754
1005001714180368
1005002612274238
10000386699714
1005004147914434
1005003232503200
1005006548220596
1005007366333392
1005004624380491
1005006859180165
1005003082571266
1005005921146466
1005001381471046
1005005433693910
1005005983995085
1005005138092467
1005004607510517
1005006436847594
1005006808014393
1005007143694857
1005007469171518
1005007469133353
1005007469104206
1005007468327584
1005007468291260
1005007466716824
1005007456473432
1005007456425512
1005007456232665
1005007456054825
1005007456080993
1005007456464113
1005007455608069
1005007367410644
1005007367073530
1005007256607553
1005007243005027
1005007247068265
1005007244901029
1005007244620411
1005007244354140
1005004557185887
1005004557808141
1005004557376629
1005006450870632
1005003804122941
1005004191521570
1005003735954403
1005006450731901
1005004191423415
1005003736175308
1005004557915465
1005004198636550
1005004182527281
1005003753371190
1005001608735789
10000318031693
1005001638420515
10000168794362
10000237057857
10000221593876
1005002982800300
1005003207742251
1005003192102859
1005002515721536
10000418012961
10000418006088
10000418376085
10000418033262
10000389197452
10000389172935
10000389184322
10000389177340
10000386686212
10000386530320
10000386704221
10000389076922
10000386682988
10000259873693
10000259887081
10000237028474
10000259932209
10000335829989
10000339627972
10000339852304
10000339909338
10000339882710
1005001273308128
10000339888166
1005001273194871
10000356346761
10000356304914
10000352889476
10000352877572
1005001638175786
1005001638430598
1005001638500177
1005001638458501
1005001725228032
1005002416872407
1005002416860234
1005002416984609
1005002416912508
1005002502315136
1005002502670760
1005002502637631
1005002602098318
1005002612130504
1005002612298192
1005002612290251
1005002751858512
1005002882507728
1005002982754255
1005002982764525
1005003043750775
1005003064670902
1005002886344136
1005006449615847
1005007100106115
1005004915676884
1005007233339889
1005007233713213
1005007340526016
1005007460898232
1005006836881597
1005007067469759
1005007336011384
1005006859089448
1005007319962102
1005007184231392
1005006668903806
1005005545377986
1005007046273041
1005006912742513
1005005843748796
1005004292694787
4001196007979
1005005908560172
1005007338386836
1005006019094099
1005006219954816
1005006468185549
1005006031171114
1005005554303093
33038373664
1005007172167033
1005006141498323
1005005889414131
1005005802409847
1005006844039071
1005007220411282
1005005094216873
1005006064095232
1005005732187957
1005005268858932
1005006354081842
1005007220566019
1005004926150665
1005007150364225
1005006162793852
1005006465388883
1005006770354502
1005006997141091
1005004871872466
1005006297915976
1005005954047989
1005006363673653
4000736826959
1005007162443438
1005001649528928
1005006751395461
1005007043269596
1005007421118648
1005006661930765
1005006375134675
1005006731087897
1005005734687993
1005006801406877
1005006917689675
1005006731240508
1005005802480396
1005006448343079
1005006264439075
1005006031064782
1005006150424265
1005005459314549
1005006469987206
1005003774616773
1005005993158203
1005005033268449
1005005540500338
1005007202335231
1005007339242322
1005006374201968
1005006017480243
33038397695
1005004305696485
1005006351039046
1005004314839570
1005006785552902
1005006325525529
1005005050888846
1005005873083484
1005006788617267
1005007199761343
1005006363337032
1005005628848203
1005006759388748
1005006350942295
1005005308503824
1005006922451098
1005005547347780
1005005396991058
1005006396588544
1005006413963437
1005005896986023
1005005540318641
1005005307534820
1005005797795485
1005006865964207
1005006223647922
1005007022621581
1005006162887167
1005006709917896
1005006316505466
1005006787317608
1005006158543109
1005005837837349
1005006373788377
32950119004
1005007006538381
1005002887075439
1005006465512234
1005006179459153
1005007204095191
4000506230679
1005006791918635
1005007435312984
1005001791631372
1005002850050017
1005003013210818
1005005986266472
1005007220366367
1005007196380564
4000111827981
32911039151
1005007053236703
1005001742992145
1005004392187962
1005005545542131
1005007105017709
1005007227690853
1005006250923249
1005006471994370
1005004937633124
1005005746502311
1005006179335745
1005001604097450
1005005942329739
1005007053125962
1005006443624676
1005001946571358
1005006061306766
1005007124964087
1005006418200201
1005003282185214
1005005997712287
1005005540405309
4000252616662
1005007125228338
1005004708168920
1005005812166974
1005004060223765
1005005907266420
1005007234090533
1005005943718649
1005006197664670
1005006510890247
1005002922424905
1005006892458228
1005006548104852
1005005997858414
1005005970895293
1005006696091264
1005005908632042
1005006879767129
1005005710054343
1005006302514473
1005006510782610
1005005185560745
1005006139950721
1005007068285453
1005004807820306
1005007409719694
1005005333513494
1005007053264569
1005007436374586
1005007424725637
1005006834391228
1005006751471283
1005006465889733
1005006400802574
1005006466302651
1005007322264280
1005006484911876
1005006748587652
1005006735689986
1005005462306226
1005005566770213
1005005287248174
1005006770238734
1005006804835341
1005006822545342
1005006731076964
1005006318792256
1005005838124986
1005003967816027
1005004677842663
1005004171812445
1005001779047058
1005001455973138
1005007252775195
1005007232050402
1005007225112920
1005007313895122
1005007216619317
1005006310960128
1005006949891542
1005006751508163
1005006172132311
1005006298402222
1005006172064710
1005005861524360
1005005873004094
1005005850460698
1005005116935196
1005006156822138
1005002418351611
1005003020687424
1005005899965033
1005004552066667
1005002398281567
1005005810380776
1005006821303553
1005004392205560
1005005078628495
1005006108870806
1005006773929971
1005004573494291
4000245647915
1005004895794144
1005006789077368
1005002471101987
1005006031071671
32867045220
1005007197497033
1005005397537223
1005005843962215
1005005995681031
1005006764073131
1005007073067032
1005001476070594
1005006822620123
1005005554211370
1005003285441610
1005006789969756
1005001285299130
1005004391173312
1005006013695961
1005005024287570
1005006472002425
1005006789167732
1005006544740256
1005005997039496
1005006753099874
1005005845653433
1005005996319354
1005007043054115
1005006351013514
1005007158452361
1005002849943402
1005006821492276
1005003171018937
1005006290818060
1005006286121511
1005003112540075
1005007004766683
1005006727164056
1005006059830754
1005007256241232
1005006998946713
1005006768881685
1005005992848053
1005007006292750
1005007204284042
1005006905001233
1005007117966195
1005007372325843
1005006831767870
1005003112425968
1005005911415310
1005006481300467
1005006977174587
1005006621351903
1005007196810035
1005006652829801
1005006286147137
1005006254890440
1005002540807076
1005005911409357
1005005657725103
1005006471915674
1005007359128749
32964587275
1005005599842220
1005006546617613
1005007386603299
1005004949419843
1005006644813756
1005004551216623
1005005545051166
4000602207690
1005006960125710
1005005509523415
1005005509749552
1005006861229008
1005006188620693
1005006712598269
1005007239166818
1005006814084815
1005006851883432
4000491882408
1005006480169931
1005007462757692
1005006112459756
1005006310564517
1005006471904896
1005005972645144
1005006069465855
1005006939625302
1005006770223991
1005007335587982
1005004090462430
1005006684044131
1005007311174548
1005006610198130
1005005980895848
1005006532779555