1005006458014966
1005005106535289
1005006524052204
1005007139284223
1005005834554577
1005006768084513
1005007352732446
1005003071354334
1005007098367446
1005005393275024
32965823004
1005006485627771
1005005185693159
1005006435978779
1005006681963468
1005002631806797
1005002679399248
1005004925192112
1005005626020712
1005004870617205
1005006104330681
1005006025910230
1005006270758005
1005005537330308
1005006268320449
1005006993054997
2039716363
1005002788303003
1005003610461088
1005004510200459
1005006660924403
1005007102225361
1005007092158236
1005007137936651
1005006104757342
1005006673919846
1005006266749855
1005006312938451
1005005298033122
1005006888233267
1005006423022254
1005005872417043
1005005692289228
1005002428608762
1005007245454903
1005007077419543
1005005430446554
1005007365451890
1005006486868226
1005006888947408
1005006744770737
1005006984715716
1005004246160541
1005005892243966
1005006997114556
1005005815972023
1005005848552894
1005003150246424
32983676829
1005006164811349
1005005852585939
1005004513952016
1005006554820048
1005006395514112
4000163313384
1005006073847215
1005006547843807
32671302088
32946558163
1005004420878086
1005006756223552
1005007210978527
1005006526094615
1005006468046950
1005007245798322
1005007339882420
1005006911829144
1005003527139281
1005005545775403
1005007339349641
1005006995728739
1005006702751758
1005006354731823
1005005452358797
1005005429962988
1005006514739697
1005005939547084
1005007204072478
1005006953957574
1005006718290673
1005003433588034
1005006642570040
1005006781711883
1005006285143310
1005005731645973
1005005743074020
1005005872402234
1005006407688736
1005006185369739
1005006647739903
1005003897783173
32462048106
1005005996084409
1005006750851088
1005004319559368
1005006813275662
1005002467204773
1005006479223492
1005006416381908
4001283577107
1005007378653426
1005007084520270
1005003951350203
1005006180305513
1005007031120106
33012494355
1005007303357715
4001283568060
32870931946
1005005800752885
1005007228087555
1005002835768889
1005006423958284
1005003724560188
1005006913138624
1005004339963579
1005006968577661
1005006697583295
1005007199555746
1005006973956772
1005005751044564
4000132997366
1005004441569926
1005003776333081
1005006168473320
1005006851622163
4001274562802
32868682977
4000127759264
1005004651467479
32833837710
1005005081970085
1005005569286845
1005005959947775
1005005792043340
1005005921818653
1005006996944273
1005007204023694
1005006583487998
1005007024743442
1005003776305703
1005006230350107
1005005614346819
1005005589448346
1005007050279244
1005007216225855
4000087499257
1005003423930366
1005007054811305
1005006756642590
1005002926884120
1005006234046427
1005006337214900
1005006392117551
1005006106317030
1005007182036361
1005006103421861
1005005290547485
1005006135739147
1005006786486734
1005005995785199
1005006953915668
1005006216171641
1005005604285022
1005006996039040
1005005219337024
4000419903882
1005007320770023
1005006184898816
1005006378091053
1005007352940804
1005006070317510
1005005130962165
1005006700153144
1005006371604314
1005006353516012
1005004091820407
1005007176926786
1005004473720169
1005006169671233
32744512499
1005005280440330
1005006281786126
1005006903896469
1005005431911198
1005001859303582
1005006082809591
1005006724117807
1005003268126144
1005004618789848
1005006888675477
1005006583154121
1005007322333915
1005007481594099
1005006827902804
1005001407021423
1005007274189465
1005005998793876
1005005993241613
1005006633490429
1005005099018976
1005007434235486
1005005392605296
1005007393503835
1005006823429447
1005007293415560
1005004921722838
1005003285908659
1005004444304766
1005006974195961
1005007330215317
1005006365399001
1005003481233184
1005006622521027
1005006420694398
1005007086500130
1005004803187861
1005005647580450
1005006059398548
1005006851129910
1005006999379513
1005006732284900
1005006491634379
1005005925741352
1005007105148085
1005005445235635
1005005691695257
1005005706850654
1005006907484579
1005006724228185
1005003534429376
1005004653336482
1005005721601924
1005004858778601
4001065945196
1005007262858748
1005004848813270
1005007246765220
1005006325015655
4000007287428
1005007206890493
1005003918052185
1005006416669573
1005005201619067
1005007344340502
1005006756615728
1005007309079511
1005004605038193
1005005574451206
1005003735249517
1005006997423635
1005007262624619
1005006860895218
1005003456586797
1005004174600360
1005006520046830
1005002399818772
1005006864714420
1005007393457980
1005007378814134
1005006211941724
1005005907686209
1005006832004060
1005007031503177
1005005665655082
1005007341425470
1005006948300368
1005006520103634
1005006997091975
1005004638599342
1005007172649156
1005003340220500
1005005721175834
1005003930852750
1005007393428923
1005006827108005
1005006894898691
1005005392555076
1005007144408477
4000077543724
32850917484
1005005497907107
1005005502666392
1005005351549654
1005003704531152
32814200324
4001196314933
1005004441523877
1005003965407434
1005001500086143
4000345048798
1005003427564785
1005003639220719
1005004795892361
4000284383261
1005005261672993
1005001906109623
32597863351
4000230971266
4000938259149
1005004990276397
1005004983686191
1005003007211307
1005003883897658
32921034679
1005005241185809
32985673274
1005002428270307
4001280651546
1005005114867957
1005001802262506
1005005500013229
1005005335175101
1005001933129613
1005005540178730
1005005397277976
1005004918514277
1005005540548228
1005005178532922
1005005487472232
1005005521023490
1005005751782814
1005005530170645
4000865353488
1005006137715909
1005003042500600
1005005345461652
1005004623004876
1005005732804596
1005005043185160
1005003980508323
1005004307475249
1005007227129266
1005003973853486
1005007115410745
1005004955464652
33019744426
1005004446244486
1005005227427443
1005004550402856
1005005248544801
1005005395332408
1005004651629533
4000040963139
1005002013044546
1005004899587782
1005004573749176
1005003439977339
1005001386957470
1005005412372490
1005004528029355
1005004800397738
1005004705597087
1005004996662541
4000017881005
1005003779156727
1005004743168255
4000315915474
1005004587617370
1005004505019563
1005004974461778
1005001526071790
1005004500849669
1005004050060623
1005002990965568
1005004602893158
1005004102711121
1005002439268304
1005001694540167
1005004987958275
1005002917626330
4000580466955
1005001456575403
1005001856610763
4001201187796
1005003478646527
1005002686137412
1005004523707761
1005005182189828
1005004252068114
4000313598682
1005002015410647
1005003803775921
1005002688576220
1005003025329928
1005002613267746
1005004867244505
1005004866514828
1005004054821226
1005001727530574
4000519192156
1005004404214289
1005003809909684
32482203244
4001154125233
1005005521069436
1005003154952662
4000564088814
33046842381
1005005316411009
1005003999283641
4000444853745
1005004968518450
1005002840252229
1005004721032182
1005005217988964
1005002945750634
1005004565206606
1005004008903499
1005004749117069
1005002474075180
1005005223721912
1005004355589571
1005004309796328
1005004944230819
1005005389948345
1005003097367853
1005002386657936
32904438468
1005005028604034
1005002304709343
4000404728751
1005002069000464
1005001918137554
1005003479847240
1005005140117166
1005003767737232
1005003482371949
1005002679809361
1005002329950083
4000078179183
4000517207600
4000444812942
1005005484201645
32933050568
1005003697031484
1005004925411315
4000096770004
4000240270933
1005005607166859
1005004893793596
4001229984470
1005005291517077
1005002952375463
1005004762311953
1005002433005492
1005002580878323
1005003501511688
1005004608336119
1005004557457367
1005005388530529
1005005278528710
1005005472319027
1005004514730174
1005001921677761
1005002032274399
4001296278765
1005005195155405
1005003936743557
1005003813992330
1005002837614607
1005004406107627
1005002388640245
1005002509088094
1005001682920256
1005004955967760
1005003762451630
4001296819511
1005005012635728
1005004863358964
1005002630952213
1005003335019285
1005002432232795
1005002555203408
1005002650715860
1005004541499009
1005002718318875
4000768091550
1005002852312113
1005004943609738
1005002316327051
1005001627008311
1005003582153012
1005005461700754
1005002849624934
1005004176621744
33047750512
1005005521011661
1005004825120474
1005002857980456