1005006763644174
1005007202351866
1005002038323279
1005005615849535
1005007467448699
1005006339061295
1005007203364165
1005001337869020
1005005472750829
1005006387725451
1005006678980038
1005006408503731
1005006609839071
1005007037231021
1005004149868691
1005007237506935
1005007103889890
1005005692246842
32682870385
4001294525772
1005007420632375
1005004374266196
1005007090229729
1005007098208088
1005005949582967
1005006862257612
1005007202471841
1005005848500509
1005007462330531
1005007469857884
1005006425155256
1005007451734913
1005007452356187
1005006181199291
1005006734835435
32816770292
1005005887418247
1005007346074098
1005004898595220
1005007103095564
4000544319823
1005006862069201
2002871038
1005007359079594
1005005626819438
1005006420899558
1005006261630542
1005006019688917
1005005685722522
4000497102986
32832571243
1005002428301622
1005006579376044
1005007452037196
1005007461702774
1005007461721333
1005007462088015
1005005407083057
1005006024062781
1005007010363356
1005005201868692
1005007448194327
1005007457946818
1005003562196069
1005006292297124
1005005754655105
1005005526752722
1005007283048957
1005007275181690
1005007150556536
4000401252001
1005006170335652
1005007203083786
1005007123060289
1005006189924889
1005005538281377
32956205745
32991410501
1005007081243185
1005005528624576
1005007131749334
1005007440448226
1005006023004773
1005006061270115
1005005786588182
1005005840869416
1005005986074609
1005007443196970
1005007443472500
1005007461224407
1005007455035283
1005002915420027
1005005800392176
1005007055353878
1005006388485528
1005007291912909
1005006847201952
1005005946771113
33044232343
1005003609670876
1005006858306393
1005006965514098
1005006387807050
1005005969421153
32902785357
1005007235489956
1005005312589886
1005007469317307
1005004730737038
1005005485591757
1005004185931384
1005005986089531
1005004306335432
1005004880635873
1005006920297528
1005007394201932
1005006393703158
1005006208235576
1005007099305585
1005006368416252
1005007343602799
1005007204054392
1005006169159178
1005005123465019
1005006181445115
1005007062152423
1005007203135652
1005006281914441
1005006753300327
1005007038417461
1005006147570572
1005006496636525
1005007077571467
1005006108050148
1005007450018841
1005007452040175
1005005614432960
1005007055761082
1005005873058186
1005007126143042
1005006105926310
1005006693673211
1005007401381725
1005006418511238
1005005548399081
1005007440127823
1005002685961182
1005005993993806
1005007294555718
1005003620155073
1005005426890896
1005005685724653
1005007038739455
1005004925602144
1005007345448201
1005002738724696
1005005685886997
1005006950056557
1005004608830055
1005004609247158
1005007038760599
1005006061393288
1005007075212874
1005007432891071
1005007258850079
1005005739711616
1005001375154312
1005007204691518
1005003151607656
1005004702670178
1005006732735956
1005007023265227
1005007461765259
1005007445663707
1005007455209948
1005006847113744
1005006862591729
1005001860321496
1005007260929600
1005006936419822
1005002336860094
1005005137077985
1005003636018303
1005005867718782
1005006920357302
1005006925791746
1005003466879215
1005006862640436
1005006045913185
1005006524993516
1005006718202118
1005006877159845
1005006430628123
1005005374302163
1005006850240465
1005007456331158
1005006849918732
1005006309619847
1005006822273288
1005007023228353
1005006748674320
1005006110273132
1005007291630116
1005005786425603
1005007150743237
1005005374390310
1005007156121115
1005003913300159
1005007023262257
32863063911
1005006847315136
1005006854113422
1005006847324724
1005006968400158
1005007048197156
1005006361645612
1005006853491918
1005005786608330
1005006682662680
1005004036122947
1005001279096776
1005006164335484
1005007234795432
1005005980039036
1005002061568637
1005005681715380
4000153107202
1005002299740926
1005007321700917
1005007364666517
1005005387063059
1005007203289295
1005005704858849
1005007356054920
1005007106862930
1005007255752862
1005003111034194
1005005495772480
1005003654413557
1005005458613625
1005006018363235
1005005552487215
1005006265271709
1005005874714605
1005005749757502
1005006326931230
1005007074401274
1005003583945166
1005005310411264
1005005739614329
1005006207616626
1005003822319899
1005005265621834
1005006035383575
1005006857557647
1005002786893755
4001103666004
1005007000303069
1005007053442128
1005005951118423
1005004000750018
1005005626099163
1005006066917949
1005006388420656
1005006051307008
1005005758633335
1005007075459410
1005007325330964
1005007223627404
1005005997694116
1005001612930640
32887527001
1005003535149739
1005006236709076
1005003064048085
1005007381693398
1005002884901550
4000282794864
1005006894503850
1005006989237768
1005006935260456
1005006863979692
1005006031339893
1005007393072730
1005005167507112
1005005131556868
1005003692697333
1005004365798344
1005004836396451
1005003172876796
1005003692586999
1005001518458665
1005002206925333
1005007484335179
1005006884461491
1005007483669349
1005007484258370
1005007483682381
1005007483704835
1005007484298252
1005007483644435
1005007453048150
1005007452626981
1005007452626947
1005007452658965
1005003536332671
1005005549161280
1005007446921313
1005007447109213
1005005632541325
1005004492666646
1005007062124450
1005006094734539
1005007447144221
1005007447042361
1005007349211484
1005003625952021
1005007015033919
1005007060762467
1005006187798426
1005003847169432
1005005681625864
1005006200589403
1005003949674604
1005006939356905
1005006717460417
4001104018111
1005006341288074
1005005976586195
1005005975915106
1005004853199362
4000448870311
1005007175145316
1005003663033452
4000138254276
1005006685227873
1005006988281494
1005007213991004
1005006207815780
1005005065646864
32487962535
1005005979186550
1005005467623543
32701663827
1005006375419066
1005006733472456
32793907693
1005006882766855
1005006117769124
1005004325156702
1005003001882172
1005005907919374
1005006217958119
1005006357427895
1005005905563836
32957450795
32685628889
1005004229581090
1005006000932369
1005007283453446
33048921496
1005003241683954
1005006842964308
1005003510312960
1005006415954825
1005006299296157
1005006246809164
1005005819988753
1005005056672704
1005007247743562
1005006756319777
1005006982674860
1005007052759042
1005003724356729
1005005051034899
1005004409890846
1005005962972815
1005004065736967
4001306790132
1005006212101764
1005005865132969
1005007420314768
1005006277080284
1005007207309010
1005007197668564
1005006375444051
1005006161312293
1005005003536975
1005005107015129
1005007105791399
1005003136500598
1005001287858734
1005002613190772
1005007320077544
1005006806620564
1005003988265600
1005004662883101
1005005942439082
1005003351346638
1005006693227485
1005006206070206
1005006883376127
1005003041970084
1005007188390264
1005005743615673
1005005881631280
1005005747666879
33046099359
1005005503950780
1005005939704024
1005006977089395
1005002627073473
1005004880128555
1005005481042957
1005003615410728
1005007164264389
1005002561413859
1005007059403496
1005005054204266
4001309766869
1005006169802391
1005005714153848
1005005897255081
1005007076346331
1005006131234540
1005005870587542
1005006665579431
1005006072303741
1005007116297862
1005006470087990
1005006698931220
4000100204597
1005007043939381
1005005150660132
1005005929125867
1005006607354695
1005007087001502
1005006854138655
1005006891077252
1005006797131040
1005006855336230
1005006646474915
1005004661315671
1005006975593926
1005004506608046
1005007066067570
1005006978661372
1005007098138764
1005006511137360
1005006840600814
1005005605767417
1005007345673186
1005006947398141
1005005726239256
1005004174738817
1005006985337742
1005006916348413
1005006995682796
1005006749910984
1005006217586666
1005006854902573
1005007217581906
1005002136959578
1005006004043116
1005006485058726
1005007199515435
1005007197166461
1005007300984937
1005007058625483
1005007247213580
1005006816646741
1005006813607406
33033424465
1005004506381705
1005004383483736
32988034555
32966362537
32788919735
1005001775098822
1005006064829883
4001280165462
1005004502229038
1005004500333658
1005005604318451
32726792455
1005004431581681
1005003788068708
1005005215791927
1005005979307179
1005006922118602
1005007484114678
1005007484038958
1005007066952282
32796443714
1005007269294737
1005007072536306
1005005192532957
1005004889797616
1005005073234261
32846744298