1005007469492689
1005007447557587
1005007473596147
1005007470530688
1005007454163537
1005007474286009
1005007097491738
1005006885200928
1005007097754325
1005007467450063
1005007469274587
1005007474447989
1005007459470833
1005007461284501
1005007456530880
1005007461806279
1005007454274214
1005003438112969
1005007464605059
1005007458791147
1005007460770427
1005007458426946
1005007465969522
1005007457184922
1005007456959280
1005007458173414
1005007461329394
1005007452214744
1005007452795722
1005007449104562
1005007458124861
1005007451256280
1005007455091688
1005007462783651
1005006368259308
1005003374140946
1005007461320162
1005007444020595
1005006064364270
1005007452317393
1005007449435992
1005007449709850
1005007449941731
1005007451727804
1005007456875625
1005007456427012
1005007447232415
1005006078514991
1005007450018715
1005007446137353
1005007448055406
1005007447972457
1005006093360894
1005007442185864
1005004044774389
1005007444605440
1005007438960714
1005007247962130
1005007424194255
1005005778541098
1005006798024558
1005007446823927
1005007446371987
1005007448209042
1005006050934500
1005007424071884
1005007430786481
1005007269354724
1005007324620823
1005007063678450
1005007409741154
1005007145349436
1005007012557269
1005007032470188
1005006888880967
1005007016081023
1005006848431413
1005007348567115
1005007401573346
1005007385170307
1005005963395525
32888251012
1005007378221821
1005005982133940
1005006880897619
1005006847767522
1005007323044777
1005006427691239
1005004403067113
1005006912706742
1005007343848998
1005007352631365
1005007356845369
1005004369678492
1005005327428305
1005003125418622
1005005026910947
1005004918702030
32550319446
1005007322011209
1005007108895293
1005006618178655
1005006561817028
1005007167516369
33002757169
1005007252124803
1005007173338786
1005007143376458
1005007147003633
1005007056005188
1005006964103174
1005006713849890
1005006652876117
1005006382645748
1005006847862095
1005006376736346
1005006106712112
1005006112476628
1005005896462488
1005005672806266
1005005510146370
1005007040036165
1005006881134969
1005006614332987
1005006470996268
1005007046004433
1005006842007064
1005006469961576
1005007093703345
1005006767490406
1005006535689414
1005007307282282
1005006834934439
1005007300170997
1005007290641218
1005007231317424
1005007204623768
1005007173359729
1005007081912752
1005007073158914
1005006939952606
1005002774555497
1005004155296563
1005005093613907
1005002604787247
1005006151153539
32953249827
1005001833503574
1005006895773086
1005006873395468
1005003152969475
1005001403701753
1005003292936798
1005006814253271
1005006801199270
1005006608383269
1005003286472290
1005003888325951
4000406509319
1005007447182332
1005007267660388
1005004776566028
1005006750502781
1005005872460822
1005006515983491
1005006064004421
1005006727570207
1005005992417700
1005004864251631
1005006665704338
1005006117983251
1005004018781020
1005004018685587
1005004064888511
1005006637647407
1005005098775108
1005005357580388
1005004567243039
1005004327401322
1005003956647285
1005006373035179
1005006150363285
1005004479364674
1005006561806032
1005006561760057
1005003728912090
1005003120290851
1005006049397561
1005006549764586
1005006545878269
1005004332870986
1005001868202039
32780785116
1005006480434612
1005005924269340
4001251625663
1005006078232281
32861986141
1005004117398445
4001253819290
1005004921760665
4000513392103
4000212112447
1005005700451110
1005005700311606
1005005421990113
1005002476926248
32880903356
1005002316278076
32805894297
1005001290519446
1005005589567381
1005003332844932
1005001915712742
1005006051196329
1005003369403924
1005006242516650
1005006184403754
1005003810161451
1005004579201509
1005005509761663
1005001444126788
1005001913363738
1005001527120451
1005001709351456
1005001485258159
1005006005850139
32795510887
1005003780178557
1005003678672248
1005006778177591
1005006724130915
1005007341742910
1005007310648261
1005007269055552
1005006949358174
1005005853427623
1005006173753113
1005005853995072
1005003917985871
1005006300935477
1005007085315945
32998318304
1005004211149150
1005005901928964
1005007090647263
1005005583847505
1005007444646718
1005006142657391
1005004872493418
1005007370802369
1005003665336345
1005006116537315
1005006269272340
1005003777601661
1005003080711538
1005004673642133
1005006265306783
1005006286091822
32833929691
1005006783427180
1005007247497460
1005006233132352
1005006233184537
1005006234053880
1005003836520496
1005007446618526
1005005009686586
1005005024813052
1005005024791225
1005007446421854
1005005269692296
1005004778558478
1005004778631804
1005007446790323
1005003835549612
1005005862191332
1005003957020195
1005007349903310
1005004673603402
1005004034464753
1005004707991398
1005007412914966
1005004707942984
1005004708000328
1005003890434127
1005007304709981
1005003696001062
1005004210916591
1005003824252489
1005006315632519
1005003824586462
1005004522242513
1005003797887560
1005005994382543
1005005895680919
1005006264089016
1005007196452625
1005004708038047
1005003890410190
1005003890288790
1005005578677680
1005004091956426
1005006276407079
1005007446777326
1005006838137094
1005006670964230
32818735971
4000283085409
1005006440338792
1005003681696508
1005003070124857
1005006001094974
1005001356452727
1005001831782959
1005005178376227
1005003076293087
1005003058218804
1005001576447154
1005005056436449
4000014725664
1005006564913841
1005006266904608
4000452234140
4000530820844
1005006713071044
1005003835856554
1005004636102275
1005006030424939
1005003585522727
1005003824376238
1005003040744831
1005003613070741
1005006062003653
1005004820336501
1005005874813598
4001205348796
1005003630967280
1005006056994485
33062231292
1005004848098583
1005003834884192
1005002508748877
1005007015854709
1005003834892113
1005007202738667
1005005833817253
1005004774595493
1005004875615367
1005004728218390
1005004420043370
1005005401957677
1005004008384949
1005004837328654
1005004915444902
1005004427061429
1005003141881130
32953595015
1005006466651268
1005006207039940
1005005278566492
1005005421661260
1005005440496464
1005005484638555
1005006765885647
1005005295585534
1005006397917341
1005004497188749
1005004476311063
1005006012542340
1005007313330694
1005003141118713
1005004492448210
1005005099381925
1005004486472413
1005006108074677
1005005184047995
1005001962532548
1005007356140715
1005004888403453
1005004845080762
1005006092231572
1005005268561493
1005005287915378
1005005288068301
1005004492726647
1005004905809464
1005006868976606
1005004252005343
1005005136103223
10000332537489
1005003342091471
1005004833183021
1005003514563060
1005004486447886
1005004249256767
1005004508903971
1005007284972701
1005001975601004
1005004875605940
1005004508502235
1005004491943300
1005005274866505
1005003107701869
1005007371186750
1005004320341565
1005007347578505
1005004249340073
1005004467683179
1005002514102131
1005004492717664
1005004320307236
1005007356224521
1005001768080555
1005006397374386
1005006089941202
1005004099858841
32993521142
1005005244338115
1005004314361948
1005005244219288
1005002367635439
1005005279907093
1005005268767453
1005004496169171
1005003574285724
1005003955896667
1005003269860454
1005003766250878
1005004468141241
1005005146967216
1005005458146864
1005004121114810
1005004251741923
1005004106634356
1005005101545644
1005005461083862
1005001940454994
1005004294550712
1005004233289716
1005004233292738
1005004241641294
1005006762014879
1005006905434873
1005006988277099
1005007307913705
1005006011197492
1005007356143752
1005007101326159
1005007342790917
1005006970358392
1005003640429238
1005004992283557
1005006920055287
1005006621245474
1005003339272942
1005005650373972
1005007343019712
1005006166764949
1005003745064161
1005007025002410
1005007086450101
1005003668538791
1005006180695559
1005007211146720
1005006400643416
1005005457735455
1005005660728480
1005006547992562
1005005637584791
1005007371167819
1005006991744902
1005007211633918
1005007239138749
1005007368949280
1005007045238757
1005004341995328
1005005553117806
1005007266597696
1005004570084100
1005007210122308
1005007181681802
1005006079910197
1005005826132835
1005007338118847
1005006363757730
1005002090729718
32972143207
1005005847874019
1005007273021013
1005006303534609
1005005643522284
1005005738255292
1005006011537794
1005005748164014
1005007227028392
1005005978806196
1005006394280064
1005007211055919
1005007360643714