1005006156518317
1005007284676096
1005007145140365
1005005872416488
1005007052222753
1005006908581534
1005006807918552
1005004291919899
1005006815139678
1005004742447056
1005004683104999
1005006647487056
1005007103558349
1005006612997761
1005005965220063
1005006097716443
1005007045948126
1005007374492648
1005006871104909
1005004146105296
1005001474583176
1005006862062008
1005006163204635
1005006608361151
1005006766332973
1005007312472686
1005006066097104
1005007129043308
1005006333905848
1005007294784399
1005006307952091
1005005505986613
1005006353477909
1005005872740284
1005007327968879
1005007300894032
1005006075706857
1005005872612533
1005006692147089
1005007177126240
1005007427624635
1005005872614773
1005007470398636
1005006471537629
1005005875087450
1005006351441376
1005007116363777
1005006753825335
1005005593285179
1005007350235401
1005005873779544
1005006124386441
1005007320286876
1005007050106518
1005006770994536
1005006254225756
1005006943635508
1005006810631754
1005006069246172
1005006815626433
1005006433987928
1005001915224354
1005002523165396
1005006303458756
1005005978896812
1005007267672936
1005006652291594
1005007286862436
1005005202072715
1005006450746979
1005007129275342
1005006126022129
1005006713680811
1005005872988642
1005001963928622
1005005681690899
1005006594415882
1005007022564699
4000261449878
1005007282701821
1005007243787456
1005006345785998
1005006046060949
1005006770497391
1005005872588156
1005006877360909
1005005871980242
1005003587736848
1005006010524975
1005006457912371
1005006336241298
1005005872431836
1005007095005479
4000867234178
1005006262133128
1005005069715311
32880730513
1005002807945404
1005003834440727
1005003822269469
1005003218233362
1005006125526901
4001339978199
1005002323949072
1005001935263322
4000296359764
1005005192906310
1005003849434339
1005005369925814
1005004289784079
1005003409873027
1005005061354922
1005004154323214
33040784878
1005004212712870
1005004662779701
1005004752990477
4000060490714
1005002504639798
1005004007837841
1005004658563354
2038659590
1005006351393575
1005005575083269
1005003656136052
1005005248809932
1005002541531337
1005006069204404
33008307633
1005001573688572
1005003771298202
1005004045678507
1005004401159218
1005003813214760
1005002985152331
1005007268185007
1005004474175880
1005005413434854
1005003663449549
1005005387496606
1005003559639017
1005005980122374
1005003228466901
1005003334070138
1005004907119817
1005003177436536
1005004229005042
1005004460471649
4001108254298
1005002033968650
1005004906015269
1005005095983817
4000974783081
1005005091915299
1005005089028480
1005003809617270
1005004497116450
1005005005782086
1005002935990216
1005003640942247
1005005994236853
1005007271838930
1005006600798952
1005006985667053
1005007168365232
1005005171738067
1005006718666570
1005007426349761
1005003293977365
1005007383834997
1005006499430000
1005006125892430
1005006103517506
1005006065978662
1005006603694257
1005005872846773
1005006572295271
1005004915177703
1005007434129025
1005004467824530
1005006351420712
1005006555157626
1005006132201160
1005005807198558
1005001896461062
1005006555186668
1005006818463823
1005006738108879
1005007028821653
1005005948086260
1005007243288612
1005006283573653
1005007265937878
1005006450800697
1005006411293792
1005003659225495
1005006023550722
1005005965777110
32600783056
1005005994751078
1005006083936182
1005006989483763
1005006027194446
1005006779468159
1005006548575017
1005006071188259
1005006044136873
1005005915125189
1005006097696578
1005006769076049
1005005103377409
1005005943599111
1005006125708887
1005007401930158
1005007060931720
1005006450012212
4000117883521
1005006395865382
1005006305428679
1005006917086106
1005006946450162
1005005945645624
1005006017085341
1005006019868031
1005006305097320
1005002368718453
1005007311541659
1005006027026001
1005006895463735
1005006347436785
1005007325385169
32956124870
1005007315378726
1005006351552528
1005003500674431
1005006555335541
1005006902238182
1005006247947237
1005006098698251
1005006031302433
1005006838405694
1005005085071324
1005006424630706
1005006485329714
1005005824880130
1005006612780040
1005005821177552
1005006191641339
1005005075605032
1005006776502215
1005006679744856
1005007032437806
1005006135896740
1005004949924271
1005006336360823
1005004061201636
1005006547722952
1005006634763202
1005006910645799
1005006624612072
1005007160097176
1005005875149291
1005004094162510
1005006849750919
1005004227565240
1005004346185480
1005006893532831
1005004960246779
1005006460659985
1005006820012660
1005005134502117
1005002061359336
1005006563239309
1005006575292270
1005004519708205
1005006722146450
1005005942883349
1005007223530138
1005006980732417
1005007076949097
1005006969005515
1005006833669226
1005006916430272
1005006030824784
1005004797075231
1005006183491798
1005006055816351
1005004324693802
1005007174430658
1005006362893942
1005006912793316
1005007208071624
1005006134031254
1005006575345732
1005006614938324
1005007427044120
1005005677262626
1005004246491582
1005007367711113
1005006661424457
1005006670265331
1005006079633686
1005007051136413
1005006060186634
1005005961484061
1005005533330053
1000008941261
1005003161976845
1005006826785232
1005005749223361
1005006959669799
1005005908275963
1005006829419637
1005007083663987
1005004007957637
1005007259885715
1005006696267842
1005004384203115
1005006777966957
1005005996677368
1005006421004628
1005006032141037
1005007396746281
1005007277550366
1005006046744139
1005007254829668
1005007384940299
1005006854616929
1005006126457080
1005007456682067
1005006366054531
1005006885627214
1005006219911944
1005006746839881
1005006359730591
1005006966589107
1005007051624077
1005006101394820
1005006615030569
1005005307766217
1005006890462662
1005005908391182
1005006411675420
1005006826900560
1005006238912902
1005006592048806
1005006485473771
1005006770487719
1005005430691307
1005006818981686
1005006850872956
1005007262487815
1005007180127724
1005006919537952
1005006147937082
1005006211900032
1005006332828187
1005006548432904
1005007061163636
1005006236254783
32602612988
1005007039159789
1005005985717880
1005003230425984
1005003767507995
1005007128604266
1005005863530136
1005006665885549
1005006918250051
1005007117838538
1005003132958793
1005006892229412
1005006575491496
1005004987277775
4001077210210
1005006759214007
1005004629905555
1005006819819440
1005006277646984
1005003117488753
1005006169396225
1005006808466466
1005006775310072
1005006783658378
1005005997216689
1005006959437463
1005005931948634
33009965503
1005006289032411
1005004270266867
32914292643
1005005967300821
1005005526110566
1005007227219695
1005006472911411
1005006774674227
1005007061710901
1005006494322128
1005006103584561
1005005975545225
1005004887688962
1005003502486133
1005003176254929
1005006519177934
1005006727737598
1005004754150080
1005007069410069
1005006743386590
1005007090190080
1005004661249771
1005005573951459
1005003877257390
1005006168529605
1005002241913079
1005004861994575
1005003451114190
1005003584066876
1005007178506431
1005005471893131
1005006920436794
1005006781509888
1005007007231181
1005007031230144
1005006480200308
32663785615
1005006107903430
4000195571637
1005006434435662
1005006592863217
1005006848218123
1005006379091808
1005006473249557
1005006585309222
1005005578532034
4000077720465
1005004774567719
1005005449908108
1005007256959484
1005006366632500
1005002203455961
1005001270056265
1005007081230115
1005007167443942
1005005574528992
1005007258428138
1005006989554411
1005007045950509
1005006425457904
1005001667092190
1005005955310418
1005005513710947
1005004185874590
1005006252117374
1005007308772830
1005006720141721
1005006238766813
1005006865699142
1005007197008703
1005004304335609
1005006748147989
1005006638563895
1005005815064256
1005005853514961
1005005916329117
1005006607086012
1005005240662255
1005006802298749
1005001644693563
1005005593920883
1005007084103336
1005007125255496
1005006754053705
1005007234843025
1005006665902994
1005002640851004
32920986356
1005003694169067
1005007143487056
1005006255761016
1005006745216807
1005006518992261
32322704413
1005006332594234
33039961169
1005006326022073
1005006119458161
1005006996769766
1005002979024543
1005007123681873
1005006126849750
1005003379396494
1005006924129556
1005005976581219
1005005166610031
4000967954525
1005005871362383
1005005209764037
1005005972933317
1005006859970988
1005006187447588