1005005826975383
1005007033871483
1005007118594373
1005007083084735
1005006857217644
1005006148549924
1005006809017070
1005006446363952
1005006646622532
1005006767636123
1005003686793201
1005001810676641
1005007092580274
1005006942602904
1005003631653249
1005006856193205
1005005835346260
1005006825492705
1005007115022771
1005006894260018
1005006826464377
1005001437241090
1005006778736620
1005006207673535
1005006827457590
1005005552067777
1005007166524404
1005006030871089
1005006270681045
1005004604239846
1005007128815378
1005004613641105
1005006278650686
1005006716966342
1005006288612743
1005006370190176
1005005321725244
1005004271901732
1005004895415668
1005006336321386
1005005295314402
1005005436181946
4000086143796
1005004003080345
1005005703730642
1005004462079596
1005006917038368
1005004203766522
4000714678912
1005001265493399
1005003494713883
1005005900326703
1005006828352144
1005003974871031
1005007136873572
1005002958438176
1005006427668068
1005007305835465
1005006359472593
1005007300677474
1005006034315931
1005005993452256
1005007296451823
1005006380808141
32991411815
1005007307292312
1005006838447532
1005006085138089
32867353520
1005006630094119
1005007105706502
1005002304408359
1005006015227411
1005005576117961
1005007315498039
1005005831296063
1005007307824505
1005007263975008
1005006052752878
1005006054940779
1005006912585019
1005007022915247
1005006337058218
1005006345039833
1005006772129876
1005007060274333
1005006908745874
1005007375925321
1005006056484044
1005006909329091
1005005382015066
1005006061049140
1005007307213411
1005007416590203
1005006856434842
1005007090977777
1005006826734366
33006394540
1005007375481187
1005006097829047
1005004903517208
1005007023152678
1005007281802794
1005007376047172
1005006909289705
1005006632188462
1005006797112099
1005007262577121
1005005979874459
1005007426587003
1005006345276149
1005006856727143
1005004509407542
1005007308854558
1005007022215953
1005007375846779
1005007196221480
1005007018170637
1005007265930158
1005006888351664
1005007047086520
1005007020590066
1005007321347393
1005007309671184
1005005589889213
4000349228087
1005006793374910
1005006866430551
1005006172313388
1005007223212729
1005007212303576
1005007371699565
1005006897186972
1005007264507074
1005006809916658
1005007187112560
4001284228978
1005006478869232
1005006861678372
1005007212569089
1005006908820571
1005006949265956
1005005437841706
1005004753487688
1005007220587032
1005007199282128
1005006797099029
1005006897793423
1005007199308104
1005006976018990
1005006909259171
1005007199064040
1005005532803608
1005005789930563
1005006103706077
1005004287811537
1005006856778421
1005006178783342
1005006178714716
1005006924812241
1005007341386997
1005007165962134
1005006918568008
1005004871793392
1005006797127161
1005007165714610
1005004895972693
1005007164159812
1005007262237924
1005006856651443
1005006885285599
1005006383613020
1005006866355628
1005007233359711
1005006898009420
1005006404410551
1005005495505775
1005006797657124
1005006595345280
1005006883088410
1005006884769300
1005006031767006
1005005973092426
1005004609842560
1005004295281001
1005003052590418
1005003040406983
1005007216599397
1005006786002126
1005005476936612
1005007021370489
1005006676084648
1005004863355488
1005003641929700
1005005016965556
1005005771877478
1005006128992156
32910337814
1005004156272440
1005005948233289
1005005948227321
1005006186542113
1005005948153966
1005007447008330
1005004617252513
1005006624395150
1005004757427402
1005005532175728
1005006055443361
1005006348374489
1005007108781796
1005004046259407
1005007316243215
1005004631691197
1005007000311797
1005006548204844
1005005991325983
1005006136146006
1005007053858101
1005004695156421
1005006851902413
1005005916544209
1005007193219246
1005007203142311
1005006376026354
1005007324362292
1005006261443732
1005007003614708
1005006288518714
1005004844723536
1005007324195731
1005006865603396
1005006467021040
1005006340202752
1005007115907351
1005006728238541
1005006284001793
1005007036932847
1005005880996995
1005006044260904
1005006912281251
1005007062169754
1005007316122949
1005006067660925
1005006954435381
1005007151294264
1005007033242258
1005004904349031
1005006991575975
1005006140616279
32880798254
1005005922489504
1005007197739108
1005006991883099
1005007272849695
1005003280873456
1005005748981365
1005006200961694
1005006065564524
1005007208053687
1005007446613730
1005003913744497
1005006463012220
1005006285086681
1005007187649799
1005006312648703
1005005094207062
1005004443620700
1005006348308989
1005006467600211
1005004984548828
1005006912073850
1005006071281641
1005007175353622
1005005242287915
1005004908886972
1005006778107024
1005005954474522
1005004580255182
1005007036498713
1005004649324376
1005006366187367
4001355525353
1005004917472276
1005006344144202
1005006261456033
1005002748119297
1005006169602971
1005006858367422
1005005214134778
1005006948511983
1005006072034197
1005005577456424
1005006186473494
1005006774607094
1005005589724516
1005001995390083
1005002822722734
1005006513867494
1005006920581290
1005007240088722
1005004007253326
1005006270382471
1005006562568225
1005005633132755
1005006044099506
1005005499681657
1005005309252736
1005006896406231
1005003204182856
1005006786193104
1005006676485929
1005006954222988
1005005764573962
1005006722373975
1005001335549671
1005005933456472
1005006354910909
1005006365479969
1005007316331488
1005006001897269
1005006374673889
1005005982066290
1005006221911921
1005005435104174
1005007203649175
1005006263827237
1005007234505611
1005004832754060
1005006220689443
1005005457495469
1005007419638154
1005006240391421
1005003640924774
1005006337421960
1005004407604206
1005006035176984
1005006044320536
1005005777119633
1005006001084034
1005005995486347
1005007188550334
1005007081002117
1005004617071158
1005006400878133
1005005612553688
1005001946727775
1005006648846769
1005007476967284
4000540406341
1005003224807662
1005006797710999
1005006837874172
1005006177005464
32839333095
1005006429454201
1005006221832626
1005006429577317
1005007250470130
1005006792074854
1005005500254630
1005005499568924
1005006070848900
1005006072037166
1005005293166834
1005005998545136
1005004917057233
1005007288428961
1005006221925924
1005004705251300
1005005458122641
1005006337417911
1005006053838762
1005006943206499
1005006959746991
1005006434905845
1005004617163158
1005005335217084
1005006663868465
1005007089398750
1005005665856422
1005005593648083
1005007081500097
1005006754952420
1005006201064116
1005006774560204
1005007130546804
1005006461547323
1005006991658807
1005006014586138
1005006221244860
1005004966987122
1005007195435915
1005006462996356
1005006939483892
1005006319164229
1005006908003364
1005007243249144
1005006727985818
1005003986577123
1005006607807467
1005006067695364
1005005995321376
1005007163408285
1005002659096782
1005004603391160
1005006216941120
1005006463040708
1005006177049094
1005006833969428
1005006781923905
1005006177020243
1005005507311830
1005006043149593
1005006325211757
1005006068032345
1005007009243222
1005006070793891
1005001795707648
1005002358647572
1005007243211768
1005006396575747
1005006658316379
1005007182758240
1005006930987146
1005006258522102
1005006567769449
1005006902554509
1005004314634270
1005007333305420
1005004727789352
1005006258075943
1005006174593297
1005005759897703
1005006580013071
1005006172188101
1005007001864489
1005007137893996
1005007267268793
1005005852754780
1005006548510636
1005006000942931
1005006199947695
32425999914
1005004046201329
1005007225686804
1005006378063764
1005003281586384
1005006907128662
1005007115985677
1005006100848175
1005007290753763
1005006177017293
1005004604396885
1005004839360331
1005007271973815
1005007037986495
1005006371194903
1005007385354421
1005007251602907
1005006186844743
1005006364567714
1005005111910089
1005004497055353
1005006755613799
1005005457161350
1005005806153526
1005006352771683
1005007079629189
1005006634770302
1005006982950099
1005005279761915
1005006690696208
1005006990206620
1005006590286867
1005006244848973
1005006375698882
1005005455375067
1005007306689307
1005006155435899
1005004866435402
1005006828788505
1005004981929477
1005007356458200
1005006034853719
1005006960997877
1005006776786724
1005007247722357
1005007032074328
1005006035018692
1005007468925410
1005004874607642
1005006628806817
1005005978721665
1005006446961092
1005005958119025
1005006317554284
1005006257769343
1005007004936610
1005007166704132