1005006298609835
1005006842832897
1005006583891981
1005006919374459
1005006298631744
1005005874680840
1005006298632709
1005003836590314
1005004428427453
1005005250862511
1005005897325858
1005005897332678
1005006584335057
1005006584543546
1005005897412053
1005005738386036
1005006825205872
1005006298581993
1005006810536097
1005007038179988
1005007458195670
1005007458358370
1005007458255558
1005007458493070
1005005179588908
1005006298656573
1005003626499126
1005006298668492
1005007262949469
1005006816122309
1005006374556866
1005007351377772
1005006743230499
1005006742788269
1005003153240218
1005007458345370
1005005897511767
1005006298675465
1005006584258739
1005002593626654
1005003626501124
1005006743331002
1005006726908656
1005003625210721
1005004630881658
4000939563357
1005006685363591
1005005034495505
4001113395610
1005006457275696
1005001463661604
1005007256056163
1005006743318181
1005006298627719
1005006238274808
1005006585383202
1005005381002922
1005007081094677
1005005894514228
1005006412795945
1005007184593183
1005005738380132
1005006584333595
1005006584035884
1005006582977604
1005005738320465
1005007488233007
1005007488152193
1005007488273533
1005007484772898
1005007484734957
1005007485112072
1005007482971416
1005007488231229
1005007488303020
1005005513506840
1005007458529008
1005007458230637
1005007458460179
1005007458217632
1005007458147733
1005007458241607
1005007458403300
1005007458382367
1005007458543005
1005007458145818
1005007458013977
1005007458046946
1005007458337463
1005007458368419
1005007458139717
1005007458109841
1005007458142767
1005007458540019
1005007458334466
1005007458379368
1005007458142788
1005007458033927
1005007458223601
1005007458139710
1005007458300455
1005007458119800
1005007458539010
1005007458320447
1005007458349412
1005007458193667
1005007458067887
1005007458188714
1005007458403351
1005007458287583
1005007458502058
1005005897527425
1005007255782623
1005005380991983
1005005897408156
1005006803904574
1005005188020354
1005005316726921
1005005543871760
32716114424
1005006002501927
1005004155659334
1005003826354535
1005006216968323
1005005043390244
1005005043426737
1005005544101009
1005005045365704
32758045936
32438945225
1005007048198654
1005007486694863
1005007488424027
1005007487748663
1005007476757842
1005007477887067
1005007488305913
1005007476710074
1005007477891094
1005007482920388
1005007481649237
1005007483190261
1005007485765047
1005007484261596
1005007481553479
1005007478983994
1005007478585320
1005007473655272
1005007447164452
1005007471367756
1005007081007597
1005006096097128
1005007471408673
1005007464751011
1005007457342342
1005007461244923
1005006441551324
1005007410849957
32339451196
1005004501503218
32805343285
2008325431
1005007272631187
1005006648738833
1005006202910642
1005003749879938
1005006973138229
1005006042783153
1005007375427613
1005007234394762
1005005753477043
1005007465111621
1005004202202054
1005007433579074
1005003988681218
1005007280058127
1005006623722280
1005005573454812
1005006864162821
1005006837810282
1005006209470466
1005003474110821
1005007333174174
1005006076231136
1005004457730725
32679011300
1005006386587466
1005006401385050
1005005527193002
1005007449580432
32259984000
1005001550843954
1005006827278613
1005006374792491
1005004204599252
1005004878928892
4000587013215
1005006117349516
4000250648121
1005005737887006
1005004505413361
1005006956253425
1005005834863930
1005006468854672
1005002205086500
32830409676
1005007400307244
1005006661204433
1005001444887416
1005006381906800
1005003202279387
1005007431811070
1005002218761621
1005006865765042
1005007314465902
1005006685081360
1005006865798784
1005006392744414
1005005882901292
32671709287
1005006276237023
1005006805917266
1005007138184171
1005006058446177
1005003351129059
1005006904088033
1005006826611926
1005002978091358
1005004724132506
1005007349300621
1005004954152070
1005006960206483
1005006525797063
1005004894373804
1005007290718526
1005004724433729
1005007439498881
1005003637918753
1005002904946762
1005006722943781
1005006444533176
1005004553698539
4000426938311
4000418902479
1005006104198252
1005001316638704
1005005340885729
1005005266013064
1005006141243721
1005005096691150
1005006207121522
1005006411619180
4001084896876
32388008851
1005002357653028
4000911581346
1005006976724891
1005007022164550
1005003649370297
1005006476169485
1005006569937056
1005007327357819
1005007442465721
1005007358282335
1005007137635605
1005006818924730
1005002953307668
1005006273708117
1005002608830900
4000295654329
1005006508078476
32850366097
1005005759861294
1005005838884089
1005005666214720
1005006140564102
1005007173360780
1005001894395705
4000211221375
1005007180476575
1005006826457219
1005006048480782
2003966058
1005002976015274
1005001737681670
1005006411465749
4000381535810
1005005865485088
1005005372308685
1005006924634305
4000060791174
1005005972694403
1005006015558000
1005006953359769
1005006861116018
1005005981778975
1005006375453014
1005004651558330
1005007043578863
1005006489018658
1005005543226060
1005006026077942
1005007108916421
1005003993541617
1005001387351091
1005006275712395
1005003270542575
1005006813780940
1005005567096557
32844769685
1005007021843779
1005006696849192
1005006993747154
1005005627450529
1005007329830680
1005005703857659
1005005635774867
1005006312278478
1005003433683055
1005004005817592
1005006745550425
1005005237060334
1005005925008842
1005004285344852
1005006413308066
1005006031769648
1005007104106396
1005007157307262
1005006961444862
1005005532374572
1005005889071131
1005004281303870
1005006063841641
1005006036661615
1005002131410212
1005006243352966
32804081861
1005002822738909
4000414783088
1005003979621325
33015994836
1005004387601353
1005002855363670
1005006099970072
4001247796743
1005002382739231
1005006127621687
1005005192984178
32870890328
1005001551057107
1005005863383157
1005006490507983
4000054967733
1005004763287506
1005007333554221
1762896267
4000911298099
1005003292491659
1005006978667508
4000163321506
4001050443716
4000058324614
1005004160030562
1005005805741644
1005006018259577
1005006375175924
32921247796
1005004603682843
1456537012
1005006108424312
1005006052886195
1005006467282717
1005005535491846
32714623435
1005006918070853
1005005385714630
1005005787683172
1005007072680744
1005007288177573
1005005282357283
1005006696349716
1005006108377176
1005006697244753
1005007017640273
1005007433260763
1005006115665076
1005007090819449
1005006602803129
1005005537142143
1005006553610396
1005002705939522
1005006105960527
1005006107102688
1005004199878460
1005007058791196
1005007272755849
1005007093629300
1005007446739542
1005007446573956
1005007431612718
1005007433207086
4000124366075
1005003689178583
1005007433680239
1005007141943944
1005007416212508
1005006564713674
1005007000848194
1005006895885017
1005007225029671
1005007295890098
1005007283147446
1005007423927791
1005007203241128
1005007409262990
1005007411429243
1005005720900320
1005007409435270
1005005690610048
1005007130872578
1005007353893852
1005007056286042
1005007152735219
1005007054647644
1005006959868778
1005007134272796
1005007226239499
1005004892528861
1005007107076167
1005007176911510
1005007161584745
1005006819855958
1005004891360854
1005007057570930
1005002626776995
4000834365115
1005006997449540
1005007169767631
1005002888568438
1005007455171587
1005007420075803
1005007125589638
1005007394410658
1005003202638456
1005007309101776
1005004891325947
1005007078215404
1005006975723405
1005006959663876
1005006944697338
1005006919242793
1005006855435883
1005006901233795
1005006862321238
1005006862268329
1005006862090833
1005003191733304
1005004062266644
1005003826286605
1005003705415915
1005003701318126
1005005759520433
1005003700968544
1005003351126137
1005005944280405
1005004040795038
1005004158336953
1005004062641740
1005003705126310
1005005365042946
1005003704845983
1005003701114644
32259005381
1005005507741072
1005006421961059
1005005334669858
1005006173494541
1005001540493727
1005002826457013
1005006106060374
1005006233019155
1005003727396786
1005006107758084
1005003727518133
32701425615
1005004443600188
1005005045384513
1005005045485842
1005006119652767
1005006108925162
1005003124207483
1005004792139400
1005006115338295
1005006170505075
1005007489142078
1005007477086351
1005007488243662
1005001280426492
1005007487450970
1005003689248235