1005006370998730
1005007382773613
1005007071003703
1005007117657424
1005005632796297
1005007154135582
1005005955292767
1005007076448567
1005005983183603
1005006017957037
1005006422388886
1005004818422248
1005007254521515
1005005733077647
1005006185280226
1005006984386098
32805014606
1005007345427909
1005005927349495
1005004752134484
1005003286845531
33006183347
1005004643608147
1005007386458914
1005003473519648
1005006125613617
1005003226926872
1005007418283306
1005007263947329
1005005968919380
1005004815454303
1005006119657119
1005006430975494
1005007383536219
1005006056908631
1005003562995500
1005003306912501
1005006259712407
1005006236518435
1005006190886439
1005006761542862
1005004229707404
1005007438540414
1005004629405959
1005007408296890
1005007096746200
1005004839883983
1005006157271657
1005004980603979
1005006359460592
1005001977505346
1005006915551541
1005001430931461
32985924284
1005006826099820
1005004741255657
1005006098567837
1005007334954132
1005007144368968
1005006861010531
1005007369928154
1005004295300735
1005006197704039
1005004856604389
1005007359021476
1005006639672357
1005007264375202
1005004675236800
1005006139805691
1005007362855761
1005006099597912
1005006783501042
1005004290763210
1005006463106830
1005006860569922
1005006000651103
4000243337874
1005003684601664
1005006411965416
1005007399594012
1005005647869266
1005005358457527
1005007210242032
1005004848600905
1005007403193270
1005004094168383
1005004684943576
1005006179163405
1005003567137778
1005006979272947
1005006042713759
1005006853435334
1005006112495886
1005007435405541
1005004903647912
1005005952957244
1005006465089109
32840995928
1005004710813457
1005006901801542
4000216437832
1005002658834324
1005006151689103
1005005924647562
1005007276246004
1005007203076164
1005004336877919
1005007095378755
33037913869
4000457042112
1005006161705482
1005006088975702
1005006741174479
1005006082826449
1005007048124416
1005004914505469
1005005013482413
1005006042788185
1005006755584014
1005004962940404
1005001270415486
1005004911380086
1005007355496268
1005004818268714
1005007242245739
32957697727
1005007256858959
1005004905913205
1005007433565521
1005005985594377
1005004256545277
1005005954936109
1005005247867038
1005004896376267
1005006748582150
1005003281664036
1005006435181928
1005007274190829
1005005132827574
4000857091393
1005006500885115
1005002602980760
1005006466531156
1005007184527673
1005003278793598
1005006202411303
1005006767964477
1005006781305224
1005007047599913
1005005007195961
4000515393277
1005005962543713
1005007089590061
1005006203412004
1005006375951612
1005004513071981
1005005851865777
1005005962079519
1005006063437698
1005006844613987
1005003183412717
1005006065424515
1005005948838527
1005005241520926
1005003802942514
1005002147291443
1005006053779045
1005006153885525
1005006093996156
1005005921349297
4001241900464
1005006235456568
1005004568884327
1005004688873604
1005006498749514
4001294592056
1005004829944672
1005006012305148
1005003235120130
1005005943176111
1005007346519930
1005002821251783
1005006146082289
1005005631042562
1005006803232339
1005004493158735
1005003238076254
1005006279348256
1005006131541674
1005004815870248
1005007136630561
1005005073757236
4000401409844
1005007385257744
1005004736924319
1005005688357878
1005003167051087
1005005991103015
1005007038256639
1005006233521359
1005004830571746
10000332464590
1005004094535737
1005005926643545
1005004634727681
1005005929024545
1005006108504625
1005005000079086
1005006181248290
1005005767373949
1005004665458334
1005003803103400
32856226594
4000538597622
1005007203006224
1005004072459741
1005006472217722
4000227799254
1005005909942560
1005007286435124
1005006391007194
1005003688278825
1005007437932924
1005007038559270
1005006066664686
1005006498913836
1005006120053269
1005007376066835
1005004841167915
1005006457397517
1005005256461190
1005007427745170
1005006436813492
1005002908242426
1005006142699102
4000789894760
33010757155
1005005527037637
1005007225294690
1005006971781121
1005004997216936
1005004346609979
1005006145976717
1005006160526074
1005005165175549
1005006999693421
1005004741042503
1005006143143686
1005003536245761
1005006099504940
32990437057
1005002913348543
1005005880217211
1005004747543551
1005001360849356
1005006002284283
1005004355660698
1005004873466073
1005006190921550
1005007065405534
1005004686769431
1005004545033844
1005004817019240
1005006869222765
1005005124675206
1005005664340363
32839540171
1005004887628304
1005006698410208
1005007356048684
1005007354312962
1005007035904011
1005002298964638
1005007206322449
1005001629809863
1005006241118395
1005003077394966
1005005772465064
1005006219879789
1005007337002296
1005006184954821
1005006079874935
1005005944896648
1005004593631199
1005007483123398
1005007481730171
1005007485922245
1005001845271254
1005001845200817
1005007485430034
1005006208813466
1005007486267917
1005007488702529
4000330470293
1005006207653474
1005007480673274
1005007485908266
1005007488749077
1005007485760329
1005007487704809
1005007485674890
1005007447022852
1005007488554396
1005006149253577
1005006961161568
1005007464016312
1005007030464983
1005007487712778
1005007385898495
1005007399104004
1005007442227575
1005007483967998
1005007484061895
1005007488294467
1005007440562586
1005007441230111
1005007174773293
1005007459241892
1005007453037710
1005007457741702
1005007478008465
1005007465541653
1005006914581909
1005006890984919
1005007488219478
1005007488185538
1005007462737470
1005007440375462
1005007451171516
1005007459525338
1005007457214709
1005007457322934
1005007457545402
1005007453872156
1005007453451914
1005007485729458
1005007485121731
1005007481274188
1005006818526417
1005007475241668
1005007485675627
1005007480805653
1005007479937532
1005007481905122
1005007483066404
1005007475853319
1005007485745751
1005007478106196
1005007477603841
1005007466067140
1005007487964509
1005007487692896
1005007090778013
1005006833149258
1005007432631915
1005007438799365
1005007436041239
1005007477983518
1005007477702483
1005006519839599
1005007471777202
1005007478041068
1005006789664720
1005007465867102
1005007454185782
1005007472217397
1005007107731915
1005006926345017
1005007075055526
1005006787544640
1005007441724294
1005007456045710
1005007459394807
1005007436454415
1005004993726832
1005005753027499
1005001845201768
1005007400435478
1005007431671198
1005007434882809
1005007447215200
1005006121195534
1005007047513376
1005007441289091
1005007432053132
1005007414205255
1005007485590561
1005007460394095
1005007479709078
1005007384226951
1005007408360635
1005007408277910
1005007384478067
1005006123968589
1005007459476416
1005007459039182
1005006242981671
1005007458961199
1005007479582817
1005007475570097
1005007477632670
1005007477857704
1005007442336813
1005007012833325
1005007455220620
1005007371083298
1005007477844377
1005007479797650
1005007472043000
1005007465389810
1005007421474711
1005007466204393
1005007453533670
1005007478056021
1005007452289478
1005007471256847
1005007471400469
1005007472376570
1005007477511494
1005007450817391
1005007478531707
1005007477207413
1005006088994629
1005007471369588
1005006500077102
1005006461587397
1005007477289859
1005007477530341
1005007477541565
1005006773798036
1005007477403249
1005007456820483
1005007474487950
1005007474866973
4000194675709
1005007432141676
1005002244729720
1005002244642398
1005006967283233
1005007442542272
1005007479762993
1005005851178195
1005007381284538
1005007449167157
1005007451425555
1005005979971422
1005007473961081
1005007477382247
1005007478204713
1005007471667383
1005007476629442
1005007462319148
1005007459148396
1005007456640671
1005007465256245
1005007465786039
1005004656636109
1005007465705599
1005007465942167
1005007448555358
1005007455676252
1005006232675323
1005006297534664
1005007468738302
1005006152603999
1005007449523354
1005007461931104
1005007460307316
1005006132025099
1005006436503096
1005006235386781
1005006244217557
1005006267548306
1005006502349274
1005007284779396
4000805265483
1005007474986737
1005007418810620
1005007465687357
1005007473667859
1005007031979122
1005006221490103
1005007462076389
1005007460797380
1005007459846031
1005007460919379
1005007459742381
1005007433790580
1005007443811654
1005007453812222
1005007447209419
1005004541587226
1005003215643464
1005007453002830
1005007463155790
1005005912844164
1005007451210618
1005007461177397
1005007456738374
1005006316643472