33010367120
1005006990610315
1005007342027937
1005007066525628
1005005883006412
1005006818875478
1005006037569742
1005006514946973
1005006775205040
1005005919000707
1005006034606282
1005006882521806
1005007437410601
1005007169146645
1005005772436987
1005005953274302
1005006288386493
1005006271663132
4000419487121
1005007267058215
1005003491862942
4001287144383
1005007204546506
1005007367583537
1005005937966843
1005006954313365
1005006962876352
1005004841513101
1005006287241169
1005007345213422
1005007478525874
1005007138668417
1005006456271542
1005006589188064
1005006997343604
1005007149076741
1005006917774161
1005007277376781
1005007159094686
1005006930664434
1005006941802793
1005006217303887
1005007487406275
1005007358384399
1005007000842626
1005007007139817
1005006642460069
1005005756974930
1005006179030293
1005007299672158
1005007419669790
1005005580429092
1005006865315102
1005007301106302
1005006274717237
1005007477081965
1005006483795698
1005007483322135
1005007392195784
1005006673793716
1005006943905015
1005007316055311
1005005063986587
1005007218040899
1005007088420014
1005006513196098
1005004045076581
1005006636384587
1005007166581295
1005006108401535
1005006730509181
1005006994186626
1005005924749589
1005007373922515
1005007434201057
1005007301280623
1005007247792696
1005006125428505
1005006212660251
1005006969430173
1005006729476461
1005006924099584
1005006894370619
1005007050951450
1005007166134625
1005006859457736
1005006894237182
1005006094787834
1005007087122966
1005006916387032
1005007474512436
1005007321972987
1005006135187836
1005006769107399
1005007188018897
1005007296120466
1005007045549782
1005005773859873
1005007253410947
1005005278593558
1005006882749076
1005005319607127
1005007189237041
1005005839617228
1005005952752637
1005007369260298
1005005752076747
1005007115963784
1005006485455311
1005006968921524
1005006278958989
1005006054783771
1005006911551247
1005006445155343
1005006895393737
1005007432289165
1005006753711013
1005006715816714
1005006719477467
1005007038988550
1005006642915902
1005005834031432
1005006021354070
1005006856516563
1005007145416866
1005005049551315
1005006482060104
1005006873525379
1005006893677230
1005007016180000
1005005459054041
1005006953247257
1005005833621306
1005007090561842
1005005858743099
1005006872210809
1005007369176253
1005005074171756
1005007026628488
1005007270862148
1005007378220862
1005006582948596
1005006855231395
1005006900240378
1005006924129562
1005007263811132
1005006718978900
1005006815604530
1005007043108937
1005006729031645
1005006778570138
1005006969206864
1005007016059462
1005007003075125
1005006990699412
1005006593919476
1005007147044296
1005006861457062
1005006047011797
1005003280458310
1005006008502802
1005006636020283
1005006997567224
1005006477756271
1005006780985215
1005007191147874
1005007043514297
1005006161041545
1005007376572557
1005006872967144
1005005471179410
1005006913011910
1005006653732596
1005005641894458
1005007002652018
1005003316464834
1005005016724659
1005005820036661
1005006204136057
1005006481146394
1005005850081515
1005006595710962
1005004469091527
1005006564438533
1005005284320739
1005006412312753
1005007076293983
1005005969774882
1005006691106144
1005006969170939
1005006997482365
1005007088225255
1005007223122040
1005006881118380
1005007271124591
1005007191427483
1005007026638283
1005006937691936
1005006781109854
1005006701821513
1005006507095769
1005006587292667
1005006345776374
1005007185299026
1005006352511890
1005007074513946
1005006075996087
1005005692664614
1005006431124368
1005006249371911
4000454246926
1005005692365799
1005006870766859
1005007274161426
1005007096997583
1005006593979083
1005006962425478
1005007095025347
1005006921959406
1005007067457330
1005006493302740
1005006508427794
1005007142292786
1005007167870619
1005006514970785
1005006599580765
1005007279486114
1005006430015843
1005006808446569
1005006586846545
1005005282436455
1005006496100264
1005007160135322
1005007358414780
1005006997170517
1005006678943654
1005006792924317
1005006723340635
1005007309609324
1005006763733467
1005006541911552
1005006694980018
1005005896012236
1005005658091338
1005004579054443
1005006277037186
1005006527772156
1005006917896455
1005006327714230
1005005433448869
1005007486055492
1005005752157306
1005005222368203
1005005850154200
1005004748676275
1005006270386419
1005006832299546
1005006485418513
1005006872999014
1005006781144438
1005006990637444
1005006985067331
1005006721974697
1005005849762890
1005006779856661
1005007277748124
1005006269466511
1005006312002824
1005006276718733
1005007135681614
1005006993382991
1005006938125749
1005006587602126
1005005242859534
1005006499341903
1005007234270024
1005006496078331
1005007160868899
1005006496091282
1005006537249758
1005005424875316
1005006070702094
1005006553616424
1005006930699488
1005006477220433
1005006586890709
1005006564211695
1005006517674274
1005005457033942
1005006465735093
1005007291380500
1005007470089904
1005007456108866
1005006772902753
1005007360926506
1005006766604217
1005007355538314
1005006715766362
1005006728779741
1005006502826305
1005006631276865
1005005978896259
1005006363408415
1005006802679566
1005006247725061
1005007335986689
1005007470104946
1005007367333248
1005006029203358
1005007346588904
1005006667661691
1005007474070184
1005006472050994
1005007259538578
1005006536097214
1005006564221787
1005006889400868
1005007370690344
1005007351957861
1005007368074019
1005007370060921
1005007076692431
1005007475142992
1005006390379050
1005003288506086
1005004510819240
1005007251837238
1005005546647349
1005007427500551
1005006973854413
1005006182164977
1005004201392909
1005007149323697
1005006751027304
1005007423288135
1005007150078784
1005006729427945
1005006604332757
1005007179450975
1005004228695121
1005004193577012
1005007161655798
1005007268271053
1005007117262267
1005006917224625
1005006649240529
1005006729748424
1005007141153845
1005006961433461
1005007470245534
1005006860772623
1005007086936341
1005006855987748
1005004338196189
1005007179862250
1005007010501341
1005006912660570
1005006350815670
1005006277019725
1005007121571545
1005007060418002
1005005751190800
1005006806089769
1005007384502037
1005006350829398
1005006494733349
1005006891541685
1005006974753556
1005007107874810
1005006812014851
1005006350663320
1005007341298030
1005007107011984
1005004224914772
1005004224935188
1005007267202280
1005006500052854
1005004258380358
1005006974608925
1005005175765071
1005004338154799
1005005770611750
1005006964680620
1005004338178757
1005005773806775
1005005773828738
1005006962383083
1005007267543589
1005005850013326
1005007428261690
32342654328
1005007481708373
1005007485534860
1005007485491443
1005007471968091
1005007473076158
1005007467183580
1005007441402019
1005007455555254
1005007085281941
1005004555741733
1005007455563252
1005005592659144
1005007349967188
1005006512815349
1005006371847136
1005006494746186
1005007336098537
1005006518778275
1005007176120433
1005004095881755
1005006165526891
1005007203788848
1005007416764138
1005004278871194
1005007246468943
1005007419939780
1005006898276291
1005007406887241
1005006114379240
1005006508541245
1005003704120489
1005006803073388
1005003802355119
1005002783596589
1005006043273728
1005005268451745
32795506758
1005005867998163
1005007169021691
1005006079010523
1005006740295953
1005006334886929
1005006424436580
1005004759687436
1005006249837902
1005005511872509
1005004683316551
1005002641852768
1005005965515219
4000193938496
1005005925870801
1005006738303937
1005004787011139
1005005502382636
1005005586337725
1005006737488472
4000765839896
1005006778751701
1005006264302920
1005006778843645
1005007448360891
1005006865551634
1005005502445006
1005007304068765
1005006738667950
1005007209272946
1005006394755640
1005006641955497
1005007263683992
1005007215343359
1005006457066013
1005006318094875
1005006813224738
1005006283878766
1005007231909350
1005006917750231
1005002878113631
1005006348474076
1005005019269497
33054437459
1005007465861554
1005006334429739
1005003178424494
1005003009737195
32792860456
1005001369433761
1005004492269908
32986651065
1005006808189354
2049750211
32910564990
1005005417810000
1005007247098631
1005005959641821
1005006767772528
1005006081806727
1005006870008231
33003599908
1005007176669212
1005005042981502
1005006317654997
1005005272585676
1005006237398318
32880514251
1005006788568154
32560619065
1005006403174965
1005006745477724
1005003337296183