1005007011230717
1005007268265023
1005006729225617
1005006690379672
1005006908893215
32841322249
1005006213279339
1005007215193043
1005001563780630
1005005515412527
1005004757764589
1005004356932001
1005005414699418
1005006140324403
1005006938692399
1005007328101154
1005007039619960
1005006576669923
1005006317415942
1005005347672565
1005005852224087
1005006061294490
1005004469053196
1005007171384966
1005004542558997
1005005856024607
1005006379458844
1005004070768660
1005005959166407
1005007399284213
4001048281277
1005005590761694
1005002856700428
1005007359327273
1005006628799711
1005004492178768
1005005175118373
1005006035349325
1005007255264093
1005004167830525
1005002812355621
1005004484368265
1005007030295078
1005007173438310
1005004290516608
1005005911058985
1005006264182733
1005006114304145
1005006487136437
1005005534484100
1005006607554347
1005006662233706
4001068444399
1005006698238305
1005005911228018
1005006547104853
1005005633068518
1005006335096203
1005003318003282
1005005335443941
1005007026621362
1005007132672851
1005006345041204
1005003056757247
1005004507186487
1005007131955755
1005005417499311
1005005590338048
1005006411833285
1005006262013434
1005004930546026
1005006768438116
1005006845887466
1005007022475337
1005001900991812
1005002951139249
1005006245801940
1005007135269428
1005006798004662
1005005948655421
32947683125
1005005094024620
1005004212568074
1005005281217911
1005007348884106
1005004026604020
1005005743560950
1005005572847236
1005005455570431
1005005205707086
1005003459192824
1005006214883844
4000562863627
1005006173724135
32849467746
1005005382564308
1005006151140843
1005005575068272
1005002396058052
1005006672428361
1005002396324068
1005006348599372
1005006879460832
1005002853245403
1005005262048209
1005006076393832
1005005671693753
1005006247582852
1005007006908706
1005007102229857
1005007321176079
1005007016907496
1005004697400095
1005006954128425
1005007226108518
1005006848591872
1005004674215958
1005005777777045
1005004172722392
1005006982773459
1005006660347444
1005006311924505
32952112766
1005007316987684
1005006408483946
1005003080300425
1005006793643602
1005006985393626
1005004218675448
4000618330687
1005007272704572
1005007274029175
1005005346735718
1005006081703564
1005005109589985
1005006862699310
1005005432074391
1005006213950647
1005004749071496
1005007446600703
1005007385771364
1005004329606192
1005004027174535
1005005941535758
1005004333041635
1005006691646212
1005007015680981
1005006728925658
1005006812645839
4000804827105
1005007444334797
1005006962857147
1005007412776764
32970000438
1005006863164810
1005005346249458
1005006473499738
1005006595753824
1005005836128674
1005005335837250
1005004698853490
1005002206782124
1005007052324921
1005007008787692
1005004649979762
1005006887165001
1005005439375241
1005007016647342
1005006766520593
1005002604779279
1005006277888543
1005002633233398
1005006994293874
1005005320785886
1005006965809531
1005006346816135
1005006363111852
1005006060390652
1005005610319251
1005005816966326
33059183987
1005005968216675
1005006448507235
1005006435330873
1005006062488568
1005006062473510
1005006819065717
1005006177205046
1005002932690547
1005005821015550
1005005821079610
1005005821017720
1005006522402651
1005007365565910
1005006190864875
1005006522550175
1005006522601053
1005005821052503
1005007081177607
1005006190992249
1005007090201091
1005004647673141
1005005821115537
1005006522331885
1005007102304955
1005007213665482
1005007129132220
1005007011003442
1005007117057254
1005007128614895
1005005868568587
1005005863850665
1005006326997498
1005006445340854
1005006978906800
1005006869161069
4000528176009
1005003956358206
1005002466174902
1005007483389672
1005006128036848
1005006107139658
1005006785224086
1005006876663182
1005006307200828
1005007168575606
1005002898105881
1005006203336104
1005007057635980
1005006210438274
1005006925315019
1005006845684435
1005007163671004
1005006663133773
1005007333124915
1005007169799180
1005006216232257
1005005838554907
1005007196784814
1005007227213325
1005006220806205
1005004585892437
1005006046594976
1005005250001114
1005006984109943
1000004432080
1005006235309265
1005005134894833
1005001393895342
1005005886368056
1005005996628956
1005004442234917
1005006124921818
1005002692600045
1005006445443465
1005002436180221
1005007057993714
1005006973853776
1005006775835651
1005007197703563
1005006619958212
4001098761043
1005005653932770
1005007140975362
1005004502182955
1005006406887674
1005006647739309
1005006641463792
1005005820491195
1005005600129737
1005004331629700
1005006224230723
1005003188019143
1005006153985685
1005007060225550
1005007173832474
1005005585149160
1005007203900098
1005007090093779
1005004780810285
1005007081011525
1005006961455720
1005007194576511
1005006137360877
1005004809111638
1005007150920107
1005001714012154
1005005731052217
32888250266
1005004897754766
1005007315206230
1005006615141871
1005006314393108
1005006924453924
1005006989045806
1005006467807966
1005004917804835
1005007117632787
1005006995322652
1005005567785602
1005006719965245
1005005736251050
1005005567861313
1005003392197848
1005007303785721
1005007034309475
1005003080278715
1005006087356061
1005006355867163
1005007402781327
1005005440407781
1005006934598649
1005002327341094
1005005002996452
1005007287772975
4000409235346
1005006391128923
4000036222599
1005001666467355
1005006385576148
1005006366909589
1005004844240821
1005007184730349
1005007448537420
1005006997584303
1005007408082910
1005007171656774
1005007178255134
1005006320804775
1005007306679636
1005002207312228
1005007062731668
33040246164
1005007015310528
1005007446571252
1005007362161967
33037723073
1005007329880671
1005007116404958
1005003383653956
4000744729778
1005002292668756
1005007143461118
4000625822757
1005006464721693
1005001736778588
33029651504
1005005999313701
1005006072943964
1005003202709032
1005005777378057
1005005246985448
1005006070081958
1005006930176078
1005006908271538
1005006420329053
1005007056152323
1005006366533957
1005006996941471
1005007143715432
1005006393841539
1005002891266294
1005007209196504
1005005764505475
1005005454807222
1005006172417034
1005005975979327
1005005432550940
1005004324155954
1005006415436885
1005006817743943
1005003919123541
1005006763394425
1005005879241754
1005005243046929
1005006216680936
1005005138943293
32959179823
1005006845873897
1005006662397446
1005006917252331
1005006092448985
1005006687403540
33007041748
1005007010078854
32897126310
1005006548933384
1005002476023216
1005006695760989
1005006991376667
1005006654346961
1005006792585466
1005006863749890
1005006350866430
1005007208814540
1005006931861894
1005006492817552
1005007022143038
1005005443127035
1005006928802385
1005005249724166
1005006966249748
1005006995401011
1005007336035010
1005005721127807
1005003150557567
1005006266108143
1005004502506387
1005005724642228
1005001471348543
1005004806415825
1005006850752133
1005006725283206
1005005857989254
1005006095066977
1005007279082792
1005006068032486
1005005377643932
32839121373
1005006677422681
1005007121601506
1005006040423364
1005007174054221
1005006149356725
1005006749094658
1005007253732877
1005005102370185
1005006780276792
1005007013882296
1005007226726643
1005007136431024
1005006811667275
1005005102037970
1005006456633510
1005006960121602
1005007360111347
1005005866475509
1005006054678920
1005006620193329
1005007052402397
1005005362922462
1005006797865637
1005007300283120
1005006067868780
1005007188594625
1005005912670451
1005006132961248
1005007319493615
1005006855948694
1005004908926933
4001275870084
1005006615697729
1005006753958015
1005007254096383
1005006798925050
1005006053035641
1005006778355641
1005006136244355
1005006887255099
1005004857729270
1005006410481827
1005007073484468
1005006142604061
1005005985539530
1005005982100175
1005006453735210
1005007396831057
1005007316608815
1005006843015755
1005003548041123
1005006768244682
1005006140846231
1005001465439453
1005007015829846
1005007184222622
4000026100613
1005004865823212
1005002619926744
1005005872081133
1005007181697898
1005003463103544
1005006967106148
1005006739095388
1005007170714202
1005007008071667
1005006995671931
1005006705283092
1005006967411642
1005007280360320
1005005292812561
1005006768727825
1005007369281724
1005006054746336
1005006107510231
1005006171762874
1005005710149226
1005007137112987
1005006035949879
1005006626104636
1005006669218311