1005007354761027
1005007425582422
1005004545916384
1005006693527153
1005007339119185
1005007014591181
4001112840065
1005003535993711
1005005792849169
1005003684205178
1005007276658954
1005006518372703
1005006281471089
1005007169842831
1005007439780249
1005003073341056
1005007391871441
1005006195508154
1005006717383853
1005007150320147
1005004877724241
1005007466592678
1005005978502246
1005007466235995
1005007111856205
1005007275053064
1005006083785190
1005006239958555
1005003751648906
1005007322064652
4000455907333
1005007439799229
1005006307198777
1005005967274576
1005006989431656
1005005312472786
1005007112772264
1005006191315636
1005005739515736
4000232348084
1005006044739231
1005006211926241
1005005462832529
1005006410874567
1005006884067764
1005005306368902
1005006473846843
1005004468728178
1005002814081294
1005004211881431
1005006285681709
1005006252394065
1005006461670656
1005006911391806
1005001789429439
1005006820289601
1005007176270416
1005007171215144
1005005020814363
1005003686511339
4000456218605
1005006668802774
32821890050
4001198395739
1005007457735128
1005006837677127
1005007487660534
1005007433137321
1005007346387590
1005007483198264
1005007484345156
1005007438500083
33047532471
1005007488130491
1005007474969794
1005007467671162
1005007482191973
1005007483949891
1005007089449423
1005007432528405
1005007476540253
1005007456714417
1005007480666687
1005007484041473
1005007487069041
1005003573985588
1005007480523813
1005007482976753
1005007482462045
1005007476392758
1005007482056826
1005007478113179
1005007317174201
1005007374099830
1005006870608878
1005006703617687
1005007474156943
1005005893032638
1005007477635714
1005007477743487
1005006638217739
1005007412400137
1005007438030398
1005007019747750
1005006752222526
1005003173349633
1005007445730775
1005007435566378
1005007466081913
1005002844395498
1005007099421688
1005007450543261
1005007449966663
1005006929067675
1005007430949807
1005006960471150
1005007342895445
1005007439780380
1005005295765303
1005007267434806
1005007439862596
1005006762400909
1005007348206865
1005006834051813
1005007441628379
1005007440399109
1005007433604834
1005007435035213
1005007431333666
1005007434688851
1005007437816561
1005007441896434
1005007413915688
1005007004769482
1005007398754986
1005007384845928
1005007118207809
1005006719463074
1005007349533273
1005007253886457
1005006411507791
1005006467194742
1005007247621101
1005005845759550
1005006636749926
1005007449807870
1005007311456532
1005006901485729
1005006871731219
1005006916644659
1005006618748857
1005006619057612
1005005844287787
1005004580113369
1005002482013460
1005006613970460
32812428694
1005002632694041
1005006000678018
1005005417915099
1005005603919199
1005006352070415
1005001420413502
1005004016942762
1005006470994865
1005004682223216
4000928791390
1005006134113263
1005004477935992
32275517733
4001198406824
1005006168063246
4001282498118
1005004695297751
1005005220483187
1005007309255307
1005006618663040
1005006582950506
1005007448895908
1005006285661745
1005007016606072
1005007076660919
1005007264133943
1005007078682450
1005007136526932
1005007082518452
1005007253066767
1005007076067197
1005006904816603
1005007079807794
1005006754701622
1005005083148339
1005006767242923
1005007293446884
1005006761002264
1005007448909852
1005007448103897
1005007442960472
1005007441984470
1005007439393933
1005007434806910
1005007439620689
1005007436513974
1005007436446361
1005007442170649
1005007436050062
1005007435604886
1005007435702713
1005007309281968
1005007345602722
1005007308807749
1005007212868401
1005006386051534
1005007353031114
1005007378897917
1005007377771787
1005007455177262
1005007354336823
1005007349041990
1005007357825326
1005007348757085
1005007348759436
1005007346347318
32991827281
1005007342199221
1005007327891883
1005007162984817
1005007333300517
1005007017804613
1005007172121318
1005007003735638
1005007006007263
1005006624607228
1005006624283862
1005006584096157
1005006584125106
1005006438833361
1005002969744751
1005004938220747
1005005203025274
1005006968840418
1005007139513899
1005006994640306
1005007429481726
1005005506323515
1005007306784016
1005006753877444
1005006129875938
1005006928510805
1005006821762442
32893691432
1005005442383322
1005007148352972
1005003990620102
1005007143501657
1005007403107705
1005005310606454
1005007023456813
1005003668259691
1005006488911568
1005006804154997
1005007022742671
1005005721204116
1005005828077635
1005006749088952
1005006997814773
1005006562899584
32880543008
1005001868303007
1005003433285727
1005006630345532
1005005872620177
1005007061975550
1005006116760997
1005006738974476
1005007152100915
1005003807414531
1005005945853531
1005002812808377
1005006305755841
1005005928929139
1005006317794697
1005007051221915
1005006593324290
1005005989949959
1005006702979021
1005005955694444
1005005057092858
4001151282218
1005006504033290
1005005388098623
1005006317155985
1005005439226426
1005006098225026
1005007197245699
1005003442906018
1005005478293197
1005004751338255
1005004933878795
1005007351184422
4001134566096
1005007138252637
1005006056688968
1005005931257626
1005006150198575
1005005439254189
1005007046030436
1005007156686921
1005007010919540
1005005081401324
1005002034039844
1005006807995711
1005004888214584
1005007185743371
4000162436857
1005007005642561
1005007094459066
1005006988578041
4001052929054
1005007156856879
1005002837415767
33012769287
32911281404
1005007146216439
1005005864242133
1005007239073325
1005005244589285
1005001997003967
1005005615515602
1005003529673783
1005002721303133
32751082023
1005005567222041
32898318481
4001031683174
1005003951971167
1005005627329426
1005007009223373
1005007333839317
32834175675
1005004982946657
1005006244327096
1005005135874592
1005002732191492
32850541706
1005003580696520
1005006132882807
1005007407759849
1005004599138425
1005006730717856
1005002408547395
32899427203
1005005611282032
1005006995520341
1005006107167993
1005007219982188
1005006269162460
1005007175377818
1005005917425413
1005005700928291
1005007036635125
1005007071324682
1005005037541775
1005007090585327
1005006715674125
1005006421807824
1005005964464590
1005005886827817
1005004967333784
1005005891137083
1005007184584555
1005005887265270
1005006402068743
1005004219382533
4001042913415
1005005779371216
1005004194825357
1005006973890445
1005007338343257
1005006008828001
1005007036937550
1005006960495480
1005007075858497
1005007037993943
1005006399894047
1005007123412642
1005007051550162
1005006684013725
1005006859926832
1005006861963087
1005007109851058
1005006408528484
4000794306509
1005007091252286
1005004772121111
1005007217180346
1005006028430046
1005006610546629
1005004858721506
1005004625482164
1005007076358074
1005006573885948
1005007124365844
1005006867685370
1005005920292558
1005006056218377
1005006698917893
1005005742320125
1005006422855177
1005006897609705
1005007174989991
1005006328430264
1005007268652129
1005005612209572
1005004470099089
1005007181897562
1005005548500459
1005005392384421
1005003742476424
1005006906517922
1005006046410264
1005007266928191
1005006408433484
1005005310403268
1005006370966085
1005007121879949
1005006885045679
1005007421850001
1005001689331572
1005006584373650
1005004008793731
1005006860102814
1005002810299939
1005006831634913
1005006112589013
1005003558789325
32932260779
1005007021820943
1005006801807264
1005007150741874
1005006374585372
1005007278224581
1005007355135403
1005007405843257
1005006835631025
1005006856119570
1005007182610763
1005006163714310
1005006636889129
1005007054613214
1005005548468817
1005006618130893
1005007188815718
1005005809926103
1005007475902712
1005006781185523
1005006128535830
1005007474297724
1005004934418498
1005007251246628
1005006925576533
1005004152410970
1005006783968707
1005006730794728
1005006750642378
1005006626056752
1005005850235909
1005007205294763
1005006206826260
1005005590555521
1005007270059119
1005005941045026
1005006855497897
1005006216280897
1005002969418981
1005007100969136
1005006862768984
1005006010549312
1005005459015260
1005004669904810
1005006314044126
1005006195630763
1005006882163775
1005006185966733
1005006479593370
1005007175592548
1005007195335658
1005006746484503
1005006704696729
1005005273733879
1005006673399344
1005005666683942
1005006046079556
1005006061327156
1005007365022557
1005005830787370
1005007188492206
1005007438136524
1005004512138683
1005007050536827