1005004053885358
4000068160168
1005007440302204
1005006502934308
1005007440159921
1005006966135373
1005005061905777
1005004462016384
1005007370367162
1005004658178009
1005006711885813
1005006717722169
1005006227713025
1005006806712540
1005003116690094
1005007455833890
1005004401052219
1005006240501551
1005002804292291
33009345195
1005004091333701
1005007389613117
1005005958769398
1005005033670572
1005006767487304
1005007112563565
1005004915339772
1005004472396413
1005005702783126
1005007001947293
1005004476364331
1005004757076874
1005004319950346
1005004654280456
1005007009104808
1005004486433924
1005001926827624
1005005553787027
1005005020723322
4000908505398
1005005539024492
1005003758459809
1005001278174174
1005003790725026
1005005222727984
1005003494367134
1005004653955603
1005005141767960
1005004561320397
1005002353692029
1005005537068649
1005007358781554
1005003064473599
1005006165286555
1005004657556007
1005002782270870
1005005598909568
1005005445298356
1005003210670516
1005004612937850
1005004588131172
1005003993836100
4001172016459
1005007048441527
1005003156349134
1005007432984633
1005001969807282
1005007048502462
1005002356397126
1005003795472914
1005004313838883
1005003890849696
1005005047113151
1005003451360596
1005007479178827
1005004741026883
1005001297015498
1005005391171273
32788537464
1005004573822192
1005004704466081
1005003606727447
1005005374433616
1005005485756957
1005005382336165
1005002144806363
1005004930364165
1005005377914573
4000970070971
1005007438850845
1005004298700048
1005003277553671
1005004333646996
1005004658535077
33050943147
1005004281008312
1005006629640053
1005004196398219
1005007432050933
1005002642636690
1005005496638138
1005005364104339
1005003023946563
1005001570661879
1005004344191030
1005004214031563
1005006976803536
1005004523685225
1005004922187034
1005004408333483
1005003984411969
1005003535947851
1005003556741539
1005005106685782
1005005245110886
1005004049184681
1005005038291908
1005005458972053
1005006872449971
1005007466516383
32818803688
1005003057584499
1005006187930678
1005003115293309
4000241034919
1005004514352450
1005004464253010
1005005844943529
4000437100156
1005004316968373
1005003854441900
1005005884930647
1005004752583635
1005006922589476
1005007085949265
32986748290
1005006967055114
1005005458743849
1005004836857700
1005002457461854
32929503557
1005007267484023
4001146540404
1005007254653449
1005002996267478
1005006788621419
1005005080217516
1005005944252549
1005004193871999
1005004007167314
1005007468880331
1005003263843844
1005005342621060
1005002009652140
1005004662318045
1005006380224824
1005002018294486
1005005854853257
1005007205628989
1005005199446776
1005005765629523
1005004725237753
1005005124808090
4001163677192
4000189455858
1005004309984875
1005007193751048
1005002604199024
1005005191809783
1005004076677363
1005005625791368
1005005572410145
1005004101412471
1005005565123984
1005006033871670
33056432783
1005006873707693
1005004186153906
1005002959836435
1005005132037624
1005006097373623
1005004822410287
1005006869341375
4000280243826
1005005133975566
1005001935481361
1005004437543628
1005004909024687
1005006216186510
1005007339844729
1005004633640865
1005002849146219
1005004599492096
1005006143422438
4000723000169
1005005850298371
1005006915260116
1005005020976183
1005003193556852
1005005254674537
1005006116507205
1005005997307926
1005004866359169
1005007417367979
1005002844339079
4000328608837
1005005472877002
1005003407681736
1005007426541996
1005005265784717
1005002605129368
1005004997583599
1000006264939
1005002754268738
1005007075622324
1005007090890848
1005004980339507
1005007384523852
1005002951794589
1005007191927941
1005002289191395
1005006578565414
1005004324510120
4000719686853
1005001712976292
1005005130038993
1005007426881607
1005003518895747
1005007440212904
1005003908065244
1005004446211176
1005001697434107
1005007425391767
1005007370885198
1005002668993268
1005006188024289
1005005510361141
1005007426055085
1005005258141978
1005006144717652
32967641874
1005006033776492
1005005281812976
1005005297421779
1005004756253239
1005004848681115
1005004687298595
1005006627440309
1005007254015134
1005002495883199
1005007225516445
33020587528
1005001907071940
1005006889506375
1005005445549816
1005005125157214
1005003943339930
1005006335585268
1005007378624357
4001264491248
1005007332702904
1005007177870141
1005002846651914
1005001505601827
4000295518496
1005003107639165
1005005896426657
1005003438716383
1005007483474015
1005006070957097
2053003944
1005004131660140
1005004654197578
1005005253155361
1005002613137501
1005005072692404
1005003003917662
1005003048616584
1005004090728522
1005005480668117
1005004624601654
1005003638503896
1005005592453956
1005004221443327
1005003261922981
1005004031265283
1005003431571679
1005004567357308
1005005334328200
4001018177473
1005004437794134
1005005195218754
1005005548315667
1005002828657104
4000073483621
32910628279
1005004090310096
1005004938519809
32949106240
32860681521
1005002357376200
1005004974357586
1005003128926354
1005002966404700
1005003634763021
1005004225910204
1005003803938209
1005003138609144
1005004803679996
1005004983346524
1005003307953161
1005005129238092
1005003430512678
1005005020653635
1005005581012673
1005002940931574
1005005655176484
1005004472627878
32974805064
1005005113370116
1005005248147965
1005004682809836
1005002796291976
1005005012241052
1005005604580370
1005005145038881
1005003365137372
1005004602965305
4000047990557
1005003170429546
4001188949402
1005003869122506
1005003889528760
1005001697258812
1005004760234858
32995438085
1005004564722848
1005004171586483
1005003562650034
1005003172835518
1005003736078750
32995596788
32850727032
1005001907078695
4001179856155
1005002289078741
1005002280959438
1005003351205156
1005005227814563
1005005042489587
1005004201319121
1005005506270461
1005001765784834
1005004106026645
1005003325833384
1005003226564292
4000777644719
1005004409086135
1005004905253277
1005003780652811
1005004311592753
1005002261431728
1005005437574556
1005004926263182
1005002944278536
1005004833484983
1005004894380155
1005002974626345
1005001397178149
1005003031344689
1005003843072034
1005005023935859
32796024193
4000531792770
1005004864090869
1005004222317710
1005005544059928
1005005141592943
4001057438382
1005004762576379
1005003814719511
1005004176342110
1005004378684529
1005004492134314
1005003182528525
1005001461201619
1005004507885638
1005005281818170
1005003215866955
1005003413498537
1005004958604289
1005004901658524
1005005486533856
32915131533
1005003986526281
4001190475956
1005005218023541
1005003456753204
4000469759529
1005002957345792
1005004834807736
1005001337660678
32878696748
1005005219745246
1005002667214016
1005003944683594
1005005445746497
1005003978994109
1005003609324732
1005001523238630
1005004106115340
1005003734959457
1005003457803962
1005005184040972
1005005177643282
4000337736319
1005005073115066
1005003682531974
1005005434242442
1005005216203773
1005003687378074
1005003641697400
1005005340880275
1005004763313303
1005003196658502
1005004995669810
1005004113487428
1005003924165989
1005004070552833
1005003112164456
1005002686721710
1005003370693866
32964347831
1005003051609130
4000089797161
1005004942332131
33055041088
1005004210771735
4000973095720
1005004937152165
1005004662537795
32808396744
1005005444380963
1005005256668038
1005003982492026
4000599676487
1005004287969133
32224561718
4000026782145
1005004578024952
1005005626784212
1005003392981780
1005005491224943
1005003026808053
1005004177389804
33034407873
1005005116660287
1005002788596353
1005003398533281
4000065335975
1005003578992340
4000875021305
1005005388601714
1005005343611715
1005003611070226
1005002327970099
1005005305390089
1005005111185337
1005002650412350
1005004016517870
1005002018521620
4000910863110
4000531781319
1005002840068906
1005003541497619
4001195012587
1005003777593391
1005004142059593
1005004022372992
1005004355154018
1005005626638885
1005004728948534
1005003899065452
32890212343
1005005239597112
1005001278739736
1005001928113440
1005004791718238
1005005369130543
1005004394490661
1005005025320150
1005002065395761
1005003717785888
32855116360
1005004132277675
32820110470
1005005511258004
1005005251950415
1005004233924453
4000521992046