1005007171166959
1005002885596954
1005002884234714
1005002885482972
1005002884251086
1005002829160292
1005002821931777
1005007125087712
1005002829082058
1005002816337849
1005001699555038
1005006996513944
4001183114220
4001183107293
4001177522112
4001333284178
4000571355558
4000542853180
4000375689109
4000375649110
4000375599734
33048351711
32963421984
32956898364
32907710020
32858976147
32797999093
32796116739
32795746729
1005006915909412
32795734875
32835162536
32836311665
32810199644
32807202146
1005002884043871
1005002884036989
1005002884199013
1005002884139549
1005005994718083
1005002885659707
1005002884161515
1005002884192728
1005006947967836
1005002884219717
1005002826721063
1005002946035283
1005007164054090
1005002884155781
1005002885493852
1005002884255021
1005002885565849
1005002885540179
1005002885648135
1005007018231790
1005002885524764
1005002815930360
1005002815669296
4001283130159
1005002815978364
4001177585163
4000725424283
1005007027481876
4000722025639
4000698140938
4000682858747
1005005692213260
1005005133185934
1005004882514351
1005004626413988
1005007267875825
1005004873239367
1005005368053950
1005006907604892
1005005207085650
1005003088902544
32835166497
1005007238303523
32803284271
32759570643
32755304037
1005006998195280
32749491533
32749491737
32723783004
1005007115774815
32721980412
32721988624
32714988755
1005006623903883
32695667869
32692500696
32684363903
1005006500540561
32680657328
32665672700
32645550030
32641266650
32862091096
32839343480
1005007394903300
32836311688
32822022394
32818789739
32811435214
32811695199
32805175741
1005005491345021
32798115093
32790079847
32759835170
1005003585737866
32305318313
1005007382610922
2020915901
2020927953
32863804220
1005007027687174
32722454315
32689923637
32787461539
1005007276184533
1005002884244321
1005002884240419
1005002884141439
1005007044042929
1005002884120476
1005002885603124
1005002884207435
1005002885466842
1005002884247457
1005002884111842
1005007284726278
1005002884154052
1005002884144142
4000745524130
4000745530511
4000745076950
4000745022916
1005007189710057
4000603696144
4000375583499
4000317351132
4000317329910
4000317585349
4000317565590
4000317397039
4000317547707
4000317241980
1005005895242134
4000278750179
4000278743567
1005007057038700
4000278740857
4000278789745
4000278670501
1005006692079162
4000278617906
4000251339304
1005007376532552
4000243848675
4000243835561
4000243800710
1005007350357268
4000243819884
4000241927997
4000240497084
1005007171557390
4000239270576
4000241686058
4000241134473
1005007289941323
4000240341790
4000239236953
4000239988516
33018584740
33015883809
33012424818
1005006831184199
4000317278548
4000081481014
4000081375737
1005007193349860
1005004651747288
1005006019633874
1005006866280195
1005005402335956
32908617598
1005006762959770
1005007225618344
1005005579841137
1005006369191219
4000895465178
1005006927434784
1005006292367729
1005006765623785
1005003296244454
1005006761106341
1005005937482398
1005005894647974
1005004889090181
1005003959723566
1005006734240573
1005006668278334
1005006061201123
1005006975150812
1005006460078643
1005005473714723
1005005792603429
1005004536557889
1005003385729876
1005006162818205
1005007082667357
1005005889757123
1005004416540630
1005005944503271
1005004581934778
1005002665056166
1005006387349876
1005006968619793
1005007136614242
1005002688865585
1005004520367047
1005005572500998
1005003932253564
1005004035448828
1005006634189570
32654745867
1005003140414349
1005006247266160
1005007278736526
1005004760371558
1005006124402967
1005005981114269
1005003251098813
1005004226505027
1005006285341153
1005002503349407
1005004929375323
1005006853754955
1005004306346510
1005004790298800
1005001290573728
4001290174991
1005005396195955
1005005757971790
1005006339710365
1005006133775484
1005005792140842
1005005751391300
1005006860783474
1005005704834414
1005005750907824
1005006862668872
1005006862838322
1005006355282545
1005004555641968
1005006355354053
32952353512
4001316398932
1005006355353041
1005006355326225
1005006749095961
1005002780259912
1005007060210902
1005006831950795
4001102929023
1005003752817828
1005005513584094
32903906058
1005006749698523
1005005529050918
1005006642635781
1005007059413975
1005006729320018
1005005660879184
1005005660910088
1005003986542370
1005005192607313
1005007092203906
1005007192984215
1005007447541395
1005004460428825
1005005505568935
1005005480397807
1005006531515863
1005006120269496
1005007053239676
1005006574242102
1005003222054919
1005005084997280
1005006204341396
1005004484577878
1005006326404586
1005006628952820
1005005833048121
32850395124
1005002277372547
1005006172699723
1005006939769271
1005006823086007
1005005826031802
1005005759814570
1005006760358156
4001068090016
1005007029307580
32947952120
1005007040669256
1005006947415819
1005002346185663
1005006113075631
1005006777184045
1005006462134320
1005006145095398
1005006809681155
1005002334950854
4000764723902
1005003155424197
1005002878380793
1005004792278423
1005005008584226
1005003076246245
1005005674454587
1005007014295992
1005002982556619
1005003697058614
1005003709018645
1005006001478558
1005002969776148
1005005708747112
1005007280847424
1005006222860615
32803490008
1005005803531671
1005006790545986
1005006893969597
1005002985168596
33009353268
1005006697669545
1005006713352121
1005006713248205
1005007477259783
1005007472183778
1005006969141949
1005005880997779
1005004319348472
1005006810363444
1005007268359406
1005006807006911
4001125632539
1005003492630752
1005006713207589
1005006730207427
1005006737130369
1005006907064068
1005006907059424
1005006737207147
1005006753656364
1005006753583698
1005007000213697
1005006690656128
1005006711033508
1005006734098008
1005006695296724
1005006695264709
1005006753614023
1005006753548269
1005007393548199
1005006753719199
1005007206167119
1005006698204593
1005006698241596
1005006737131318
1005006716241855
1005006753609380
1005007040595241
1005006736907834
1005006750109434
1005006691135249
1005007128125507
1005006856244593
1005006685148384
1005006727889283
1005006843330265
1005007432746655
1005006723813336
1005006976935751
1005006776895773
1005006698320295
1005006703472764
1005006964524533
1005005626261078
4000480116049
1005007298811314
1005004655030563
33040146703
1005007298175130
1005004332935825
4001046095951
1005006117429922
1005001775546263
4000288821951
1005006968923939
1005001488981241
32998476982
1005007487563883
1005007475463881
1005007298021881
1005002176880011
1005001388966104
1005007294497056
33016331921
1005007136766759
1005001634367738
1005001489314869
1005007298722489
1005006398714318
1005002553945303
4000517785572
1005001634480397
4000603598415
4000530477167
1005006733457176
1005007456692565
1005005595221796
1005007333485116
1005007007826811
1005006164802145
1005002311403437
1005005579401309
1005005703496795
1005007065643005
1005001633176821
4000046083843
1005007488527249
1005007487985132
1005006878198199
1005005013477085
1005006969370221
1005006467138786
1005001484227745
1005007294451394
1005005457589209
1005004462540555
1005007200182479
1005005928589179
1005005974730676
1005007032047277
1005001321911655
1005006838557019
1005007353651832
1005005237796739
1005004070958277
1005006194993108
1005006079024495
4001334058867
32989037547
1005007217536652
1005006022550069
1005005841079935
1005006105965581
1005006520182476
1005005380878688
1005006000650084
4000353223685
1005005907390138
1005005891925850
1005006532646652
1005007165231130
1005007314257477
1005005888731245
1005004917208861
1005005556054571
1005006588960553
1005003327775612
1005007173784579
1005002204999163
1005005609332406
1005005274047038
1005004537598670
1005005415391642
1005005471412983
1005006294964155
1005006290715718
1005004352092390
1005005994356361
1005006475921644
1005006473359503
1005006255777314
32802403263
1005005222156368
32874850593
1005006520864679
1005006009103272
1005006078288330
1005007122117957
1005007163249385
1005006672885774
1005005487181217
1005005955449208