1005005150496269
1005002534699685
1005007021628301
4000817486493
1005004766718551
1005002383721338
1005003219517111
1005003194278335
1005003205974965
1005003218591242
4000160530265
1005003219268204
1005003224532382
1005003223824756
1005003193523467
1005004844880248
1005004437384731
1005003219477544
1005003219504858
1005003219145547
1005003218521145
1005003224280312
1005003223917425
1005003223974500
1005003192510196
1005003206133370
1005003224109518
1005003188017734
1005003219246028
1005003218542171
1005003219520502
1005003218420424
1005003218824258
1005003218644338
1005003206595523
1005003214130682
1005003206302477
1005003219068671
1005003224054252
1005003193309171
1005003219724205
1005003192214524
1005003224619876
1005003206413801
1005003218773261
1005003218658429
1005003194100344
1005003219252655
1005003224256943
1005003218416448
1005003219555567
1005003219783053
1005003218511065
1005003219464123
1005003219234634
1005003187257995
1005003188303109
1005003218630997
1005003219521910
1005003219538285
1005003206716874
1005003219492043
1005003205886762
1005003218514566
1005003223708498
1005003219401932
1005003219153189
1005003218600344
1005003223247828
1005003219575133
1005003218784820
1005007430904570
1005007452210675
1005007430652824
1005007452487077
1005007452249617
1005007118526254
1005006357740570
1005007109715187
1005007381068451
1005007470695271
1005005908619932
1005007458631891
1005007459645351
1005007459580342
1005007452370570
1005007352995767
1005007284014379
1005007283592427
1005007336301354
1005006095637917
1005006318616003
1005007321195360
1005005332853234
1005007449927816
1005007424333766
1005007338883178
1005007424783050
1005007364385307
1005007337841059
1005007133168175
1005007103142112
1005006756026885
1005006594020889
1005007085668655
1005007288176881
1005007458980788
1005006705197204
1005007071164987
1005006265385983
1005007424461635
1005006814974894
1005006678052694
1005007121459485
1005007468907244
1005007104945895
1005006870979961
1005006858003074
1005007445952599
1005006961932237
1005006458785433
1005006458718734
1005006823298001
1005006757333704
1005007223314147
4000394207333
1005006335688340
1005007353720221
1005007474977542
1005007476680289
1005007474506459
1005007475067363
1005007478647825
1005007471105854
1005007459014736
1005007458989705
1005007459113480
1005007447004223
1005007446598792
1005007340062642
1005007446807269
1005007476644359
1005007458866993
1005007459257235
1005007459039623
1005007459069532
1005007446866197
1005007459120412
1005007459139413
1005007459237260
1005007459320075
1005007458873987
1005006806020715
1005006974399229
1005007418399340
1005007345217814
1005007464978080
1005007001805631
1005007457591389
1005007340215239
1005007104782152
1005007085730339
1005007193163173
1005007335129600
1005006904920453
1005004509348256
1005006961345555
1005006642589304
1005006673781003
1005005001543733
1005006843092076
1005006743837895
1005007267943868
1005006713492692
1005005001592527
1005004993275216
1005007212942511
1005006815088812
1005006923449121
1005007046507626
1005007384828178
1005007010343769
1005007402225712
1005006898336665
1005006857855543
1005007415566642
1005006970969481
1005007131344273
1005007467016105
1005007265941626
1005006388827346
1005007438354945
1005006829310761
1005004148453617
1005004757656405
1005007404742106
1005007217345211
1005006511923360
1005007046327106
1005002379251445
1005006871220111
1005005857661391
1005007105230528
1005007417491265
1005005001607449
1005002476230192
1005004989732651
1005007066264893
1005007131498006
1005004854883129
1005006594845574
1005006350751398
1005006304777382
1005005928487256
1005006707997374
1005007408255307
1005006098833681
1005005047679639
1005006867766227
1005007117139237
1005004636259443
1005007217243409
1005007354284707
1005003157505755
1005006812024068
1005006774235520
1005007354234172
1005005690683770
1005007096774247
1005005944784777
1005006904651923
1005007261274280
1005007336860229
1005006811918399
1005007391632345
1005007127835649
1005007376338308
1005007392798963
1005006904928009
1005007358319381
1005004141288149
1005006401566144
1005006974242581
1005006621484134
1005006974138872
1005006809967517
1005003979855713
1005007116948652
1005004904567051
1005006166607470
1005005150423977
1005006904893714
1005003697906746
1005006412544220
1005006401192374
1005006267340973
1005004839986869
1005006525473247
1005004138128604
1005006370403134
1005006919324464
1005005263189660
1005006518859020
1005004391363319
1005006974563993
1005006462486627
1005004996883021
1005006255983072
1005006262578840
1005005653528676
1005007013711510
1005006186308037
1005004675151498
1005004895579639
1005007094608243
1005006858780178
1005005291806031
1005006175829314
1005004975830929
1005004077567320
1005003942029529
1005004434586123
1005006277712887
1005005281612829
1005005537237729
1005006131049435
1005006976187663
1005005514935316
1005003498376083
1005006440365489
1005003949928465
1005006078096050
1005004861874402
32976042612
1005007253033179
1005005955520152
1005006881274611
1005006416026144
1005004711075570
1005004349508680
1005005745530709
1005004147614160
1005004256220196
1005004957418641
1005005300182507
32904707315
1005004486865718
1005004981980019
1005007112560529
4001043221408
1005007378641457
1005007055577153
1005006918211510
1005007247153398
4001250898109
1005005934237619
1005005282123675
1005004845205632
1005005231738273
1005005738046763
1005005902937872
1005004536531841
1005004954576185
1005004981893437
1005004989657919
1005002920294272
1005005908865816
1005007223982108
1005007379755247
1005006898945148
1005007332107736
1005006857338218
1005003304948358
1005003748911727
1005004895970519
1005007325068591
1005007320700777
1005006898316870
1005006808625445
1005006790297881
1005006797613898
1005006603857729
1005006898636175
1005006898518464
1005006935047061
1005006728688148
1005006929558386
1005006603186994
1005007198417006
1005002379252474
1005007233764684
1005005201198379
1005003975223835
1005006673665504
1005004249673128
1005006613733303
1005007471560779
1005007475445927
1005007338882634
1005007442042488
1005005787059729
1005007084470451
1005007437336428
1005007460340754
1005007063198833
1005007449755456
1005006734429751
1005007344277709
1005007109627309
1005006309045571
1005007346486431
1005007049338377
1005007049144316
1005007246648729
1005007133581094
1005006997341068
1005007140332687
1005004023277666
1005006480834190
1005005860726399
1005003372988299
1005003337439047
1005003361762347
1005003742134314
1005007021337221
1005006790258970
1005006898514469
1005006823446013
1005006604106226
1005006601165017
1005007226886760
1005006878176640
1005007476798364
1005007484166944
1005006835176468
1005006244281956
1005005993655319
1005006798022376
1005007132182082
1005004017076866
1005004826698325
1005006910435421
1005005741616144
1005005000010576
1005006574270386
1005007084501598
1005005338051666
1005006060004722
1005006422500686
1005005970326975
1005005969343188
1005006789567123
1005006344531382
1005005912390689
1005006909224721
1005006798043184
1005007276082782
1005005272824438
1005007214819434
1005007191724277
1005006963636075
1005007275601116
1005006491576495
1005007016337195
1005007258329699
1005006540029245
1005006136728112
1005006003500712
1005005835414705
1005007371159123
1005005978062818
1005005688406081
1005005939136082
1005006049601833
1005007232445122
1005003540649441
1005006547452128
1005006789924123
1005007167414797
1005006698624988
1005006942827267
1005005382741891
1005006508774945
1005005562091597
1005005501064223
1005007032875264
1005006245607002
1005006049842191
1005006929032078
1005006027416117
1005006168481022
1005004794262975
1005007388389171
1005007370967231
1005005852549433
1005006580568229
1005007341016324
4000912242196
1005006998535539
1005007163293365
1005007229263270
1005006955968179
1005006068575120
32825835892
1005007483098351
1005005687898598
1005004698173258
1005004798687710
1005007375869463
1005007354101729
1005003414841042
1005006653267624
1005004739928276
1005006247766444
4001037915782
4001060555802
1005004044672811
1005003489203876
1005004739898706
1005001729765447
1005001729817414
32555391333
1005006270685169
1005006155753157
1005004819953253
1005006124549629
1005005938996835
1005007436849887
1005007290393377
1005006530075000
1005006746634829
1005005163458934
1005004781116818
1005004780945466
1005005924181256
2011386946
1005004842064493
32856214511
1005006221489991
1005006209664260