1005007412641847
33015146988
32539012300
1005006981029122
33017555238
33010814974
33018215494
33022002491
1005007339197041
32356513531
33012953286
1005006741397794
33017227198
33019190440
33020831544
33035264017
32990132548
32896225238
32289660422
33020799624
33020827917
1005007272715177
33015706245
33021651450
32896724764
4000589506164
33008964714
33007692287
32289652647
32910166950
32951176775
2042673035
1005006910144788
33019246717
33037354321
1005006651316942
32468058350
1005007264372295
33021990285
33039315474
1005006614490886
33006996926
1005007338959319
1005007356900416
4000223520020
1005006737071774
33017499094
33019146860
4000498264587
33019250383
32896716845
1005006829081335
1005003031312780
1005004259649053
4000265578358
1005007135296318
1005006075335224
1005007354655614
1005005902590975
1005007399065383
1005007375641347
1005007402720315
1005006849798899
1005002908043269
1005006863167009
1005004580175876
1005006835208712
1005006731257771
1005006869552332
1005007352857408
1005006052431774
1005006296120077
1005005591055943
1005006961328572
1005005773662259
1005006152951627
1005004344266449
1005005364297051
1005007342121649
1005006984486627
1005006776643355
1005007062953019
1005006976317097
1005006457190944
1005006744916778
1005007004630719
1005005364223540
1005006940733410
1005006125845283
1005007150328391
1005007448796168
1005006136327089
1005004774727429
1005006635191381
1005006646517368
1005005694693036
1005006539927954
1005006125774777
32910815679
1005001469317348
1005005262863098
1005006116048807
1005006674173456
1005005374639870
1005006047019082
1005005595737765
1005006730976675
1005006491036463
1005005472631453
1005005954460078
1005004853759409
1005006116188115
1005006205295319
1005005771704823
1005005763242807
1005007485052046
1005007484767624
1005007484838552
1005007484935195
32895806743
32904403539
1005007455760007
1005006799161474
1005005967087117
1005005170161371
1005007141569800
1005006940703312
1005006940829034
1005006976045485
1005006828936777
1005006857187980
1005005950759339
1005005950701795
1005005950773404
1005005961621973
1005006852275094
1005005595683582
1005007211441859
1005007098237156
1005005595846520
1005005364195786
1005006730390552
1005006984258785
4001326711651
1005006674785867
1005007000804211
32885413471
32888037385
1005006668917572
1005006457333292
32888488832
32888135312
1005004682506099
33042542389
1005001296418141
32894864240
33054955869
1005001296516151
1005001297010417
1005006170334480
1005006121862819
1005006165957064
1005006166108618
1005006302264456
1005005966995715
1005006510122012
1005002979158978
1005005595782068
1005007038103980
1005006091801452
1005005472647142
1005007355482854
1005006409711349
1005006157505793
1005007141585796
1005007352927667
1005006966649712
1005007333440642
1005006975505981
1005007184768889
1005006829152482
1005006918369700
1005006412927182
1005007141520905
1005006728284885
1005005595599230
1005005364177841
1005007075373427
1005006071467441
1005006083138765
1005001296495229
32904367452
1005004524631884
1005007444917825
1005006918074370
32961166769
1005007449970839
32875476615
1005006900979352
1005007118827132
1005006865685106
1005007387316365
1005007449168716
1005006216389431
1005007362145795
1005007329028314
1005006171386725
1005005002204841
1005007088720763
1005006179819593
1005006180429474
1005006897735443
1005005971616459
1005006882105424
1005006242669772
1005005936811467
1005006400862407
1005006593269400
1005006176395098
1005007475706499
1005007294185552
1005007462539484
1005007450298376
1005005941270488
1005006115090054
1005007470030286
1005007465148523
1005004935359589
1005007458632490
1005007482211962
1005007482372547
1005007482274653
1005007482251970
1005007444579144
1005007124891617
1005007424093149
1005006666420236
1005003989473865
1005006645465919
1005004704903503
1005004681179884
1005006493323193
1005007023652833
1005007131714282
1005007102884888
1005001399979407
1005006287426742
1005006311962300
1005002509664438
1005005064397988
1005006108095541
1005007274970892
1005006614674089
1005006974150204
1005005874344061
1005004649169076
1005005557556856
1005005886653103
4000519948925
1005006968070456
1005006883925380
4001289216085
1005007052910579
1005004566264257
1005006622632939
1005004761314028
1005006728956743
1005007053157853
1005005469186193
1005007035554880
1005004816336599
1005005547693264
1005006056809911
1005003377081243
1005003510846996
1005006007493391
1005006913278182
1005007061108318
1005006304977146
1005006168671075
1005007064009890
1005006104980743
1005003450613243
1005006683443261
1005007043260931
1005006357951437
1005006442268605
1005005486286522
1005002424791013
1005006042359488
1005006410667285
1005002049878955
1005005776629556
33059607334
1005004627875916
1005004397455858
1005002339226895
1005007094029741
1005007135065575
1005005345484407
1005007303398759
1005004762221359
1005004769510987
1005005101837220
1005006441013526
1005001607319096
1005004732528740
1005004587822813
1005004477024891
1005007379887301
33056033489
1005007397057271
1005007100817695
1005007433880389
1005006887664364
1005006991706210
1005007482365726
1005003516293999
1005007480927425
1005007469076542
1005007472922070
1005007471481104
1005007456613261
1005007455724155
1005007455033327
1005006706333269
1005007398803433
1005007439205236
1005007443518683
1005007442936816
1005004848995945
1005007061281649
1005007391865145
1005007394880303
1005004444082687
1005006968411938
1005003579698900
1005007225856338
32831068688
1005006612436268
1005006989326379
1005006901979399
1005006811957623
1005006307042722
1005007136449592
1005005685919636
1005007128225165
1005007100145957
1005007088717592
1005006977251946
1005007050660036
1005006998886195
1005004729816673
1005002821430410
1005006855771931
1005006903655760
1005004898011553
1005004962767629
1005005719312718
1005006928596373
1005006893881892
1005006878420314
1005006882004285
1005006873764188
1005006869636659
1005006668877440
1005006723300018
1005007376394688
1005007060811398
1005007182571260
1005007129479079
1005004530990022
1005006410967093
1005006254501422
1005004646324690
1005006619379290
1005006618770925
1005006570457239
1005006619549138
1005006107438311
1005001479499707
1005006455271608
1005006539173603
1005007300819408
1005006284245261
1005006361104292
1005005571691041
4000080696847
1005002596717650
1005001679730153
1005005820159665
1005003100908470
4000188698290
1005007336977241
1005006506164499
1005005521037441
1005007387518396
1005006450931959
1005006430003918
4000891868445
1005002470928439
4001290313239
1005002065853118
1005004572561342
1005001695369776
1005006243081691
1005005676744336
1005004799004821
1005006172301720
1005002882313351
1005002801755562
1005004796531116
1005003201631436
1005002801073905
1005002797928306
1005002780785586
1005002199445122
1005003785663742
1005002951100625
1005002872212941
1005002199502372
1005006618971690
1005007261435257
1005005302692202
1005005302641628
1005005302127556
1005007343711526
1005006316612499
1005006313334871
1005005899020448
1005006941723982
1005005889791792
1005005548995032
1005003658591076
1005003476665105
1005004410449759
1005004065548082
1005006358798458
1005006316956992
1005007437547737
1005007069038058
1005007457939404
1005006420211597
1005007287785689
1005006420750596
1005006528094924
1005007320230079
1005007316761277
1005007451402912
1005007328977873
1005007143484220
1005007412988134
1005007176206106
1005006316930230
1005006407660968
1005007337459970
1005007301058519
1005007390192007
1005007137513700
1005006480066172
1005007022834372
1005006509587790
1005007197670075
1005006704159687
1005006928657335
1005007432415131
1005006911661572
1005007371148918
1005007369402548
1005007238911567
1005006200422917
1005006877197375
1005006883135670
1005006883541362
1005006842979232
1005005345970625
1005006516358711
1005007464903113
1005007453358031
1005007419774143
1005007337673775
1005007323617357
1005007054380042
1005006974719731
1005006679192049
1005005548901370
1005004633067562
1005006356957853
1005006358654033
1005006317000804
1005004533121263
1005005520848832
1005006973006861
1005007369521447
1005006340363978
1005007069008979
1005007137612800
1005007220431915
1005007032048337
1005006784442496