1005006756721253
1005006738603821
1005006713801475
1005006299861819
1005006993971198
1005004164508515
1005003033958911
1005004100436777
1005005334626451
1005004045169276
32865055727
1005005687047065
4000630989886
1005005200032248
4001226308541
1005005473110446
1005005217996714
1005003204353341
4001084839079
32992374139
1005003747214570
4000003719110
1005003949677926
1005003800028218
1005005070644508
1005002399788275
1005004999320703
1005004763200214
1005004572877092
32845328773
1005005016315137
1005004304385116
1005004406748505
4001284342600
33041508031
1005004406739401
1005007334754213
1005004930145235
4000469617159
1005007252190719
1005003610145001
1005002598775030
1005003470764931
1005004723769119
1005003134214529
1005003512010301
1005002558969917
1005005589016920
1005004629817520
1005004155459023
1005003935323816
32893119258
4001294399851
4000866768278
1005004504621169
1005003727869591
1005005171356228
1005004375705041
1005004347676474
1005006987736251
1005001496660295
1005004776220098
33007212883
1005004765405807
1005002447232228
32603182694
4001176478839
32969344854
1005005128044310
1005002064333486
1005002453675726
1005004140303439
1005003527779383
1005001357874637
1005006111144099
4001090603623
1005005236033992
1005004271965146
1005003726798663
1005002830382643
1005004696778538
1005007288013701
1005006011124870
1005004426876932
1005004050011050
4001137786286
1005005971928913
32761752757
1005004830320680
1005001290748089
1005003991739138
1005005712132972
1005003614725269
1005005611098041
32991614693
1005007462515346
1005004629520091
1005003405893342
1005003454005134
1005005146888686
1005006848648098
1005004887283295
1005006278849992
1005002843627580
1005005838788405
1005005313586750
1005004288758117
1005003635844210
1005001961873771
1005007461487452
1005006998753098
4000144103039
1005004474894958
1005001321888468
1005004003277197
1005004853350907
1005002459477542
1005004835435973
1005003009965612
32955042036
1005004876305627
1005004283055616
1005003101186835
1005004528394771
1005004845695153
1005007450890719
1005004779640800
1005004651684004
1005004469228863
1005004620304811
1005003449742910
1005001302221292
1005004913610366
1005004681044943
1005004410220686
1005003267953310
1005004831614087
4000106235106
1005003417995486
1005001671336345
33011140066
1005003233809037
32993413083
1005002876113378
1005001341085320
1005003288261174
1005004980096745
1005007477001009
1005001374269276
32946752284
32914373280
1005004681026922
1005004492952834
1005004283072025
1005003577921668
1005002641045124
1005001906160186
1005003860010483
1005006169708171
1005003189909934
1005004953402559
1005006931136805
1005006002794637
4000067040924
1005003409117622
1005005669257951
1005003132474229
1005003376983597
1005003105757862
1005004488975971
1005004550195112
1005004402973171
1005004468922280
1005004671339450
1005006907170532
1005005084114291
1005001469486677
1005005583106630
1005004146155191
1005004950931858
1005005884711003
1005004611380886
1005004483702735
1005004832289661
1005005853924977
1005002935120126
1005005946510149
1005001504814622
33006809887
1005002649485252
1005004816966230
1005003095475839
4001289937994
1005004374261881
1005004762936206
32559262280
32913227508
1005002985973868
1005004040579331
1005004834230659
1005006565717755
1005004778688553
1005003118679557
4000806252558
4001233362955
1005003637775535
32795503870
1005006397985009
1005004845094678
1005005092491606
1005006935304695
1005006947194688
1005001272969836
1005004892077089
1005004608391343
1005004864663140
1005004740838494
1005003330944227
1005006715744348
1005002592782065
1005001391891325
1005002641042949
1005005079095481
1005006101385772
1005007455673928
1005003598729039
1005006227425587
1005006099768863
1005006716805515
1005006991324189
1005006695764929
1005007450744753
1005006888746675
1005006709748939
1005006227120130
1005006273867178
4001201417482
1005006767319332
1005007253720466
1005007191095636
1005007152714685
1005006235874581
1005006122121094
32906524956
1005006026625346
1005007398782380
4001257458131
1005006196411574
1005007172857571
32762611466
1005007192713603
1005004027002533
1005006169259851
1005007456869630
1005006723628861
1005006436664450
1005005471849805
1005006067732650
1005006772758111
1005006486976794
1005005181816801
1005005645145420
32652726323
1005001566727518
1005006712013275
1005007417408721
1005006220880859
1005007014479929
1005007429455582
32787928629
4000918290185
1005004584203111
1005006531701662
1005004183039059
1005006873791175
1005006953939336
1005005590070978
32693638941
1005003433811806
32994809745
32999799659
32996886231
1005007360130797
1005007464017569
1005007089099779
1005006581016155
1005006950696744
1005004284006463
1005006671631815
1005006436177614
1005003673520405
1005003195489137
1005006504782327
1005003801301618
1005003999667966
1005003418865242
1005004787735883
1005006715972690
1005006100062290
1005007354020060
1005006573505657
33033773000
1005006999519042
1005007001366813
1005006523589046
1005006225138393
1005006888863185
4000544497367
1005006709873563
1005006101351848
1005006101312847
1005006225010625
1005007138579504
1005005914645509
1005007244157740
1005005112520577
1005005364761426
33048347966
1005005652150493
1005006391350643
33044576146
1005007402803182
1005006637919581
1005007180031270
1005002592614559
1005005476143053
1005006176982927
1005004850205797
1005005862529284
1005004441683667
1005004819328419
1005006203220555
1005007226730994
1005006739150051
1005005285770967
1005006133220564
1005004850251162
1005006931374772
1005006646523127
1005007360605651
1005005979379510
1005005445339707
1005007267789883
1005006539332580
1005006450791869
1005007149633381
1005006656889276
1005007175655062
1005006846926901
1005007153464662
1005002871067970
1005007121125972
1005006943908443
1005006282375582
1005006657036169
1005005979990098
1005007168997613
1005006369760746
1005006581035139
1005006616740851
1005007355613470
1005007281646717
1005006897814075
1005006802891965
1005006798087494
1005006802253970
1005006726647599
1005006713708217
1005006713287867
1005006705138277
4001128692429
1005006677901288
1005006776459524
1005007324614906
1005006409215634
1005006725256498
1005006784316771
1005006591704933
1005007065112580
1005007176801690
1005007144447060
1005006844858852
1005007128282185
1005007122268989
1005007081390959
1005007013748940
1005007009568141
1005007008598481
1005006806643843
1005006714297705
1005006714147866
1005006693098277
1005006692714920
1005006676183907
1005006617621913
1005006612338502
1005006562667011
1005006328862623
1005006900625139
1005007408046659
1005005486281294
1005007314639987
4001148404135
1005006521770533
1005004204750293
1005006079843236
1005004335317371
1005007032124447
1005005504812273
1005006626572712
1005006383759476
1005006355334404
1005006348991027
1005007453167993
1005007453727785
1005007324798356
1005006151152672
1005007355729444
1005007296320597
1005006568996692
1005006474813344
1005007117111417
1005006885165023
1005006841359371
1005004911954432
1005007121049520
1005006393937144
1005007447297319
1005007453971232
1005005178608519
1005007146204298
1005005754452234
1005005851955292
1005007131917539
1005005795362030
1005004576420482
1005002918052100
1005007489024320
1005007435664885
1005007009909430
1005007122357308
1005007488249455
1005007033323375
1005007482516329
1005007218045781
1005007458128946
1005007281501733
1005007282939158
1005007283009161
1005006765126290
1005007388154937
1005007329910874
1005007324664779
1005006958843200
1005006600056704
1005007454579600
1005005793485376
1005007340977258
1005007364476249
1005007364308886
1005006222465574
1005006468700486
1005007431215659
1005007431176763
1005007431754046
1005007435940074
1005005795857641
1005007387472426
1005007012581547
1005007028485357
1005007139859591
1005007292543263
1005007295501462
1005007343186582
1005007343459766
1005007343725293
1005007344520369
1005007209114787
1005007386684392
1005007298649696
1005007330186227
1005005793571589
1005007456288809
1005004891230074
1005007355240186
1005007371044819
1005006988072931
1005007086141844
1005006440572386
1005007385338951
1005007010118946
1005006399569954
1005006971668780
1005006677861511
1005006711063504
1005005976368120
1005007128978943
1005006889608776
1005007195607760
1005005372665718