1005005378831450
32937336228
1005003782039959
32919196849
1005005850585268
1005006244927194
1005007418881203
32892715460
1005007299417146
1005005791340203
32344439662
1005007452989262
1005007489048014
1005007488729772
1005004143706927
1005007488318608
1005007488319724
1005007488308716
1005007488300712
1005007316704571
1005007488148522
1005007484971098
1005007443357040
1005007483362637
1005007484532274
1005007483420530
4000031176399
1005007485615278
1005007483531285
1005005670663107
1005005900036842
1005007477232936
1005007483401521
1005007485980725
1005007487976531
1005007485359344
1005007488026241
4001052364249
1005006587388702
1005007486962433
32855541772
1005007447141216
1005007486064692
1005007421541264
1005006346773446
1005006346684964
1005006516592326
1005006727183896
1005007300312667
1005001472016834
1005004626310486
1005003113038674
1005006724774603
1005006579708976
1005006094863176
1005006095490547
1005007452466196
1005007457521602
1005007449858375
1005007452793251
1005007445814986
1005007448284267
1005007440575379
1005007446375187
1005007446719710
1005004283944664
1005007430309392
1005007436784058
1005007424419748
1005003680745835
1005007436687182
33035740705
1005007379912621
1005007333480380
4001282540474
32846136611
1005007102580760
1005007145580833
32889405827
4000074508447
1005007188646230
1005006823570454
1005006622942427
1005003176975406
1005006919317194
32890403037
32968871928
1005004459051236
1005007167561321
1005005905687193
32265453259
1005005648244067
4000286137789
1005005723401824
1005006219238985
1005007350403917
1005007260710804
1005005467357191
1005007452281549
1005006770175210
1005007445758735
1005007448582782
1005007457605372
1005002012709688
1005007448845041
1005007438457317
1005006889150441
32811737846
1005007389327750
1005007028337022
1005006577919616
32946096241
1005006641243725
1005002557709461
1005006994489544
1005006891393188
1005005952077976
1005007269230475
1005005735424726
1005006993137449
1005006752388508
1005005792775790
1005006414030490
1005006334775123
1005007434291573
1005005965374606
1005007210584853
1005006757300880
1005007032262790
1005007092605465
1005006523710946
1005007091956838
1005004785167069
1005007091857880
1005007092082626
4001094876699
1005006609390850
1005006329054677
1005007441334109
1005007436103571
1005007299483381
1005006823390795
1005004068035937
1005006927367251
1005005311199210
1005007438595767
1005006221371343
1005007440312915
1005007067175430
1005006779350302
1005006794478268
1005005953993023
1005007350869565
1005007408003265
1005006867473277
1005005888552352
1005007018868178
1005007242969171
1005005906973522
32892367754
1005001985059012
32891035120
4000014431024
1005006891519694
1005006055526765
1005006506204260
1005001302493839
32833737574
32655378361
1005006240040604
1005007485741349
1005007488343109
1005007488077709
1005007488405076
1005007488115615
1005007475530853
1005004038097987
1005007459417063
1005007481496967
1005007481616557
1005007481761280
1005007459555599
1005007447298327
1005006724241242
1005007430613979
1005007393081187
1005007422219741
1005007402711580
1005006524839650
1005006867506586
1005007452165069
1005007110565322
1005001597441207
1005006609442303
1005007267276754
1005007118446929
1005006432896435
1005006437157180
1005004064133255
1005006752486431
1005007439159102
1005006138955793
1005006130941559
1005007441327132
1005006601014276
1005007441105569
1005007299478455
1005007427732725
1005007074003310
1005006810553357
1005003592021420
1005007431996173
1005007431437746
1005006368345193
1005002558404354
1005006587970514
1005006672650650
1005003138852172
1005007357415521
1005006834733409
1005007018578374
1005007470727334
1005006487121272
1005006942386629
1005007324294428
1005006975918388
1005007021789793
1005005584622904
1005006708965391
1005006432981111
1005007392905665
1005006956267218
1005004260749712
1005004539840942
1005005483934767
1005005241016253
1005005976777368
1005007420351039
1005006636761366
1005006833250038
1005007468941558
1005006769677975
4000783998436
1005006452065732
1005006862935807
1005005810134324
1005007336708932
4000485580935
1005004274068833
1005007002954415
1005007111220883
1005006985036580
1005005737655577
1005006983132075
1005006603890179
4000530480238
1005006962622947
4000520002810
1005007083379471
1005006983014724
1005005350344445
1005007287130074
1005006075502190
4000485670946
1005006994573249
1005006844574845
1005006680211389
1005007431489567
1005006890759954
1005007129207059
1005007206141987
1005005768467381
1005007306569369
1005007163746331
1005007159412784
1005006639358404
1005007197236444
4000530484570
1005006821289817
1005005134081925
1005005467418474
1005007134868819
1005006462863332
1005007325503862
1005006659219055
4000377630040
1005005317135898
1005006583624071
1005005134319200
1005004969278116
1005007274840067
1005005466052599
1005005273937886
1005004183428821
1005006803073159
1005005857056373
1005006983169088
1005006982900282
1005006740548405
1005007175745492
1005007130556213
1005006646897322
1005007229018551
1005006698307504
1005006944699317
1005007361830842
1005007159615687
1005007130885454
1005006666107555
1005007037280160
1005005499471712
1005007368926943
1005006730169321
1005006627805931
1005002848011879
1005005262843857
1005006600876699
1005007259532940
1005007291727551
1005007292011768
1005006767529879
1005005096582845
1005005398104805
1005003680902898
1005006357432144
1005007046308849
1005006353841078
1005006922234280
1005007030854046
1005006233047514
4000583550491
1005005975808603
1005006645830121
1005007270528913
1005007226896350
1005006489168406
1005006698154795
1005007017686735
1005007280301791
1005006678231208
1005006991695629
4000540837966
4000377812834
1005007273197801
1005007217141299
1005007292882734
1005006715641695
4000519983897
4000774586429
1005006600748765
1005007346968054
1005007256252049
4000583471829
1005007293079898
1005007054122442
1005006927835579
1005007032173134
1005007224806276
1005005630789750
1005006284911838
1005006316918326
1005006998131734
1005007173401559
1005006808632880
32821874847
1005004007628123
32801307215
1005007175500959
1005005472231654
1005007450329330
1005007473279891
1005002030279627
1005005492625787
1005007384347636
1005006867415371
1005007274784055
1005006973417014
1005007217337621
1005003606859366
1005006094721701
1005006746405645
1005007217237857
1005007047144484
1005007266048270
1005005464943000
1005007178477175
4001145651209
1005006730052741
1005006783112202
1005004537363018
1005006619426484
1005007424952602
1005007293599233
1005006876997996
1005006719111357
1005005459771613
1005007055386580
1005004717345649
1005006780251942
1005006745568788
1005006151806628
1005006993810148
1005005484318469
1005005447099793
1005006958203877
1005007009966994
1005007217517318
1005006840993250
1005007245340313
1005006335747682
1005005283634913
1005007286508998
1005007449575832
1005007181518796
1005007416418043
1005005399382685
1005003639073973
1005005772174357
1005007448789487
1005005305956722
1005007436914496
1005006571455475
1005007204810906
1005007298699825
1005006643338346
1005006948943891
1005007133110223
1005007356978543
1005006898059676
1005004033471590
1005006911795533
1005006825739076
1005007226241064
1005006949412676
1005006178602689
1005005892011979
1005007181267607
1005003803245925
1005004127351659
1005005551683042
1005004634305448
1005007058343607
1005006649303649
1005006981951358
1005005203910612
1005007011647078
1005007096428782
1005006072541986
1005007449460172
1005006732546088
1005005648523639
1005004044651930
1005007280417151
1005006085352084
1005006520941031
1005006834230484
1005004042137005
1005005937548175
1005006361379160
1005004496363929
1005007157061700
1005006638437255
1005006936050672
10000003771134
1005001432191697
1005005484766601
1005007437082188
1005006942501481
1005005750394438
1005006892271588
1005007031941020
1005005198041095
4000786096177
1005006046633963
1005006299117369
1005006859074368
1005006885755312
1005007342343287
1005007345380460
1005002748362517
1005007187681050
1005002869715062
1005007252091485
1005007347144060
1005005306062761
1005006233145637
1005004220543643
1005007251439401
1005007216640678
1005007287356285
1005001710289051
1005007126170945
1005005849041361
1005006893822936
1005005103823094
1005007486133362
1005007483174535
1005007482194365
1005007474300857
1005007481895066