1005006801446167
1005006800961022
1005006802524585
1005007337809791
1005007315596208
1005007384824658
1005007421204744
1005007426698712
1005007434869241
1005007188192957
1005007186997507
1005006448483810
1005007150730851
1005007179790007
1005007150682951
1005006792824983
1005005675052527
1005001813789352
1005005003553821
1005006754784577
1005001813429946
1005005593240088
1005007191973072
1005006406293685
1005006704267507
1005005014403545
1005005911830184
1005005438484954
32889740378
1005003598182521
1005004872960138
1005003739842378
1005007061821064
1005007185036694
1005006492244198
1005003970714064
1005004391855330
1005001872722034
1005007133667139
1005005524962596
1005006057649652
1005006064193732
1005004402482979
1005007281839395
1005005192299609
1005006404508694
32978692930
1005005166173799
32740476610
1005007198064792
32980118491
32978280957
1005003158316602
1005003171133153
1005001812564174
1005006415838846
1005006672632772
1005006193329066
32910428107
1005004864272939
1005006445089662
1005003292445470
1005002603400951
1005007083884410
32888796607
1005002723253425
1005003405937960
1005007112212411
33058392487
1005005320773027
1005005522947237
1005006113252571
1005005522622981
1005006653845448
1005006259025363
4001142660494
1005007281736038
1005007068494416
1005004949105750
1005006395101473
1005006685411407
1005005269652462
1005006164757551
1005007381615577
1005003686505138
1005006424560863
1005004722604124
1005006488914249
1005006563112160
1005005871463166
1005003500959418
4000790342982
1005006477563825
1005005862762572
1005006269394048
1005006323395375
1005006212653857
1005005952530792
1005005210564073
4001191634599
32845569608
1005006200385899
1005006185007945
1005006610880624
1005006751140782
1005005412268893
1005003106941667
1005007128848587
1005004871476471
1005006876693945
1005005865331155
1005007291594332
1005006555534655
1005005714380211
1005006562698813
1005006947476592
1005005971053565
1005006727201293
1005006440003326
32948477194
1005005226754847
1005006189840755
1005005915350247
1005007067063187
1005005928526264
1005007054325948
1005007219438111
1005005131106527
4000314181827
32826573240
1005006202522997
1005006273449012
1005006835276377
1005001562592788
1005006579503240
1005006814382263
1005007358190939
1005006982686862
1005006406969306
1005004877643889
1005006854108197
1005004438362003
1005004251992534
1005001406263611
33010560265
1005005935074569
1005003074768265
1005007199802950
1005005850010352
1000001761749
1005006985184321
1005006594313411
1005001960489861
1005005392998385
1005005975223249
1005006420966990
1005007097709777
32818883100
1005007210237599
1005006034205638
1005006017707282
1005006873411891
32816763927
1005002612460356
32838387382
1005006079586416
1005004187057742
4001321156573
32784029209
32731588070
1005006117165542
1005006628284594
1005004460066409
1005006594160549
1005004757883516
1005006886262370
1005007173505251
1005005959220243
1005002465511351
1005003736316472
32245975973
1005004336288405
1005005633897566
1005005221142170
1005004795755479
1005006886997762
1005006867364284
1005005033462504
1005006822620805
1005007103330565
1005005998929328
1005006985676096
1005003462394593
1005007370566261
1005003726024459
1005005201256733
1005004260725270
1005006766548985
4000369865954
1005001882683523
1005006840224622
1005005857074210
1005005548179157
1005006563056034
1005005835367485
1005007085957335
1005006223675145
32884944556
1005004704881525
1005006454734285
1005005863652000
1005003687243428
1005005061154373
1005006594087650
1005006329629440
1005006822724052
1005006543261962
1005004188779524
1005006267615413
1005006987837825
1005006985115481
32434786623
1005002517435291
1005003677905897
1005006106677339
1005006816024243
1005006816032095
1005006815937527
1005006816047171
1005007461126336
1005007433231201
1005006219822403
1005007477606209
1005007374746918
1005007380384447
1005006159254073
1005006219900004
1005007471389382
1005007465228964
1005007403362066
1005007469529349
32915602862
1005006143078996
1005006259635751
1005006423092129
1005006400310563
1005005786146435
1005005073599549
1005007159417010
1005004670699298
1005007297893764
1005006948010329
1005003009750608
1005006820252387
1005007176215964
1005006751083319
1005005887404393
1005005140878917
1005002075477247
1005005610400883
1005001815601168
1005007102761855
1005007311188912
33042954459
32905152323
1005003594021140
1005007406834755
1005006760122038
1005006875166480
32785243773
1005005235429605
1005006043942133
1005006782975459
1005006754121423
1005002336948059
1005004777345823
1005006130973675
1005006377959820
1005006932446062
1005005374096183
1005006807558603
1005007245660282
1005004911297902
1005006091759880
4000337680105
1000004432077
4000225986832
1005001546845255
4000982527631
32850954678
1005006367726910
1005007182781063
1005002890615626
1005003791365591
1005006006100572
1005004725076145
1005006953676736
1005006924563441
1005006833938744
32914860301
1005007146975180
1005005552254553
1005006074323707
1005005959662358
1005007427293114
1005006688681347
1005002047214897
1005007386236222
1005007389478296
1005005848400570
32442881988
1005006589700207
1005007137921933
1005001464289330
4000776595146
1005006612292445
1005005812179720
1005007386244227
1005007442691639
1005006151188321
1005007390480547
1005007390495504
1005004683125535
1005007245422243
1005006858572873
4001103873753
1005003172223462
1005003172365550
1005006913340220
4001219492213
1005006875836914
1005006492955574
1005006911594911
1005003012574605
1005006494325629
1005005564405496
1005005078511522
1005003255480981
1005004165941749
1005005473681604
1005003234533969
1005005702486257
1005004147953850
1005004366652195
1005005615594943
1005006843508929
1005002913135881
1005004748763646
1005007444731255
1005006345666193
1005003022097487
1005006119954303
1005007449777535
1005007175358229
4000288581364
1005006978649366
1005003256926218
1005004865185714
1005004748772012
1005004753935709
1005005887232981
4001222352964
1005007444764458
4001103625204
4001108356700
1005007449946122
1005007449655678
1005007449676716
1005004582915317
1005006348564129
1005001721898742
1005001602347247
1005001297438398
1005006844029451
1005006493095988
1005006734681801
1005006352441794
1005003286099891
4001226181427
1005003412304487
4001107199453
1005001726528861
1005006357001851
1005005383613200
1005006080593963
1005007162446536
1005007234823233
1005006802960108
1005004316251171
4001287682249
1005006682470749
1005006765286087
1005006885138196
1005001625153621
1005004399800716
1005006840487363
1005005583878734
1005005495549277
1005006582653403
1005007293710039
1005006912342838
1005006293724681
1005005274657365
1005005217328919
1005005854273102
1005006701750453
1005006860056835
1005006812147480
1005006434883265
1005006854902768
1005006069253568
1005002608486427
1005007306827081
1005006983897443
1005006309176604
1005006765140114
4000050970760
1005006912371632
1005005913345819
1005004795774711
1005005721392250
1005004704963685
1005002609678411
1005005225201466
1005007234357716
1005003311244642
1005005618495229
1005003311322093
1005003311149968
1005003932533239
1005004028542539
1005004028328670
1005005963238311
1005004028040500
1005006902284635
1005007478737669
1005006209481873
1005004024828220
1005005991605504
1005004622092257
1005002789978398
1005007220246619
1005003329267653
1005006685147704
1005006161062480
1005005609138616
1005006972346746
1005005991555810
1005006989082130
1005007234078979
1005005824984818
1005007302890357
1005005888660992
1005003642428163
1005006020236696
1005007312271023
1005005218995506
1005005580356999
1005007374752035
1005007374766048
1005006833453619
1005006833049980
1005006979024227
1005006911679458
1005006814147792
1005006744532814
1005007475836300
1005005616688006
1005006263300439
1005006263337226
1005006936730775
1005004021973456
1005007306995841
1005002788455706
1005006822435674
1005004590188269
1005002650284310
1005005963131995
1005006989084159
1005005590092630
1005005377799385
1005006815572388
1005006815511991
1005004749167195
1005006629799713
1005004749005092
1005004749113839
1005006362809092
1005004613607458
4001188880418
1005007475353819
32992275450
1005003325723076
33010935177
1005006629046321
1005003311298152
4001110608215
1005002272568923
1005001619385617
1005007160099456