32864935253
4000907775416
1005002638698250
33020996743
1005005552176075
32738097610
4000370208235
1005004560944225
1005004920524362
33048115914
1005004630633359
32969783105
33039501123
4000013290736
1005003883660735
1005004883537159
4000854732668
1005005556601210
33052347658
32764948981
1005003676511855
1005004629344353
1005004504576546
1005004141893457
1005003118929870
1005005254911758
4000816613705
4001260788026
1005007450539284
1005007450374666
1005006213464626
1005007170674540
1005007440315903
1005007046912445
1005006733331471
1005003795552619
1005004468333658
1005007223800434
1005006905915313
1005007000343858
1005003975626809
1005003458311182
1005007458665104
1005007449804722
1005007385838696
1005007346148526
1005007353561454
1005007139851910
1005007320362586
1005006491479807
1005005307945009
1005004875901686
1005007054475816
1005006948880064
1005004877514364
1005006799289021
1005006679598518
1005006966034520
1005006728315456
1005003221454265
4000302375887
1005003069277228
4000404328782
1005004816118284
1005004853141628
1005001617214330
314610599
1005004056303822
4000448693773
1005004608007385
1005004442692151
1005001934589335
1005006200516845
4001178206742
4000659785474
1005003936429416
1005003194604726
1005004216688531
1005005217236545
1005004584694349
1005006263418248
1005005248454329
1005004349985633
1005001705495810
1005001535008690
1005005961155360
1005001998850296
1005001880593452
1005001581700711
1005003030857589
1005004743843547
1005004660702683
1005005382813023
1005001891817858
1005003128831599
1005001644976014
1005004770654194
4001274770156
1005002868655232
1005004526730448
1005001463662870
32814433597
1005005355021871
1005003828277642
1005005636784790
1005003988895440
32906623797
1005004249668410
33007865961
4000210500140
4000228457850
1005003717836199
32830304508
1005002928541294
1005003262849955
1005003693356453
33003098918
1005001856674232
1005003771359269
1005004925059406
1005004437525929
1005003007498146
1005005468819017
1005004774013001
1005005296862454
1005003328608962
1005002827350128
1005005253530490
1005005236178217
4001351141758
1005005278179562
1005005123001745
32949316127
4001275269973
1005005476517210
4000196555050
1005003005647128
1005004218821101
1005005417508965
1005007396009846
1005005274635115
1005002055080674
1005005315964039
1005003057725603
1005004466567643
1005006121196161
1005003784819365
1005004139684123
1005007474532146
1005004725314479
1005002383369009
1005001336142441
1005004383645334
1005004145397327
1005004166290091
1005005373963796
1005007441935106
1005006873305934
1005007049881416
1005006807086715
1005006809408055
1005006725131019
1005004651461677
1005003819027706
1005004634160644
1005004443195941
1005007368045763
1005007368039785
1005006965499550
1005007274790116
1005006499252206
1005004605302302
1005004399872140
1005005450496746
1005005370028722
32514967531
4001043277971
1005006803676829
1005006865985718
4001043287966
1005006886089609
1005004605961808
1005004889329520
1005005714488978
1005005365229230
1005005471407746
1005005368284864
1005005369906346
1005004573496658
1005006497897948
1005007323769993
1005005741123610
1005005104426517
1005005284946765
1005007076002581
1005005105196286
1005005742959640
1005003348444757
1005006704511804
1005007254932799
1005002126312834
1005004825560875
1005007281849716
1005004894519715
1005003285763565
1005006819020294
1005007435880654
1005005319496286
1005003261449934
1005002262076107
1005005697098924
1005005894178579
1005006942062804
1005005584978198
1005006171329801
1005006275191318
1005006590019581
1005004849116965
1005004600970506
1005005368172552
1005005385577718
1005005367809598
1005004596543713
1005002726229178
1005007071209299
1005005101376608
1005007053410661
1005002584935528
1005004605031189
1005006323971307
1005005714244283
1005005741746514
1005002154183656
1005005734391584
1005006033706347
1005005102254049
1005005069999948
1005006590326816
1005003110167514
1005005584825797
1005006209122711
1005006916231736
1005006391855291
1005005108154080
1005003209675311
1005007431741747
1005007303153069
1005007274467830
1005007477355689
1005007394631084
1005006881542660
1005006668500300
1005006590705295
1005006591464097
1005002288228934
1005005371992553
1005005102098267
1005005315533157
1005001878695510
1005007462092365
1005004607343843
1005007029837121
1005007296068868
1005004609086233
1005005718787271
1005004877258921
1005003684048083
1005005735728858
1005005364617049
1005004874868272
1005005367448143
1005004822688247
1005005369429805
4001043347293
1005007082573143
1005004822453517
1005003695938019
1005005116644838
1005006244214124
1005003211094926
1005003960412507
1005006244295617
1005005114488760
1005005102287898
1005005104883212
1005005097298035
1005004611320269
1005007338121005
1005004573802706
1005004573979169
1005004573672786
1005007076484319
1005005368029524
4001043298596
1005005369850108
1005005124268797
1005004732116828
1005006246961734
1005005117511643
1005005370230478
1005007288350691
1005004874919092
1005004399843678
4001043296657
1005002132374632
1005002182308171
1005005301362888
4001043291725
1005005117579153
1005007076387538
1005006239564090
1005005116808500
1005005116883995
1005006445239949
1005002256426230
1005006371210478
1005005009904357
1005006711283970
1005007437958699
1005007369654678
1005007138268338
1005006923041414
1005007167154353
1005007327581942
1005007437834870
1005007121436242
1005007121252615
1005004172343745
1005007359098931
1005005915856167
1005007303207535
1005007034987550
1005007281797881
1005005664851442
4001043350180
1005006979857021
4001043332300
1005005321893552
4001043329325
4001043360099
1005007404663987
1005007029115941
1005007029364786
1005007029607260
1005007425158330
1005006582854379
1005006947842185
1005006728551079
1005005374325665
1005003878867348
1005002248900396
1005007276189287
1005002117264297
1005005826271208
1005005824791196
1005007488862053
1005007487770359
1005006947280521
1005006755246766
1005006883302939
1005006243857575
4001043299639
1005005103925586
1005003490462296
1005005714213320
1005007327441241
4001043344237
1005007404835926
1005007404765887
1005003887322877
1005005012582151
1005006904901902
1005004305043852
1005007248822054
1005007183807151
1005004380312977
1005004338998328
1005004308609736
1005006042430528
1005007037163166
1005007036827731
1005006119749282
1005007160778203
1252919215
32449692826
32983795756
32980628993
32754176762
1005006457761718
32829982550
32685143433
1386083379
33006865957
32734814200
32606813919
1353102979
1005007406190267
1005005861992878
1005001430508057
1005005878372469
1005003923739567
1005006379582638
1005003792344625
1005007031193328
4000623771944
1005005932222773
4000200223282
1005001798025891
32918187194
1005006313087666
1005006335734468
33037976585
1005004027919212
1005007402759741
1005004294181828
1005005742654729
1005005677836406
1005004707821213
1005004050275111
1005005545283482
1005007239590571
1005006833942095
1005006948296658
1005007095491082
1005006197751432
1005006260039777
1005006146462869
1005005041179982
1005006291056605
1005006256155726
1005004492980782
1005005150381741
1005007313921657
1005006045903098
32839601599
1005006988710051
1005005795412746
1005004047837951
1005005034162758
1005004991420542
10000001876671
1005007442478783
1005007286675565
1005007355494730
1005006588523003
1005007393384798
1005005933482615
1005006864494529
1005007079046991
1005004937939405
1005006243772745
1005006855788313
1005007296260266
1005006112532472
1005007267102670
1005006081912337
1005006046749963
1005007131314938
1005006916308683
1005005780177318
1005005222414285
1005004928303000
1005006730079653
1005006798075328
1005006303362521
1005003999111796
1005006064406439
1005007167748212
1005007273757474
1005006795565477
1005007166781235
1005006887733724
1005006904374633
1005007108860557
1005006849021034
1005005910733941
1005007166354449
1005006649792729
1005006063361570
1005006212657486
1005006262666537
1005006349085972
1005007286727973
1005006128238822
1005005075660735
1005005678480176
1005006857434758
1005005933141321
1005007243210880
1005006962089244
1005006760121867
1005006833414387
1005007091285308
1005006802697855
1005006803391296
1005007267787350
1005007268359415
1005007267109036
1005007053745074
1005006837886922