32495359779
1005005292161627
1005007098292332
1005007087653730
1005002361704809
1005007395020683
1005007395102513
1005007395181181
1005007365054750
1005005665538069
1005006952364552
1005006806795971
1005006425594933
1005007037633520
1005006712157682
1005002282542945
1005002281165503
1005002043676715
4000738957740
1005003733432982
1005007004097401
1005007000538213
1005006412360819
1005006981254220
1005002598704391
4000206786149
32904302123
32699358664
32703135302
1005006948275573
1005006948258499
1005006881459177
1005004629895669
1005005962799261
1005005338869164
32865048822
32859795591
1005005776573617
1005005199573519
1005006850877738
1005006853557198
1005006756215117
1005006755107652
1005006444571998
1005006826249316
1005006849302177
1005006848768248
32867491965
4000716190011
1005006781787027
1005006781716289
1005006781012963
1244937672
1005006447085396
1005006752014418
1005005983909969
1005006404064915
1005004682121075
1005006050822655
32798225484
1005005872350059
1005006581449697
1005005707058705
1005005994839287
1005004833917382
1005007365057580
1005007364908932
1005007365189013
1005007365108379
1005006717173596
1005004833382432
1005004833769890
1005005666439418
1005006481848441
1005004256347069
1005006608904163
1005005366487797
1005006586722741
1005002952620910
1005001999820941
1005001572590097
1005004025152369
32862309215
32806015629
32804192380
32804180723
32460256521
32269464723
32269183178
32269183879
32267931944
1767792019
1005004588631298
1005003997635153
1005006345095042
1005006316542055
1005006312440154
1005001759829448
1005003106572297
32995401789
1005005838775269
1507918276
4001360072170
1005001963733620
32889745834
1005005485838095
4000226854756
1005001468282175
1005004959352643
32673575083
4001331554798
1005003413020406
1005001356039757
1005005559160018
1005005838809708
1005005977255560
32870286407
1005001968848333
1005004047882735
1005004831151829
1005006030813273
1005004007663919
4000442454899
1005007350485336
1005007350684970
1005007350495294
1005007350320851
1005003952590664
32804164945
32804160918
32803846117
32803810902
32267277662
32269155940
32267939813
32266431325
1005005597673858
1005004993056161
1005006213224728
1005005632502425
1005002650643688
1005002552767290
1005004691415087
1005002612803522
32221398595
1005006548295016
1005006033750617
1005006471656694
1005006477283937
1005006317830951
32707245238
32718907012
32718755916
4000909254399
4000909243512
1005005919122134
1005006491259193
32986577015
1005005797708092
1000007304281
33022435728
1005006325743556
1005006506004690
32323855267
1005006456806747
10000000856916
1005006456843602
1005001604402948
1005006481803832
1005006473942036
1005006473905150
4000493930394
32531680218
32544161945
4000204046813
1005002516760431
1005002078947203
32659405690
1005006291936664
1005006459770386
1005006458651806
1005005931483542
33001390620
1005007350144272
1005007350369651
1005007123936651
1005007293474491
32803457335
32803425621
32803421729
32801079018
1243493786
32717456436
33024126140
33021084609
33022084617
1005006455464788
1005005776789894
32660984805
32673551403
32842899503
1005005214070101
1005002966399389
1005006188802654
1005001942345439
32973646659
4000035684983
1005002966321932
1005002244858146
1005006096636475
1005006200211886
1005006123593349
1005006096734747
1005005483071289
1005005260765997
1005005248401718
1005004903357043
1005003762966518
1005003421655274
1005002441507568
1005002297858143
1005002058293347
4001199541706
4000990378326
4000943478884
4000710534287
4000116449917
4000107655824
4000005779522
33004371025
32984611850
32974325959
32974024414
32950376108
32858936240
32850490011
32844968935
32844365184
32844353496
32829700198
32791955824
32790160016
1005007296267831
1005007296032303
33021128437
1005007296383051
32803425614
32801071093
32717484820
33022986324
33021096648
10000000839906
32842927073
4000710496940
33000705346
32546447951
32545979139
32540256448
32546503147
32546499370
32546152265
32545983101
32545792073
32544205023
32544181893
32544714399
32526385835
32442579509
32442274343
32442270724
32335723489
4000227192684
4000922649766
33045287929
1005003307899457
1005002965156637
1005004401765013
1005004360398107
32995486573
1005006271574784
1005002173111128
32993589184
32326640114
1005006060464408
1005006126062078
32921956775
1005006089343644
32903046256
4000334139603
4000314849057
1005006061733169
4000116691215
1005003095481873
4000713110016
1005001631677730
1005004865515566
1005006200315713
1005002610354772
32719061218
1005005148649513
1005005840108119
1005005686714170
32781775065
32597240719
32596165221
32546148167
32546136511
32500259821
32500279228
32360395799
32364171502
32323972905
32323887926
32325288590
32275684020
32266246398
4001256523027
32543099978
1005005269239487
1005005480991748
1005006007336907
32851799009
1005005517675207
4000979152227
1005003890517684
1005005510639728
1005003978303233
32867249959
32680447953
1005004200001113
4000037576782
1005006044871201
4000392659479
1005004068330294
1005004512966094
32837692495
1005005403183620
4000498755600
1005005403209254
33062115175
33062119038
1005005849198839
1005004808418042
1005005149256167
4000334688718
1005006249644707
1005005448900356
1005003773568595
1005002952534762
33020437925
32841468319
32499277192
32441646097
32361588626
32361596418
32530037056
32266748474
32528028635
32543052486
32543040177
32528183411
32528616775
32541925727
32525221182
32841758621
32499158786
32543291633
32527273023
32543291729
32527912972
32528107863
32318093267
32531723725
32525329737
32526888838
32528195292
32842891880
32546495266
32543303670
32528660605
32626876505
32545963493
32531751586
32525258348
32263130693
32839351516
32526440572
32390560345
32527237816
32543216373
32390174623
1925288291
32263591405
32279703968
32837500616
32543204482
32501068777
32530005481
32528756308
32543267424
1005006613838061
32311559418
1005003104453136
1005006924926489
1005007341742585
1005002924147616
1005002120615182
1005003339868416
1005004700261466
1005004230463588
1005005624352288
1005007208305956
1005007206882082
1005006844591077
1005006125967739
1005007211259475
1005006710900113
1005003708549927
1005006172376984
32904913375
1005006867597592
1005004459901318
1005004477643152
1005004917989457
1005007269668717
1005007393136805
1005006327745031
1005004989741993
1005007282824097
32993326185
1005006909797449
1005003990109202
1005007282725479
1005004040228181
1005007375356383
1005005889956858
1005006055163364
1005006012481888
1005007182734483
1005006870094563
1005006859627789
1005006050239346
1005006942740792
1005004669420240
1005007077446344
1005005350792432
1005005866734013
1005002821937803
4001281563502
1628842618
1005006806286865
1005006575127481
1005006435446941
1005004917816855
1005005585864834
1005003469295927
1005006885921006
1005006254959786
1005005047134036
1005007308926224
1005006362332287
1005006007040885
1005004516929268
1005005282319253
1005004382060030
1005001458972544
1005007062442864
1005005537009171
1005004636108227
1005003469566582
1005003449226642
1005006686284769
1005002040679701
1005006003843793
1005001579706369
1005007159146376
1005005445023648
1005005864116179
1005005351206079
1005007299909025
1005006221805519
1005006741598737
1005006007083687
1005006583958706
1005005064571687
1005006175843191
1005003483199892
4000010993334
1005004054941622
1005004698641658
1005006336468886
1005005448426911
4000789795696
1005007282686740
32999502053
1005007157350128
1005006753728106
1005006083823507
1005002751991993
1005006678710129