1005005760620043
1005005981448025
1005006509491261
1005006421884068
1005006075130797
1005004113808171
1005006754281298
1005006760259827
1005003465373782
1005004281681186
1005004720485354
1005005923751107
1005006730411922
1005004796406552
4000402287154
1005007449157699
1005005603409871
1005003737651545
1005006992380078
1005007440493018
1005006261375716
1005006856169269
1005006403305154
1005005541052208
4000056697638
1005003550764893
1005006999040148
1005006995107310
1005006985373034
1005006907304076
1005006765423009
1005006698610802
1005006142557662
1005005226324049
1005004916269245
1005006368095266
1005005687301131
1005006439034483
1005006493938989
1005003076976630
1005007003762693
1005005187314086
1005006358000903
1005005771666179
1005003550800657
1005006367984801
1005005226113828
1005006864140797
1005006087916572
1005006769069251
1005006761277636
1005005335790843
1005006183870515
1005006494471226
1005006616416570
1005005875149582
1005006489482959
1005004418573897
4000075783428
1005005210607799
1005004575863048
1005001927883796
4000479197286
4000809158274
1005005954225512
1005006496142000
1005006451203213
1005006440577141
1005006430895564
33047654889
4000959801779
1005006173079415
1005005971844456
1005006310029570
1005006235490712
1005003954447759
4000989524838
1005004331776443
1005005061797134
1005004090822012
1005004016920586
1005005070988640
4000849838573
1005001602438109
1005004379137123
1005005245895510
1005007432070045
1005007464828627
1005007465003711
1005007465001539
1005007465085338
32861308081
1005006139233054
1005005286923682
1005007014447892
1005005101693236
32854952074
1005007465155206
1005007465055557
1005007464889776
1005007477398320
1005007481606811
1005007478367532
1005007478341525
1005007480107857
1005007486123713
1005007477719043
1005007478193829
1005007477232766
1005007478614005
1005007440440805
1005007487300296
1005007486768313
1005007486604640
1005007486547742
1005007486494890
1005007486448738
1005007486422804
1005007440150644
1005007440050853
1005007486515116
1005007486317673
1005007486036575
1005007486263578
1005007486030304
1005005221719461
1005007470068176
1005007473353683
1005007470340849
1005007473621179
1005007470267293
1005007470353479
1005007474554981
1005007474869380
1005007475728086
1005007482427025
1005007481971669
1005007418241172
1005007479391981
1005004994615436
1005005511649756
1005005504336475
1005007467669036
32963539612
32961842660
1005004530938904
1005007476389571
1005007475213995
1005007474705755
1005007475523497
1005004166653366
1005005161069456
1005007462942347
1005007466392753
1005007467546388
1005007466571258
1005007466495508
1005007467735163
1005007463046160
1005007458896458
1005007463615140
1005007466296795
1005007464498607
1005007467677051
1005007466735033
1005007467457313
1005007463204057
1005007466308768
1005007477329936
1005007475803840
1005007476175177
1005007475880228
1005007475505788
1005007475867047
1005007474849119
1005007458844709
1005007467577699
1005006189823973
4001213417595
1005007453227379
1005007455014957
1005007460635082
1005007464896625
1005007460654392
1005007451537323
1005007451710047
1005007449393399
1005007449729021
1005007452808940
1005007453192175
1005007452741853
1005007443507453
1005007453159054
1005007443525520
1005007443848609
1005007445939609
1005006787165582
1005006133005834
1005002315240101
1005006315502903
1005007267456158
1005007404777695
1005006307770166
1005006839027177
1005006128416744
1005007182669815
1005007448691173
1005006822830208
1005006386143189
1005005652158254
1005006160578091
1005007298320800
1005004989612540
4001118306648
1005003489392468
1005006343972852
1005007356341914
1005003503878559
1005007336811630
1005004072777983
1005006183634519
1005006990885230
1005005213773488
32811206926
4000087914374
1005006520031422
4001288234049
1005006039428858
1005006135018947
1005006168020394
1005005600354435
1005006236102968
1005007448561375
1005006507765909
4000352226225
1005005863318548
1005005031263381
1005005406338953
4000530175177
1005006717601484
1005006867690421
1005005246537191
1005005253328492
1005007431170071
1005003949352940
1005004889807980
1005006075596901
1005007118790763
1005006809802112
1005006770272995
1005007386266129
1005006453826719
1005006980938669
1005007291589171
1005006945780860
1005005998828186
1005007378742293
1005006156411032
1005006289154107
1005007354536771
4000029273414
32926490208
1005006617317723
1005006772986498
1005004491384424
4000099616879
1005006743894936
1005002596792874
1005005458716852
1005006785185226
1005007204957553
1005004740444959
1005006086757814
1005007270397448
1005006512578902
1005007448550420
1005005996348504
1005006607234197
1005005641836918
1005003153544031
32853720233
1005007292888775
1005005178731804
32971455805
1005006807647639
1005006388434325
1005006346002483
1005007344976800
1005003096645635
1005006496133877
33058976742
1005006237331249
1005007443876120
1005001353813618
1005003394748486
1005005900441882
1005005140965235
32952560371
1005007293204331
1005005981351535
1005006013181532
1005007394550009
1005006617366730
1005006567068559
1005004740942199
1005006035160380
1005006289013820
1005007336207286
1005006097608279
1005007010910851
1005006964516290
1005006858065688
1005006126047544
32893791553
1005006898652901
1005007401559148
1005006143472083
1005005973326794
1005006772269578
1005003977219983
1005005184494737
1005006822657930
1005007329729594
4000792957487
1005005896976294
1005004448112736
1005003497059336
1005005637475827
1005007035728085
1005006850378083
1005003721632717
1005007443724395
1005007399000879
1005006316583903
1005004732871276
1005006183486692
1005006517984167
1005007206197080
1005004894002286
1005005117673153
1005007274876430
1005006347341682
1005006878704580
1005002451009667
1005005648041336
1005005639406124
1005005983683445
1005005297461458
1005005773176542
1005004418955524
1005005141258872
1005006625926258
1005007137471077
1005003718617812
1005007082592155
1005005972496133
1005006447863279
1005007265258206
1005006044029858
1005006395285065
1005003064927014
1005006371717409
1005006783385344
1005002569704524
1005005664433501
1005002970301014
1005005845367748
1005005944358574
1005006872206924
1005007449387854
1005007246493220
1005007393276011
1005007136993518
1005006295963783
1005005536874336
1005006997141881
1005006898612813
1005007284763812
1005007169464797
1005006995316156
1005006721959222
1005006694213892
1005006019805483
1005006995340158
1005006079039960
1005005691450629
1005005034900662
1005006948137021
1005003639052199
1005006424746070
1005007194987618
1005006015608904
1005007054672125
1005005827672318
1005007021866161
1005006777930536
1005006086241274
1005006995164472
1005006967341646
1005006070446454
1005006685007010
1005006982848276
1005007263081192
1005007010632110
1005005702920381
1005007038310763
1005005842775411
1005006750761424
1005006098553719
1005007166251110
1005006080573108
1005007030120922
1005005257133968
1005006213847823
1005004421610911
1005006058319425
1005007451401595
1005005484656511
1005006734654885
1005006162706355
1005006065710777
1005007027850132
1005006935443366
1005002656654805
1005005963251340
1005006612964486
1005007444340547
1005006182667329
1005006409576258
1005007085783990
1005007353900786
1005004800618307
1005006827872531
1005006282844458
1005005471598588
1005006743886786
1005006072730001
1005004155083425
1005006313504834
1005006419248598
1005006049717563
1005006236527463
1005004467968608
1005006754616753
1005005742816964
1005007150045010
1005006833902594
1005005529868332
1005007259593218
1005004544894595
1005006233406343
1005005514662346
1005004077320564
1005005902833554
1005007166849125
1005005920404798
1005006902482073
1005007170689758
1005006958306414
1005005457811740
1005001709913319
1005006967705438
1005006363746437
1005004469131986
32931186904
1005007037488346
1005007151343892
1005002475411960
1005007206395164
1005005218273736
1005002805410091
1005005716011018
1005006946344782
1005006680080793
1005007359845831
1005003440955177
1005007063298634
1005006778726440
1005005679816517
1005006028859491
1005003906514180
1005006938010929
1005007212863477
1005006894774078
1005006071875507
1005006974630878
1005007036485937
1005006361294441
1005006783095440
1005007335646442
1005007211898893
1005005854992551
1005006884549427
1005006779956300
1005006430577472
1005006116239994
1005005544033864
1005007017317066
1005006758800668
1005007313505987