1005003666683722
1005007303681499
1005003666635306
1005004603541074
1005007340938443
1005005222572883
1005007424113534
1005005297728722
1005003023298726
1005007047020294
1005007437739429
1005007034839054
1005007186978814
1005005797302341
1005003657659067
1005003178232440
1005007015096909
1005006922806731
1005007016006839
1005006765938771
1005003140278105
1005007335624939
1005006477114475
1005005906450783
1005006919337252
1005006862419852
1005006106623436
1005007011618689
1005007145868721
1005005643407465
1005007375823154
1005006083732000
1005005107343492
1005006544116576
1005004235484021
1005005956029729
1005007376339843
1005007327137319
1005007299735542
1005006493878645
1005003018024353
1005006205325132
1005007247656278
1005007425862202
1005007315297703
1005006015589000
1005004596220657
1005005140437419
1005007109424560
1005007440311480
1005007263372227
1005006741109563
1005006954727177
1005006961785831
1005006184895452
1005007242620077
1005007009740079
1005003483581499
1005004272174079
1005006887175238
1005006670938693
1005005995019277
1005005445883872
1005007174734904
1005007302734436
1005006316706895
1005005967242767
1005007216286699
1005007162090551
1005003663672888
1005007123915198
32883357501
1005006846128350
1005003412389432
1005007055226089
1005004717494440
1005006750268970
1005005438879791
1005007273996246
1005006748950112
1005005502108365
1005006402438457
1005006246605043
1005007137130343
1005004051713332
1005007264473609
1005005517245389
1005007265917334
1005006686060998
1005007169973584
1005007014215507
1005003062231994
1005004261658844
1005007250294359
1005004642733237
1005006667333538
1005007264499647
1005005333593596
1005006967965668
1005006402986511
1005003888252406
1005006698522644
32889768932
1005003666563698
1005006996007035
1005006243088778
1005007126215596
1005006894616747
1005003951907677
1005004979165544
32885121299
1005007250324313
1005007264179905
1005007096852816
1005006697845290
1005001308793673
1005006862280993
1005007137452297
1005007008805015
1005006809245694
1005003104288360
1005005754415094
1005007015267100
1005005937029512
1005006320780194
1005003023145475
1005003933549184
1005005815206937
1005007170046351
1005003206624591
1005004977423071
1005007266943901
1005004001719920
1005004468880228
1005006765131226
33028596284
32233658070
1005005258142683
1005005467046814
1005006850491965
1005004657874001
1005006861234097
1005006743746444
1005006574526191
1005006794290290
1005005654219667
1005007462191418
1005001292207935
1005006195170589
1005007458342150
1005006336166915
1005007487253506
1005003657783290
1005007458296184
1005007486921306
1005007487280203
1005006195293628
1005006835518954
1005007474614488
1005007485598429
1005006195189552
1005007479471963
1005007478343677
1005007483639051
1005007020753734
1005007483379808
1005007183847733
1005007464072820
1005007464262238
1005007477659650
1005007458202390
1005006195011959
1005007477628579
1005007447307294
1005007478032232
1005006884715413
1005007478958722
1005007477662374
1005007477583679
1005003656161915
1005007474493593
1005007483198719
1005007465916198
1005004995766319
1005007470420421
1005007482655024
1005007481590301
1005007333296691
1005007464249659
1005007431891039
1005007469453114
4001139539771
1005007468211685
1005007469387200
1005007470216947
1005003475605527
1005007464005705
1005007464339059
1005007464116678
1005005061530433
1005007464210494
1005007464040916
1005007464359048
1005003385109022
1005007464440126
1005006503478002
1005006318048554
1005007460084278
1005006770434306
1005007476928044
1005006948664090
1005007458319125
1005004807536625
1005006533028433
1005004234029117
1005007459364477
1005007457661364
1005007456522879
1005007311444323
1005007456845369
1005007468024578
1005007468062444
1005004183957315
1005007451252702
1005007459301984
1005007459434936
1005005445935788
1005007459492558
1005007441116698
1005005201432668
1005007385474702
1005005336374541
1005007390077852
1005003874986920
1005006544150768
1005005191295671
1005006658538175
1005006219625776
1005007037554158
4001299610278
1005006718355958
1005006200701138
1005007242633054
1005007298545809
1005004843654718
1005006075836649
1005007030397217
1005005316831008
1005004522505367
1005005521539903
1005007444204609
1005007441569449
1005007443095761
1005004763900169
1005007134653059
1005007431676573
1005007431454771
1005007418046513
1005007417538480
1005007417359709
1005007074774356
1005006602523145
1005006446509361
1005006293868361
1005007406621018
1005003616152292
1005006738690199
1005007386704478
1005007393427520
1005005448617776
1005007263432122
1005007266844323
1005006923516012
1005005955431251
1005007374078956
1005007373840894
1005006792879162
1005005553089358
1005007197020243
1005007343045922
1005007358657281
1005007033920392
1005003370145654
1005007322738468
1005003070433080
1005007380370189
32908714704
4000230932411
1005007309550415
1005006907780490
1005007032706017
1005006120667905
1005005942847705
1005005468242310
1005005733180608
1005003776811383
1005006851466468
1005007195439975
1005006132234763
1005006603978612
1005007182958293
1005007182707423
1005007216241530
1005005956062566
1005005909237396
1005004013212440
1005007159518847
1005007393496140
1005006907686476
1005007169878761
1005006258566789
1005007300552084
1005007138835884
1005005985373354
1005005842613698
1005005372868976
1005006950776987
1005005703519203
1005006658418406
1005007244189723
1005007360946595
1005007343002511
1005006677525689
1005006255569912
1005003493280186
1005007252940282
1005006792236099
1005006905661860
1005006703861478
1005004937366634
1005006650409651
1005002583975050
1005006631597765
1005005762462264
1005006607147604
4000281871773
1005005197719956
1005006658177982
1005004920806337
1005005412915206
1005002323494187
1005005640023253
1005004580432061
4000704536567
4001127595749
1005005134374263
32858522971
1005003534750622
1005003875249903
1005006972082177
1005001582998054
1005007166434543
1005005417654026
1005006948354773
1005007376952114
1005006430494363
1005005245652244
1005001531454368
1005003299121795
1005007211491448
1005006596032976
1005006072244982
1005006259546681
1005006448107241
1005005708252080
1005006556447713
1005007162991347
1005007446949928
1005007436348553
1005006905813168
1005005599448630
1005007211677189
1005003581866007
1005006848621429
1005006249611167
1005006083616366
1005007134941422
1005007452340197
1005007433033255
1005005731466003
1005007083575400
1005007296925517
1005005650062914
1005003636574095
1005007152566525
1005004522008023
1005005502027962
1005006495400113
1005006540801415
1005006014961917
1005006765143775
1005007138735228
1005006083876206
1005005133924652
1005006537877204
1005004860171366
1005007364465365
1005005825633479
1005007191745763
1005006209160906
1005007298165863
1005005655579587
1005007211979274
1005006242664123
1005007099747486
1005005837948175
1005007440914144
1005006651368604
1005004754675351
1005006083833363
1005004572732625
1005007226001595
1005006310924500
1005007438746945
1005005578718822
1005006050836571
1005003141838258
1005006681675768
1005003359784279
1005007376773636
1005005232696087
1005007436419397
1005005586098917
1005003342515214
1005006083725983
1005007311487163
1005007160903787
1005005239245014
1005006853460025
1005006723324145
1005006214762739
1005005600598031
1005006741280070
1005007111069193
1005005288291582
1005005825858319
1005005758367908
1005004709170266
1005006639996049
1005006419724655
1005007242628279
1005002927866639
1005007374015769
1005007425090190
1005006263990587
1005004647187091
1005006789380267
1005007376756687
1005006031130751
1005007317793231
1005006907748241
1005005403710975
1005005800313594
1005006195328320
1005007076572556
1005006969081798
1005005997563873
1005005676364766
1005007299550590
1005007161161675
1005004043657573
32877100137
1005006127937721
1005006762417047
1005005489906521
1005006239932502
1005006998321408
1005007376913481
1005002977597917
32922883945
1005005863886522
1005006788707214
1005005778629428
1005005034890668
1005006615027582
1005007219179246
4000389423520
1005006960151748
1005005603521715
1005005561825091
1005007435881369
1005007431414441
1005001356143346
1005007291532987
1005006121842536
1005005920925835
1005006064696362
1005006174020952
1005007432966133
1005006902137107
1005003670676075
1005006788622222
1005006603164322
1005007432705080
1005007417349761
1005006967199378
1005006293014314
1005006794815564
1005007417627214
1005007417604264