1005006697882853
1005006261219643
1005005777147643
1005007163077812
1005005532982759
1005006625606114
1005006923392985
1005007336657371
1005005491263734
1005003967693441
1005006379168901
1005003408173842
1005006019875014
4000177003834
1005006386484461
1005007306415293
1005006809714027
4000994072870
4001174387149
1005005594161481
1005004885890202
1005002684941181
1005001355361106
1005005638060774
1005007200440292
1005006052445452
1005006153539665
1005006053111857
1005005691693625
1005004787038703
1005005511305400
1005003545572194
1005006696278700
1005006918567009
1005005496895091
1005006561244203
1005007032565936
1005002128517715
1005006620567002
1005007432977348
1005004846304949
32854889646
1005005916225474
1005002782417341
1005007320316289
1005006432057691
33046142413
1005005954919408
1005007375827238
1005005523516251
1005006619556458
1005005876707024
1005006520071984
1005003106357538
1005007245518374
1005007236462922
1005006947587681
1005004545452356
1005007444451053
1005007346996052
1005005496721879
1005007432954236
1005004333810617
1005001782891642
1005002034400904
1005006918780603
1005006128029047
1005007438815909
1005005034364601
1005005786767453
4000966129882
1005006536638704
1005007081921202
1005006255437562
1005006654500952
1005002882327132
1005007433018210
1005005171554455
1005003630378999
1005007121761634
1005004469868634
1005006323518156
1005006407961096
1005002882665484
1005006541876770
1005003716963632
1005006821565213
1005007088599272
1005006336730328
1005006183515355
1005005691783216
1005002783649863
1005006603919185
1005005578094535
1005003496111228
1005006897732124
1005006235778283
1005006876754693
1005005532682238
1005005501670749
1005005532946815
1005006132962287
1005004799502027
1005001659262029
1005006997909827
1005007173243287
1005006381082260
1005006809704767
1005005760218962
1005006680038438
1005006679986648
1005007443295218
1005006448707623
1005006997542131
1005006906990197
1005006761107671
1005006749589973
1005007299530124
1005006530547607
1005004004217952
1005006969034722
1005005824657402
4001240521643
1005006756233673
1005006833541596
1005006833721487
1005006866151578
1005006990999721
1005007078419460
1005006905445755
1005006765299569
1005007096365144
32883190395
1005006654933156
1005006149295318
4000411388541
1005007084441910
1005006665831153
1005005720232166
1005007054701721
1005007456417621
1005006955785268
1005005936482409
1005007274415989
1005005766536570
1005007442302878
1005007442474480
1005007442339847
1005007439108728
1005004865183638
1005007433088346
1005007431178900
1005007432692797
1005005532692191
1005005510310055
1005007439820215
1005007449269562
1005007439664497
1005007439548767
1005007439830136
1005006953952780
1005006701710597
1005007139222782
1005007139322743
1005007315414643
1005007037287643
1005007118828885
1005007400649058
1005005601505736
1005006832544433
1005004531967875
1005006759793885
1005006955706978
1005006890223282
1005004291745574
1005006821935227
1005007178083296
1005007430034275
1005007429998015
1005006710195865
1005006605903925
1005006992135027
1005007370582126
1005002362278261
4001065927264
1005006954631700
1005007271578454
1005007348045895
1005006590712354
1005005417966066
1005007341952099
1005007180454399
1005006655727314
1005007318341346
1005007318283769
1005007125488409
1005007208830050
1005006314501000
1005007116300545
1005006886844368
1005007318390502
1005006148703291
1005006683387011
1005005971537201
1005005720221103
1005006257940751
1005005162752126
1005003574939417
1005007054543575
1005006060632841
1005007054733592
1005007209066718
1005006679851723
1005007439694391
1005007439807154
1005007439795056
1005007439642246
1005007203408578
1005007136511941
4000099685217
1005007136831477
1005007210202436
1005007210516077
1005007200349539
1005007268105594
1005006680002593
1005006781980203
1005006589253030
1005006927721896
1005002926863170
1005007148166586
1005007022669992
1005007176669741
1005007090938083
1005005253049784
1005007094847151
1005005025772097
1005007129732318
1005001844506325
1005007212073779
1005007224970687
1005006647177358
1005007182744278
1005003328776318
1005006339822223
1005007086434241
1005006220858565
1005007176890853
1005007175602678
1005006984060670
1005003875938601
1005007139920361
1005007137765807
1005006947867300
1005006946764876
1005006946737979
1005006946775290
1005007138148444
1005007101264636
1005007103702580
1005007093171656
1005006670465376
1005007009480153
1005006053180922
1005006097658391
1005006880342229
1005006880167881
1005007439339911
1005007439516483
1005007439020498
1005006946308188
1005006946154647
1005007439602388
1005003721778464
1005006620782842
1005006671425575
1005006723503074
1005006721622677
1005007010458132
1005006820587210
1005006704153114
1005003885413767
1005003885376933
1005003820547797
1005004261715674
1005006873515037
1005006365967771
1005006907571044
1005005889989413
1005006860886708
1005003885042992
1005002340768891
1005006717667600
1005006671791031
1005006717389448
1005006676725132
1005006814594773
1005006650075623
1005004536355787
1005004513386361
1005003682364615
1005004439446447
1005006085523989
1005002003491714
1005006740977750
1005006724614883
1005006524586176
1005001425345877
1005006661561889
1005006540587415
1005006540738136
1005005450379950
1005006574673691
1005007260061461
1005006946965079
1005007439690210
1005006945774981
1005007140675885
1005006673613123
1005006672028635
1005006718200017
1005006677513834
1005007432988460
1005006698788298
1005006647219194
1005005382476553
1005004191788829
1005007374271961
1005007449523072
1005007439450583
1005003665489488
1005002440020440
1005007247730192
1005007348326505
1005007447222587
1005007448953938
1005007445179423
1005007443995899
1005005988626200
1005006677598504
1005007427544710
1005006852371132
1005006880381038
1005007429584907
1005007432875317
1005006854192345
1005006041420875
1005006734201463
1005007402656551
1005007393602199
1005005966693976
1005001458974129
1005006976188771
1005007462486964
1005006924733814
1005006833438967
1005002001609981
1005006967889432
1005001727145426
1005002566449155
1005007227383183
1005006866061100
1005007481914077
1005007253267134
1005007439294805
1005006329588835
1005004073137967
1005004013209810
1005007445095603
1005005767926469
1005007271038778
1005007125338299
1005006404866580
4001103100868
1005007365932940
1005007368204389
1005007266104217
1005007352856161
4001208541020
1005006819699203
1005007318407389
1005007340650651
1005007184989852
1005007318352690
1005007318425148
1005004387646893
1005007279607776
1005007298830464
1005006587730900
1005007094909338
1005007274255185
1005007276338792
1005007269190183
1005006680067328
1005007253357806
1005007146371181
1005007053131120
1005007181026019
1005006431132302
1005007116373580
1005006880256502
1005007432848197
1005007439705143
1005006436668209
1005006436571837
1005006967317607
1005004975307830
4001189012796
1005006989310847
1005006683670571
1005006721406790
1005006916136159
1005006808347885
1005006336921573
1005006675284042
1005004666166915
1005005939777386
4000235264979
1005006329674286
1005005041170321
4000187586587
1005004709361784
1005006205008345
4001003232186
32856110858
1005006478383938
1005004094918879
1005002985511116
1005006491277166
1005005273485093
1005006085356524
1005006039541430
1005006011004088
1005006042442012
1005006251850437
4000595946780
1005005827743232
1005006211771774
1005005961796129
1005003292417052
1005007002853287
1005006997181957
1005006309604896
1005006329708140
1005004010192666
1005007430515841
1005007439467446
1005007333191436
1005007327534483
4000235482418
1005006306842466
1005007265068992
1005006811171394
1005006787503704
1005006973007347
1005006882714346
1005006961091607
1005006860631111
1005006859607416
1005007162200648
1005006620990822
1005006860831408
1005006085762984
1005007069294081
1005006787376962
1005005837632996
32848989208
4000315976514
1005007464768729
1005006869529961
1005007422858795
1005007429753669
4000199758955
1005007446470370
1005003971804575
1005007099352470
1005007300263645
1005006855312416
1005007445148061
1005003866693846
1005006762291532
1005007347580462
32917486798
1005006846945554
4000786040054
33039217989
1005006436979901
1005006437101194
32975563265
1005006251691728
1005003739348773
1005006276821345
1005006948046528
1005006529956613
1005006064517852
1005006846958844
1005006676829285
1005006102854077
1005004732738283
1005007066166531