1005007226375407
1005007271029845
1005005772268852
1005007123898410
1005005977678322
1005007084265887
1005007224292034
1005006982386533
1005007461856013
1005007277089281
1005007227431489
590567556
1005005715701015
1005006043567012
1005007090164199
1005007183051312
1005006825269809
1005007271604408
1005005626706046
1005007084242449
1005007117757624
1005007226699936
1005007117852218
1005007215804469
1005006288958661
1005005585668219
1005007224082819
1005007150779505
1005007271276899
1005006045066904
1005006057078200
1005005849458012
1005007226265141
1005007117627818
1005007225722423
1005004807010769
1005007226339410
1005007331081303
1005006199456063
32985127554
1005005975879899
1005005975971954
1005005748556400
1005006365712752
1005006262986300
1005007010709344
1005006753446373
1005001319733636
1005004717973879
1005005625397792
1005002540954543
1005004665764365
1005007027338841
1005007182524212
1005006662896630
1005005968663865
1005005607283255
1005007442548666
1005006270790845
1005004977661537
1005006431480886
1005006446525801
4000566528379
1005005923154143
1005006446955300
1005006440366211
1005005728231263
32917336375
1005006420899229
1005005972806771
1005005822006031
1005005596897232
1005006827427617
1005005112164696
1005006100980631
1005007346428865
1005006426110541
1005005854605129
1005007123683439
1005006243326025
1005007214522128
1005006411478806
1005006420949145
1005005974101754
1005005112221745
1005006004730012
1005005596863345
1005005486015284
1005006827649420
1005006290432369
1005006485161966
32950667258
1005005793268848
32821088507
1005005596835468
1005006422301256
32821178425
32957050992
1005006639262200
1005006877812975
1005007436651686
1005004910172912
1005005264613197
32879225181
1005005246090230
1005005874531815
4001120723616
32819077109
32948813736
1005005596953127
1005005596791854
1005004565604197
1005006670503100
1005004809555321
1005007170047678
1005006411430733
1005002337928468
32801771574
1005005249591047
1005005485354399
1005007123812609
1005006274928962
1005004723705464
1005005630646436
1005004543229449
1005006129517719
1005005973945542
1005007131172458
1005006431401956
1005004925792094
1005006411458916
1005005976059418
1005005596883475
1005006003747426
1005005772641413
1005006935035735
1005001317447436
1005007143522079
1005006303284060
1005007127613437
32955524794
1005006844398630
1005002205836457
1005006101394292
1005007448125463
1005007165927209
1005006431629322
1005007123976551
1005003834083995
1005003078495881
1005005614724437
1005002286224470
1005007202860880
1005007010702409
1005001497152865
1005006168688044
1005005607132724
1005005670952925
1005005005260496
1005002337926017
1005005596830639
32773877416
1005007332737894
1005007196744579
1005004527877559
1005007480982952
1005007484946937
1005007486208302
1005005596745915
1005007483195112
1005007450745088
1005007450712152
1005007127953916
1005007468841066
1005007468517972
4000045923750
1005007128125598
1005007481158971
1005007212094366
1005006626617579
1005006098334861
1005007458570569
1005005743889238
1005007455421461
1005007458764493
1005007456793381
1005005051817426
1005005268370408
1005005596838418
1005006783180703
4000647306630
1005005598318782
1005006613771297
1005004837630273
1005004583411053
1005006002438918
1005005484793153
1005006658643140
1005003890371592
1005006068200020
1005006819271310
1005005875875148
1005005886258293
1005006224780936
1005004000171033
1005007127101299
1005005976003288
1005004798855329
1005005576760911
1005005112189720
1005005604867612
1005004948603376
1005005495273228
1005005596786711
1005006343761560
1005006074876139
1005004000348437
1005007226428150
32913067675
1005006420960138
1005004006838248
1005006853683620
1005006703248427
1005004948486986
1005005748493812
1005006390719305
1005006285157680
1005006244979404
1005007455093044
1005005945179686
1005007433514986
1005005815653843
1005007432932161
1005007103149202
1005007401649716
1005005058288120
1005007037798185
1005007037783233
1005007119050305
1005004722155678
1005007362359746
1005007353081317
1005007083507144
1005006316583018
1005007101402670
1005006404234995
1005007341753324
1005006987264719
1005007346276738
1005007346539874
1005007346392740
4000649251137
1005006933519033
1005007261903246
1005007327171125
1005004382465943
1005006675480693
1005007284971133
1005007282590050
1005007377731352
4000052383539
1005007219093283
1005006769993210
1005004807594785
1005007267432948
1005007267619371
1005007267475871
1005007257173998
1005007118357673
1005007178267616
1005004540927989
1005007180615660
1005007171587690
1005007166164803
1005007166233570
1005007166122917
1005007128897773
1005004100830393
1005007129677394
1005005625587696
1005006446569449
1005002379049193
1005006431559621
1005006447016050
1005005970226951
1005007293232663
1005007062903863
1005007044142009
1005006131682558
1005006793981609
1005007037647077
1005007041816409
1005006430151824
1005004364430892
1005006101291465
1005005485712379
1005006989038518
32918885034
32851245673
1005006985872253
1005006987825840
1005006901078692
1005006809696559
1005005391936588
1005006285919257
32849992960
1005004631493922
1005006967625164
1005006832282615
1005006671040365
1005006433792441
1005005625615135
1005006446522594
1005006446485815
1005006945706208
1005003349580438
1005006773049202
1005006756328615
1005006756138900
1005005536868129
1005005708938895
1005001881498783
1005005588621118
1005005621215221
1005005588433958
1005005264455937
1005002624737089
1005007409355598
1005005870847023
1005006000545483
1005006381852420
1005006849787461
1005005977701229
4000290658953
1005006420768853
1005005409867928
1005006420982469
1005006168624435
1005006696110121
1005006107834185
1005006106137403
1005006420854394
1005005645084486
1005006507354464
32848219383
1005006232100949
1005004640269840
1005006440892223
32961611652
1005005727589951
1005005391991118
1005005980383290
1005001415602210
4001120725772
1005004655952909
1005005950454802
1005005637904133
1005005630790193
1005004590929347
1005005792798398
1005002906104232
1005002939446491
1005005618327656
1005002863491678
1005005611357828
1005005348616721
1005005625545012
1005005793436282
1005005209600380
1005006228995854
1005005044249060
4001025432312
1005005637791661
1005004806213651
1005005058062215
1005003559496103
1005006094461420
1005006091265095
1005004805573730
1005006675523641
1005001779722615
1005003978153580
1005006386475720
1005005708942855
1005003127814869
1005005604386795
1005003336674661
1005003128104286
32841404336
32933035770
1005004482830215
32847288338
1005006194841528
1005005300066264
32782900604
1005005642238319
4000888476335
4000938264213
1005007441318495
1005007461713433
1005007449325515
1005005618365618
1005007449112902
1005007449508090
1005007449098955
1005006336346384
1005007449319538
1005006446459688
1005006431548598
1005004807202420
1005006431443773
1005006430354148
1005006430293064
1005006565791180
1005006430195089
1005006429719210
1005007008501506
1005003438337303
1005007008369693
1005007006163883
1005007006195817
1005007008573530
1005007008393726
1005007008744094
1005007008747142
1005006446983220
32911005731
1005004854526489
1005005610735036
1005007143313835
1005005610466853
1005005653247460
32844872550
1005007234398569
1005006788572455
1005007352779549
1005007101446486
1005006547005362
1005005975667580
1005006815428287
1005005023466444
1005006421787922
1005007352161268
1005006818780054
1005003236220360
1005006977335097
1005006055938302
1005005544575155
1005005790818944
1005006960965194
1005006219377911
1005007301385728
1005007288569794
1005001487611269
1005006609125360
1005006123433066
1005003785146793
1005007077583938
1005005470721006
1005006066761379
1005007360722931
1005006906717490
1005006506243188
1005006354482365
1005006254219176
1005007394276190
4000120128383
1005006167708118
1005006091914289
1005006243705605
1005005802274222
1005006829264399
4000537934975
1005006988692693
1005007067441870
32891070207
1005006229355743
1005005599187954
1005005935660240
1005006321775330
1005005928923368
1005006943446858
32983306207
1005006063087595
4000313567041
4000174247006
1005007068887465
1005006149812627
1005006180265055
1005003658126961
1005006018750403
1005004917425822
1005006201767456
1005004848800896
1005007075165489
1005002677474634
1005005867331216
1005004299397287
1005006461574339
1005006865302460