1005006388743704
1005006878139460
1005006122966146
1005003796738328
1005006381321061
1005005219140988
1005007369640489
1005006702903332
1005006853190851
1005007302032885
1005005844557398
1005002991549984
1005006043901540
1005007146115747
1005006919061972
1005005004568279
1005005070407996
1005003019888370
1005006437107213
1005005174833629
1005005282522260
1005007286672281
1005006031703448
32856449441
1005007335070470
1005007084836127
32980765457
1005007211612246
1005007301230381
1005006855672235
1005005477652372
1005007197862578
1005006750820431
1005006445061826
1005005922617332
1005007063544521
1005006876670619
1005006615368812
1005005682508386
1005007129796135
1005006868281514
1005005286595186
1005006729792433
1005004561547372
1005006401746024
4000271129729
1005006082946280
1005005166722972
1005005912892895
1005006490252749
1005007345388980
1005004934427231
1005006149449568
1005007077597501
1005006507086428
1005007075428712
1005006593001111
1005002828370946
1005006918346728
4000561036161
1005006992131874
1005006729630992
1005005714877131
1005006917316932
1005007031941720
1005007051020721
1005007019291039
1005005376492838
1005005824947998
1005005830546127
1005004497563276
1005006727484211
1005006439897534
1005004332229113
1005006760873089
1005003777395796
1005004771432054
1005004127599278
1005006935470114
1005006133087899
1005007477004167
1005005887195538
1005007485817247
1005006573494779
1005007258201212
1005007202287478
1005004960108871
1005007292160378
1005007131169721
1005007355575130
1005006476805290
1005004497976787
1005007292508496
1005007292596242
1005007292493512
1005006374746630
1005005735182768
1005006644776741
4000836337050
1005004496478469
32952635759
1005006070720285
1005006531769559
1005006584456039
1005006285146340
1005006174638290
1005005876045030
1005005744003997
1005004679163639
1005004654722909
1005005245898827
1005004160958288
1005003311770681
1005005913535961
1005005979939888
1005006219258234
1005006996822572
1005005881341386
1005006750522307
1005006619754617
1005006539688504
1005006078262914
1005005048261389
1005006623572224
1005007144773699
1005007029428811
1005006838570340
1005006324982290
1005005787214339
1005006712949081
1005007211647822
1005006235805255
1005007114217996
1005006568357926
1005003341916014
1005007081999515
1005006353493024
1005006925597119
1005007223622339
1005006131431712
1005007143270051
1005006578359059
1005006763910322
1005007148411619
1005007108077115
1005006923059112
1005004627885278
1005006636155936
1005007260950536
1005007096757321
1005005955316852
1005006377309133
1005007129306881
1005007102088585
1005006329430407
1005006780079179
1005006655500108
1005005889568472
1005005968235116
1005007168594374
1005006183563375
1005006864653482
1005006280810059
1005007010421369
1005005674667446
1005006517121432
1005007081750851
1005006011977202
1005005392370288
1005005933971721
1005006961918423
1005006402798228
1005005936775961
1005006949195315
1005006635933481
1005005970353055
1005006825662326
1005006444572751
1005007169053595
1005002982136588
1005004939072637
1005006975615606
1005006662930175
1005006771020566
1005007371236251
1005006356999198
1005006003728414
1005007363895276
1005007075980424
1005006500356059
1005006435878709
1005006789336899
1005007252157503
1005006750830211
1005007039055392
1005006625102517
1005006781903924
1005006123985036
1005006397338219
1005006741014143
1005006005745409
1005005242166090
1005006464581026
1005006826307904
1005006124403866
1005006654972473
1005007066015346
1005005626623349
1005005866605318
1005005884042087
1005006995217291
1005007317942857
1005006085096335
1005006908406749
1005006583917419
1005006003683899
1005006276583575
1005006107407430
1005007082043459
1005006849476087
1005005803482239
1005006240511363
1005006253852591
1005006794436690
1005005296908896
1005007107580908
1005006218442867
1005005526289641
1005006044110457
4001243782245
1005002710102060
4000402989284
1005004861358062
1005001291308320
1005006190459420
1005006370862001
1005006584399502
1005005852952400
1005004161025181
1005005843738391
1005006020523624
1005007226796600
1005007014492255
1005006659957674
1005007097761468
1005007223482651
1005004952543125
1005006345202785
1005004728310050
1005006020307468
1005004816887163
1005006913537077
1005006750183674
1005005551926031
1005005885674420
1005007219690792
1005005922623391
1005001684995531
1005006126900835
4001153839059
1005004638525085
1005006984632380
1005004724631681
1005007225292189
1005006382446473
1005005901731590
1005007084289465
33006759044
1005006367739898
1005006362476321
1005005210314511
1005006054067632
1005007260493793
1005006026221453
1005006297695375
1005006411721977
1005005497022813
1005005966673638
1005002881066244
1005006186954061
1005004420435231
1005004209999556
4000583241208
1005006177720026
1005007026071264
4000693042198
1005006727255087
1005006608144942
1005005709736444
1005006229804774
1005005912977544
1005002100739909
1005007343948510
1005007188598607
1005007321830734
1005007240550077
1005006340561415
1005007137234702
1005006308805849
1005007309516534
1005006918483699
1005006371492378
1005006935327662
1005005934977846
32898202264
1005005470995517
1005005491415171
1005006086669264
1005007377737597
1005006972637141
1005006345182332
1005005278800849
1005006851173354
1005006008314888
1005007274250161
1005005665491655
1005004689717394
1005006910376151
1005006473232558
1005005719272183
1005006782863735
1005006338336933
1005001782974577
1005007182325267
1005005583800904
1005003058216441
1005007006862036
1005004983244051
1005006751840569
1005006610029575
32980009235
1005004725457550
1005006712387934
1005005663247914
1005007088013575
1005004199757962
1005005011285847
1005005549338120
1005006554217059
1005007059224100
1005006032005827
1005005515849812
1005002055729963
1005006849515227
1005004179292917
1005005951581118
1005007043689099
1005006916250602
1005007029697600
32915711177
1005005319397459
1005006352347244
1005006764601744
1005005885608302
1005005179514176
1005006777879271
1005007258409606
1005006161656458
1005006354196297
1005004861212168
1005006477739913
1005007163074277
1005005772927738
1005006137500052
1005004653346730
1005006007359243
1005005902754304
1005005336197421
1005007038368733
33063559992
1005007245011376
1005007149474775
1005004782670711
1005006034358112
1005003791804873
1005006261127692
1005007109618324
32797178711
1005006764822610
1005007010052120
1005006948197973
1005005058274783
1005005605984609
1005005203461890
1005002878551851
1005005162657545
1005006350626949
1005004545038792
1005006510596377
1005005011902283
1005004226154249
1005006783111041
1005006706613770
1005005626334787
1005006059569733
1005006049474163
1005007046472039
1005007040400355
1005006648913593
1005005880523090
1005002766151537
1005005477411747
1005005542770910
1005006241803619
1005005406578555
1005005896194102
1005006996447943
1005006257892647
1005006435435265
1005004912537618
1005005849762753
1005006957702543
1005005348372529
32994009810
1005005431966606
1005005814683057
1005006421876663
1005007124885364
1005005722245865
1005006347971687
1005006635511392
1005003668542136
1005006685636676
4000039989213
1005005436223171
1005006869483382
1005006151963957
1005005882332793
1005003618672367
1005004983749645
1005004896358703
1005004003680202
1005006233952690
1005001540985543
1005006969590314
1005007250458757
1005006990179669
1005006494049273
1005006490033928
1005006555181215
1005003693442567
1005006338456400
1005003929395695
1005006238610732
1005004191843615
1005007066084763
1005005019982963
1005005768033812
1005007067194149
10000136277135
1005007160706025
1005004557226258
1005006385609996
4000970975451
1005007022380066
1005005553993624
1005006712164038
1005006904566745
1005004049448222
1005007124955527
1005005673189098
4000233397043
1005007098312026
1005005708154535
1005003069041517
4000814671684
1005007328824980
1005006341479108
1005006309591506
1005006285508099
1005005644784363
1005007020350303
1005005086872280
1005005364339092
1005007239206382
1005005953577698
1005006180886330
1005006169607385
1005004724791817
32957024178
1005006848704232
1005006400636297
1005004369724739
1005005379105410
1005005922918111
1005003429131714
2036482588
1005003645215615
1005005858892900
1005005572473365
1005004508651347
4000106241583
1005005586647551
1005004550850528
1005005894042471
33001058491
1005006234240018
1005006896718075
1005006812945800
1005006730086111