1005007449653016
1005003614629401
1005007449507287
1005007332141828
1005005924474941
1005007445587626
1005007449260753
1005007449405498
1005007305622108
1005006958938367
1005007448748872
1005007449449344
1005007288393347
1005007449472369
1005007449386456
1005007449275767
1005007452038938
1005007430114003
1005005809733210
1005005701493249
1005007449386506
1005007445708274
1005003021423670
1005006277426480
1005007449579140
1005007449504297
1005007399008866
1005007017914192
1005006996603609
1005006327997856
1005007148540002
1005005249490038
1005005918281323
1005007355858099
1005007120308963
1005006980774915
1005005752816622
1005007393986846
1005005484094685
1005005509093365
1005006934770954
1005007340547873
1005007341557170
1005007008061465
1005007057537116
1005007393918776
1005006025097448
1005006069940001
1005007407906259
1005007279887974
1005006701495279
1005007343152458
1005005312769446
1005006991247944
1005006985507129
1005007378293759
1005007274647056
1005006975382332
1005007009586697
1005007280080348
1005007273232093
1005007441518610
1005007329347337
1005007074358435
1005006473265438
1005007097395710
1005007165788743
1005006325033771
1005007275491721
1005007055595573
1005006908387129
1005007410296048
1005007071186562
1005007234250480
1005006964360872
1005005482009120
1005007182055716
1005003639698420
1005007275468747
1005007012132358
1005006964478499
1005006973698972
1005007187625066
1005006146428734
1005005933300088
1005007097803083
1005007054083156
1005007449271782
1005007449636315
1005007213060535
1005007449202966
1005007449276714
1005007449361615
1005007449374550
1005003479551592
1005007257736217
1005007449260805
1005007449474313
1005004171347940
1005007433522129
1005007323050544
1005007224938648
1005007355792334
1005007465690040
1005006494132729
1005007410129390
1005007470292216
1005005925747979
1005007469414274
1005007471741827
1005007291338464
1005007470053220
1005007476594310
1005006722139211
1005007470685020
1005007469934810
1005007469752737
1005007481378461
1005006836583755
1005006966257435
1005007089974679
1005007467323360
1005006966178701
1005007480065673
1005007470061887
1005005490782687
1005007377213344
1005006343121857
1005007341076401
1005007342525995
1005007061327724
1005007420019409
1005007341452765
1005007407979544
1005007280074223
1005007280005452
1005006407908722
1005007465976613
1005007468802725
1005007028698879
1005006782445102
1005006062977817
1005007470058765
1005007480625216
1005007218169933
1005007470195537
1005005389195727
1005007329520072
1005006353748275
1005006964511497
1005005586749105
1005007236339358
1005007265103722
1005007274539435
1005007432258782
1005007449814543
1005007115422767
1005007074089923
1005006722102347
1005007355775382
1005007355829076
1005007355636726
1005007355753499
1005007355764931
1005007355773441
1005007073489887
1005004359007467
1005007165123615
1005007332630575
1005007464638721
1005005482330418
1005007465704824
1005007478150828
1005007465656945
1005007167912170
1005007383967543
1005007117703726
1005007321731169
1005007465722405
1005007341588193
1005007075661814
1005006410095199
1005007285405888
1005007407917599
1005007471896487
1005007407930504
1005007298421352
1005007408106036
1005007061347986
1005006890731124
1005007355830167
1005007355792335
1005007177832061
1005007355833140
1005007355656771
1005007355640806
1005007355809299
1005007118847988
1005006332875039
1005007278922443
1005007285485581
1005007285542835
1005007165055719
1005007407783750
1005005946928399
1005005855313452
1005006988470134
1005007285592459
1005007286004063
1005007254298058
1005003147291110
1005007321652412
1005005473825796
1005007007882614
1005007285765976
1005005128320085
1005007320848072
1005006706647489
1005007447821651
1005007442339448
1005005320040489
1005007433207792
1005007441805767
1005007355659702
1005007355744516
1005007442477239
1005007355726991
1005007355685765
1005007373305919
1005007355834575
1005007355737977
1005007387766357
1005006768888795
1005007132017077
1005007355852021
1005005683726076
1005007014845963
1005007278988298
1005007349104994
1005007336611222
1005006848915571
1005006846145208
1005002931285014
1005005855297323
1005006808276265
1005002736884261
1005001309580738
1005002240764033
1005007245020528
1005007283084399
1005007155972862
1005007449530242
1005007449270809
1005007449754130
1005007449409472
1005007449189880
1005007247335781
1005007355838445
1005007355768349
1005007355710553
1005007355697621
1005007355598998
1005007355793325
1005007355610867
1005007449173978
1005007449223928
1005007449374557
1005007449323855
1005007449679021
1005007449619107
1005007442302892
1005007442117956
1005007442486203
1005007442200734
1005007109720178
1005007435155310
1005007355658746
1005007355646857
1005007024163092
1005007355840126
1005007355813241
1005007355707590
1005007355692649
1005007355674686
1005007355608980
1005007355837071
1005007355654716
1005007355635753
1005007355832142
1005007355693532
1005007355668649
1005007355834583
1005007355800334
1005007355777405
1005007355763396
1005007355671701
1005007136622330
1005007355724530
1005007355612958
1005007364735506
1005007373312835
1005007305299478
1005006444620569
1005006798549230
1005007331834576
1005007355850012
1005007355824711
1005007355815174
1005007355769403
1005007355631814
1005007355621890
1005007355666727
1005007355667678
1005007355850059
1005007355611933
1005007355836089
1005007355820126
1005007355874281
1005007301416649
1005007159047223
1005006897568329
1005006530083097
1005007442367416
1005007355788327
1005007355763461
1005007355656651
1005007442291592
1005007442566090
1005007442309526
1005007442579067
1005007442277579
1005007423583826
1005007442562108
1005007442386411
32838078711
1005005312699697
1005006393697288
1005006500485468
1005006278775777
1005004708642465
1005007122896110
1005007108604533
1005007302918802
1005004738723182
1005005188633946
1005004686481095
1005004128928594
1005005816568578
1005006434534389
1005005192483270
1005007322424319
1005003688376395
1005002978704007
1005005609365060
1005004712268916
1005007110695576
1005003468030463
1005004467958637
1005004719890387
1005006799173571
1005007278024121
1005006566646429
1005002181718166
1005005866080408
1005004704604518
1005005050762232
1005007008372625
1005004971337435
1005005631282730
1005004096666462
1005003498048904
1005003423733453
1005004929735568
1005006186296798
1005005279509937
1005006855808288
1005003944847460
1005003590671747
32931057800
1005003434907764
1005007224829213
32877702140
1005006172404011
1005007046686604
1005007020755229
1005007234742521
1005005320201828
1005007188340068
1005003971700359
1005007137212877
1005007098353187
1005005946056251
1005004933109998
1005005930181533
1005004389393840
1005003683008225
1005005816557653
1005003711245420
1005004392489289
1005005553679442
1005006729132644
1005004826156509
1005006314135649
1005003541454431
1005005656188890
1005005494577824
1005004966981855
1005004753773288
1005005061068307
1005004700412087
1005006641122365
1005003625164455
1005006199397409
1005006637838321
1005004296406507
1005005742701179
1005003493390173
1005006385862787
1005006745892380
1005005288422541
1005005417816632
1005002959093973
1005006474010033
1005005145160192
1005005966769846
1005004971229005
1005007279342121
1005005220844321
1005003709947532
1005007321247246
1005003469421006
1005004295466349
1005007453724623
1005006443672124
1005005674176850
1005005531295180
1005004129110118
1005004068258976
1005006298962292
1005006438299019
1005006831219510
1005004484184210
1005005500523618
1005006131360519
1005007139435326
1005007459358281
1005005638535600
1005006135937407
1005007477911326
1005006016756528
1005005677908361
1005004341980293
1005003779189678
1005006727361084
1005006048558137
1005006732908156
1005007167785902
1005006163313858
1005003531396863
1005004226393584
1005004091878134
1005006359017192
1005005921345295
1005005066194324
1005003678235898
1005003688913438
1005005891307929
1005006935091920
1005007187117538
1005005335495518
1005003349461565
1005005222678090
1005007375635369
1005004141693670
1005006370635137
1005002287525924
1005005858595145
1005005845584906
1005006300447136
1005005461832771
1005003432038556
1005004522164945
1005006289996394
1005006814868684
1005003990248578
1005005249284277
4000061819155
1005003977716913
1005007488097257
1005003428253479
1005007092786283
1005005201186289
1005005765701117
1005006729153256
1005006026446960
1005005138825502
1005005039476314
1005003737786519
1005005923374706
1005007035650273