1005005866094876
1005006070827025
1005006033797929
1005006831116321
1005004848252955
1005006724023237
1005006906594578
1005006897685257
1005006763283716
1005006656381563
1005004208643443
32988064242
1005002327243061
4000098219783
32926326708
1005004550705859
32956511902
1005005383665486
1005003644796499
1005007481056483
1005007469166537
1005007250074457
1005006080534419
1005006547415193
1005006453855323
1005006052648358
1005004341002099
1378481770
1325527534
1005004341547444
1005004526418569
1005004228957507
1005005279478215
1005007164788110
1005006330615087
32802789638
32803270590
1005007255945737
1005007256172103
1005007255867758
1005007256111299
1005004110321996
1005007163919744
1005007164068536
1005007164235406
1005007164152535
32841796323
1005007156882039
1005003967769183
1005007108600827
1005007108536891
1005007096370794
1005007082563601
1005007057704094
1005007052578543
1005007036579587
1005004600256066
1005002856837506
1005006142331133
1005003602595435
1005007002163765
1005006988462120
1005006991923517
1005006967938231
1005006942317691
1005006781824860
1005006931506879
1005006930921925
1005006883907489
1005005841139015
1005003362074433
1005006915838307
1636439079
1740794251
1325507441
1005004231748592
1005007255830928
1005007255923856
1005007255984621
1005007255990506
1005007164309232
1005004796632049
1005006887653795
1005004816900103
1005004271640606
1005006542157915
1005006857344209
1005006857258488
1005006857257510
1005006857219708
1005006662032241
1005006719123062
1005006718930680
1005004373302577
1005006813398638
1005005716701848
1005005915838077
1005006661439481
1005004216371057
1005006672769263
1005006756663434
1005006756713382
1005006756741153
1005005640194028
1005005919170146
1005005652209018
32795808895
1005006343888779
1005006206023909
32532533374
1005006205705250
1005006206170084
1005006206080585
1005003553719615
1005004839271745
1005004379253664
32919614967
1005006632233846
1005006629270600
1005004230277047
1005004500050257
1005005420934372
1005004779213287
1005004781261485
1005001788652878
1005006001785659
1005004047069149
1005006482241899
1005005830117753
1005003684578581
1005004502238085
1005005829112395
1005004110998374
1005004541552720
1005006147467770
1005005028340131
1005007256170079
1005007256019046
1005006857192783
1005006206058737
32918079200
1005006219397157
1005006218783888
1005006219342959
1005006344152415
1005006148215519
1005006148291313
4000163392691
1005006148337862
1005006148162662
1005005013051920
1005003638017922
1005004047001261
1005005471925947
1005006564531214
32838893527
1005002745243778
1005001319500727
1005003647613577
1005006533504364
1005004028629346
1005005244199693
1005005242001352
1005005251470440
1005005250371125
1005005006323220
1005005006249509
1005005006093962
32806183724
32962416349
4000103236040
1005003968218092
1005002693183178
1005006306178511
1005003882312057
1005006413705372
1005005678531527
1005004425178502
1005004097921528
1005003975710659
1005003975721531
32894869135
1005005759626429
1005002220159921
4000575452208
1005002598117715
1005005127953628
1005005092353575
1005005884097266
1005001718227677
1005001515483884
4001054325663
32950936444
1005005367961827
32893696273
32915560873
4000575382439
1005001658548029
1005006444071925
1005003277330044
1005006310384114
1005003277298354
1005006320864939
1005001291311399
1005002568365844
1005005658316879
1005004691876323
1005003277220988
1005006148045977
1005004896757013
1005003277239818
1005003109551562
1005004701033097
1005005504161801
1005003836848450
1005004685461175
1005006326662840
1005006131528175
1005005768520402
1005004978908279
1005005862921005
1005005814847429
1005003960741224
1005003497523088
1005004046885454
1005003363948293
1005003276330896
1005006022223875
1005005068897897
4000163573432
1005006949894690
1005005880897258
1005005897184171
1005004208646212
1005006760679191
1005006339472534
1005004160319127
1005006764219798
1005006131567016
1005005263928446
1005007135406996
1005004733665945
1005005462582467
1005006211420768
1005003887715455
1005006144936905
32965952916
1005006148710882
1005006144987145
1005004495954592
1005004167922109
1005005383531909
1005005383735137
1005005383553096
1005005383528564
1005003600233122
33043829783
32935362077
33050109185
1005006237769431
1005004992421385
1005001762778560
1005003989283247
1005003972900838
1005003989186631
1005006212692862
1005004046950719
1005006711885458
1005006712036036
1005006756518936
1005006637580726
1005004975190750
32956535496
1005007325530283
1005006022289654
1005005847312061
1005006804113775
1005005513091659
1005004975234429
1005005383573070
1005005383578179
1005006478392212
1005006305921271
1005005925871118
1005007362594133
1005007163266422
1005006436576448
1005004468024749
1005004667977855
1005006023097206
1005006208160945
1005006743088114
1005006486343707
1005007353711739
1005006463648570
1005006269239584
1005005570014102
4000549357564
1005005430827703
1005006751517466
1005003652243434
1005006618708971
1005006711892702
1005006710042598
1005006179971457
1005007005401865
1005007253278313
33009482466
1005006410531665
1005006970542367
1005006278081412
1005007353656756
32980476070
1005006186641960
1005006591013308
1005007076047915
1005001953528953
1005006886043869
1005006559684132
1005005828373585
1005006709959887
1005003846342850
1005007195284139
1005002020213592
1005006991025601
1005005248962942
1005006079540776
1005006980352570
1005006067455063
1005007011055715
1005006970666196
1005004988383097
1005007088882644
1005006690355995
1005005817418627
1005006072818382
1005007026279271
1005007175055088
1005003763993893
1005004671843313
1005005594902609
1005005583712021
1005006380614878
1005006023889916
1005006306369626
1005006007499603
1005005817234798
33029710589
1005006563174478
1005005831374027
1005006613539579
4000396556052
1005007069060203
1005005271618695
1005006667006052
32966823011
1005007088370997
1005006698862132
1005006067478257
1005005876991496
1005005859757714
1005004161684808
1005005817287446
1005005859818312
1005006710710777
1005006543374817
1005005831401420
1005004159844374
4000873917667
1005006165798906
1005006070704789
1005003671481867
1005006180651110
1005004042396627
1005007107141720
1005006945370594
1005006659970801
1005005821657340
1005005980922605
33013237962
1005007045222790
33030422955
1005006197985500
1005007163056958
1005006357855808
1005006208226626
33053012242
1005005097054002
1005007114686733
1005005815664312
1005003809989247
1005007126383983
1005006291953055
1005005818124362
1005005910936979
1005004557928223
1005006777079032
1005006156883930
1005005618688482
1005007052704048
1005007159591480
1005007160696801
1005004557493816
1005006174299181
1005007030621141
1005007177976321
1005003155689899
1005006067799178
1005005818414497
1005006908905619
1005007297441872
1005005958966068
1005007348102867
1005006024388392
4000205517188
33032311332
1005007128436044
1005003032582293
1005006067712630
1005006345321448
1005004300786765
1005007089113370
1005006860908404
1005006452864971
1005004912508061
1005002385242226
33056966059
1005007167546669
1005006869175511
1005003967561290
1005002077466383
1005005268861038
1005007061670006
1005007153966087
1005006199127892
1005001956294820
1005006912197357
1005006304336453
1005006630086160
1005006440375031
4000334305243
1005005025852639
1005006703326425
1005005364202558
1005007331367255
1005004710939137
1005003611356798
4000543009313
1005006344123245
1005007224938640
1005006990240244
1005005646476784
1005004832503608
1005007056792831
1005003979136127
1005003620870881
1005005278778283
1005007009993232
1005002476117600
1005002328086153
1005007062991941
1005005455155097
1005007011222005
1005007039409627
1005003423802511
1005007292940936
1005007063395389
1005004091205133
1005007252102672
4001085733104
1005004022603784
1005007293107415
4001084588830
1005007002509007
32808173840
1005005150662060
1005004246016317
1005001693238721
1005007253034017
4000608033491
1005004230001378
1005002119391373
1005002328093326
4000774166344
4001057500609
1005006584201519
1005005107472356
1005001738516323
1005002790137216
1005006896924805
1005006282256122
4000061025699
1005004491880822
1005006826145796
1005007123441158
33010619306
1005005877835789
1005005313107663
1005007090581019
1005006208521599