4000818046776
4000826095077
1005003686278778
1005003922339432
1005007354036096
1005006057246409
1005003787463946
1005004681266541
1005004002666365
1005003812431522
1005003809158114
1005006297327553
1005005307362824
1005005307509231
1005005307408011
1005007125849290
1005007213346057
1005007346047475
1005007309597502
1005006990575900
1005005306605779
1005006977150565
1005006976107337
1005006976092712
1005007348356503
1005007274122965
1005007227978229
1005007211013730
1005007449601863
1005007136118816
1005007172882614
1005007077720132
1005007078672192
1005006962811192
1005007354754662
1005007212763142
1005006296002379
4000381767246
1005006820538352
1005006569141731
1005006771051454
1005006768150339
1005006636190125
1005007060951443
1005007289461115
1005007138616536
1005006970100208
1005007110995537
1005007320938114
1005006626554860
1005005213629018
1005007173730238
1005007419902141
1005007275388686
1005006887897622
1005006975521304
1005007038922575
1005006432599497
1005007449778518
1005006359278285
1005007348140963
4000597694155
1005001637711673
1005006483992676
1005006266703389
1005007438548638
1005006023032605
1005006295158525
1005006866540656
1005005443739259
1005006797515309
1005004248055417
4000782066412
1005006884673572
1005004253921755
1005005955377800
4000740283765
33036767552
1005006725494417
32681636874
1005007337166488
1005005583773655
1005007345840359
1005007395082826
1005006823083509
1005006850643439
1005006733922083
1005007330449364
1005006770399026
1005006847147733
1005006926396186
1005006769627428
1005006657617860
1005006884232306
1005006584901875
1005005872679081
1005005531158130
1005006982267573
1005005767401742
1005007151024344
1005006999001900
1005005632834553
1005006173265495
1005005812671452
1005005046316230
1005004018894200
1005006815962518
1005006953799638
1005007259729745
1005007361626627
1005007134887714
1005006743270300
1005007005019726
1005005521428972
1005007128230775
1005005471101869
1005006740660687
1005005592935957
1005006905557944
1005007165435073
1005003965638911
1005005338679924
1005006814163811
1005004503979142
1005006803133194
1005003908594055
1005007166376368
1005006784234362
1005004574117794
1005007282217980
1005006888804966
1005006979621783
1005007323702007
1005006953211446
1005005061432570
1005007033465829
1005006954804538
1005007246510134
1005006450468813
1005005210259452
1005005182080852
1005006266233691
1005004385412528
1005002522642162
1005005787509215
1005005584179597
1005006636454569
1005007213188767
1005006810588121
1005006396448943
1005005343434513
1005002603518673
4001031372473
1005002518205444
1005006977483449
1005006735801471
1005007065586264
1005005494293328
1005006697926353
1005004935445284
1005005449085943
1005006939299029
1005007029894590
1005006771113073
1005007052549764
1005006097700336
1005005727127784
1005005766021818
1005006913178319
1005004405419021
1005006961583598
1005006865518791
1005006982555132
1005005376803526
1005007009016671
1005006823039620
1005005035620054
1005005609226943
1005006900726507
1005006597394262
1005002991398661
1005006803191038
1005004173934864
1005003175818883
1005005489696702
1005002397456213
32812848380
1005002957442554
1005006804288079
1005005549679115
1005004437950884
1005005909535664
1005004267405374
1005005877102770
33058659527
1005004571083021
1005003684150325
1005005253339863
1005001345370461
1005005627441124
1005002386896999
1005007017371109
1005007146550446
1005001628044818
4001300149577
1005005523689546
1005006965112721
1005005159492743
1005005544447381
1005004763247605
1005006270689688
1005007216161837
4000511706370
4000703456984
1005004571127009
1005007433788463
1005006269756739
1005005655032590
1005005826979259
1005005483100121
1005006852289590
1005007145675547
1005007374940737
1005002334594770
1005007267453318
1005006749728654
1005005412916474
1005005518112953
1005007394702221
1005002661489754
1005006443867680
1005006631576818
1005007211161303
1005006852272125
1005006691262976
1005006800976154
1005005861074811
1005006998541052
1005007223948860
4000115205200
1005006930348155
1005006379612186
1005006704199226
1005006315198864
1005006940616508
1005006724021691
1005006029004841
1005003583028824
1005007018008673
32809323966
1005006154939610
1005005862966731
1005006449426884
1005004993524969
1005005833106644
1005006948429020
32697864138
1005006810495177
1005006059903261
1005006774510570
1005005946281611
1005007113538770
1005006123463322
1005004881786870
4000352642303
1005005197259486
4000095538415
4000052444811
1005005837933285
1005005914259573
1005001646809201
1005005744064848
1005006359661361
1005006890892243
1005006311221130
4000550001673
1005006373481078
1005006452782172
1005006441046911
1005003205715663
1005006519181031
1005006697408132
1005003900455396
1005006804863680
1005006758687045
1005006748950978
1005006441187110
4000604497114
1005007206065216
1005007262752312
1005007219184180
1005007135531159
1005006984436532
1005006296613894
1005006815953347
1005006666035705
1005002640628970
1005006649869880
1005006091330501
1005006275485036
1005004376246308
1005007151300262
1005007066511467
1005006918791894
1005005302166713
1005007218498278
1005005652143808
1005006610967459
1005007074607121
1005005824755489
1005006982268917
1005007322117947
1005001670835950
1005006929261537
1005006976889198
1005006360989274
4000255714883
1005006940319625
1005006929294248
1005006797926245
1005006191206908
1005006364718736
1005006824508062
4000442692960
1005005575727553
1005007126404761
1005006936433824
1005006991185494
1005007020805720
1005006943011398
1005007153995243
1005006924800573
1005006462975616
1005006898826482
1005007186901800
1005007403448662
1005007434426267
1005007021148262
1005007412101300
1005006366112415
1005006943873863
1005006821176085
1005006544083560
1005007004045966
1005006511616955
1005007357238500
1005006510275979
1005006867641028
1005006913611363
1005007151157367
1005006058827712
1005007152772628
1005006835444553
1005007357314181
1005007229486217
1005005416877788
1005007076090807
1005007360271554
1005006432090725
1005005186495744
1005006919304532
1005007153028464
1005006857409987
1005006750538543
1005007024950036
1005007052806085
1005007153317189
1005007115303479
1005006501608094
1005007229613796
1005007024671193
1005006583646955
1005007020826685
1005007246164228
1005007189438084
1005006658476918
1005006324187513
1005006378080353
1005006245278309
1005007228330037
1005006378098429
1005005369890140
1005005180019742
1005006324177547
1005007451788213
1005007451253167
1005007371087962
1005007343335513
1005006552184822
1005007344510765
1005007372362552
1005007325453384
1005007282011584
1005007238399286
1005007340538038
1005007178421714
1005007014127145
1005007037071206
1005007301141573
1005007308663354
1005007298583576
1005007170195738
1005006795203733
1005004324212363
1005001387583706
1005005929298865
1005004601241423
4000817171142
1005006234919729
1005006528932125
1005006528721737
1005007477640166
1005006528847399
1005006528823524
1005007382147568
1005004237166834
1005007290557694
1005007349951104
1005006349773656
1005005857161986
1005005312719962
1005005153319616
1005005091941065
1005006858267412
1005006528898222
1005006528646975
1005006649336033
1005006225501344
1005007455750130
1005007200573248
1005007455687221
1005007455738139
1005007455490567
1005006653121255
1005006646196539
1005007200311539
1005007133088776
1005005312789616
1005005109568567
1005005091918288
1005007455531460
1005007455563407
1005007455495572
1005007455291978
1005005724833903
1005006505611290
1005005551870801
1005007302920445
1005007051612339
1005006675690547
1005006018035072
32848641871
1005006322289120
1005007427951084
1005003826473561
1005006238446106
32906935537
1005003208033584
1005006794671225
1005007010390920
1005002855722987
1005005231024558
1005007171905567
1005006989687588
1005006266384605
1005006879086743
1005007076957682
1005006487643729
1005007347686972
1005002816708436
1005005754818181
1005003149778152
1005006903662461
1005006903623804
1005005130119166
1005007413546020
1005005937264642
1005004378963650
1005005091922294
1005006974823654
1005005820797757
1005006273756381
1005006564486464
1005006458527301
1005006933471088
1005005871167019
1005005654461755
1005007487638425
1005006692842094
1005003640799217
1005004902951638
1005007220199974
1005005303241429
1005005180429797
1005007108991201
1005006902660787
1005004765943952
1005006238278001
1005005946965122
1005006960379591