1005001955073690
1005004587416416
1005003389913048
1005003205931802
1005003711527549
1005004055195591
1005003684129253
1005005351153883
1005003462403800
1005003345066702
1005005464653908
1005004351000775
1005007355852623
1005004787605342
1005005239936543
1005007355786751
1005002837142776
1005001980391438
1005004934383957
1005003162399191
4001272103763
1005006690999509
1005005088752402
1005003126318118
1005003126270534
1005003126294693
1005003153860160
1005005828632467
1005001606176695
1005002912948220
1005004777595652
10000008891504
1005002877872031
1005004753594363
1005004397606149
1005003157157239
1005004353944059
1005001819070942
1005001955065968
1005005237363157
1005007120106676
1005002631550916
1005006758170235
1005003214412536
1005003118185979
1005005100407026
1005007318753424
4000146721395
1005004992956781
1005002904147445
1005002319384443
1005007166853599
1005002052968749
1005004110376917
1005002017762204
1005005008394153
1005004729208658
1005004241284209
1005004359626147
1005002297962177
1005007268598805
1005003371561642
1005003072106891
1005002889203574
1005002333601094
1005005485048725
4000197233530
10000008893350
1005004467440082
10000008894274
1005005410058229
4000406330367
1005005092708027
32794785190
1005002561049426
1005001688850819
1005001891104350
1005004851892568
1005004224729046
1005006713959982
1005007298239861
4000936022829
1005006299050329
1005005287586603
1005005889758120
1005004132028045
1005005955559489
1005002286957636
1005005997652198
1005006730985302
1005006265752462
4000763549383
1005005879568787
1005006266140952
1005006385277218
4000686619869
1005001845108273
1005006400732601
1005001836219458
1005007389679666
1005005405798642
1005005137089983
1005005238037785
1005005570548659
1005005182019776
1005001499196157
1005006400850418
32944853476
1005006878368625
1005007131751844
4000763575307
1005007472562105
1005002357350103
4000711337005
1005005215177445
1005007321870640
1005001855591804
1005005430816533
1005005889761075
1005005401928187
4000686678216
1005003126318262
1005003126346194
1005003192178554
1005005940710400
1005007317948984
1005005677939586
1005005403377573
1005003153837503
1005003153815625
1005003153882111
1005003179483305
1005003179411932
1005005732902939
1005007289079399
1005007259934045
1005006975207034
1005006891505172
1005007460690664
1005007117777284
1005007294697519
32890183672
1005006814565211
1005007210234045
1005007460681672
1005006897070202
32822039278
1005006969503264
1005006852613266
1005006129486809
1005006244183643
1005006075134066
1005004823046163
1005006060224927
32896317429
1005007088083871
1005007123382296
1005004761037587
32904054831
32892765923
1005005041506717
1005005105092860
32847512717
4000271665612
1005007148412068
1005007123840200
1005007458983371
1005007154085071
1005006376246414
1005007257780500
1005006857399714
1005006544911117
1005005850181134
1005006846833252
1005007183497206
1005006944358623
1005006340974362
1005006538103179
1005006483183358
1005006443722150
1005007080896730
1005007112770158
1005007112197674
1005005705547086
1005006188334012
1005007451819035
1005006927670017
1005007018768875
1005006182098333
1005006925836586
1005007463064437
1005007463180192
1005007462812881
1005005722423809
1005007244922700
1005006806418247
1005003376197442
1005005952821983
1005006773748148
1005005968037576
1005006355275870
1005007130531728
1005006211364969
1005006859084323
1005006655211843
1005007011212727
1005005192847969
1005004595145376
1005006573293124
1005006640579790
1005006280714517
1005001869184701
1005006266012771
1005005508904832
1005001935991990
33003831345
1005006208132658
1005004282630245
1005004663480141
1005003009169708
1005005984779331
1005004227896755
1005003648389593
1005004518339629
1005005845025289
1005006952955769
1005005806682145
32502254912
1005006584386314
1005006220557592
1005005242249580
1005005134095269
1005005968604279
1005006294011624
1005007076118960
1005006523644862
1005005965530084
1005007173333909
1005006697348685
1005006466524892
1005006848693447
1005006278860191
1005005545779034
1005007143270005
1005005606736735
1005007328352235
1005005289142096
1904442650
1005001670097654
1005004694520939
1005006995911497
1005004899416661
1005004270266048
33001553496
1005006467904439
32805721641
1005006887314555
1005006695587399
32306576401
1005003489600838
4001233702447
1005006030629149
1005007280354223
1005003401375768
1005006243543970
1005002723583236
1005004547343948
1005005863126737
1005007099691396
1532801400
1005004124611722
1005007344922621
1005006887622003
4000188965374
1005005532147723
1005003996389225
1005004655138215
1005006007550306
1005007044631090
1005006746293870
1005005453809135
1005004218004721
1005007188462482
1005007054602788
1005001400221014
1005005714159860
1005007054339636
1005005997911117
1005007046048346
1005005270762189
1005006138760542
1005006149257897
1005006222905099
1005006902607515
1005006980070603
1005007144675564
1005002589983519
1005005775984468
1005006305828646
1005007001933204
1005006916433298
1005007075445035
1005006837150993
1005006831224292
1005005780208433
1005006222943471
1005005602756261
1005006782723119
1005004528057766
1005005839745867
1005006142234766
1005005614028131
1005004904539668
1005004305900581
1005006517656838
1005007008717456
32873569754
1005007101774639
1005004506945431
1005006142574306
1005006803118529
1005006265960068
1005006943303117
1005005624820672
1005006702714008
1005007355345014
1005005187997567
1005005937704424
1005006411952223
1005005188140522
1005006887526509
1005006345113617
1005004682353285
1005005244540458
1005006989365375
1005007136074535
1005002979428203
1005006517605438
1005005237150942
1005006702359262
1005001315098492
1005004345065908
1005003082295309
1005006993721073
1005007083540736
1005007223318384
1005006982418431
1005006996460303
1005006481267006
1005007046018589
1005006729254355
1005006424726974
1005005353084368
1005007074953576
1005004527666848
1005005996780255
1005005566037191
1005004443189392
1005005802020806
1005006997579417
1005006294043826
1005004167553311
1005002637437413
1005007000545302
1005006789887983
1005006106616895
1005007244952475
1005004300986130
1005005879917636
1005007177931315
1005006418148909
1005006729278136
1005007115289240
1005006654718152
1005006822249871
1005006729810959
1005007038548010
1005007075085352
1005005363623266
1005007267406034
1005006572837341
1005007213515036
1005006106315973
1005003542449091
1005006385011376
1005006608563194
1005007008096154
1005007244251923
1005007198614683
1005005720351195
1005007072443514
1005002141011964
1005006778390292
1005006772531187
1005006173467311
1005006740436538
1005002536709950
1005007039250442
1005004578395872
1005007018875920
1005005232801972
1005007011710322
1005006479681347
1005004992764298
1005002596605280
1005007129976485
1005006834221004
1005006437846771
1005002866158333
1005007130297973
1005007329601239
32855807662
4000780697148
1005005973672901
1005005884803818
1005006992036949
1005007013486218
1005006532746647
1005006168725663
4000719607883
1005005968923638
1005006967053127
1005005623799445
1005005975206216
1005006113830070
1005004495902444
1005004898330618
1005004289192370
1005006052421119
1005005849965558
1005007084564308
1005006239931823
1005006390419147
32888519629
1005006990252003
1005006306884007
1005001398107470
1005006065387416
1005006988263148
1005006625354244
1005007472603511
1005006821515522
1005007009586726
1005007014330901
1005006394486313
1005007301812039
1005006980131334
1005006292629966
1005007301965151
1005007301866727
1005007319323493
1005006724431409
1005007319185905
1005006795996944
1005006884804005
1005005470510930
1005006489792891
1005006861014931
1005007043308913
1005006039651064
1005007236542048
1005006845579839
1005006048823237
1005006589569416
1005007397578394
1005007117301637
1005007252812407
1005006808571010
1005006288595124
1005006677702400
1005006869604201
1005007095969726
1005006869495539
1005006086029268
1005005777593782
32894925566
1005006961986941
1005006327743193
1005006934153192
1005006890530944
1005006878085321
1005004666012988
1005007336516009
1005007039686537
1005007099975929
1005006106218664
1005006948532919
1005007117655459
1005006881356229
1005007418095458
1005006869262875
1005006990364310
1005006585428621
1005005992950423
1005007086018133
1005005838854366
1005006500324066
1005007234811320
1005006878597817
1005006622018989