1005004086435659
1005005702266662
1005007160067548
1005006876507029
1005004581789046
1005005571088972
1005005115911224
1005007151221605
1005005738366191
1005007345464005
1005006500839638
1005007484865419
1005004370717799
1005002320725719
1005001843078700
1005007419591828
1005007479498526
1005007461828656
1005005526769264
32694673103
1005006781918987
1005007457842668
1005006979835587
1005007295026110
1005007354535712
1005006974802899
1005006430961165
1005007438362132
1005007442440051
1005007441830934
1005007077791845
1005007423739130
1005007087186415
1005006770142946
1005006775461837
1005006683340459
1005007031406117
1005007391981902
1005005271052222
1005006399718989
1005006693002382
1005005500662285
1005006941380732
4001121824106
1005006807824135
1005006807280075
1005006672350464
1005007215771706
1005006841109950
1005006729785520
1005007025872546
1005007246344515
1005007021438561
1005007266088659
1005007084323036
1005007083744539
1005007083365895
1005002940977920
1005002284096505
1005007030268779
1005007011399349
1005006187818771
4001314837538
1005005633593212
1005005231509770
1005006896995875
1005006882049944
1005004505888106
1005003179408225
1005003278264770
1005005698987335
1005006149248540
1005006565038846
32839396164
1005006979914268
1005001307858595
1005007379585647
1005005730850874
1005007235024531
1005007277797336
1005006950464826
1005006841246283
1005004201908488
1005004312746052
1005002298231162
1005003161767193
1005003642162541
1005002075129277
1005005571493488
1005003104739219
1005006627559526
1005005966761603
1005004389562943
32661601437
1005006538903536
1005005325599500
1005004537965802
1005002890452682
1005005497464744
1005005663705293
1005006019717375
1005002351267574
1005002261361202
1005004929945709
32887084928
1005003170647533
1005006455924320
1005006383488552
1005006967427373
1005004199015236
1005001278253806
1005007486220497
1005007056447540
1005002047262285
1005002427953512
4000265024463
1005002526797442
1005001623465130
1005002344984174
1005007245002959
1005003080979309
1285639722
32477895106
1005007470957965
32806830651
1005005879679625
1005006240130363
1005005791555280
4001063524851
1005005226899419
1005007458279212
1005007442354014
1005007473796526
32987705052
1005007463267517
1005007457068947
1005003547978392
1005005433310950
1005005297408059
1005005926409277
1005006384322757
1005007456409525
32889244531
1005007368089778
1005007294748286
1005007162216029
1005006849853720
1005004625656012
4001035892488
1005005948616437
1005007476093558
1005005529155403
1005007437756057
1005007462498648
1005006954441125
1005007435312488
1005007443142362
1005007438546857
1005002326823455
32698510235
32694681070
1005007462092032
1005007462105100
1005007461910428
1005006444445274
1005007457948059
1005006782688519
1005006780455494
1005007463383496
1005007419788619
1005006988360788
1005006979865714
1005006979644770
1005006979752485
1005006918129186
1005007449760122
1005004420849344
1005005761965042
1005007446563315
1005007448003635
1005007438323225
1005007443947300
1005007441538922
1005007433507970
1005007433757350
1005007400909570
1005004276741510
1005006873569197
1005007002811571
1331012772
32671442563
1005007016525625
1386052864
1005007014523683
32837562770
1005006220755974
32787564803
1005005647759120
32812437072
1005006788053801
1005003263830280
1005004723030655
1005007324644686
1005007385569087
1005007324699009
1005007368540614
1005007360679198
1005006755209813
1005003926446916
1005007344698857
1005007343316039
1005006020551548
1005004114511533
1005005143644592
1005007295118911
1005007294872503
1005007295134428
1005002953647990
1005007433563817
1005007434099034
1005007354091862
1005007295225423
1005006057613264
1005007258077209
981942786
1005007321649866
32791298255
1005007321759603
1005007191216298
1005006750044442
1005007081647063
1005007247184466
1005007247251340
1005006619018355
1005007196191010
1005007170391150
1005006974613220
1005007086707978
1005006872347158
1005006966880508
1005006863716598
1005006881645847
1005006821514369
1005006814423529
1005006793998028
1005006708099318
1005006618213768
1005006612413631
1005006561401500
1005006561619181
1005007180283024
1005006529278310
1005006431211423
1005006399850524
1005006378329997
1005006361159152
1005006036115228
1005005980656964
1005005245725454
1005004968420475
1005004971239128
1005004833802960
1005003711095864
1005002545624913
1005007183790020
1005006622211089
1005006564218168
1005005700592362
1005006076101890
1005005996501717
1005003286685492
1005006755447496
1005007155523920
1005007088513955
1005006781705104
4001046715279
1005007433877265
1005007433965356
1005006494955300
1005006709052129
1005006753302590
1005006758952894
1005006691761645
1005006745410143
1005007176618300
1005006628730000
1005006965501872
1005006754845019
1005006689092834
1005006687421470
1005006724063875
1005007180857282
1005007095676652
1005006814484507
1005006766563514
1005006744932396
1005006728552558
1005006808446304
1005006654265605
1005006672881137
1005007218820980
1005007197965047
1005007014081824
1005004431144797
1005006919166685
1005006841980367
1005006858762757
1005006727435018
1005006653643567
1005007181159090
1005007170184490
1005007183040528
1005006878274171
1005006807152833
1005006766261694
1005006775257413
1005006764591873
1005006691446728
1005006670042724
1005004690283766
1005005935936578
1005007309692374
1005005103323412
1005007294979911
1005007277864228
1005007281572726
1005007282180903
1005007175432097
1005007216096845
1005007216252173
1005007204197580
1005007152943079
1005006749580720
1005006415155952
1005006841317131
1005007433565823
1005007035612881
1005006728517603
1005007007020494
1005007053176661
1005007029707970
1005007043544053
1005006979002835
1005006994043145
1005006983948348
1005006839266603
1005006896627374
1005006819853476
1005006807967883
1005006791845409
1005006767506235
1005006776686237
1005005688195293
1005006756062315
1005006753527737
1005006741132563
1005006721900949
1005006673158675
1005006664146785
1005006641602109
1005006635582770
1005006609897208
32730215974
1005007272485606
1005007313921029
1005006207767497
1005007021501544
1310476668
1005007267114290
1005007224454872
32635713330
1385862897
1005005248078382
1005005105315894
1005006292100191
1005006349685116
1005007280672297
1005007275501626
1005007275046998
1005004980113331
1005005070904214
32787502388
1005006998328353
1005007252089071
33010875197
33007592887
1005007233096338
4000741946707
1005007223828363
4001213904865
1005007205787305
1005003437147670
1005006967382735
1005006657034691
1005006608476589
1005007267087248
1005006575053708
1005006105054770
32893185841
1005006340483944
1005007165693243
1005006436518826
32795111676
1005006774357309
1005007122334340
1005007090360899
1005001994981003
1005007087267713
1005007084011125
1005007084431231
1310494375
1125859591
1025964194
1005006979673763
1005005487299409
1005002194581164
1005003581464869
1005004424395039
4001091232869
1005002390395480
1005002284468799
1005002533209594
1005004762986565
1005007075136429
4000107381875
1005007051112617
1005006125488659
1005006950305529
1005006950338558
1005004155522267
1005004702932390
1005005341730374
1005006411670945
1005005979064455
32820669806
1005006950570025
1005006949501604
1005006948106970
1005006952605750
1005006948069800
1005006952354143
1005006953686385
1005006953008703
1005003355227378
1005004766200389
33047845990
1005007051424065
1005007314417092
1005007246546178
1005007295741288
4000872662912
1005002303801132
1005003246554952
4000759614657
1005006910418116
1005005254317139
1005003666271760
1005006902269372
1005006781507939
4000430511687
1005004902106282
1005004370076872
1005006849978901
1005006850109351
1005006031000381
4001248572048
1005006550113956
33004031288
1005002085737396
1005006820403791
1005006824989885
1005005081632051
1005006802777022
32791182281
1005006274215352
1005006806407768
1005004179113287
1005001299305558
32934116089
1005002552677819
1005004488775048
1005002427544901
1921625589
1005005102171173
32759545981
1005004263501500
1005004745208008
1005004666093514
1005006722160148
1005003667761312
1005003030176758
1005006086867664
1005005487437018
1005003316643261
1005006698886328
1005004442772071
4001043758448
1005003157611794
1005006694506588
1005005719067645