1005005558895551
1005006452365152
1005006756975096
1005004668854191
1005005429874235
1005006522817504
1005006962809534
1005005338301169
4001125207683
1005006179584519
1005005970112250
4001233141976
1005006495351373
1005007164601829
1005007085815079
1005006217659925
1005006097810042
1005007291867567
1005007310588093
1005004817853510
1005004622378079
1005007234252377
1005007185676299
1005006267376979
1005006476479778
1005007277676923
1005004818988244
1005007010016352
1005007310945560
1005007234478585
1005005647544065
1005006875841075
1005006176641256
1005005954455049
1005007003636920
1005005218044171
1005005869947381
1005007375253465
1005007355099973
1005004495308951
1005005883556517
1005006873065083
1005006003595374
1005006184351514
1005001584583536
1005005615328477
1005007252600711
1005006919433018
1005006301161848
1005002894235656
1005005525694486
33010853497
10000209528290
1005004428786890
1005006996018904
1005005331698079
1005007437336265
1005006804112871
1005006376064369
1005006406616429
32846685121
4001066623236
1005005424979507
1005006211806395
1005007440633252
1005007212619999
1005004161257348
1005006011933833
1005005812642870
1005005402479557
1005006273804375
1005005398585673
1005006140401681
1005007118920509
1005007079953181
1005005921076532
1005005810954049
4001365529086
1005006718814054
1005006937636477
1005005871212317
32997575974
1005006202721193
1005004186486032
1005007274240682
1005006506411252
1005004083297872
1005003103052929
1005006263143627
1005006635966341
1005006935608019
1005005682231967
1005004377441858
32860862001
1005005781186921
1005007218683851
1005006821168790
1005005614376638
1005005352833356
1005007419400474
32863007350
1005002738114176
1005007006107934
1005006876848333
1005006850875573
1005005900427103
4001035464615
1005006602563516
1005005708268200
1005006343241876
1005006375188893
1005006234481358
1005002387826731
32821408230
1005005396991537
1005006886900247
1005004582411673
1005007413924363
1005007137740522
1005006607418611
1005004630424583
1005006169110334
1005006965644647
1005006363610404
1005004827680101
33000843864
1005005830346266
1005006719010361
1005006057141354
1005005670338933
1005006261899363
4000056370534
1005007459186008
1005007431743745
1005007053424545
1005006903444693
4000183245078
1005004156442050
1005001874178610
1005006896193866
1005006956940480
1005006476511167
1005006848773656
1005005954947235
1005006236411757
1005007227318862
1005006304382701
1005005097219696
1005006350155564
1005005580188885
1005005320421643
1005002767216253
1005003287995128
1005006420029154
1005001450112711
1005003218812378
1005007204479114
1005004822061718
1005006509412546
1005005991915079
33047283751
32580373062
32848204999
1005004479574689
1005007103423184
33022404897
32989783839
1005005672721756
1005006973684916
1005005593970750
1005006140269038
1005007254696948
1005005978108250
1005007015853517
1005006612984232
1005005131300126
1005004907319459
1005006430374503
1005004262710398
1005003409374638
1005006794493288
1005006763217007
1005006043953481
1005006966579162
1005007340059998
4000992626833
1005007029032775
1005006112562383
1005006053964815
1005006022995403
1005005627602340
4000144813341
1005007321440159
1005006386055034
1005004193309207
1005005217445056
1005006313926438
32991191950
1005004199485149
1005006013268803
1005006155646720
1005006428939704
1005006560377729
1005006371678798
1005003268583530
1005007385682896
1005005614290584
1005007332921950
1005006027015473
1005007010876468
1005006169272835
1005006371799318
1005002399264239
1005006353579100
1005006217938121
1005007224475689
1005006415018809
1005006703929558
1005007203967033
1005007356720521
1005007234091228
1005007252179553
1005003202142945
1005006023292694
1005005721593004
1005006613674576
1005006435142916
1005006127475347
1005006841638015
1005007217236122
1005007288993108
1005007045187886
1005005644943385
32860424580
1005006840413081
1005005609974793
1005007317520768
1005005715880966
1005007232459592
32850293032
1005006913245903
1005007103873359
1005007232418055
1005004002108888
32791010969
32429816462
1005006140457619
1005007138339758
1005006416196792
1005005362353355
1005005321950715
1005005986184258
1005006672584932
1005006875545874
1005007124983205
1005002110268796
1005004752145601
1005005321906765
1005006583182697
1005006607668237
1005007062619958
1005006195907604
1005006113739050
4000812314168
1005007149990119
1005006882671790
1005007292251380
1005005590230606
1005007082988004
1005006701709912
4000030084741
1005004799596015
32873032907
1005006366446527
1005006431573969
1005006958841061
1005005697254285
1005004948664969
1005006269332524
1005006128213131
1005007223785093
1005005063447213
1005006097736559
1005006301954085
1005005762423884
1005005857559522
1005004363867830
1005006931478476
1005003703655237
1005005675443959
1005006053621166
1005006882089968
1005006359706173
1005007060196001
1005006049649413
1005007089679538
1005002420279759
1005006384017833
1005005674415917
1005007272915427
1005006462262875
1005005715287672
1005006395400202
1005006947686723
1005005403352176
1005007328292992
1005005415752360
1005006913396519
1005005453563375
1005007420404415
1005004327404420
1005003143235357
1005006394913690
1005007234931064
1005005841028354
1005006301261814
1005005999819971
1005002475288567
1005005250078982
1005005806759882
4000771281892
1005005546658007
1005007419091719
1005005927806025
1005006674734119
32770944717
1005007030474861
32834275530
1005006755057229
1005007259529304
1005006117081213
1005007158127180
1005001665211100
1005006141091601
1005006879686446
1005004858336684
1005002996711904
1005006304378775
1005006533787810
1005007029322145
1005001928877267
1005006484812950
1005006594552256
32874123201
1005006903520340
1005006644419328
1005006939200357
1005005707913452
1005005988817982
1005006882224332
1005006278744588
1005005555895916
1005007188084156
1005006745079261
1005006713469181
32961935888
1005005887917345
1005006443159957
1005006326451808
1005006133160351
1005007039642690
1005005881338247
1005007210088016
1005006144749528
1005006086532084
1005006109813487
1005003038912146
1005006822013482
1005003112295288
1005007336415995
1005007360109458
1005006172927760
1005007108293263
1005006357992390
1005005362317063
1005007298831478
1005004985119297
1005005383550440
1005006390197463
1005006353402248
1005006689692560
1005006373931232
1005003645431815
1005007321266745
1005006199211149
1005005472820311
1005006888119100
1005006859700857
1005006448152925
1005006655549571
1005005731541850
1005007053811817
1005005603730431
1005007380014074
1005005740538220
1005005546802260
1005006986046654
1005006191144881
1005007299044369
32893851648
1005004767881953
4001032195098
1005004284079743
1005006584211796
1005006832877357
1005005905454748
1005006127682253
1005005987530690
1005005695221406
1005006389631913
1005005955268715
1005006011032914
1005006965609783
1005006743773771
1005006771453396
1005006432922217
1005006318022868
1005006699248034
1005006210509564
1005006244987335
1005006087483843
1005006121168167
1005007186659680
1005005754869543
1005005648490950
1005007083202712
1005006436830302
1005007097719299
1005006981382745
1005004047425673
1005006924291362
1005003667145305
1005006488342273
1005003025373496
1005006011619816
1005007286718914
1005005914675871
1005007301100801
1005006003607877
1005006171829318
1005006724022128
1005005938679239
1005007089660905
1005003666978095
1005006845735505
1005007038427432
1005005676554031
1005006968644453
1005005560536900
1005006473255250
1005005885253176
1005006156901252
1005006354690176
1005006224694056
1005007337467730
1005006372638389
32526800605
1005005971593946
1005004523738406
1005004221599935
1005006439605491
1005005719451337
1005006687648753
1005005780253638
1005004849511819
1005004592768847
1005005273361305
1005002927292282
32850021588
1005004815961665
1005006759086441
1005005847264579
1005005855438032
1005005510950928
1005006900763501
1005006967829577
1005003031081512
1005006024334068
1005007205688458
1005007177638104
1005005538827304
1005005265534659
1005006974269701
1005006023337212
1005006859773151
1005007087786922
1005006999204059
1005003536921220
1005007036393217
1005004543159463
1005005947814587
1005007026530320
1005005484106100
1005005792805809
1005006664661730
1005006401640220
1005006864195324
1005004504635566
1005005575892831
1005003380336409