4000434742057
1005005576039631
1005007176029823
1005003674693148
1005006692097217
1005006247351366
1005006518785837
1005006062235244
1005006104629994
1005002574794264
32829926485
1005004773508374
4000030043089
1005006354948159
1005005750948849
1005006798209724
1005005947710068
1005006857396388
1005005193022478
1005006334129427
1005003123229917
1005005521266549
1005002650113862
1005006491807027
1005006024152971
1005006091423642
1005006827906200
1005006477345782
1005006707833689
1005006022938754
1005006973583198
1005006342573788
1005007070915284
1005006423855503
1005006697006931
1005003646821010
1005003674579554
1005006563563622
1005006279199533
1005006263063635
33046656353
1005002129517498
1005002264820696
1005005772667770
1005006435285813
1005006268251529
1005003410942764
1005006588827659
1005006486079255
1005004111881032
1005004858756788
1005004573913178
1005006688755752
1005006990998227
1005003860371129
1005005388963869
1005007118689057
1005003066956039
1005005254528438
1005005250875578
1005005131946732
1005005161108728
1005005155651861
1005006997255264
1005006770762860
1005006837282465
1005007032582213
1005007334096959
1005005980563916
1005007292709548
1005006889675315
1005006071597777
1005007274151526
1005007436174061
1005006798741102
1005005973847885
1005005572633214
4000628062844
1005004790474958
1005007294146804
1005007334015379
1005005927193792
1005007330399806
1005007176450780
1005006824810724
1005001467800772
1005005703941586
1005005233863565
1005005212421954
1005004993481717
1005005156228146
1005005711083050
1005005709825853
1005005765145471
1005006846021726
1005007282652584
1005006906886950
1005007181447001
1005006332627037
1005007452820120
32911704094
1005006332452958
1005005596357410
1005004920616220
1005006260144362
1005006905574304
1005005748257529
1005006918373149
1005006052009433
1005006622025381
1005006701898387
1005006934229667
1005005511053987
1005005105023828
33043341119
1005002996787803
1005006334446065
1005005697185774
1005006366622956
1005004035072415
1005005236833337
1005007299376626
1005001805852405
1005007046301815
1005005794447405
1005007045458081
1005006994786908
1005007131572936
1005005897190455
1005006836732047
1005006752399920
1005005193247993
1005002359992180
1005006051596922
1005007183151184
1005006337733664
1005007234396156
1005005626658067
1005002664943421
1005003190691467
1005004710530224
1005005743773858
1005007178037042
1005005190529509
1005004154261758
1005005373673868
4000028543799
1005006420083351
1005003394805788
1005006970895242
1005006754601490
1005004710548158
1005006108550380
1005005190567335
33055352545
1005006912737295
1005005943091972
1005006812364677
1005005507173153
1005007131526828
1005006849064691
1005006754052942
1005005849891268
1005005751030435
1005002420481006
1005005575453619
1005006263037753
1005004981143327
1005006730128118
1005006055471942
1005006157954361
1005007179857130
1005006277737106
1005006351430332
1005005160598929
1005006068720378
1005003152869109
1005007010912235
1005006115956877
1005005834465402
1005006867105361
1005004323073529
1005007177708604
1005006537201663
1005007227405792
32909043659
1005005734336560
1005006285303616
1005007178029071
1005005549134675
1005006402638533
1005007301373800
1005004630382907
4000882647130
4000235314004
32841926292
1005007083218130
1005006145477398
1005005142568324
1005005219127016
1005002987609352
1005005412259578
1005006055732043
1005006722317533
1005005265976386
1005005615632922
1005005785528839
1005006700470153
1005007031884953
1005006620257626
1005006399335392
1005005102176481
1005007255183151
1005005844507464
1005006402571777
1005006896776676
1005005977408206
1005006120273265
1005001693161198
1005005965386885
33040223675
1005006960806009
1005006595995165
1005006348745930
1005007151186172
1005006262929310
1005004926504826
1005005122551812
1005003153188183
1005006437068395
1005007039081848
1005007329578319
1005001836162390
1005006263264568
1005005587926036
1005003406225089
1005006436705982
1005004713992203
1005005623041206
1005006225028446
1005002008554051
1005006528684176
1005004096179582
1005007218275236
4001098549335
1005005558360321
1005001728457215
1005003265009539
1005004580374250
1005005989286512
1005006402464338
1005007474432392
1005007437953658
1005005644499454
1005007393540880
1005006917194899
1005007443714544
1005005044578949
1005007361775709
1005007437417772
1005006352097925
1005007315140547
1005007443589350
1005007449505856
1005007438397655
1005006283614457
1005007443390556
1005007181999247
1005007431293851
1005007234653311
1005007443649547
1005005338501731
1005007408592415
1005007161907705
1005007443823367
1005007195630770
1005002291174618
1005001990208353
1005007385120645
1005007272800821
1005007390969841
1005007400912796
1005006781722725
32968074017
1005005871309155
1005007068386016
1005007395348840
1005006460748156
1005005451558921
1005006143923199
1005004488506536
1005006827112789
1005007125568889
1005001581032102
1005005963996371
1005006960580530
1005005274385896
1005006738043043
1005006109551963
1005006412241487
1005003768464847
1005007474849835
1005007426275225
1005007474894735
1005006838652446
33010288435
1005006019492546
1005005204244569
1005007059647184
1005006020661086
1005007400800797
1005007059058934
1005002978095946
1005006989889925
1005007431766839
1005007169182506
32969287882
33057150096
1005007182172978
1005006116508819
1005007102318503
1005004719390423
1005005396983352
1005006435231562
1005005986806056
1005007449704734
1005004993216639
1005007340450982
1005007449786459
1005006771015770
1005002782041034
1005007379736826
1005002447660105
1005007437986040
1005006618810515
1005007310058433
1005007265845646
1005007212477781
1005004561190193
1005007309759507
1005007369414292
1005006371111918
1005006408425428
1005007387592089
1005006737979234
1005005110990771
1005006288514982
1005007469499914
1005007068030601
1005006443074287
1005006319066493
1005005050721246
1005006917237518
33059409527
1005007480276999
1005007486145335
4001084740109
1005007385166156
1005004444060463
1005007470907028
1005007401690136
1005007444527210
1005006111998634
1005005990182444
1005005675965053
1005006624726234
1005007480032761
1005006587446573
1005005842723913
1005006997032240
1005006996951219
1005005781446621
1005001704963224
1005004343976441
1005006269870150
1005005214926147
1005006172915752
1005006855072582
1005005335183588
1005006053325993
1005004949602907
1005006569007989
1005005572714277
1005006123727695
1005007129135719
1005006849551220
4001045059971
1005005436152496
1005007001822826
1005007059221460
1005006050297032
1005007353385368
1005005696015880
1005007066945808
1005007059377471
1005006416983884
1005007102434447
1005003836276191
1005006112791852
1005005968031039
1005005266463354
1005007447870997
1005004141661894
1005005962877946
1005007115259868
1005006199502321
1005006136121240
1005005473699939
1005007345456370
32969334367
1005006149785723
1005007097211094
1005007060293235
1005005960620067
1005005087418412
1005006032678851
1005007191747614
1005006208447968
1005007272762881
1005006053291060
32983448905
1005007310173290
1005007437928022
1005006194424003
1005006376185153
1005007391316134
1005006727932648
1005006125246314
1005006853888072
1005005816305976
1005005673341695
1005004404450441
1005006432221320
1005005092338636
1005005584677680
1005002626164131
1005007004174214
1005003965346112
1005007279862915
1005004786683498
1005006067169840
1005005670994705
1005005352459772
1005004803640498
1005007273041606
1005006847122335
1005006834210101
1005006213711098
1005007152537741
1005006702483337
1005007143632390
1005003208986202
1005005784820161
1005005013695191
1005006766953348
32963659192
1005007408079357
1005002577543757
1005004310268438
1005001467950394
1005007103988397
1005001840248057
4000834967274
1005007162547683
1005007204558319
1005003014883362
1005007353635873
1005007089860180
1005006518467856
1005005616806949
1005005828679478
1005005648513387
1005004815266317
1005006864618769
1005007009328324
1005007307943298
1005006265629878
1005006689938413
1005006454067013
1005006845633460
1005006903563150
1005006828860514
1005006851277556
1005006648697319
1005005958340804
1005005812675470
1005002547772096
1005006702529204
1005007097987863
1005006037571154
1005006659464519
1005006896571740
1005004630520935
1005007022680845
1005006083688990
1005007315577620
1005005097232014
1005002943903411
1005006369929248
1005007434655470