1005007030888462
1005005281380225
1005007382872577
1005006469143229
1005006684506075
32950551572
4001178534775
1005004525856450
32834063421
32819497834
1005007111348721
1005007092709418
1005005725544241
1005005719073714
1005004166153448
1005007456995058
4001114191351
1005006371047239
33055682837
1005001451069983
1005005398416608
4000146886374
1005005959803183
1005007314704109
1005003155657157
1005006967883100
1005006626390886
1005005877284685
1005007253929240
1005005102236894
1005005714039316
1005007434657860
1005004443678335
1005007196172569
1005007293482521
1005007182540832
1005005823470762
1005005907574598
1005005136466056
1005007097255545
1005006887843352
1005006054313626
32997748818
1005006130661458
1005006895759422
1005006889767150
1005006100190888
1005007023890010
1005007219851573
1005005291109392
1005005636666658
1005005506847096
1005007467583321
1005007417856199
1005004752444882
1005006097594236
1005007316244952
1005007219452929
1005005250529480
1005007053599290
1005005507028965
1005001889276187
1005007066987935
1005007329112408
1005005570395722
1005007339558540
1005006344104124
1005005271588546
1005005413196271
1005005456471089
1005006604711188
1005007309918063
1005004032114330
1005004522260590
1005004759833066
1005005819357630
1005006416597632
1005005513827817
1005002848683661
1005005245631004
4000237376734
1005003969499899
1005004418501075
1005005456943579
1005003711679416
1005001621270631
1005003007850771
1005001873122455
1005004194346079
1005005506361528
1005006624424732
1005005412638775
1005001348155953
1005006814126355
1005001965376412
1005007328280692
1005001450991461
1005001830537243
1005002591803674
1005006827865145
1005007419235165
1005005425528735
1005006321959080
1005003257645108
1005007328108886
1005003141407774
1005007449375929
1005006019896320
1005007328397534
1005005909090334
1005007294589478
1005006014699108
1005003648583043
1005007300233634
1005006610660135
1005006906424635
1005001709875683
1005002656424107
1005003655409783
1005001816907356
1005004379355912
1005006836987667
1005007263546927
1005007053086929
1005007461057135
1005003251174073
1005003215291828
1005001901218873
1005007135138373
1005005933266099
1005007477985031
1005004564152766
1005007477431024
1005007469059638
1005007469039391
1005007468364265
1005006652341426
1005007421004111
1005002737229469
1005007301929858
1005004858065933
1005007106593025
1005007283049828
1005007470587914
1005005418764457
1005007153569198
1005002247741748
1005007457988812
4000925649512
1005007446129973
1005007452503733
1005007072504491
1005007455689663
1005003142205978
1005002898486098
1005006677832429
1005006055329277
1005007452798256
1005007097275473
1005005954879996
1005006480247838
1005007083318536
1005007098076185
1005006932049797
1005007153677069
1005007083073435
1005006043693602
1005006605084309
1005002884548582
1005007338099324
1005005622764743
1005004736035419
1005006225182483
1005006836985283
4000003726200
1005007272817987
1005006372730851
1005005554617220
1005006319149203
1005006319226178
1005007084070478
1005007138567752
1005007438620399
1005006848272113
1005007097384630
1005006969685596
1005006996592736
1005006054202624
1005004508578797
1005004412847406
1005001387197124
1005005485893707
1005006001773645
1005007261748289
1005006668894576
1005006389491939
1005006588491431
32990486845
1005006472605707
1005005944281912
1005005215698557
1005007099772015
1005004604185472
1005007083683205
32744982925
1005005815530028
1005005770390237
1005005921568167
4001189752531
1005006722174073
1005007152539547
1555458467
1005004783091453
1005006976945921
1005007315676317
1005004444588439
1005006522385014
1005006960479569
1005005933364383
1005007067345977
1005007269103157
32722607725
1005006928595350
1005007064214226
1005007375813824
1005005343406232
1005007291673338
1005007371731123
1005007128171246
1005005604913261
1005004251084442
1005002593028455
1005007266478552
1005007423835801
1005007390724271
1005007457349630
1005005915380932
1005006890565535
1005007442677224
1005007308318288
1005007448624182
1005005306274982
1005007364271272
1005007425600892
1005005969580806
1005006996480348
1005007450759134
1005005759918256
1005007448964110
1005007284798745
1005007099858150
1005004251087514
1005006624665325
1005004570071856
1005006015685436
1005005649032823
1005007385900640
1005004685956739
1005006751376319
1005007385843665
1005006623742338
1005005955019494
1005006769431378
1005005954620130
1005006025593521
1005006781639662
1005006034400808
1005004468961922
1005006727326573
1005004277794923
1005006105469960
1005005959826929
1005005900846193
1005005139107190
1005005293407373
1005006788970693
1005007399798244
1005005760022235
1005004239402385
1005006489937260
4000955832102
33036434149
1005004773412986
1005006117937071
1005003715466668
1005006413639026
1005002593631903
1005006528976835
1005006639240010
1005006530514998
4000606224350
1005006676265862
1005007376029105
1005007031316053
1005004251150967
4001082646398
1005007488765554
1005007488897633
1005006997662131
1005007475152867
1005007479560796
1005007455573207
1005007478595418
1005007449682878
1005007471340365
1005007088483865
1005005549086944
1005006860330518
1005007385415557
1005007096873651
1005005058134468
1005007009932573
1005006866434887
1005007371242543
1005007300657733
1005006453415373
1005005990964445
1005006924459663
1005006779053848
1005005890002614
1005006868346880
1005006828669485
4001098770767
1005007278372970
1005004246374198
1005006617480882
1005006294594227
1005007224236747
1005005912947454
1005007275066616
1005006607452041
1005004747712402
1005006363940549
1005004857364311
1005006436660011
1005006760776703
1005007293018723
1005007251547727
1005003533436135
1005007167215785
1005001802623144
1005007276135978
1005007384034002
1005005532842874
1005006059910637
1005006876198196
1005007207652825
1005005698418626
1005007181103157
1005007176800253
1005006728928664
1005006549872500
4001272814010
1005007147682477
1005005931786615
1005007335793453
1005006440248435
1005007131383154
1005007293555398
1005003297850014
1005006003084943
1005004753540233
1005005767935457
1005003177419322
1005007292043288
1005007001466469
1005002259895999
1005007384209682
1005007308635232
1005005274932209
1005005396434195
1005005194867593
1005006778295870
1005003472101909
1005006475495481
1005005854326217
1005006052115506
1005006203417113
1005007099297472
1005006573760084
1005006309919925
1005006984192411
1005003229938153
1005007139104801
1005003298609638
1005007384662843
1005006815132670
1005007144530740
1005006917686094
1005005211649393
1005007316056845
1005006853461383
1005006074409934
1005007393053789
1005006240106989
1005005075567140
1005006302809911
1005005362940327
1005005575310431
1005007335695773
1005006354767974
1005005872026259
1005003531197162
1005007366319351
1005007050745753
1005006397130844
1005004985856139
1005007290459106
1005005137504938
1005006323618673
1005005714080218
1005005887445571
1005007272173589
1005007340584563
1005006359361411
1005005593573330
1005007172572502
1005006877557384
1005006079549204
1005006980583498
1005006001365954
1005006478230184
1005005708731225
4000086232585
1005007346759791
1005006548964206
1005006106368546
1005007298674101
1005007211611134
1005006027734344
1005006722300318
1005006137282205
1005007329699008
1005007310790798
1005005226022734
1005006396292208
1005007371522571
1005007321300627
1005007291759334
1005006761481750
1005006536538970
1005006587088521
1005006614941430
1005005929901490
1005006525974734
1005007254748205
1005006594249048
4000059122660
1005007018371605
1005006552769440
1005004781818610
1005007231998636
1005006216350044
1005006380303575
1005004299269033
1005005102498833
1005003003116930
4000229744658
1005004246742034
32935122452
1005007015077261
1005005954895538
1005005777202499
1005005363483261
1005007273800748
1005006706478984
32868722268
1005006140507110
1005006000492637
1005007428307074
1005007329003147
1005007288892321
1005006755529109
1005004612224448
1005006961098764
1005006991882119
1005007354551296
1005006851481309
1005006815033784
1005007407457364
1005006912751574
1005006721329943
1005004890709336
1005006834537229
1005006949029338
1005006354871431
1005006462396663
1005006825151022
1005006342682093
1005006622224916
1005006126507256
1005007010127162
1005007347761258
1005007446087122
1005007306905229
1005003773557349
1005006855750686
1005006237315146
1005001604317498
1005005888146901