1005002928391941
32857865862
1005004788092275
1005004931997103
1005006318515020
1005007288391828
1005005193618587
1005007095012582
1005004688449108
1005007443039607
1005006654396025
1005007025286753
1005006504440984
1005005172501733
1005006680611577
1005006742245775
1005006050661674
1005007224474688
1005006681485240
1005007421176489
1005007165013085
1005006534388570
1005007438289042
1005006565440487
1005006568353779
1005007225311944
1005006634771449
1005007421343017
1005006244962946
1005007293724649
1005006010850908
1005005193661581
1005006075824624
1005006136133156
1005007400791776
1005007401209181
1005007334056597
1005006325233848
1005005819474851
1005007293514850
1005006049704333
1005003489967409
1005007154973347
1005006224044989
1005006023565628
1005006837618619
1005006606478398
1005004016430145
1005005051352245
1005007086089861
1005006508280195
1005006051653136
1005007220350896
1005005763163497
1005006526384564
1005007184361691
1005006214874638
1005006529107253
1005006877203569
1005006074904962
1005005475879405
1005006762732875
1005005551241720
32959018351
1005006733130098
1005007149506626
1005006810774230
1005007218335527
1005006363446326
1005007088423236
1005007046512010
1005007078802276
1005006558219398
1005006918739699
1005004245006299
1005006783775380
1005007097646002
1005006861216306
1005007447067169
1005007451509285
1005007453130023
1005007447064216
1005001627888443
1005005548103792
1005007446908451
1005007447098323
1005007446846726
1005007446954448
1005007452830611
1005007452991284
1005006008511907
1005006810635777
1005007447190135
1005006579572210
1005006107738273
4000266533832
1005006796230517
1005006445696853
1005006697694996
1005005575191887
1005007030581681
1005006149776070
1005007016179738
1005007176898898
1005006727441292
1005006342023622
1005007016669986
1005007447116238
1005005681405886
1005006997689183
1005006132642521
1005006914525821
1005007279843164
1005006848862425
4001143420826
1005007225803573
1005007162941963
1005007442991731
1005007316744069
1005006449243303
1005007348764934
1005007384052259
1005007148808066
1005007447021459
1005007383073323
1005007053246852
1005007176109289
1005006621352372
1005006615465644
1005004937852207
1005006532357217
1005006235869696
1005007008484118
1005005257821653
1005007382471845
1005007061149280
1005006881736871
1005007393088149
1005006407930042
1005006383240266
1005006614562978
1005006387429245
1005007158528536
1005007213317874
1005007046269810
1005007446676982
1005007446095348
1005006595100445
1005006856028354
1005006162776833
1005006332325428
1005007293065282
1005007259234141
1005007340852508
1005006859305679
1005007267714222
1005006327627154
1005006319202586
1005004590121548
1005006803537373
1005007058256514
1005002907056244
4000046905442
1005005869122600
1005001621820035
1005005780100167
1005005938240536
1005007131691518
1005006809809683
1005007200968488
1005007291517943
1005007135979195
1005007067658962
1005006331296547
1005005847150240
1005006331343453
1005007203956680
1005006430418651
1005007483855097
1005007484142683
1005007483834107
1005007483619822
1005007484416038
1005007484171608
1005007483615823
1005007484200529
1005006187839864
1005006850549745
1005007245581814
1005006329862166
1005006788561247
1005004504374385
1005006139505960
1005007161454084
1005006884282817
1005007483788485
1005007483814189
1005007483752601
1005007483571723
1005007484152584
1005007484072804
1005005535115084
1005006609172211
1005006931696979
1005006946531186
1005005234604562
1005006650163760
1005005677868534
1005004635963480
1005005708837089
1005003022016971
1005006965504172
1005006718774728
1005003304873025
1005007024444614
1005006158603317
1005006914602975
1005006012783634
1005006918503500
1005006310976227
1005007309875835
1005007272687793
1005007387194038
1005007003258990
1005006953109841
1005006778072227
1005005880273972
1005005494188751
1005005961770091
1005006838794362
1005006344322973
1005006908754736
1005007002971132
1005005321547825
1005006861271532
1005007252172562
1005003529078859
1005005910177856
1005006136163515
1005007174843267
4001291050339
1005006520380704
1005007115634446
1005002961496328
1005005817301524
1005006729734559
1005006033556334
1005005823230699
1005006212651543
1005007186866418
1005007203908577
1005006297064878
1005004417305564
1005004578843821
4000726490388
1005006243064262
1005003898103249
1005005857346164
1005006693579577
1005006406971187
1005005471469349
1005006075350069
1005006005482796
1005002503414529
1005002382295580
1005006979091342
1005005928942373
1005005637532073
1005007052949915
4000124271250
1005006663652331
1005005822949712
1005007046093142
1005003152494043
1005006760532012
1005004084409780
1005005129134767
1005005888372046
1005006351953836
1005006802846924
1005005070942478
1005004584175273
1005005058330151
1005006620197307
1005002394762267
1005005909795955
1005005813806039
1005005413572315
1005005730738798
1005006443861898
4000431291643
1005006282104257
1005005772397766
1005006726513646
32869093896
1005005651886929
1005006476768515
1005002322274823
1005005970164576
1005006497873705
1005007317313822
1005005617178719
1005006591871361
1005005671820235
4000041496998
1005007065486352
1005007082415876
1005004265086106
1005007329179093
1005006458578787
1005006235521468
1005007136134093
1005006792567396
1005005992796249
1005005912589165
1005006012618333
1005007050951609
1005005677564286
1005006610496880
1005005776661329
1005006608777876
1005005263189048
1005005997532890
32785517820
1005006807113427
1005005617183114
1005007153981971
32885332405
1005005938637518
1005006863545508
1005006998078988
1005006156627528
4000026918555
1005004880389530
1005006522964982
1005006745843092
1005005742270075
1005007021296854
1005006826659819
1005004177486243
1005005906941691
1005006128343933
1005006639098798
1005006313686423
1005006261259884
4000748432485
1005006233288896
1005006294589886
1005006719297173
1005004478259434
1005005985351422
1005007102073882
1005007360169650
1005007329039753
1005006424779869
1005006864747583
1005004991823655
1005006821234025
1005006306635028
1005006114100680
1005005872274672
1005006220991705
1005006940056302
1005003428896362
1005005878161363
1005006186813479
1005006728899365
33042787664
1005006362388307
1005006336981121
1005006413990519
1005005515403435
1005004048904920
1005005187716070
1005007161942520
1005003176592024
32932456640
1005006973165532
1005006140546807
1005006341450439
1005005429550101
1005007308876290
1005006366998083
1005006302028008
1005007309603276
1005006791257176
1005005088810480
1005001880927464
1005006259778315
1005005617209256
1005006853813054
1005007169944194
1005005863629010
1005001475436872
1005006855964636
32989781524
1005007130171152
1005004338284667
1005006148158677
1005007448246539
1005007442415658
1005007438036006
1005003213042252
1005007294925152
1005006966988362
1005007067435465
1005006515375325
1005006679161596
1005007045740288
1005003160299578
1005007444927558
1005004787065471
1005004782440894
1005007448579571
1005007442402566
1005004452197773
1005007282795865
1005006927795670
1005006471541289
1005006773801499
1005005028916785
1005007139854976
1005006952969961
1005006624242097
1005007137413336
1005007355283904
1005002002147257
1005002305763031
1005006996003233
1005007455559070
1005005268385466
1005005948280800
4000955415319
1005005020703723
1005006792536579
1005005936988719
1005007355328582
33035124356
1005006671256886
1005006909942970
32759503453
1005006426981775
1005007253217186
1005006987629935
1005004564792926
32957563230
1005006994583702
1005006996200011
1005005852530723
1005006402816097
1005007061745331
1005005777833807
1005004667072389
1005006888583049
1005005127653511
1005006690277550
1005006265095413
1000001636844
1005006623643934
1005006995633918
1005006996107093
1005006153864933
1005004411207175
1005006405953164
1005006624158241
1005007209974705
1005004817439297
1005003778945388
1005007103242436
1000001639748
1005007194332559
4001088455532
1005007193095358
1005006754190642
1005005802576076
1005006281969910
1005007124533467
1005006072287650
1005006935674125
1005005860194137
1005006319481093
1005006191063068
1005006828301776
1005005758545479
1005004817428378
1005005919733144
1005004358490295
1005007488671752
1005006116504633
1005007465030381
1005007454772350
1005007471447094
1005005811696795
1005005811765772
1005007456226938
1005007453146994
1005007452398330
1005007453318716
1005006188161702
1005007452228709