1005005604606406
1005003681934982
1005003427281960
1005007020829455
1005004862379543
1005003608373226
1005005810422724
1005007021106343
1005005877602313
1005006608947233
1005003735127433
1005007014380633
1005007220047694
10000003194978
1005002382766029
1005006210694533
1005007450120792
1005004720493963
1005005160112665
1005007325066945
1005004551185986
1005004715202422
1005007097127083
1005003735296135
1005006369251119
1005007051550300
1005006809694074
1005006912506163
1005003111901108
1005005868441661
1005007228951367
4000155338566
1005007004137479
1005007011709017
32814681969
1005003072450764
1005004316435318
1005003071516571
1005003751306158
1005006012352015
4001238936466
4001190868347
1005005226817291
33013023996
1005004903294091
32806193285
1005005852626978
1005005932438901
1005006759952969
1005002342593752
1005006028538849
1005007162722380
1005002475513695
1005006114118061
1005006576383528
1005005382467198
1005005675011436
1005006918771296
1005004857877650
1005007329543288
1005007014855745
1005006280430582
1005006694980847
1005006325839965
1005007174579231
1005007150247512
1005007333254984
1005007136488506
1005006821704882
1005003932363149
1005002394306453
1005004135553699
1005006926299077
1005006344377122
1005006478211750
1005006437761203
1005006130176987
1005006603658542
1005007191850399
1005007124720805
1005006356194348
1005004843793173
1005006990120642
1005001741933808
1005006905724772
1005006641346171
1005004934726359
1005005598444485
1005006356052049
1005003659008954
1005005225782227
32959397071
1005006947113715
1005005703821614
1005005892503673
1005004337600267
1005004126935735
1005005981960497
1005005585331989
1005006075232499
1005003036709766
1005003792315423
1005006078687221
1005007187936241
1005006398058860
1005003292602868
1005007102960405
4000666579566
1005006334172936
32891404894
1005003630391636
1005004095280757
1005003093248701
1005002537911938
1005006727722285
1005005134315390
1005005291272707
1005005688518203
1005006815819525
1005005361467788
1005007059926409
1005005143323747
1005007036837038
4000761394358
1005007104405916
1005005965496321
1005006884255497
1005006845677527
1005005838194942
1005007252908977
1005006176318912
1005006788074297
1005004717581497
1005007132745946
1005007123811266
1005006969509848
1005007046662255
1005006972939909
1005006438663706
1005007046429681
1005004272322309
1005007448772128
1005006330158222
1005006269943427
1005005879156980
1005006422018930
1005006650178093
1005006190073059
1005002829541012
1005005981381897
1005007258049812
1005003340202819
1005007268493583
1005005868306618
1005004717727540
1005007339351954
1005007434480884
1005005939605524
1005005980824998
1005004076403971
1005004777470631
1005007176674470
1005007238407021
1005007251891745
1005004744856380
1005006944724980
1005007292086407
1005005868282816
1005006392710750
1005006443067074
1005004717713704
33008362343
4001099002794
1005002861469020
4001345517681
1005006359477773
1005006423554722
1005006508712529
1005004195653490
1005002125722000
1005007022608568
1005006107848638
1005006938002679
1005006865356359
1005001442872490
1005006849759303
1005005721559646
1005007489034679
1005007476449370
1005007286264828
1005007488279029
1005007471220229
1005007451457017
1005005809285390
1005006463335935
1005006285226555
1005007222088156
1005007072911472
1005003329991878
1005006521124413
1005004860356718
1005003247147836
4000636733833
1005001860450738
1005006074371630
1005004514447385
1005006797868478
1005007453313701
1005006907867837
1005007339680398
1005006841671998
1005006606295084
1005005881361567
1005006495686903
1005006626367927
1005006279316651
1005006988846892
1005007443776959
1005005664241850
1005007442076926
1005005967019839
1005007387473528
1005007444067506
1005006629628120
1005006948271492
1005007437668382
1005007444410716
1005006788060749
1005006479351670
1005007220847008
1005005550366715
1005007087194613
1005007031835802
1005005922274381
1005005404757533
1005004167904092
1005006939307294
1005007487623576
1005007482512720
1005005907818276
1005006057686718
1005005906908549
1005006607369426
1005006601143469
1005007470662778
1005006725602168
1005006859640997
1005005494599070
1005004171909208
1005004659845912
1005006834370159
1005006832943684
1005005277404657
1005006784730681
1005006601422046
1005006600968110
1005006607538263
1005006608975868
1005006601439026
1005005557330418
1005006606207157
1005006609278691
1005006605994157
1005006601627145
1005006601551243
1005006831190896
1005007022372202
1005007418439205
1005007306291366
1005007394775352
1005006414118082
1005007291509014
1005007470574875
1005006948273298
1005007288596888
1005004854452711
1005006578017755
1005006539254411
1005006164682173
1005003022464829
1005005333193345
1005004139861318
1005004464244562
1005007204558976
1005006645438645
1005005316311356
1005006568854226
1005006780024816
1005005940172451
1005007053891803
1005007475663658
1005007474517154
1005007475812482
1005007476040010
1005007458563979
1005006816587703
1005006597476291
1005007324700447
1005006672499248
1005006573242101
1005001593573877
1005006840908733
1005006839242709
1005006831640849
1005006800941563
1005006426048491
1005005614749581
4001260212983
1005003654480429
1005005543738069
4001003201176
1005002006948898
1005006306851190
1005005610707668
1005007225785976
1005004749267055
1005003298817253
1005003654756007
1005005901256611
1005007488176116
1005007488125160
1005007484062911
1005007205967398
1005007465687148
1005007338595734
1005007338109058
1005007434146866
1005007158283549
1005001934541500
1005007357264387
1005007342825611
1005006143000426
1005007387375221
1005007396170736
1005007409710268
33013521336
1005007243593400
1005007342787563
32255765829
4001174156665
1005006389881980
1005007005477621
1575697317
1005005388803831
32963122687
4001226267428
1005005516160690
1005006156132008
1005001813881210
1005001684920924
1005005920738353
1861047454
1005003970058557
1005007357429474
1005007413462088
1005007304782503
1005005065254302
1005001473636352
1005007431160299
1005007192049410
1005006641805678
1005007184962825
1005007018495064
1005005171093132
1005006865119557
1005007485601268
1005007485521310
1005007485230956
1005007472197740
4000255122809
1005005999184852
1005007267789701
1005007425406660
1005007345986688
1005007445138145
1005006190023105
1005007259904460
1005006530732136
1005007306414599
1005007200684274
1005007375345833
1005007341428489
1005007460592692
1005006981320622
1005007375333785
1005007284891337
1005007462634811
1005007378098072
1005007267474441
1005006129750048
1005007369487588
1005007446143432
1005007204574754
4000981760287
1005006889689104
1005006115506893
1005006763139338
1005006950110750
1005006458439180
1005007284060255
1005006834157612
1005004247083371
1005002360359635
1005003696332973
1005006786922536
1005005203861839
1005006826095356
1005007302023082
1005004913406628
1005007275084328
1005003821919181
1005006382987294
1005006259866264
1005007055642224
1005007253337072
1005007427215854
1005005994192989
1005005938398465
1005005982344223
1005004792733863
1005005710790444
1005005903719512
1005006198762555
1005005840049026
1005004716399844
1005006244379352
1005007326977367
1005007393993988
1005007104248239
1005007314733921
1005007445243271
1005005764206753
1005007363688524
1005007310712576
1005006356256853
1005007411950622
1005007244883799
1005007348566654
1005006852491430
1005007253489014
1005007269701256
1005005047043848
1005005835618804
1005003979622888
1005003605205144
1005005560681643
1005004397953395
32828344073
4000860064066
1005007435174727
4000796987466
1005006427250328
1005006908697182
1005007291196409
1005006330507270
1005007317306277
1005005675003372
1005004794493430
1005006245625694
1005006281784334
1005006981411230
1005006853562900
1005007291089663
1005007291078649
1005006988074128
1005006298105105
1005006621852938
1005001693562180
1005006775437838
1005006214504247
1005006298123008
1005007180747734
1005007094218656
32888356267
1005006021157124
1005007377110682
1005005755237825
1005006987398314
1005006099832215
1005003136252640
1005006385725419
1005007377767166
1005003370734025
2010388121
1005006589155104
1005005820879638
1005006170746957
1005007100123764
1005007183440751
1005007221051906
1005005863966686
1005007103027626
1005006938706690
1005005859837053
32975803338
1005007487703648
1005006889099958
1005007267854002
1005006889337226
1005006293704228