1005007413107872
1005006992371137
1005006154273150
1005007262150712
1005004870650989
1005004178775265
1005003411370753
1005004767657449
1005006760385287
1005002845205337
1005006275531531
1005006383533402
1005007051829054
1005006441907026
1005006686110105
1005006998526589
1005007385463229
1005006430513282
1005002716507319
1005005992485711
1005002847332793
1005003595312480
1005004549782156
1005004020112104
1005005995468745
1005003303948657
1005003319127879
1005007443686504
1005003561039219
1005002716217319
1005003306143957
1005005995332702
1005005996623161
1005005996515720
1005003166564172
1005005998882582
1005005997091333
1005006013783622
1005005996574788
1005006013774641
1005005988467850
1005003279307002
1005005996040846
1005002552434100
1005003303671604
1005003306301804
1005003262050661
1005003256179927
1005003254604252
1005003264431017
1005005997081442
1005003182280540
1005005996629006
1005003182737483
1005007425192522
1005006649888721
1005007260746747
1005006988738946
1005006925317379
1005003771305709
1005004636172778
1005006911031991
1005006927252262
1005007394451417
1005006772259350
1005001826486259
1005005501914282
1005006814187820
1005006867552108
1005007112393451
1005006768574540
1005006877399230
1005006390909389
4000549202340
1005007132630824
1005003683835047
1005004743530204
1005006363483709
1005005686998826
1005007432645742
1005005898616825
1005006194910731
1005006189609934
1005007452626316
1005006906724568
1005007403238104
1005007399517280
1005007301236928
1005005883807709
1005007210917174
1005007268222384
1005007465445631
1005007374334874
1005005776100413
1005007387467620
1005004519849048
1005007262617132
1005007402867188
1005004857667306
1005006856531714
1005007199142479
1005007351110908
1005006817439077
1005007204270337
1005005666800686
1005006727775554
1005006927015614
1005004695344832
1005005115862393
1005003951676439
1005006635943391
1005007403099569
1005007414386983
1005006834502684
1005004717235283
1005006288865906
1005002293266727
1005004930541213
1005004448483708
1005003146038836
1005004434317102
32972477983
1005003907066946
1005004123137145
1005007195505613
1005002747609848
1005007218934710
1005003445725998
1005004225325750
1005005637348014
1005006579627762
1005006047016703
1005001890902124
1005005396894183
1005007488404142
1005007488062945
1005007488036998
1005007488095845
1005007488383137
1005007488029977
1005007455675947
1005007470662802
1005007488086820
1005007484075703
1005007485141297
1005007485625791
1005007485749727
1005007474718395
1005007485906048
1005007477272353
1005007478005166
1005007484081995
1005007421919211
1005007468587476
1005007461187659
1005007451642662
1005007465830266
1005007455769542
1005007455286370
1005007451488990
1005007376374539
1005007436008481
1005006603896156
1005007465695120
1005007465843161
1005007471711659
1005007459728316
1005007447112706
1005007465949053
1005007453748659
1005007451289671
1005007455538797
1005007451150947
1005007451967023
1005007451539815
1005007465610508
1005007465911130
1005007478535445
1005007454029082
1005007422476495
1005007471523796
1005007349973724
1005007451278224
1005007474902421
1005007468619713
1005007475165580
1005007467446426
1005007474892202
1005007476067014
1005007243983288
1005007478622554
1005007471226863
1005007459731088
1005007423118576
1005007426095332
1005007443918013
1005007378512079
1005007251507565
1005007451304255
1005007453606575
1005007453614658
1005007453871062
1005007451228386
1005007451101794
1005007451327085
1005007451970911
1005007451557356
1005007447115379
1005007436417523
1005007336593898
1005006641142284
1005007376260786
1005007291335111
1005007176673186
1005006827917379
1005007227257939
1005002591849340
1005004566570713
1005002730212864
1005002488120570
4000269470078
1005002950895876
1005005840881009
1005003037947390
1005003014437116
1005007447425027
1005007447192230
1005005670674060
1005007434978041
1005007136778108
1005007431823752
1005007392271343
1005007398843358
1005004294381942
1005007454473877
1005004408955585
33014368340
33051785851
1005006624958530
1005007447319155
1005007424244586
1005007175321791
1005007440878869
1005007340154059
1005004968043875
4000069048856
1005007203659150
1005007408697236
1005007387590078
1005007435996333
1005007032068894
1005007436304572
1005007218402200
1005007431129983
1005005669969040
1005007459129552
1005007176313032
1005007459671610
1005007447370154
1005007442247341
1005007414138883
1005007441133367
1005007437701483
1005007452079783
1005006725195188
1005006913194864
33032131718
1005006568823712
1005005006035543
1005004775231350
1005007081287275
1005005820191777
1005006749972080
1005003680748497
1005007451393607
1005007340042153
1005007354070774
1005004756183348
1005006780334574
1005005653990900
1005006903995978
1005004242330153
1005006370962647
1005006702435748
1005006476035178
1005005089051028
1005007422337321
1005005834144988
1005004389853518
1005003492704207
1005007475962078
1005003961449434
1005006755127420
1005005605036274
1005007475595656
1005006051543753
1005005886697800
1005007018490201
1005005576469976
1005007289276912
1005007136791645
1005006473880441
1005007481569632
1005007144022991
1005005802416446
4000772532784
1005007143137298
1005007075737338
1005007189343591
1005007286172555
1005006752427086
1005005445335955
1005007290240675
1005007386826362
1005007001700161
1005004744716403
1005006409216442
4000445048625
1005005356678516
1005006457072319
1005005079471256
1005006528794106
1005006918046924
1005007101280788
1005007327920274
1005007370827166
1005007464907562
1005007203456540
1005007426174468
1005007344862774
1005007471193011
1005007365725659
1005007106903915
1005006746209370
1005007444815812
1005007456502293
1005007445248860
1005007346828314
1005006975571371
1005007266105359
1005006955346205
1005007370525931
1005007082339522
1005007379131797
1005007408621853
1005007426474102
1005006962382254
1005007393733576
1005007435301191
1005007436377001
1005007305290907
1005007346736759
1005007445020307
1005005601467696
1005007330093867
1005007359259562
1005007051393434
1005006962277300
1005007456708957
1005007261326400
1005007331571445
1005007445361584
1005006911264891
1005006967111336
1005007334376660
1005006803936145
1005007456727996
1005007278347867
1005007389770890
1005005703854690
1005006956498895
1005007398210340
1005007437467950
1005007409331332
1005007301983762
1005007189012821
1005007142337702
1005007347543560
1005006476885958
1005007058964184
1005007216950697
1005006797820978
1005005445157025
1005007090899057
1005007392828798
1005006754997318
1005006764437575
1005006949770107
1005007386377042
1005007433673692
1005007425479965
1005007372891085
1005007343047780
1005007187776367
1005006863796603
1005007289123114
1005006655758914
1005006031416411
1005007241181380
1005007253324976
1005006600383104
1005006452657089
1005007375427671
1005007382193202
1005007341611095
1005007226189163
1005006891310092
1005007464671741
1005007371469947
1005007010582157
1005005900953122
1005007253654667
1005006224528225
1005007328273210
1005007447632495
1005007079431345
1005005969696115
1005006877722750
1005006898826452
1005007405872151
1005007346416748
1005006537547675
1005006898965015
1005007274532238
1005005946860448
1005007433669873
1005006981293127
1005007448388002
1005006948122918
1005007272818005
1005007333264791
1005005271035699
1005007368765679
1005006358869873
1005005636918256
1005006332285355
1005007340053524
1005006812445091
1005007393679217
1005007387439789
1005007204318238
1005007438023849
1005007089899157
1005007010932643
1005007446057041
1005007097792404
1005007145070954
1005006883656164
1005006990813672
1005006116227896
1005006806987419
1005007445912182
1005007274031775
1005006892599285
1005007402542794
1005006911635762
1005006788742210
1005006993125936
1005006962298400
1005006809692518
1005004702796242
1005005862173636
1005006584409206
1005007179528339
1005007411701711
1005005592466187
1005006924773952
1005007486245060
1005006902433501
1005003967856067
1005007486246026
1005004498405387
1005007486099466
1005007486076500
1005007104099742
1005007209634098
1005007147267469
1005007182726437
1005006603736605
1005005815625469
33052616631
1005007223845745
1005007428058250
1005006994279111
1005005621310655
1005006903501216
1005007205606151
1005007182472584
1005006993138902
1005007390202379
1005006273562165
1005007334866386
1005005910213042
1005007349509655
1005007268550112
1005007015419717
1005007352774053
1005007025130082
1005007303694833
1005006895437986