4001163540005
1005003468109399
1005006953401283
1005002333646213
1005006718802126
1005005180631814
1005007294179691
1005006386140528
1005001762982459
1005007142067852
1005007095648455
1005006098659241
1005005947745221
1005004290564045
1005005761493075
1005005377718496
1005005984087982
1005003564851111
1005006943672160
4000974819456
1005002773300332
1005007062978928
1005004177826189
1005004464549130
1005006832327664
1005007325528271
1005006985153926
1005004369779279
4000558585177
1005004767337027
4000615311005
4000773534801
1005006664986204
1005006588467542
1005007075750211
32974044135
33059188472
1005006368122933
1005005681900176
1005006664477175
1005006624532859
1005005977898764
1005006165843794
1005003522154516
1005007040686409
1005006166898419
4000124908374
1005007295922921
1005005745357753
1005004323036365
1005006956042977
1005003303188622
1005006096123429
1005006177407732
4000528384237
4000558741411
1005006573734536
1005004438694969
4000644411361
32945125884
1005007130830688
1005006477865902
1005005989854756
1005002658075858
1005007372629647
1005002782877248
1005007201411875
1005004711662416
1005006991812867
1005005952776228
1005007016715424
4000535017773
1005007091702304
1005004351140657
1005004392928723
32843153237
1005006412382813
1005001987789908
1005004946846658
32887639750
1005005236490826
1005006490226628
4000627834976
1005007086120640
32994782205
32984152757
1005006109795690
1005007177331950
1005004649999990
1005005892590859
1005003788114936
33037663089
32955821322
1005006944032861
1005007445207782
1005005747908968
1005006447989423
1005005985157725
1005003245503015
32909115958
1005002710196767
1005002538251958
1005006540693263
1005007113429723
4000412760551
1005005810388335
1005003264430617
1005006187398685
1005004572171022
1005006739733690
4000124766444
1005006097202331
1005006211613324
1005006943478549
1005003777884303
1005006097282965
1005006210803493
1005002715661728
1005004667758972
1005005642351167
1005003728704219
1005004000024840
4000522705777
1005001581381728
1005005985315868
1005004351428886
1005003778491349
4000926943131
1005007060026347
1005007444935451
1005004380636100
1005007059785530
1005004032622624
1005005675956055
1005007450168159
1005005141920852
1005007476297231
1005007324043598
1005007189657683
1005006663922154
1005007106483837
1005006236706875
1005005923459243
1005003668502208
1005002038015672
1005006753743788
1005007453263342
1005005341879066
1005004895230002
1005004276874262
1005006103661052
1005006865396173
1005006537106765
1005006907574113
1005005799780658
1005002803892472
1005006972875666
1005007294092641
1005005815552063
4000904447253
1005005949412988
1005006865376135
1005002073414114
1005006357985809
1005006173967187
1005007139093208
1005007020899951
1005006865977644
1005005464707746
1005003096782840
1005004899209306
1005007280159742
1005006914084697
1005007040323642
1005007393695934
1005006356865000
1005006953816610
1005006070541965
1005006106086307
1005007421348314
1005005377726452
1005005489467147
1005007301284146
1005004772066505
1005005805945530
1005005859593043
1005006625286088
1005007368014832
1005005677718138
1005007187698943
1005003746234552
1005006690436893
1005005772272192
1005006461645915
1005006244030322
1005002276993756
1005003304350631
1005005953045181
1005006238694330
1005004734964375
1005007209318156
1005006989401685
1005005131244447
1005002056998747
1005006038856889
1005006609495799
4000926974381
1005004606422048
1005004913738485
1005004285028995
1005006974403421
1005004674533776
1005005880444497
1005006099240640
1005006488652115
1005005692318042
1005006755650489
1005006240318514
1005007262366223
1005005093925334
1005007063006794
1005005388629250
1005006734359918
1005007322747840
4000904361940
1005004858992520
1005007016854184
1005005315206828
1005005680231768
1005006075578958
1005007213672009
1005007254296280
1005005849876720
1005005808734305
1005007257048833
1005003194120207
1005007111650736
1005003867047410
1005001741810243
1005005839347856
1005005741850942
1005006071794972
1005004721282298
1005007404530480
1005003457474259
1005001857093910
1005006869955026
1005005724605860
1005002561422652
32889674291
1005005424706577
1005006544646254
1005007205316873
4000124244485
1005006187490579
1005007217426774
1005006872681529
1005006953840587
1005006141032775
1005006968386438
1005006573603645
1005006101005036
1005005547451019
1005005712766809
1005006953287576
1005003682316056
1005006536629935
1005003543188783
1005006221318983
1005006348166987
1005007059475761
1005006854799251
1005007476644713
1005007476443675
1005007476653440
1005007473554118
1005007473276601
1005007473195789
1005003765731213
1005002353624474
1005006930712987
1005007464739876
1005007465103189
1005006365810625
1005007458437147
1005003835948713
1005006160598964
1005005850317904
1005006180874792
1005007439498872
1005004728518825
1005007068822896
1005005291052678
1005007393987269
4000699685656
1005007197900692
1005007322340627
1005007327710663
1005007205654034
1005006398971755
1005006336592303
1005007270817133
1005007091642980
1005005855552925
1005007213028802
1005007342166011
1005006932639954
1005007212311300
1005006918397712
1005007328456839
1005007330061538
1005002431636149
1005005557711790
1005006743990069
1005006507443617
1005006544515350
1005007314678338
1005007253286123
1005007311649404
1005006396696347
1005007119251426
1005007274069431
4000308434249
1005007325500470
1005007274130201
1005007273557252
1005007271635654
1005007253989296
1005007244004796
1005004685272212
1005003192810625
1005005557899076
1005005510871648
1005006789199259
1005006755295992
1005007171244109
32917053803
1005001320735570
32922906709
1005006868965616
1005007084659319
1005006972816082
1005007063508026
1005006291851086
1005002473344134
1005003765767085
1005007016864159
1005006997742419
1005006181338220
4000647034819
1005006890302927
1005002073873328
1005006418170517
1005006843793203
1005001321022794
1005003599989639
1005001753474727
1005006693673950
1005004734982145
1005005887530090
1005004787353237
1005005970529465
32995639548
1005002042356291
1005003520775619
33047899342
1005006626441465
1005003746588977
1005001646002104
1005004512877545
1005007377463873
1005006372154665
1005003255209368
1005001567197687
1005006544815052
1005006039685719
1005007144636199
1005006075972105
1005002080234938
1005004859106025
1005007296224216
1005007444200779
1005006119704414
1005006995549313
1005006892186286
1005007244167253
1005006809060849
1005006888408336
1005006825498689
1005005501614742
1005006825153991
1005006917788307
1005007295134916
1005007212490341
1005006786235985
1005006847983894
1005006933036025
1005006108481168
1005007110675974
1005006850623979
1005007139551442
1005006964391579
1005006809643446
1005006988272406
1005005025840692
1005006931967991
1005007255515823
1005007429814819
1005006871585554
1005007321807840
1005007206217492
1005007040497745
1005007244326436
1005007325524191
1005007122014385
1005007024602241
1005006224560075
1005007213386488
1005006533699797
1005003192808802
1005007199747404
1005007178062294
1005004200815002
1005007127030483
1005006889084069
1005006936691910
1005007109666832
4000624394244
1005006997531504
1005006548935971
1005006836633943
1005007428229273
1005006753772080
1005006399248807
1005007143889384
1005006457446163
1005006302339678
1005006935433202
1005006853942277
1005004083702948
1005006351178879
1005006629802362
1005006320811321
1005003996669885
1005006244643419
1005006781443250
1005005663918948
1005005730032269
1005006234529992
1005007408894459
1005007178249852
1005007074150126
1005007355316141
1005006212849070
1005002803235266
1005006290709323
33010172967
1005001349115548
1005002090838136
32832778250
1005004860250494
1005003078333788
1005006735552451
2004858393
1005003093871721
1005003891029609
1005005986532394
1005007203347435
1005003172596695
1005006314931194
1005006396592007
1005006895898686
1005006564651164
1005006321349489
4001014479253
1005006046074791
1005005824018284
1005001994214792
1005006094279262
1005006818112306
1005006771138336
1005003209358957
1005005392800071
1005006041589235
1005005499813921
1005005821350210
33056340463
1005005448890842
1005003701640045
1005002992054519
1005006824531436
1005005242251712
1005007345569192
1005006229630174
32916535194
1005001765786715
1005006120646038
1005006826975324
761199243
1005007084010022