4000437908442
1005007167569104
1005003399492403
1005007259895218
1005007355941542
1005007010089185
1005007013953238
1005006600402671
1005006637660510
1005007350398123
1005007316860440
1005005965955702
1005006303874712
1005006725046591
1005006359546498
1005003512166319
1005006079839598
1005007123170481
1005005425140885
1005004463777285
1005005449346589
1005006732788218
1005007450404846
1005007043843300
1005006895620802
1005007433615728
1005007182189759
1005003066985095
1005004142018293
1005007070439030
1005007009923814
4000106417724
1005007321057306
32968423076
1005002378196691
1005005666047790
1005006693193537
1005005416656892
1005007308379903
1005007317168424
1005006085961086
1005007000623697
1005006792635404
1005006513511090
1005005262385220
1005005494942612
1005005382581330
4001178858751
1005006964559903
1005007073298172
32963370578
1005006918776496
1005007385591068
1005007403239654
1005007215025331
1005006015051182
1005006102826088
1005007385166299
1005007075156294
4001168934284
1005006545996023
1005005513942035
1005007393451981
1005005891519258
1005006028670112
1005006212933076
1005006020669299
1005007457002413
1005006745126560
1005005422225521
1005005510983383
1005006791933193
4000859856575
32377601471
1005005916750256
1005006739114469
1005005231697464
1005002759980928
1005005261775545
1005006762135801
1005004472952208
1005007195923211
1005005559957487
1005006119706747
1005007062961131
1005006612832406
1005004757060428
1005002475013841
1005002695295621
1005007457463153
1005002680075854
1005007453559067
1005007005473379
1005002889529271
1005007413636782
1005006454543553
1005006842116806
1005002256308305
1005006350946966
1005007424149195
1005004257060211
1005006497324489
1005004841703765
1005007289050982
1005003327385765
1005003590838709
1005007436523136
1005006299355344
1005006626954022
1005005815382458
1005007337763669
1005006955122881
1005007149294383
1005004452475825
1005007111355667
32679244207
1005006693207688
1005006839493564
1005005412669181
1005004804566739
1005006471474816
1005004197919937
1005003656813053
1005005989966754
1005006031121214
1005004025028796
1005003416547539
1005006492160828
1005005089699137
1005002940778155
1005003993375264
1005006426442974
1005006625302347
32720518947
1005004399050028
1005005246619757
32665898407
1005007100862665
1005006480551992
1005005775419344
1005005545234952
1005005445034849
1005004123280235
1005002715364237
1005001973818666
1005003687091511
1005006728609430
33033789354
32849621558
1005006859303470
1005002680991386
4000984447454
1005006282823593
1005006015776146
1005006811305888
1005006129150717
1005004987204551
1005006548922313
1005007203150703
1005005987132963
1005006922987906
1005006408158829
1005003414305574
4001052624592
1005007244587100
1005006437662746
1005007168800485
1005002077343658
32890320676
1005007264350490
1005004683375189
1005001309100301
1005006165638044
1005007308481335
1005004809166066
1005007071595200
1005006884847786
1005007100231716
1005006495986500
1005007290252515
1005003019096673
1005006849651043
32849298640
1005006949622787
4000222584623
1005006031009314
32920702070
1005004623286027
1005001431771581
1005006460846341
1005007403495013
1005006697621897
1005003497004986
1005005478297518
1005007455206722
1005006284485684
1005005462025916
1005006585376318
1005006941030233
1005005801769532
4001007739138
1005003315968255
1005006045649359
1005006092760169
1005006965504984
1005004806044168
1005004319262157
1005006610944552
1005005941526248
1005007009964790
1005006869764487
1005006959557464
1005007053775392
1005005097434217
1005005311051477
1005003187038633
1005002965619689
1005006394969442
1005001812148425
1005006813941309
1005005859927999
1005006007813816
1005006965790722
1005006846953096
1005005180661379
1005002461724501
1005006160063946
1005007089605378
1005002982227256
1005007076103800
1005003697628217
1005005290176772
1005006357289540
1005006845765507
1005007413743299
1005007248309991
1005005810275432
1005006723791046
1005006766289585
1005005470046626
1005006511938472
1005003344212266
1005007361992223
1005005419748092
1005004848410404
1005006774517328
1005005575339305
1005006907871577
1005007334597497
1005005648453563
1005003102897440
1005003454474733
4000075769635
1005005631361188
1005006475985565
1005005773956372
1005007308510229
1005005972714016
1005003334903454
4001137841309
1005005490476619
1005006290495888
1005006185355256
1005007436151780
1005006505770453
1005003186063825
1005004045206113
1005006930848684
1005007422655117
1005004685177971
1005007394834632
1005004900961045
1005005094497731
1005007065291773
1005006046695795
1005006835324419
1005006846059359
1005004311169177
1005006832708729
1005007261265309
1005005789919070
1005004090128774
1005005933738126
1005006859014179
1005003215902533
1005006049359327
1005006906923496
1005002805325573
1005005958949395
1005006172109419
1005006755742905
1005007391436650
1005007315739216
1005002264382457
1005002322466636
1005007052604320
1005007086086207
1005006510588857
4000796206293
1005005547821897
1005007033263252
1005007007857569
1005005823602993
1005006665714363
1005006294244136
1005004405511087
1005005468752818
1005006699561222
1005006284989467
1005005729370500
4000912553443
1005005882158118
1005007008753134
1005002265668824
1005005278800586
1005006837582396
1005007203433738
1005004515110055
1005005142463684
1005006916113698
1005006283583125
1005006989920956
1005007407688066
1005006160359311
32898696480
1005007303736654
1005005818095967
1005006809391399
4001052535842
1005006544635411
1005005311998836
1005006824923145
1005005500228291
1005006469436213
1005006339780223
1005006095129431
1005004612103461
1005001605784325
1005006233754125
1005006726396656
1005006094897174
1005006467097106
1005006728902104
1005005150597545
1005006863412200
1005005866113390
1005006000434839
1005006279254063
1005006703711622
1005004658236083
1005003467461961
1005006232391174
1005006157747996
1005005257098114
1005004550178695
1005005388711842
1005005705365848
4000834101724
32838693022
1005002345656430
1005002895219394
1005004820453043
1005005612420119
1005004916796418
1005004391232066
1005004773013233
1005004722705563
1005007314576536
1005006607451191
1005005912121257
1005006229791317
1005005610079696
1005007431180404
1005003331028783
1005007040913732
32852175486
1005004025290266
1005006972672744
1005006007261657
1005006795347234
1005006129653611
1005001658087578
1005007315341853
1005006165979881
1005001711172473
1005003448101806
4000539884296
1005007018413291
1005007096871162
1005003385455411
1005006764536889
1005005943483297
1005006321097655
1005007446430026
1005003195624588
4000244370072
1005006448128680
1005007280517929
1005004387694936
1005005016626064
1005004694498445
4001158599978
1005005497149068
1005006586037092
1005007108896537
1005007335554439
1005006367188182
1005006894371731
1005006509538755
1005006895490559
1005005779577508
4001086860636
1005005114124348
1005007087493741
1005004950659070
1005006212784173
1005006060448755
4001283671172
1005007238271417
1005006282911079
1005006633050326
1005005177319655
1005004358867501
1005006156740052
1005004275255502
1005005866486794
1005004751281618
1005003043751675
1005004648383099
1005005124686361
1005006362819769
1005007441939174
33008893343
1005005992182505
1005001867935884
1005006077938868
1005006157793610
33037908829
1005005032535779
1005005696912609
1005007048765356
1005004390491727
1005006779591391
4000912653109
33038823419
1005006975649590
1005002140116793
33048483547
1005002242883622
32960616495
1005004018706589
1005004683311034
1005004654404793
1005001883845031
1005006078083064
1005006156400889
1005005541537419
1005006476929118
1005005740052556
1005002950600061
1005005017114079
1005004334984828
1005005725222564
1005006963110053
1005006479958312
1005005943446541
1005005047490902
1005005969454207
32945805554
1005006726366906
1005005150606356
1005005882327162
1005005344752981
1005004552136801
1005006961573341
1005003311903241
1005006841819903
1005002133684232
1005006780802159
1005005818242565
1005006233424344
1005006095236080
4001110863406
1005006917806850
1005006908826581
1005006078093056
32871703347
32957699751
1005007402536024
32978526296
1005001907543650
1005007472800304
4001320467712
1005003092302739
1005004980600157
1005004639060161
1005004084070539
1005006328022461
32987084519
1005001871187232