1005007451889505
1005007447822944
1005007463666600
1005002759173563
1005006891396181
1005007453306682
1005006534006659
1005007185429893
1005006956176797
1005007038171807
1005007390857967
1005006812116582
1005007185185859
1005007185534358
1005007185511919
1005007200131856
1005007295762813
1005006641604519
1005006354600816
1005007174119160
1005006765205413
1005007456876567
1005007419310936
1005006829599043
1005006608583533
1005007185444432
1005006904613416
1005007375582732
1005007119983570
1005007333114420
1005007234988626
1005007185515815
1005006918792537
1005007186010071
1005006838337719
1005006390065788
1005007153252664
1005004387762266
1005005616361106
1005005632448500
3
1005007162959231
1005001679849694
1005004166824551
1005005830894759
4000483304805
1005006462623500
1005006890343998
1005006428726287
1005007001756716
1005004304504493
1005006876899133
1005003349685622
1005006320543583
1005006327603339
1005006108795042
32841820448
1005006472388912
1005007215803804
1005007367856138
1005007196351613
1005006980774597
1005007383968446
1005006004613884
1005006369853155
1005007186739354
1005007256744186
4528983
1005005382013102
1005006764143747
1005005799927259
1005007328981465
1005005495313976
1005006955929595
1005007183017837
1005005823758774
1005007217551916
1005006862984378
1005006110844838
1005003368296725
1005007215957589
1005002467014572
1005006294530706
1005006854037831
1005006806601367
1005006955646090
1005003846853526
1005007348208625
1005005600280631
1005007202046182
1005007010139150
1005003401575066
1005005886941678
1005006081137520
1005006057651608
1005006310931002
1005006893729633
1005006969017887
1005007243597027
1005004709865290
1005005486254733
1005006794256088
1005007331268097
1005006464082827
1005007285026242
1005006727120923
1005005968289616
1005006047719274
1005006860320899
1005005964982023
1005005821216994
1005007309205380
1005006646236948
1005006199658767
1005005785346022
1005006041706691
1005006300524511
1005006281237505
1005006901899650
1005007259947929
1005007309027105
1005005511551311
1005007184515170
1005005799019545
1005005000581432
1005005149592091
1005005777590900
1005006793168156
1005002126362981
1005007269610976
1005007342486310
1005003368287222
1005006975712409
1005006941622941
1005006635069945
1005006891335234
1005006990114957
1005007417912676
1005005658162796
1005007209739930
1005006893518308
1005006865295349
1005005303325067
1005007363399215
1005005980565438
1005007356439354
1005006357267966
1005006357641249
1005007109177226
1005006946316767
1005007354582756
1005005721756386
1005006844957401
1005007090018143
1005007431143652
1005007040022481
1005005858994599
1005006924893240
1005007172459956
1005005895336577
1005007162030580
1005007048828427
1005006127218918
1005007005298222
1005007174425047
1005006585612191
1005006818590655
1005006110141001
1005003648387355
1005007070671604
1005006568970830
1005007421319448
1005006483974140
1005005525700331
1005003253256676
1005007333236996
1005002826817983
1005007005576104
1005005850341655
1005007045996253
1005007162435091
1005005511411584
1005005395703055
1005007117567937
1005006064858378
1005006799857012
1005007343114683
1005005972852278
1005006348228819
1005004914258008
1005006998480130
1005006994708395
1005005666446325
1005005617706998
1005006883203773
1005007347507919
1005007211233445
1005007423329007
1005007273996719
1005004523239549
1005005098985595
1005005625424120
1005007296445790
1005006833200209
1005005843693523
1005005820130300
1005007257769150
1005007022566891
1005006443612752
1005005992713515
1005005605175882
1005005554563507
1005006006422681
1005006514049779
1005007010164109
1005006005906604
1005005260208278
1005006036493632
1005005625190846
1005007025604188
1005005780315246
1005007354354700
1005006995861546
1005006583638136
1005006660163047
1005005949959996
1005007203420142
1005006348090094
1005006902137349
1005006188629106
1005007376967826
1005004682617658
1005006686127401
1005007435985452
1005007132562981
1005007007713225
1005007032629373
1005005461831037
1005004119408201
1005007143681526
1005006996410464
1005006701618647
1005007005439058
1005006633255686
1005007094201324
1005007004956664
1005005954730786
1005005800096170
1005007117563025
1005005697685787
1005006846006794
1005007382862830
1005007474889688
1005007481640105
1005007474787921
1005007438457361
1005007474860852
1005007481261658
1005007438617030
1005007457554385
1005007457580339
1005007438370485
1005007426418702
1005007481579719
1005007480851815
1005007213645633
1005007405060108
1005007289385064
1005007479386729
1005007313144828
8977426
1005003507072093
32459929647
1005006727836451
1005007306406873
1005007392367743
05007153317558
08292134
1005007131032106
1005007301075240
1005001720952862
1005006763253794
1005007449526772
1005006954579373
1005007333963612
1005007036339027
1005007129516686
1005007162453057
1005007416257257
1005007302623488
1005007244088897
1005006673295520
1005006891310041
1005006176731872
1005005666104452
1005007299249853
1005007182215482
1005006731708779
1005007453342055
1005005952137692
1005007425645251
33001158264
1005006065698219
1005006555240634
1005006787341508
1005006432097238
1005007447786032
1005006176824278
1005006683192881
1005006867415826
1005006713742684
1005006706371969
1005007162863007
1005007447039277
1005006757731721
1005006593568918
1005007221289416
1005006909218602
1005004406154802
1005006887333198
1005004276694230
1005005720183429
1005007386198027
1005006777977474
1005006073986456
1005006824548385
1005007031343644
1005006390543859
1005007174206327
1005007327044721
1005006807148536
1005006873145525
1005007426046427
1005005445722745
1005006452701175
1005007353529937
1005005961887425
1005006411192147
1005007345173238
1005006813159678
1005007436665260
1005005935078853
1005006782884072
1005006436531356
1005005735927042
1005007138083849
1005005893085057
1005006957620737
1005006638846340
1005007383436784
1005006859581365
1005006321882176
1005006942873259
1005007387776244
1005004519197597
1005006358848945
1005006412274937
1005006613393560
1005004870813607
1005003575078341
1005007381993828
1005003491314524
1005007067818332
1005007441805866
1005004707076308
1005007264481488
1005007045778302
1005007386059757
1005006840837068
1005007267991159
1005006354717211
1005006432287061
1005006947401365
1005006468933839
1005005835032233
1005005611916270
1005006208718481
1005006610275609
1005006504198344
1005006069463721
1005007040357108
1005005443260150
1005005848650909
1005007390244441
4000771409705
1005006671880599
1005003026654739
1005007265266866
1005005417128303
1005005901564747
1005005021759282
1005004303732987
1005006004062615
1005004217875199
1005006977102676
1005004080939393
1005006104366162
1005005959225938
1005006341513427
1005005787085211
1005005166160394
1005007264015320
4000514898123
1005007311516571
1005006094857633
1005007032773228
1005007363594509
4001166442734
1005006887977857
1005006416480618
1005007407855347
1005006961348760
1005006000267280
1005006960987908
1005005710692435
1005005887654014
1005006956240599
1005007166772101
1005005548125782
1005006453800860
1005007067434403
1005007450911978
1005007370670206
1005006445164754
1005007344635519
1005007381295209
1005002327744114
1005005748240167
1005001525041053
1005004897335341
1005004881467038
1005007014484470
1005007009823405
1005006963982653
1005005853083563
1005006059354529
1005007240357516
1005006270416920
1005006849791623
1005006284654529
1005007278745974
1005005919799592
1005006597833475
1005005886701847
1005007204176851
1005003961293441
1005007064510637
1005006800572180
1005006324126790
1005006439059509
1005007177165644
1005007351682621
1005006960682312
1005005128469620
1005001873358599
1005006389041926
1005006282570705
1005006228887465
1005007261405795
1005007392139299
1005006371686243
1005007034511072
1005007184317131
1005005171233857
1005004610629657
1005006355560152
1005006124446369
1005004262759255
1005007144575347
1005007067794196
1005007144031414
1005004293413341
1005007036603451
1005006738754839
1005007090559554
1005006381970991
1005006371722707
1005006273425844
1005005482395487
1005006149463854
1005006246820527
1005007173988526
1005004347895656
1005006461880762
1005005631601436
1005001907267176
1005006292484336
1005006545131631
1005007431385777
1005007095169948
1005005610588395
1005006749751379
1005007311518165
1005006019144701
1005006049722272
1005007345757831
1005007280200392
1005005575497511
1005005805584227
1005007209968370