1005005769954748
1005007095822617
1005006134356173
1005006597433593
4000440152659
1005006471155641
1005003570603399
1005006037830168
1005004704747287
1005006317882174
1005001424993653
1005004954671667
1005002770096479
1005007462283322
1005006039182421
33029802746
1005003489813724
1005001511999667
4000576760595
4000149402418
1005001572661266
1005006736230339
1005005345771461
1005004816713513
1005007295740155
1005006312117667
1005006189634076
1005007250605818
1005005131785111
1005006638975485
1005004561357894
1005006920403488
1005006783052347
1005001553234012
1005006217210747
1005007212518521
1005004393483612
1005006840681948
1005006839139976
1005006465853436
1005006011480288
1005006105827090
1005007245030971
1005005616234565
1005007292782905
1005007402498662
1005006148293079
1005002346824526
1005006370215053
4000112018781
4000688982018
1005003674379270
1005007294192157
1005006961101024
1005007052683563
1005006483753264
1005006842266050
1005006861125073
1005006172288216
1005002963351956
1005006926540960
1005006380633439
1005005696989082
1005006902956543
1005002765755569
1005006317736529
1005006060270506
1005007347579002
1005006092437174
1005006588936857
1005005517734609
1005007148272749
1005004724304036
1005006039094955
1005005968561471
1005006769959616
1005006367513767
1005006325806318
1005006589222989
1005007205310424
1005006067021275
1005002306329987
32915522725
1005004813963931
1005004839760731
1005007475403514
100501005004508646219
1005006255044819
1005007457261401
1005007449080509
1005007450284135
1005007450071506
1005007444536059
1005007242281822
1005007370451936
1005007314585150
1005007314390908
1005007048627448
1005007100398204
1005002238950828
1005007419041028
1005007336956101
1005006145572860
1005007382977214
1005007336005114
1005004600985907
1005007379329105
1005007146290762
1005007096840537
1005007098987184
1005007250590647
1005006904181118
1005007340289039
1005005195700897
1005006820403169
1005007349091100
1005006208228408
1005007209915694
1005006348284904
1005006420013450
1005007035872765
1005005807970734
1005007177902137
1005005210130498
1005006860419460
1005007279810489
1005006721425767
1005006226913396
1005007035231323
1005006300097411
1005007081481478
1005005928405584
1005005976722675
1005007400589718
1005007404330068
1005007104373282
4000044201752
1005007224816914
1005004840283073
1005006923300829
1005006338851706
1005002582734276
1005007082486536
1005007373989092
1005004503514640
1005002985972080
1005006805076984
1005006997543055
1005006385942632
1005005605464715
1005006803450128
1005006919018732
1005003049716116
1005007345508919
1005006386783361
1005007394225228
1005002345021472
1005006023230889
32992990895
1005006176779900
1005005391495791
1005006719762281
1005002789188148
1005006552772163
1005005553784731
1005006719684363
1005005167202894
1005005226705764
1005006552432461
4000128118272
1005006552432459
1005005553904505
1005006140665911
1005005042187056
1005006690963382
1005005971548368
1005007472367018
1005007454895491
1005007086606159
1005007058684331
1005005909125303
1005006890876285
1005006484239664
1005006833221354
1005006724713207
32964465211
1005005472612379
1005006698172241
1005006042310286
1005006619950542
1005002304726178
1005006302064500
1005006612869354
1005007144865767
1005004320320020
1005006148856614
1005006458012013
1005004193955390
1005005899884113
1005005496222727
1005006475640120
1005006211760149
1005006211635048
1005005743690667
1005002509234820
1005005709786645
1005007146512095
1005003113323200
1005004531938160
1005001987128158
1005004973280948
1005005501286696
1005004973413361
1005004959359731
1005002959850196
1005006473573010
1005002960194414
1005006144560701
1005005965377885
1005005709910537
1005007130373473
1005007367674844
1005007359395764
1005006495003337
32845827426
1005005930715071
1005005297724404
1005007438094437
1005006890286702
1005005510435145
1005005446265212
32787909895
1005006201767843
1005006733190211
1005005973289234
1005005923816966
1005004527023865
1005003594566666
1005005631964715
1005006067759282
1005006060442842
1005007402564815
1005007198799542
1005005431337839
1005007457120367
1005004642634258
1005007343238166
1005006137599630
1005007342992889
1005007351619104
1005005614791257
1005004167009102
1005005676179331
1005007291150064
1005005906983068
1005006239373127
1005006828731235
1005001880206802
1005002586329790
1005005252970353
1005006367791856
1005006059184724
1005004038495719
1005006791287405
1005004376953279
32647754322
1005007274757794
1005005948602087
1005006937655838
1005006274270706
32957789665
1005005058271651
1005007293744089
1005003980928549
1005003171276314
1005006422413779
1005006565796373
1005007032531047
1005005385289683
1005006774623166
1005005255509162
1005007027623615
1005003835341990
1005006761609560
4001090073425
1005005848529922
1005005525050289
1005005810789480
1005005461506663
1005003392493493
1005005981315624
1005004351328759
1005006786877591
32922223504
1005005981344934
1005006666385310
1005002060018520
1005006856581642
1005003737123599
1005006794384977
1005002843344562
1005006754962822
1005004215451222
1005006548183170
1005006938363652
1005007001690225
1005007195963702
1005005574114799
4000329717431
1005006755424177
1005006157244111
1005005999591971
1005006495403957
1005006884719466
1005006446621947
1005005683527627
1005006494347245
1005005089253173
1005007022581479
1005005158284490
1005007177476159
1005007030866472
1005007046935487
1005005721370137
1005006420181734
1005007064906351
1005005935934526
1005007125011698
1005007124251172
1005003667492085
1005004295568043
1005006519243329
1005003692215246
1005003324261743
1005006279968984
1005003727336777
1005006773244143
1005002718037666
1005007125825047
1005006423482788
1005007131722843
1005005443301306
1005006818603669
1005006329830281
1005006854754031
1005006046784520
1005006271288619
32851016637
1005006804090029
1005005383559614
1005006584516602
1005004909195762
32844118752
1005002383125810
1005005904156921
1005005989460288
1005004886622420
1005007341779313
32881715715
1005007145145393
1005005941103892
1005006839911677
1005006837458175
1005006002636572
1005006102995634
1005006892653699
1005006293811882
1005007180466024
1005005859380797
1005005342932196
1005005342893129
1005005342847287
1005006768685937
1005007072454581
1005004459883210
1005007125386563
1005006814451547
1005006901878986
1005002904043300
1005005481995584
1005006965454293
1005006303462621
1005006937679529
1005006402525953
1005007389045582
1005007337734942
1005006366798198
1005006414894225
1005005908925679
1005006981966130
1005007053169861
1005001900843801
1005005905245509
1005007179904320
1005007458988128
1005006029562089
1005005640107850
1005006988898696
1005007167653025
1005003727568443
1005007421245537
1005006217613572
1005007438434536
1005007224595295
1005004873586300
1005007190042280
1005006584763489
1005006151235909
1005005924301942
1005006255679346
1005007162060812
1005005997064641
1005004100194437
1005005649985034
1005006937632266
1005007104662205
1005006973635643
1005006244364911
1005007009348369
1005006366421081
1005004576960055
1005006518594845
1005006764813308
1005007306696730
1005007071338168
1005006670666403
1005007239841273
1005007301572676
1005006269631646
1005006916300148
1005004502270526
1005006200570191
1005004997762705
1005006262962837
1005005894241596
1005007334354630
1005006467794307
1005005867157748
1005005513835922
32994497368
1005006290622169
1005007018386262
1005004446771479
1005005570939128
1005006505308500
1005007406580769
1005006762518147
1005005456353559
4000516185762
1005006426865178
1005006809157895
1005007372713525
1005005397492598
1005005353701915
1005007402749731
1005006169962186
1005002196621025
1005005929360069
1005005824536889
1005006809203803
1005006809420220
1005006801822753
32775132709
4001220595126
1005006809125981
1005007315666807
1005006219768897
1005007406592734
1005006213183617
1005007081699869
1005007263833012
1005006607553636
1005007252895935
1005005275353969
1005006668001693
1005007346382615
1005007438191299
1005007459951171
1005004927599208
1005007126267318
1005006308416820
1005006702313222
1005007302802485
1005007464498095
1005006681011462
1005002564955086
1005006697628502
1005006989126595
1005006010570418
1005007060921135
1005006744959055
1005007354715395
1005006825926677
1005003512515556
1005004960305420
1005007136583714
1005006353654129
1005002221066749
4001109107192
1005004963509451