1005007309969479
1005005598427093
1005006868805590
1005006107984554
1005007230057448
1005006793499777
1005006165398000
1005007258314180
1005006989429863
1005006027965800
1005007466270207
1005005826036854
1005006363498856
1005006370896941
1005006538545916
1005006129655369
1005006569606841
32879153608
1005007327440656
1005006512078776
1005005965681939
1005006898498966
1005005159856788
1005005959914349
1005003612169124
1005006521333642
1005007011213786
1005006277919644
1005003430474027
1005005969621489
1005002256283715
1005006690364140
1005006339257672
1005006277781575
1005007477343507
1005005160091490
1005006911683133
1005003426367046
1005003428799820
1005003427898712
32995074302
32993928544
1005002293848567
4001290509138
1005002293870568
1005002293968082
1005006277589956
1005003144993694
1005003611973252
1005007051886421
1005005965796188
1005002293818797
1005004226987268
1005007052106151
1005005965763414
1005007052095160
1005007051936356
1005006760283694
1005007153406663
1005007094866863
1005007187971097
1005006728875185
1005007136553819
1005002306214536
1005005134484950
1005006277617639
1005003069825902
4000436882602
1005006854554174
1005006679244249
1005006617917776
1005007443291358
1005006895892716
1005007003172556
1005002525338719
1005006318454103
1005006833682574
4001131761237
1005007404119185
1005007387481475
1005007403962431
1005005613921623
1005006765610969
1005005643549087
1005003034184319
1005007296918244
1005007272390667
1005005653935736
1005006507065460
1005005083053740
1005006934946553
1005005858612659
1005001830670042
1005007113692232
1005006932173105
1005007032706103
1005007089967541
1005007185428062
1005005991161571
1005005849068729
1005007314954946
1005007408926262
1005003128850168
1005007125343973
1005005412233049
1005005760726019
1005006954206995
1005007008041530
1005004383460789
1005006942789702
4000121132818
1005002545680171
1005007104736063
1005007409420689
1005006824664327
1005006331802607
1005003216648592
1005001459001438
1005007337210579
1005002490190298
4000035054590
1005006318459051
1005007291614368
1005005402159350
1005005562081325
33032760665
1005004759237430
1005006155538446
1005001341125182
1005005731255697
1005006605534599
1005007187950462
1005006078038936
1005004877629936
1005001518518380
1005006940158067
1005005860981320
32856067740
1005007420531034
1005007372794570
1005005102530770
1005006867293460
1005004568204303
1005006202209582
1005007452181195
1005001630736102
1005006828025814
1005003108342853
1005007416933935
1005007116046320
1005006072412700
1005005362586807
1005004685042344
1005002782980917
1005006940028633
4000174339276
1005006167811093
1005005816069343
1005007346500413
1005007380371267
1005007468862760
1005002160368911
1005005956364603
1005006829688225
1005006539179992
1005004942598828
1005006049270220
1005007031332527
1005007370532462
1005006224906878
1005004773621553
1005006195200466
1005002616345560
1005005153011889
1005005480823746
1005006285999423
1005004780153178
1005005702637103
4000597502950
1005006286603112
1005005815646386
4000928542569
1005006947534854
1005007247063550
1005002572702535
1005005493448901
1005006070800327
1005006834358032
1005006362063515
1005002313091265
1005006277918735
1005006008371801
1005004723377994
1005005580424690
1005007353708049
1005006728693962
1005005750533187
1005007021712494
1005004070095649
1005005615636890
1005002079169841
1005007062527555
1005005935215070
1005006695619565
1005007003146388
1005007273919386
1005006998223595
1005007302822076
1005007310064611
1005007213156018
1005005747972744
1005004246474569
1005006288280942
1005004634329042
1005006984261265
1005006831527596
1005006732082614
1005007324668128
1005004406640848
1005004854802225
1005006440011102
1005007033792104
1005002928159162
1005006890585718
1005007150454160
1005005901384430
1005006009103595
1005007048416252
1005007452594908
1005005580485523
1005006779795094
1005006825889730
1005006862166043
1005007397855767
4001205000982
1005004392055873
1005006996370501
1005005982621828
1005006865860760
1005005651513961
1005006294534452
1005006094010790
1005007011693338
1005005417094099
32972892417
1005007050941960
1005006481988228
1005005842404665
1005006901193500
1005004650334611
1005004617663940
1005006195483142
1005005590892298
1005003420069361
1005006682725628
1005004543686084
1005007275413421
1005004707651928
1005007262599108
1005003478197847
1005003605898963
1005002313728661
1005007450360564
1005004993040899
1005001339824500
1005007393765331
1005007408170008
1005006626720456
1005007470186825
1005006178214669
1005004316111234
1005003395293318
1005006854353168
1005007071729356
1005005676926209
4000035264164
1005007186532961
4000314286138
1005004552113835
1005007011862876
1005006846872402
1005004287194862
1005006839109004
1005005599726317
1005006691348667
1005006821413622
1005003354556371
1005003173378967
1005006181236257
1005006224879248
1005006984315278
1005005202307929
1005006947304552
1005006548855352
1005006753100359
1005007218311567
1005007327557341
1005006718930931
1005001991901076
1005005418550780
4000805476641
1005006410848686
1005004794421228
1005004711110787
1005006284819502
1005007372294378
1005007401842828
1005004431221656
1005007232737655
1005006996344716
4000441734448
1005005921069325
1005007003812686
1005004698039324
1005005872059234
1005006910971712
1005006221379903
1005007043872808
1005006836791865
1005003887490856
1005007348099237
1005003979514196
1005006697794313
1005007298030329
1005007267699873
1005006324738933
1005004749062527
1005005499257587
1005007456150541
1005006033783379
1005007008310449
1005005501544075
1005004421126608
32982634464
1005007161964169
1005002916825841
1005004351800395
1005007162165002
1005007081226572
4001274460697
1005004170737798
1005006858766718
1005002616110564
1005005486721951
1005005486777628
1005004734673451
1005006748556539
1005006860272754
1005005585601375
1005007225516446
1005006623452458
1005006499580107
1005006710679009
1005005939590991
1005003524291058
1005005491961566
1005006489703618
1005006116040210
1005004274649772
4000978737706
32984163037
1005005585253664
1005006518109121
1005002793533629
1005006744652560
1005006878189927
1005006286822612
1005006469019098
1005002653286998
1005004261820010
1005004469137082
32858778170
1005001929798147
1005006604115147
1005007240705876
1005001307708855
1005005827692070
1005005562573208
1005005337650281
1005006813382038
1005007298264815
1005007335666850
1005005166020811
1005006972123929
1005006750656190
1005006762016063
1005006654656838
1005007008567568
1005007225419354
1005007225497219
1005007225071920
1005007225548450
1005007225109843
1005007216928631
1005007300605715
1005006324770756
1005002920935665
1005006358795960
1005005338810474
1005002739787504
1005007384292764
1005007021380911
1005007328708244
1005007300331452
1005007008295654
1005007161942364
1005007216456616
1005006777249711
1005005501429736
1005005575942197
1005006834348574
1005005585662177
1005005501546016
1005002115294604
1005007474727764
1005007485730954
1005007480720777
1005007485950774
1005002203933249
1005006485281260
1005003796718832
1005007474793964
1005003491130379
1005005486762750
1005004835795966
1005005090869175
1005007444193325
1005005338226550
1005005337462323
1005007235455131
1005007448624201
1005005337516400
1005005337599437
1005005425747461
1005004421171599
1005007181255334
1005007335501114
1005007181138682
1005007008098975
1005007402105875
1005007161797563
1005006766683552
1005007216594472
1005007195028819
1005007161737733
1005003513667926
1005006007016412
1005007479926061
1005006165535016
1005006240370913
1005004711769701
1005006129576480
1005006045481661
1005006021077698
1005006211852003
1005006346718861
1005006628194512
1005006279185543
1005005426963690
1005004580089322
1005004500631654
1005004612365104
1005004886529542
1005004584583156
1005004548275466
1005005973917732
1005006346813461
1005005591561303
1005006080800195
1005004981437198
1005004947087763
1005006304587392
1005006163948764
1005006517618967
1005005903081737
1005006284579085
1005005997945991
1005004298087536
1005006875277391
1005005858906916
1005006046475176
1005005903177315
1005006895538361
1005005554093963
1005006895538370
1005006852905402
1005007084181229
1005006701850624
1005006563121353
1005007487863023
1005004323074560
1005003522536744
1005004163725414
1005006215835526
1005003708707850
32945543896
1005006890309577
1005006907238429
1005005760100236
1005006899798148