4000240809806
1005007278926611
1005007207658385
1005006390351271
1005004352618166
1005007210335631
1005007295143692
1005006379719795
1005002518488800
1005006447406577
1005007310636426
4000257802380
1005005227641121
1005004304526426
1005005941249766
1005007456977383
1005007022009025
1005007266791057
1005004294907683
1005003087205251
1005007410863652
1005007387024144
1005004811092694
1005005597521433
1005001345331446
1005007457112094
1005006996831741
1005007162834847
1005006172452205
1005007299663215
1005006727739253
1005005444728661
1005005279179559
1005005921121230
1005007442744839
1005007287560637
1005004149036093
1005003761675003
1005006344846205
1005006176378674
1005006117435981
1005005735978911
1005006005666041
1005007051240115
1005007451031956
1005006284683364
32901093552
1005005564735973
1005003256204717
1005005991908328
1005001344012684
1005006980257832
1005005237040085
1005006995363810
1005006766426268
1005004325469985
1005007387129503
1005004308482975
1005006076296090
1005007162152873
1005006370631683
1005004295886598
1005005966108429
1005007301686275
1005005889172356
1005006855477993
1005006618702109
1005005858929609
1005007209763649
1005006903308865
1005007280287932
1005005762674602
1005007151283421
1005006831105635
1005005849790587
32964444345
1005005924627156
1005006970623785
1005005338996910
1005004748196621
32951931803
1005006468538267
1005005840443060
1005006469657705
1005006891620867
1005007308116968
4000109701141
1005007062307847
1005005505390759
1005006976352766
1005006954189743
1005007161480351
1005002718901344
1005007231404531
1005007422767110
1005004300283425
1005006112851154
4001107085901
32955799144
1005005944473739
1005006335599823
1005005038718148
1005007049290523
1005007316506211
1005004884010964
1005006920801741
1005001870011124
1005002035617496
1005005540604219
1005005398949111
1005006740467637
1005007123186439
1005004658828332
1005005642768756
4001269545965
1005001952458047
1005005858476655
4001259701141
1005007470400612
1005006243122788
32844830165
1005006565645922
1005007203264663
1005006211038552
1005005542091612
4000287130997
1005007387386612
4001006723103
1005007007827594
1005005966194234
1005006915726492
32757033878
1005006496338684
1005007224101315
1005007164574509
1005007036530376
1005007456481995
1005007478112175
1005006911115112
1005004802707474
1005006537752218
1005007124282514
1005006582426240
1005007112205300
1005005335327411
1005003078467385
1005006945968380
1005006779409324
33031028100
1005006833875032
1005005196364805
1005004586898498
1005007063068730
1005005182410327
1005006345788360
1005004581812164
1005005043256664
1005006594533388
1005005859500091
1005006139756646
1005006578362457
1005007183260031
1005001349626089
1005005909735368
1005002622321979
4000039479445
1005006502680447
1005006224507096
4001027867723
1005006659208344
1005001458467413
1005002930654193
1005006094642109
1005006961113962
1005007438685097
1005007438018550
1005005250906865
1005006267406495
1005005651735904
1005002877836672
1005006286681804
1005007005222264
1005004477459502
1005006782816815
1005003107722507
1005007289887920
1005006946769952
1005006469266575
1005001949037421
1005006849409658
1005007455687655
1005007471051604
1005006990572535
1005007441261348
1005006880062043
1005006778043042
1005005504454176
32952871163
1005002421449511
1005007385090575
1005006212457327
1005004360034559
1005007409729274
1005006463944475
32610833775
1005005665577601
1005004996009633
1005006226295598
1005006779220801
1005007420771500
1005006661356201
1005007112590316
1005005680555021
1005002778843071
1005007164831127
1005005181763613
1005007433754422
1005005091114544
1005006247176803
1005006621328017
1005005758316583
1005005961799033
1005005824454055
1005007474291426
1005001993958108
1005004366511172
1005004369464674
1005003680569436
1005006744671140
1005006998012845
1005007096994517
1005005634656952
1005002468066227
1005007031130258
1005004798476053
1005006026671236
1005006500160975
1005007024360371
1005006982420401
1005006156657224
1005006592238808
1005006918924623
1005006966005181
1005005883018308
1005004090427315
1005002105094196
1005004088992315
1005005301606661
1005001891151666
1005001884923487
1005001976850926
1005006861329833
1005007008951988
1005007079061090
1005006714166439
1005006877846859
1005006989271003
1005006477988493
1005003491259740
1005004078335282
1005006401824124
1005007226010457
1005004314111464
1005003612208643
1005006253427488
1005007143541725
1005006858671411
1005004307237284
1005007167057113
1005006439890806
1005007188963802
32754145473
1005006777629447
1005005993106165
1005006308168791
1005005085466882
1005006962858939
1005006760128333
1005006897035125
1005007026776826
1005006491074015
1005007466443811
1005007466527599
1005007446737368
1005007367076898
1005007444916575
1005007389794608
1005007466469746
1005006761667757
1005007447383388
1005006777667691
1005005951938350
1005005339560936
1005006982777508
1005007096353944
1005005373177656
1005007483099470
1005007469155120
1005007468757803
1005007471909600
1005007466689288
1005007466691284
1005007466782115
1005007465482544
1005007466699283
1005007466681309
1005007465880723
1005007245584242
1005007389743721
1005007079083609
1005007389775708
1005007389881212
1005007367146459
1005007389836295
1005007389718868
1005007389837320
1005007342602670
1005006751401588
1005007424424817
1005006904647739
1005006929030859
1005006765170421
1005006850319384
1005006477754825
1005003510070550
1005006012454111
1005003312647980
1005006194634660
1005007095981945
1005006989222581
1005006991712924
1005005104578841
1005006897427965
1005007239443104
1005006382828643
1005004148747101
1005007183266867
1005006158034647
1005005944369872
1005006666721258
1005003427839622
1005005748429762
1005006047517492
1005006750920316
1005004355194665
1005003008885897
1005005433744392
1005006348029307
1005005017169789
1005005290630387
1005006580948493
1005004070272518
1005007245617063
1005007087805092
1005006973145088
1005006852003424
1005007178320617
1005007412030293
1005006417802903
1005007375514126
32945800152
1005006232740906
32798758839
32798758862
1005006412372904
1005005283193419
1005004215993090
4000913024720
1005003343135023
1005005363831213
1005003951528606
2053039237
33045618312
1005006020798916
1005007385007527
1005006653679799
1005006818714526
1005007442772400
1005006759536021
1005007444102128
1005007378802223
1005007180157367
1005007013425917
1005007180161735
1005007035568085
1005006044349164
1005006882943816
1005007301024170
1005007169813788
1005006994351924
1005006898494234
1005007339266770
1005007313529829
1005007301216273
1005007242819282
1005007242966951
1005007250507804
1005007196421480
1005007145070574
1005006501685159
1005006054382586
1005007400779307
1005006718614725
1005006750317299
1005007378648266
1005007180163640
1005006651383841
1005006698302400
1005006121797969
1005006953944869
1005006079532034
1005006750161325
1005006676478596
1005006717138894
1005006653932202
1005007242421607
1005007116303609
1005006994720023
1005007301237283
1005007128617588
1005007128373848
1005006877701065
1005006953845100
1005007400540955
1005007442821408
1005006950407697
1005006457779544
1005007215935765
1005007262474148
1005006806124028
1005006163807610
1005007215746140
1005007400305050
1005007123616503
1005007438747985
1005007216960631
1005007460018170
1005006671758115
1005007453861758
1005006443495592
1005006408937203
1005006493979620
1005006623291499
1005007009882259
1005006576623536
1005006948945907
1005007196164728
1005007129733178
1005007005439337
1005005696702788
1005007162187213
1005006809725564
1005007092950360
1005005499589159
1005005768270064
1005005273572418
1005006988672245
1005007364853173
1005006392092356
1005007077183289
1005007379137413
1005006027454801
1005007082792931
1005005118852613
1005004875657929
1005006002768816
32784303268
1005006031416962
1005006598684226
1005007016090027
1005007473669646
32936431688
1005006044785126
1005006431277230
1005007482241705
1005007431321761
1005007299348381
1005001621939268
1005002495791683
1005001632876268
1005006790020637
1005006306448361
1005005948202707
1005006263477412
1005005855193798
32668787730
1005006245151720
1005002099359076
1005004577199895
1005007029841393
32908978203
1005003001353099
33031005128
1005005099931537
32954155869
1005006861986090
32851689790
33051806785
32853315670
1005006943971364