1005006278668959
1005006982532176
1005007001009252
1005005743836297
1005007274785083
1005006353587082
1005007207469719
1005006134544320
1005005572140178
1005007089146196
1005007413127165
1005007110832197
1005006571374572
1005006382610944
1005006304966670
1005007235566326
1005007044730857
1005007014255806
1005007316814110
1005006651218634
1005007216641874
1005007032629333
1005006868526015
1005006069260647
1005006991160453
1005006853174819
1005006904889203
1005006468702997
1005006660340647
1005006642978773
1005006817432470
1005007310691948
1005006524059672
1005007171804693
1005007336675608
1005006114159787
1005006970322860
1005007205978638
1005007180793175
1005004570156995
1005006970445378
1005006197616507
1005007018675513
33007692462
1005002050058575
32947125937
1005007362625043
1005007124750809
1005006916627661
1005005470149476
1005006701178187
1005007219223565
1005005586112902
1005006049967506
1005006698559641
1005007001456361
1005006746051551
1005006882215875
1005005743134514
1005006643272086
1005006024008252
1005007409340425
1005003725647985
1005007432594283
1005006636539234
1005001421483499
1005007265153066
1005007411991786
1005007470091324
1005007086552005
1005007165303360
1005007435200643
1005007407713511
1005007128294025
1005007016200018
1005007267230631
1005007126411762
1005007434181766
1005006916044213
1005007412330238
1005006114262020
1005006976230831
1005007122366065
1005003385432922
1005006916288806
1005007205811857
1005005940334022
1005007276736835
1005006434349032
1005006652932895
1005002631781971
1005004728573403
1005007382048638
1005007089202354
1005007095035244
1005007038500113
1005007437833268
1005006172889599
1005005993983940
1005007220059172
4001307899873
1005007182642248
1005004501327932
1005006991120551
1005007169915139
1005006751806750
1005006889133512
1005006240439689
1005006869415158
1005007478397799
1005001975417475
1005007237179057
1005006913069730
1005006950046011
1005006122668020
1005007414454747
1005006050371310
1005007306505913
1005007311655043
1005006952957879
1005007405363443
1005007396776371
1005006970499325
1005007250656433
1005007018961861
1005007401024768
1005007055035894
1005007058553023
1005004644228932
1005001421491453
1005007010280344
32846677398
1005007295446145
32953571849
1005003500776865
1005007325194285
1005007476176070
1005007476112179
1005003086787943
1005007391687506
1005007021145121
1005007412090729
1005002863289565
1005006164765249
32647338166
1005006915477289
1005006720100971
1005006566016747
1005006067566400
4000346391261
1005005548260835
1005007421916487
1005005528536134
1005007419481704
1005006916268871
1005007392808329
1005004167603774
1005007384123488
1005004417434077
1005006832449940
1005007330895360
1005007293430668
1005006916233790
1005007459531667
1005006976703172
1005007160410818
1005007434597500
1005007189125662
1005005994092459
1005006663801801
1005007412109973
1005006343829940
1005007251666217
1005003479567389
1005006961169770
1005006080468746
1005007002273770
1005006789000758
1005007425765419
1005006883766899
1005006497157969
32956575255
1005006953630592
1005006497286536
1005007235149750
1005006915258548
1005004310005250
1005004670224784
1005006878521640
1005007143965991
1005007227889984
1005007153345076
1005006607043602
1005007348072467
1005007358516023
1005005431310753
1005006096907652
1005006166036981
1005006273569760
1005007336649964
1005006891708370
1005007458975837
1005006915406025
1005006140052379
1005007447287189
1005004739646559
32862319307
1005004336427486
1005006884203546
1005005828086796
1005007180019993
1005005427297148
1005007384095469
1005006992774676
1005007392926607
1005006991190351
1005006599105204
1005006656750838
1005007401198208
1005007453996132
1005007042014883
1005007294799262
1005007144560569
1005005886350223
1005006589114838
1005005382967383
32920981964
1005006794778379
1005007393680068
1005006497367232
1005007176299764
1005007293407668
1005006449329436
1005006870902534
32949398777
1005006162138106
1005005426193649
32917936386
1005006776645008
1005007016863297
1005007100063520
1005007135355243
1005007123747161
32845358777
1005006970613581
1005007239095962
1005007042204559
1005006342610221
1005007434673791
1005007381103038
1005006698826526
1005006067487952
1005007165353274
1005007392897552
1005007028889359
1005006388362073
1005007419221963
1005005940034184
1005006742718876
1005002833364395
1005007172044450
1005007048902100
1005006739344555
1005007088033366
1005007342852699
32921868866
1005001383252642
1005007453970197
1005006894248913
1005006599516686
1005004341791627
1005007167854917
1005001900583999
1005006825099841
1005006174586447
1005007407849550
1005007019220000
1005007096998542
1005007373508092
1005006655527434
1005006673104893
1005006792989058
1005007217975384
1005006742291030
32903468119
1005007012931688
1005007338057838
1005007383808953
1005007421898299
1005006991600928
1005007207502722
1005007427988768
1005007417158689
1005007291469418
1005007178854073
4000735615476
32909690553
1005001421500334
1005005663664692
1005006887839434
1005007076820626
1005007431331467
1005006273572793
1005007291435673
1005007109098543
1005007314432538
1005005968546761
1005007368457164
1005006845608401
1005005949942108
1005007015898401
1005005917485551
1005005929461459
1005007368952023
1005007412271404
4000930015370
1005006876739776
33004341402
1005006888677015
1005007250933563
1005006566204257
1005007105622039
1005007175374613
1005006283218297
1005007450985894
1005006884299995
1005006882728190
1005006497243710
1005007144876075
1005006273725046
1005005209791224
1005002930709682
1005006137365193
1005007029853362
1005007272070633
1005007405176022
1005007396522973
1005007116948943
1005007185602281
1005006854670616
1005006003174227
1005006600700469
1005006915909243
1005006463437469
1005007106086837
1005006970476378
1005006915896844
1005007095370471
1005004626862564
1005006134941209
1005005643763462
1005006198751185
1005007436029840
4001299061095
1005007196944011
1005005970164175
1005007030798779
1005006883794934
1005006991379679
4001122444490
32472527563
1005007296369475
1005007015872410
1005001421478775
1005006896839049
1005006091889169
1005006608784956
1005006598828514
1005007436047025
1005005887692486
1005001824665543
1005007205795892
1005007184191929
1005007432425339
1005007042865197
1005007459422738
1005007185453307
1005007294462582
1005006883996820
1005006609896337
1005004693073913
1005006079140774
1005007381877086
1005006749171008
1005007341951802
4000143470446
1005007414932069
1005006921759493
1005006599671457
1005007317717464
1005007477062601
1005004783332790
1005007185443121
4001297400088
1005006916271885
1005002927154341
1005005955113173
1005006049846891
1005006907597852
1005002504801268
4000163589535
1005006566481189
1005003201391071
1005006752391078
1005006917454070
1005007268304020
1005003027716765
1005006915946792
1005006915384094
1005006970251877
1005007428460205
1005006915317752
1005007456804090
1005007183133682
1005007406178605
1005007291398747
1005006990855716
1005006889302341
1005007452440252
1005007416036606
1005006165289192
1005006876897422
1005006962952121
1005007392452686
1005001469698794
1005007106806465
1005006845065359
1005005691050164
1005006752227783
1005007310851166
1005006164282984
1005006915258914
1005007402772347
1005007278717042
1005007167964328
1005007435958642
4000114918392
32866508104
1005007327988409
1005007421688786
1005006752181943
1005006593650643
1005006485653719
33003328097
1005007183476776
1005006948124852
1005005475622839
1005004481164173
1005006961325225
1005007392847210
1005006732595399
1005007459486853
1005007344292040
1005007413618379
1005007174559389
1005007184758976
1005007399763835
1005007076747769
1005007309594449
1005001421492541
1005006883968539
1005007105508656
1005006881247622
1005007342511374
1005006978038038
32887483343
1005007060559990
1005006902601964
1005007109156492
1005006905652042
1005003391129120
1005006752227172
1005007184247555
1005007186835896
1005002970986700
1005006463665392
1005007422201778
1005007029383364
1005007186463827
1005005376516262
1005006897228946
1005006897918907
1005005142695415
1005006889047995
1005007268222085
1005007216597171
1005004258785411
32922209238
1005006834122617
1005007235482136
1005007156879991
1005006451205050
1005007206055502
1005006884427735
1005001469993229
1005006198511022
1005003381146519
1005007310590844
1005007414646126
1005006992979105