1005007085316807
1005004446431144
1005006894530433
1005007242540973
1005007439944544
1005007177716751
1005007436105660
1005007217884197
1005004605254522
1005007300690805
1005007250851860
1005007404631148
1005007404534485
1005006637581544
1005007382064189
4001155095415
1005006988121393
1005006987947893
1005006754849847
1005004884896050
1005006948515978
1005006790351583
1005006420530151
1005007096237276
1005006938851021
1005007088404149
1005007075136006
1005006795492598
1005007184383096
1005002683016955
4000856604696
1005007016394405
1005006585127805
1005007011502665
1005006932381108
1005006480682016
1005006480627349
1005006532218222
1005005788389538
1005006034916910
1005006033899391
1005006861181519
1005003369770508
1005006865183590
1005006830098986
1005006832880202
1005006011315753
1005006110211466
1005006746035228
1005006124599064
1005005993387511
1005004464545946
1005004990767309
1005006688149077
1005006718614498
1005005633001623
1005003337711376
4000845283090
1005001793030951
32823595989
1005003452198740
1005004374928181
1005006047577894
1005005922447692
1005003356677684
1005005388212198
1005003891659259
1005006335692935
1005006578140837
1005006514786260
1005006311934253
1005007404749477
1005007217586694
1005007163950144
1005007288586495
1005004528768623
1005007149271908
1005007440704172
1005003673458347
1005006328372475
1005006429247403
1005007100258458
1005005176601179
1005006938812041
1005005811059579
1005007294198414
1005003361648779
1005004824897750
1005004542499619
1005006437987226
1005003571429719
1005005816515561
1005006058657575
1005006254440009
1005004988826765
1005006222995862
4000287513896
1005006733797509
1005006148357735
1005002541101248
1005005251012208
1005001804727134
1005005250835990
1005005105625813
1005006833814951
1005006322594238
1005005182740731
32919632710
1005006369098785
1005003309134232
1005004187973522
32749488324
1005005990608993
1005004374873831
1005006536929567
1005006110269794
1005004150107174
1005005946822749
1005004527085958
1005007396317736
1005004990769519
4001079851795
4000442460871
32705097975
1005003162053050
1005004993230776
1005006107207001
1005006884466439
1005007288496590
1005007310673788
1005007310832137
1005004966832103
1005006107161238
1005006107134367
1005007288696217
1005007217508185
1005007251016559
1005003673509357
1005007140591257
1005005213575330
1005007140549285
1005007138150621
1005007139606375
1005007139452672
1005007139238000
1005007140208839
1005007140128969
1005007140591273
1005002998106386
1005006647141019
1005007076357989
1005007076042002
1005003361384989
1005007394066012
1005004374926205
1005006058976473
1005006316266590
10000342547081
1005006316321277
1005001889957763
1005006316333185
1005001628528380
4000852184154
4000967463700
1005006790299624
1005007412900980
1005007325364029
1005007433283983
1005006873136574
1005007445747246
1005007235104255
1005007445294705
1005007447969508
1005007299500955
1005006569608406
1005007433467493
1005005139145794
1005007430007631
1005007488453680
1005007405351881
1005007085982429
1005007487386881
1005007485448691
1005006590662495
1005006590759353
1005007267766811
1005007387656502
1005006718835309
1005007089438555
1005007480996237
1005007476185437
1005007331830160
1005007405739287
1005007470655399
1005006752031387
1005007453189691
1005007392144225
1005006425466993
1005007450861936
1005007189664291
1005007451926168
1005007445743507
1005004900154610
1005007434416311
1005007434050853
1005007434468125
1005007413373601
1005007447595398
1005007267957240
1005007425529198
1005006501064793
1005007421120594
1005007432808128
1005007099877274
1005007027289241
1005007415424223
1005007390227370
1005007404812699
1005007404855854
1005007404964361
1005007405132251
1005007335208662
1005007355505860
1005007394459527
1005007347739171
1005007392060883
1005007315827664
1005007354360017
1005007368725324
1005006864437580
1005007325353049
1005006773876471
1005006802574021
1005006802142569
1005006773949169
1005007345580689
1005006920285992
1005007341599899
1005007343952417
1005007221455023
1005007232279320
1005007240868405
1005007221032798
1005007197617673
1005007198768968
1005007154432391
1005007163718789
1005007159156485
1005007139558103
1005007084354356
1005007210629861
1005007213988238
1005007178140539
1005006202301548
1005006526199262
1005006552126772
1005006315411803
1005006685563987
1005006870516863
1005005992692704
1005003457545225
1005006621884182
1005006554985790
1005005910074123
1005007453458138
1005007445751360
1005007446204640
1005007449525335
1005007428691128
1005007108605348
1005007283268930
1005007251866920
1005007307634133
1005007111343712
1005007451385998
1005006851856572
1005007245093167
1005006947340166
1005006647925395
1005007423686853
1005007389585366
1005007324135280
1005007183438315
1005007376788863
1005006047164271
1005007389606967
1005007361512501
1005006366686621
1005007307747439
1005007175378653
1005006809988631
1005004993978071
1005007199231438
1005006982546271
1005006109717314
1005006436144630
4000979366174
1005003496927931
1005006281762156
1005007470544536
1005007469768192
1005007387931589
1005006525924858
1005007429065630
1005007450549947
1005007447218134
1005007331825182
1005007423460073
1005005650697346
1005007435048582
1005007434527697
1005007432731385
1005007432849249
1005007321963583
1005007298486517
1005007252230054
1005007206599079
1005007130420185
1005007126696202
1005007055284547
1005007069364092
1005007054881554
1005007325036679
1005007043725129
1005006986133723
1005007011688213
1005006930133138
1005007010113822
1005006963619130
1005006752265904
1005007320126998
1005006603095388
1005006512261218
1005006318287903
1005006001940969
1005006829067132
1005007026416320
1005007432740451
1005007420437155
1005007395581621
1005007274932337
1005007360357914
1005007345780253
1005007110671494
1005007057153542
1005006947219955
1005006608721031
1005006093625532
1005007151502784
1005007185039597
1005007259372743
1005007196055318
1005007096823276
1005007050973493
1005006909544432
1005007283781995
1005007303702262
1005007275884593
1005007241160492
1005007307765975
1005007223739745
1005006611530098
1005007048609258
1005007187687580
1005006956755910
1005007324279381
1005007212254594
1005007119502609
1005006957191206
1005007003966457
1005007152298294
1005007153382207
1005006838322593
1005007301671008
1005007293677840
1005007199328977
1005006456249646
1005003156787671
1005005513720208
1005005260474473
1005007021846666
1005004505579211
1005006458808011
1005002027594709
1005001997696444
1005003670872486
1005005107775330
1005006739730316
1005006533329093
1005005588681776
1005003779753540
1005007445631714
1005006479532547
1005003319993450
1005007319864207
1005007293609742
1005007161632010
1005007047057441
1005006783114441
1005006305182839
1005007202211343
1005006636078799
1005005846744855
33024155820
1005003333450616
1005006356719521
1005007014376507
1005003907072627
1005004706067543
1005002876231600
1005007129565509
1005007112619258
1005007471260978
4000048266665
1005007215730976
1005006085059070
1005007202023817
1005006340471359
1005006170081566
1005006553745656
1005006693269442
1005006495114056
1005005551477955
32978159374
1005006169043889
1005003185469138
1005006799015631
1005006861063330
1005007199790877
1005004235576654
1005006424886706
1005005615830099
1005007108760737
1005006798989821
1005006881498687
1005006762239892
1005006815422554
1005007271375048
1005006299350750
1005007475818476
1005007449087820
1005005647670064
1005003085233581
1005006981118428
1005006226126768
1005007062428079
1005006064058609
1005004813979175
1005006494234755
4000411886923
1005006564395539
1005007331903719
1005007474515575
1005006846438401
1005006685150681
1005006255459279
1005006982734529
1005006554159591
1005006762547912
1005007321920651
1005007288297255
1005007271243355
1005007440371014
1005006639921576
1005006396283821
1005007346706361
1005001516552968
1005005495231341
1005004083984758
1005006049055417
1005006331255350
1005006165994518
1005005343585313
1005002425118934
1005005970280030
1005007162396254
1005005487951127
1005005656331708
4001120874703
1005007233566800
1005007085063270
1005007136732989
1005007359897570
1005007475011154
1005004911776559
1005005155768354
1005004747813139
1005007300268217
1005006623062583
1005006908123987
1005006798954916
1005006730007015
1005006680811334
1005006261440368
1005005382917810
1005002856580476
1005006943691329
1005007439914429
1005005062786667
1005002197572562