4000093032929
1005006365357781
1005007254035670
1005006897302324
1005007035879974
1005006853360489
1005006618329860
1005006628912723
1005007231529209
1005006311016572
1005006031514680
1005007330360741
1005005807308072
1005006676898754
1005006798043366
1005005446632150
1005005701129948
1005005641488748
1005006853400347
1005005879976358
1005005551879241
1005005720925238
32803806912
1005006055990498
1005007347729662
1005006310940285
1005006722912393
1005004202989204
1005006184710389
32926571071
1005006287298315
1005007253497083
1005002631138294
1005006860101503
1005006321514544
1005007464489996
1005007025924646
1005005538272628
1005007010111073
1005005768600244
1005006860920009
1005005683163956
1005006725318309
1005006892679681
1005005863854460
1005006053354149
1005006853720358
1005002139748788
1005005866358684
1005006773495125
1005005736877007
1005006760948589
1005007015032169
1005006911953082
1005007250255653
1005006057743518
1005005901397227
1005007160362728
1005006785916399
1005006782741987
1005006530076953
1005005069924035
1005006159697595
1005006189948765
1005002879372221
1005006881272879
1005007325657113
1005007262878392
1005006019488261
1005007351017074
1005007443872288
1005006028513497
1005006828268001
1005006587298432
1005005677876156
1005007015274950
1005006144443845
1005003581618291
1005006729649795
1005003695792725
1005006794786780
1005007108300894
1005006777677092
1005006072637897
1005007014607928
1005006919306037
1005006747886620
1005006124838224
1005005214391120
1005006825684685
1005004256199409
1005006220192129
1005007263400219
1005006248662337
1005007350965420
1005006060479826
1005005569198593
1005006895626701
1005003238707715
1005007310406737
1005007010861304
1005007030804722
1005006499619484
1005006764486910
1005006456074544
1005006248792490
1005007137101362
1005004487366055
4000926004646
1005007364313171
1005006215564950
1005006298528629
1005007127900526
1005007380831882
1005007009961594
1005002432648386
1005004782365441
1005007240603841
1005004193006552
1005005214829617
1005006450449175
1005007429996348
1005007364175285
1005005393514353
1005005378467563
1005005580484992
1005006757189336
1005005579417346
1005006250823495
32946780015
1005005393093206
1005007016884722
1005007153721900
1005005837864730
1005005562159978
1005006647466215
1005006380257579
1005006186527617
1005007082999804
1005006913604409
1005003452624512
1005007160727444
1005006843421004
1005004996414591
1005004912203418
1005006300413157
1005006727717361
1005006466119437
1005007097278021
1005004873300322
1005005794039782
1005003064581942
1005006430455908
1005007096846774
1005006265005799
1005003097120881
1005005871437753
1005003584427626
1005005947895823
1005005815171170
1005006345129073
1005007096757897
1005005814978483
1005007377164517
1005005900145299
1005003064932490
1005006916490185
1005005483796157
1005003118616849
1005006492857468
1005005222119678
1005004683604864
1005006767214693
1005007094047293
1005006465109439
1005006717759642
1005006433184058
1005005773090309
1005006889763703
1005006393868417
1005006719856073
1005004941895786
1005006780568335
1005005296128439
4000270534190
1005004555684342
1005005098539354
1005005665816958
1005005266297697
1005004796464136
1005006438815860
1005005926094132
32997345269
1005007441113948
1005003577615242
1005005940428515
4000801278782
1005007442945206
1005006841303512
1005007116501613
1005006673985847
1005007181763221
1005002754848997
1005006327397359
1005007371606353
1005006097385548
1005005280969578
1005006436465820
1005007367932447
1005007188198776
1005006390923772
1005007488149625
1005007473976641
1005007489201222
1005007221098308
1005007480943859
1005007216601452
1005007088186699
1005007037769681
1005007484159739
1005004274613245
1005006680277156
1005006837443297
1005007460862241
1005005720923282
1005006619147662
1005007188617171
1005006002705096
1005007258570413
1005007445695247
1005007409935482
1005007486795310
1005007486555532
1005006967505440
1005006052487362
1005007313707954
1005006573668632
1005007473446984
1005006934794169
1005007295983222
1005004731694211
1005007447007803
1005007477881005
1005007476789399
1005006468341044
1005007444129113
1005007461132668
1005007441383048
1005007461439764
1005003202369812
1005001976155725
1005006857032064
1005006856880628
1005007455622619
1005007445249881
1005005755034165
1005003818090354
1005006229911321
1005007261817348
1005003834325180
1005004966845054
1005006499012208
1005007272107522
1005006923123456
1005007342501756
1005006532371009
1005007340584190
1005006733074080
1005007209876822
1005006680676077
1005007123796918
1005007199618425
1005007059867485
1005005073177659
1005007204822489
1005005474046462
1005004572733215
1005007132982703
1005001464776526
1005007095137532
1005006979359144
1005007015948568
1005007001815418
1005005510418822
1005002054997903
1005007329295369
1005006704231244
1005006955055734
1005001478290694
1005006466156509
1005007173810972
1005006820010516
1005007448801452
1005007461003424
1005007459771366
1005007444132215
1005007440965062
1005006934947902
1005006223955622
1005007421004468
1005007342523263
1005002034081531
1005006577603978
1005007009867729
1005007440988138
1005005659090502
1005004542295392
32857119362
1005006607195086
1005006585356172
1005006076761632
4000292750550
1005005762655953
1005002660523864
1005004077829931
1005005368403377
1005005388322591
1005006006631028
1005002838164277
1005006229437038
1005006471874090
1005003181732494
1005004613937223
1005006947773500
1005007115381706
1005006418519552
1005006716706472
1005007176332756
1005004688999619
1005003583081400
1005005709111082
1005006068677063
1005007295978486
1005007177743376
32899229633
1005007445653217
1005007126476636
1005007022772676
1005007453835170
1005007453747143
1005007450368160
1005007444850223
1005007441580537
1005007426818773
1005007441211485
1005007440411627
1005007438480142
1005005315449086
1005007302667983
1005007288024292
1005007259742556
1005007009777335
1005007211764050
1005007299583162
1005007264209954
1005007342377946
1005007346003809
1005007333557016
1005006732934568
1005006851550040
1005007051576377
1005006975702226
1005001830983953
1005004438282769
1005006337896506
1005006103282749
1005005465875269
1005007110995303
1005007169632931
32975185974
1005007487927890
1005007471317896
1005007470663752
1005007056010605
1005006684912883
1005007122958772
1005006851151439
1005006259759248
1005007102400259
1005007382531167
1005007411307597
1005006697414914
1005007412152214
1005007411632600
1005007406495650
1005007117228215
1005006487764355
1005006648609475
1005005866693381
1005005372666410
1005006463899241
1005004487906377
1005007194269450
1005007185505510
1005007031567218
1005006330564525
1005002131613554
1005007414955105
1005004339180769
33050145725
1005006866137619
1005007440501536
1005006431409963
1005005510582260
1005006216406923
1005007178776421
1005006670212997
1005006712719007
1005006945590638
1005006945533810
1005007373273996
1005006674935975
1005006346815244
1005006839482776
1005006868445203
1005006948632044
1005007324219254
1005006645642540
1005006865979985
1005007340477627
1005006645116067
1005006642443739
1005006575539669
1005006620149576
1005006432551373
1005007196711637
1005007194401165
1005007032577785
1005007030914416
1005006995717705
1005007008507344
1005006980861715
1005006955789712
1005007443038632
1005007060639999
1005006691252034
1005006676285525
1005006677653533
1005006953769105
1005007181833449
1005004841019562
1005006163008464
1005006166708180
1005005876089495
1005006535540725
1005007142151577
1005006536135762
1005005301663937
1005006432514268
1005006545128907
1005006536487975
1005007328809562
1005007207242702
1005006976353837
1005005829830184
1005007198740060
1005006487824055
1005006487867001
1005006969447578
1005007329771151
1005007329598386
1005007329589072
1005007334530714
1005007328945893
1005005301758750
1005006260343315
1005007328843894
1005007328437729
1005005301925665
1005007019426207
1005007374013560
1005006487808330
1005007346310708
1005007346747098
1005006346865844
1005005016946847
1005006346821245
1005007204377917
1005007082424249
1005006998988811
1005006992791003
1005006999060792
1005006463740170
1005006037469670
1005007016867133
1005006746236943
32972422281
32722985062
1005007327010995
1005007403159453
1005006852343883
1005006037853097
1005005986157819
1005006678772026
1005006773201480
1005006555508728
1005007142768174
1005006258751750
1005006762929079
1005005529093988