1005007060356382
1005005425740030
1005005397229214
1005005129062460
1005007369525746
1005006948252482
1005006188475385
1005002306286155
33007041695
1005006052337923
1005007138228059
1005006792589663
1005006279988412
1005004739930919
1005006265516026
1005006774410813
1005006082956563
1005005501944230
1005005956200851
1005007134346873
1005005094650403
1005006986897105
1005006684265998
1005007422575826
1005005528324837
1005006684207829
32852157773
1005006347086504
1005006149033006
32899537243
1005004929535638
1005006170630976
1005006004956266
1005006851965092
1005006635371036
1005006536830567
1005001894098169
1005006103137693
32319115790
1005006747256299
1005006273145070
1005005772295971
1005006970086296
1005001810944097
1005005849258203
1005006884652132
1005006478046564
1005006514666021
1005007183694694
1005007307129266
32727652432
1005005938242801
1005006737358072
32906795917
1005006156370982
1005006834193583
1005006939102406
32950606202
1005006961486862
1005004073199081
1005005869102164
33014218068
1005006175891166
1005006790951232
1005005964926860
4000902660403
1005007039050530
1005006903368148
1005007128489711
1005006514807737
1005006996193806
1005006921544334
1005006658359560
1005007273497146
1005007031903240
1005005037581036
32782868312
1005006082253141
1005003245117174
1005007316637197
1005006808785980
1005005821477697
1005007284224955
1005005201024435
32765050318
1005003902536384
32728452801
1005006808344051
1005007419780395
1005007117170999
1005006947848031
1005005137458397
1005007321118223
1005002931979869
1005005246633748
32747471221
1005006913083555
1005005444412374
1005006588110074
1005006997034887
1005006214402015
1005006781094808
1005007367438727
1005006321229813
1005005731909075
32695622134
1005007213582586
1005005808728445
1005006836539611
1005005196100885
1005004705668443
1005007102348276
1005007234848798
1005002270545956
1005007433817654
1005007136506132
1005002352738568
1005007170107310
1005006511747691
1005007033668413
1005006947829131
1005005941123220
1005006495498862
1005004888469571
1005006351996928
1005006159803365
1005007003166138
4001228845655
1005003038266270
1005005096971590
1005005325769125
1005007217891732
1005007155999764
1005005810274003
1005006486405364
1005004949724542
1005001419467635
1005005910382500
1005007177348930
1005003235684652
1005006128237609
1005007019928851
1005006744800546
1005006420505725
1005006391374385
1005007090221917
1005006931430181
32982132958
1005005669308728
1005007087880844
4001203963295
1005006714064366
1005007054516090
1005006266136773
1005002559964116
1005005694902236
1005005115309752
1005005894807007
1005007131537578
1005006363060855
1005004600302413
1005004610547648
1005005525716138
1005006461276645
1005006004223878
1005006716684066
1005006836058120
1005005553281939
1005006140414263
1005005796114604
1005006111250955
1005006846509291
1005006719687772
1005006484321090
1005006997492795
1005005873649973
1005006534951485
1005006023585741
1005006856938414
1005006488990087
1005006707533561
1005004876252981
1005007276168928
1005007108830061
1005001865534783
1005006157718337
1005004685950795
1005005309980741
1005005247111424
1005006063998010
1005005244357605
1005006166754174
1005006330136780
1005006529506665
1005005053871976
1005007244983368
1005006753743553
1005005878111564
1005004877726738
1005005505866115
1005007112607146
1005007383170770
1005006013865738
1005005729634883
1005006101476779
1005007047900133
1005006054554034
1005005130309754
1005006855000567
1005005790785194
4000531758328
1005005905540660
1005003196642984
1005007321985170
1005006477847151
1005007115593950
1005006427455544
1005006302783469
1005007032604120
1005004937278271
1005005265942233
1005003793482562
1005006967068345
1005003722675909
1005006943553512
1005006732445015
1005003701564413
1005006817183056
1005006864436514
1005006695873009
1005007089215828
1005006124357633
4000128207675
1005003526836944
1005004640188396
33009072504
1005006955935693
1005003612915960
1005006611911022
1005006883467010
1005007225961903
4000310554743
1005006168482156
1005006711296193
4000299771014
1005005281893820
1005005964599779
33045235180
1005004405818969
4000216383178
32427908109
1005007249222205
1005003395488786
1005007217971367
1005007108583464
1005001909641614
1005005466934503
1005007028023103
1005006549214140
1005006567718516
1005006453786822
1005005117909207
1005002005995006
1005005929420629
1005004970501923
32796756095
1005001873212550
1005004679407878
32970517623
1005007376079685
1005006533684481
1005006590043056
1005007047170204
1005006019464124
1005005619592422
1005004966154534
1005005475049156
1005001506844781
1005007315552091
1005006861536623
1005007191755134
1005007058249684
1005006200381526
1005002443440030
1005004699023500
1005002299460766
1005006146579812
1005007193918864
1005006722453811
1005006490682067
32305036381
4000993322161
1005006341544925
1005003676485263
1005006742991698
1005007345384792
1005006683404745
1005005679824026
1005005221001277
1005007023265795
1005007300366494
1005005522218866
1005005246778466
1005007002424608
1005006310056779
1005004819287134
1005005490906860
1005006026680409
1005006016314050
1005006031044115
1005007023770348
1005001501530498
32979844899
1005001926510018
1005007345062985
1005005889247400
1005006194708772
1005007252907871
1005006381584727
1005007176336318
1005006505290484
1005005817006381
1005003973115755
1005006253975195
1005006285632809
1005006263842703
1005006461104233
1005005666853244
1005006178458979
1005004937335710
1005004853175968
33005951902
1005006027193333
32855939301
1005005600304474
1005007354129004
1005005572125326
1005005866749789
1005006308070138
1005003406996894
4000052043615
1005006648614190
4000801145911
1005003382930561
1005006895657250
1005006280581375
1005006603765898
1005007351556146
33033724559
1005006833732352
1005004461908598
1005006725391075
1005006047456459
1005005904743953
4000166519962
1005005430905240
1005006282200853
4000746367705
1005007297987428
1005007015157069
1005004884754883
1005004096814471
1005002603402567
1005005758511742
1005007030907079
1005004923064632
1005006511634630
32983878440
1005006203326327
1005006088798941
32961601012
1005006767415535
4001050866678
1005007112647122
1005004928885724
1005004271181404
1005004394671011
1005006192353107
1005006671901867
1005006444938662
1005006120805440
1005005301633129
1005006908063012
1005006104409882
1005006764395334
1005006251518674
1005005675858794
1005006445033715
1005006444978789
1005006365669734
32706635862
1005007067262337
1005004976571956
1005006048156993
1005006781049112
1005005505337335
1005006339871850
1005006411622843
1005004504386021
1005005807649083
1005006143876243
1005007139870273
1005006980037367
1005006444926829
1005002608136673
1005006756363283
1005006071489849
1005005866679980
1005003104389889
1005005282217102
33008811389
1005006813637541
1005005578066873
32983170414
1005006493094280
1005006164595968
32848451112
1005006716265135
1005007351201122
1005006670941465
1005004031666373
1005006052808320
1005005149838215
1005007016409059
1005005908075489
1005007130693848
1005007054344759
1005006590663250
1005003475134731
1005006674489979
1005002076466674
1005006371060267
1005006808545186
1005006175038480
1005006445125361
1005006782945259
1005005996741899
1005004296569976
1005003964603605
32799950847
4001320436075
1005004656749476
32878611212
1005006845817356
1005006524422577
1005005975179057
1005007005750498
1005006783213138
1005001606387199
32997145685
10000276792487
1005004097092418
1005005979564557
1005006463434722
1005005508662502
1005003797024220
1005002650750288
1005006172957357
1005006024196070
1005006156509406
1005004505407252
1005007160953762
1005006821243194
1005006080220914
1005006782011903
1005006061530856
1005006680692814
32732325297
1005006641652196
1005006053212567
1005005362430855
1005006778462082
1005005914873670
1005007366579860
32895958322
1005006401428191
1005006011744558
1005006849850556
1005007361232331
1005006936135488
32891680914
1005005876754794
1005002991647224
1005005621358315
1005003466979529
1005006600160094
1005006901755003
1005006418294350
1005004891682997
1005006339918938
1005004215138794
1005007102825924
1005006759238203
1005004252778141
1005006773090522
1005006105317266
1005006862822137
1005005517138257
1005006701848107
1005006901726759