1005007266108297
1005005698852075
4000087873088
1005004776446682
1005004921430666
32827515554
1005007437097446
32742539350
32999963436
1005003363414109
1005003974093503
1005006832498119
1005005951528089
1005005422619722
1005007306643832
1005006454566902
1005005969727154
1005006169638715
1005005806448478
1005006260174390
1005004288719007
1005005562504787
1005007010383182
1005007344413481
1005006724700612
1005003297384876
1005005069183373
1005006869373478
1005006184155699
1005006284506437
1005007124147380
1005005709420867
1005006848061891
1005006431473718
1005006110110395
1005007198185224
1005006543315293
1005005845326257
1005004839148914
1005004201114734
1005004398248498
1005007015660397
1005005966761183
1005007170132071
1005006956991724
1005004573533824
1005005081058364
1005006891291158
1005007090145817
1005006108427288
1005006250062488
33005505719
1005007375667741
1005007208065674
1005007166417472
1005007163506248
1005005170803999
1005006442663613
1005007060599786
1005005839647510
1005005081686266
33047557101
1005003535292158
1005005731985965
1005003111554060
1005006349206325
1005004914044290
1005005697762650
1005006141979740
1005005595988802
1005006136981967
1005007123973669
1005005003576325
1005005051762402
1005005454682173
1005007470319032
32961273557
1005004823497425
1005006243449262
1005006274088848
1005007270673619
1005006860159525
1005006757564496
1005006791821711
1005006232759194
32838472178
1005006653833772
1005005074960296
1005006516377561
1005006516231953
1005005605379302
1005004180838834
1005006082493802
1005002924974048
32810399767
32793969931
1005006892767213
1005007030352751
1005005514515327
1005006846758323
4000561408493
1005007010214749
1005003145695832
1005007074012984
1005005637264215
1005007314063203
1005007221730136
1005004145330604
32761990901
1005006788051602
1005006982497353
1005003761370858
1005004309322702
1005005373809088
1005007116380752
1005006425290169
1005006353166402
1005007375267213
1005004974770534
1005006350307832
1005006680252239
1005006750651353
1005006543108728
1005006969794150
1005006052728158
1005005932853968
1005006863013190
1005003800275301
1005006896885026
1005006047625679
1005005011303779
1005005565765797
1005001298683641
1005006556039607
1005005447712765
1005003595624006
1005007033440778
1005007216394095
1005006169272204
1005007172774967
4000849754341
1005007370683645
1005007184551967
1005005056021639
1005007217889407
32851192810
1005003608216263
1005007036535537
1005004220104779
1005006440283459
1005004003833728
1005005816250663
1005007298517595
1005001485563635
1005006955180636
1005005997691010
1005006737595844
1005007298252928
1005006147324234
1005007321580781
1005005942176825
1005006448225690
1005005557906611
1005006678987336
1005006710843488
1005005191558821
1005006755321479
1005004424193025
1005005193140361
1005007102600641
1005005884644251
1005005509887447
1005006201851472
1005006716019617
1005007189520260
1005005418821528
1005005557994576
1005007243152234
1005005327625653
32994875532
1005006810110918
1005002752103130
1005002084529727
1005004889620362
1005007412749934
1005006887654695
1005006467198120
1005005882550224
1005007108983064
1005006685988669
1005006462528416
1005003119022886
1005006251802453
1005003493660152
1005006247688875
4001278751447
1005003688103884
1005006206326704
1005006086338944
1005005824157741
1005004567799711
4000069629950
32997636026
1005005256291599
1005007287257347
1005006209029223
1005007362113877
1005006384809566
1005005201417562
1005003842410689
1005006713102315
1005002624486040
1005004643967561
1005006767375214
1005006780591499
1005005980893702
1005006163775425
1005006151105848
1005005509539719
1005007285767716
1005005089890757
1005005887506854
32961673775
1005007017134924
1005002635207686
4000919672852
1005007303325129
1005007308441197
1005006166091465
1005006148381192
1005007344771679
1005003671525727
1005007250975636
1005006903453116
1005005709381831
1005004430676705
32810594889
1005007016804788
1005005471489384
1005004275990369
1005005442762982
1005005820751525
1005005565605281
1005006910051842
1005005431284230
1005004391352536
1005004380684950
32825043520
1005007202291039
1005006978931348
1005007136759775
1005006064114286
1005001834502781
1005004782764304
1005004586348972
32761904183
1005003755281890
4000903693779
1005007298753811
4000535574525
1005002917131941
1005005957885249
1005004970841113
32992691922
1005004743145819
1005007156893381
1005006725196324
1005006772706690
1005005339685799
1005001626822258
32893346689
1005006224415597
1005005193387060
1005007181193542
1005006065055558
1005004996980661
32885677715
1005006508741207
1005005699338610
1005006499459769
1005007136583094
1005004013732390
1005005962434950
4000570665401
1005002947079537
1005005600973215
4001045645181
1005006858624993
32890501456
1005007253805770
32871918500
1005005686878649
1005005871089257
1005007003236865
1005005061526826
1005007150364924
1005005565677587
1005004941970967
1005006123088488
1005007089925585
1005007031237787
1005005944084779
1005004911894414
1005003368030441
4001195504018
1005006639589908
1005006082827008
1005003127678814
1005007137822798
1005007177817712
1005006615978037
1005002213512141
1005002775742300
1005003960443504
1005006310003974
1005006751734028
1005006897459836
1005006322328139
1005007345750205
1005006146450690
1005006535857132
1005005641732612
1005005452981869
1005003523375337
1005005066763400
1005005174941062
1005004324144176
32752388170
1005004128036503
1005006338824799
1005006898042842
1005005343408912
1005007188091612
1005001999167133
1005006904025345
1005006922436214
1005006327266767
1005007324818083
1005006028443040
1005006014786438
1005005936308869
1005004596044175
1005005565161855
1005006212427625
1005006955331356
1005006679609416
1005006804597419
1005006321328644
1005006323396726
1005005562848251
1005006729785315
1005007175035875
1005003334058590
1005006305764096
1005006404270731
1005003801029857
1005004070194999
1005005497912065
1005006070455605
1005005622541851
1005004732403991
1005006853165206
1005006342227539
4000589104531
1005004469792182
1005001387734714
1005006032077623
1005005720664128
33052952981
1005004141548809
1005006770732001
1005006126595568
1005006123196895
1005005728414608
1005004441883633
1005006865543229
1005005185246500
1005007215969102
1005005891149672
1005005086942533
1005002487492469
1005007187789751
1005004013594293
1005006528255634
32917751151
1005005997636295
1005004776575307
32787749576
1005004139052237
1005005477824950
1005006223739870
1005006895245833
1005003760844011
1005006996023085
1005006222730765
1005006804592702
1005006033776580
1005005441605711
1005004840898496
4000110066912
2024175491
1005006313717486
1005006032803618
1005006859321136
1005003014973549
1005005764815537
1005006859682817
1005004134482242
1005006232673396
1005005670578735
1005006853945796
1005005382329846
1005004134034598
1005001313274839
1005003131059133
1005002742201635
1005004466875854
1005006462282918
1005006439243988
1005003008752128
1005004974514915
1005006614022694
1005007376211138
1005004726631666
1005002276374407
1005007130335227
1005004354865648
1005004353873579
1005002580121194
1005006266943291
1005006734812844
1005006041002836
1005003622601757
1005002957770242
1005001671697564
1005005254526282
1005004694323265
1005006195372021
1005004325119255
1005006240594446
1005007060051832
1005005557696253
1005006313663375
4001003630337
1005006306105232
1005006883722755
1005006289505916
1005006751159317
1005006219402357
1005006212290139
1005003134888233
1005005424967504
1005006778171813
1005004063331232
1005005782472199
1005005819245705
1005002652405849
1005004280378110
1005006528972015
1005006947373082
1005006010733682
1005002433682937
1005005667740067
1005004149928976
1005004138617402
1005003640341846
1005002924381346
1005005191668207
1005006782020032
1005005719032644
1005006925266408
1005004644283159
1005005183950732
1005006956873850
1005005192829637
1005004084394154
1005006717280317
1005006015505224
1005005231497028
1005005976498693
1005005241777212
4000448474359
1005005810230945
1005005678515981
1005006968871230
1005002754425236
1005006848459492
1005005526769622
1005001934893374
1005006652132892
1005004833562516
1005003773208249
1005004465365349
1005006783266885
4000751846682
1005006015996750
1005006177005441
1005007148992566
1005004743301662
1005001854573987