1005005524878119
1005004956924701
1005005239964458
1005007387669089
1005003100138133
1005006735317593
1005004929425422
4001041460825
1005006685422141
1005006432126248
1005007169385155
1005004225481869
4000025335522
1005003060958379
1005001361996234
1005004899991590
4000025719710
32970783510
1005007195229722
1005005583431181
1005007217920580
4001080523234
1005004110168968
1005007370924332
1005005840073730
1005005072377370
1005004382963494
1005006856302650
1005006826626720
1005003720796804
1005003581401772
1005004815203213
1005006947022030
1005004898704787
1005005889227216
4000266023597
1005007398894704
1005003681738946
1005007371040080
4001208117407
1005007000624233
33003043207
1005005790071599
32985483017
1005007370802675
32981897483
1005005237991987
1005006415129760
1005003957671750
33055774401
1005007469670013
1005004843853393
1005005940294141
1005007370951671
1005005779752366
1005005444123631
1005006334663698
1005004949861921
4000532277131
32836154834
32897324078
4001205919034
1005007402122666
1005006199586874
32461657133
1005003452937219
1005006003648090
4000411945210
1005005792591688
1005006334852132
1005002341645641
1005002912035732
1005005962730450
32236167347
1005003086333938
1005005962763387
1005001895177785
1005006003735172
1005006334586876
1005003451953831
1005006003666714
1005006003668027
1005006003652057
1005006891169970
1005005434994622
1005004622057048
1005004013757751
1005004758264583
1005003973149525
1005003059818100
1005003476340890
1005004560890792
1005004727019110
1005003229848765
4000757107969
1005005047837293
1005003989379308
1005003937345140
1005004538996987
1005005471640410
1005003701503730
1005004268688020
1005004237532518
1005004543151619
1005004574101055
1005005599183318
1005005126409183
33031307032
4000409035726
1005002945151276
1005003302315165
1005005197767086
1005002220016379
1005005073015252
32998176072
1005004835407592
1005004406495367
1005004500718567
1005004887792771
1005002835200131
1005004796952228
1005002871741894
1005004803450078
1005006405715329
1005006851189554
1005007354877195
1005004081883537
1005006006889849
1005007444077487
1005007142137162
1005006571017476
1005006435578585
1005007449307705
1005007431430715
1005007432605829
1005007431348970
1005007423772853
1005007476528461
1005007046377063
1005007106769021
1005007173146266
1005006361847925
1005007342826783
1005007476349792
1005007383925182
1005007314409944
1005007461892064
1005006329037692
1005007288722636
1005006056970529
1005005384267461
1005006293381968
1005007389749901
1005007437507130
1005004735385566
1005006946167554
1005007128585480
1005007341015288
1005007441263251
1005007434419051
1005007466800481
1005006229041548
1005006604189651
1005006866842217
1005007449397488
1005007131055313
1005007453515774
1005007450124210
1005007285302704
1005005913797642
1005007379265370
1005007382532754
1005007268433737
1005006008653856
1005007100027478
1005007339947350
1005007224233192
1005007449225650
1005007466682680
1005007445283940
1005002964584985
1005004735352824
1005006173748392
1005006361482869
1005006294031372
1005003818291225
1005007398079962
1005005017450877
1005006866012451
1005005914032251
1005007377469096
1005007466953190
1005004008427025
1005007273194560
1005007252081069
1005005944671738
1005006606059061
1005006863831024
1005007458682093
1005007449374008
1005003727120548
1005007307379717
1005005955714780
1005006068365305
1005007148876949
1005005355503862
1005005620928486
1005006809084425
1005006764431355
1005002219052329
1005007130498894
1005006175302505
1005006244057517
1005007390057128
1005007391964929
1005007447121340
1005007406969271
1005007459725098
1005004735362816
1005004383870220
1005007459581386
1005007368237053
1005007037931360
1005006435286241
1005006845035008
1005005514478538
1005006200708755
1005007436468276
1005006536149292
1005007341685044
1005006608834571
1005005136978550
1005006406536266
1005005132381228
1005007292792197
1005006696871728
1005007195584578
1005007444013692
1005007402086687
1005006921323323
1005004567318265
32394128704
1005007382422977
1005006576221839
1005007253316835
1005007438835221
1005006946602589
1005003730784516
1005006846230941
1005002523896500
1005004114857107
1005006216525759
1005007242019974
1005002280647194
1005003406972060
1005007449601739
1005005325704014
1005006913557749
1005006494883012
32792141638
1005006982842781
1005005386465128
1005006200646275
1005006080914583
1005006120921847
1005007285847804
1005006171232957
1005006138223740
1005006277657246
1005007441992840
1005006186790706
1005006969475797
1005006820224455
1005004735457061
1005007327829088
1005007442050556
1005006597682153
1005007047324104
1005007122934061
1005004761648540
32985265967
32768291479
1005005831294488
1005006379648504
1005007465840208
1005007087342990
1005007167261067
1005002631208829
1005006695745369
1005005518861441
1005006385116609
1005005366630012
1005006676730691
1005002253745618
1005005094966739
1005007417540650
1005007210180680
1005007462368592
1005006169532319
1005004858765380
4000650988845
4000834506419
1005006194482448
1005006326778137
1005006169607741
1005004745442561
1005007007777641
1005006583729039
1005006379536688
1005005927692693
1005003116454954
1005001362102619
1005006157724044
1005007431021191
1005006907199250
1005006604462279
1005006435140637
1005005013395772
1005005869772719
1005005916721968
1005006309921023
1005005094966734
1005006870239046
1005006864103518
1005005326277183
1005005301965519
1005004968950136
1005006749872283
1005006992395145
1005007399800255
1005006022369410
1005007043939167
1005005565670099
1005005651773616
1005006199578380
1005006428330676
1005006691544549
1005007369997001
1005006639348164
1005006967525008
1005006253368832
1005007335366964
1005006199943482
1005007180124409
1005007299718659
1005007466674723
1005006659460619
1005007298675478
1005006294380528
1005005983735605
1005007115996088
1005007295291782
1005006952644670
1005005889443692
1005007389819940
1005006201767710
1005006697739988
1005007466544967
1005007084230475
1005005648367621
1005005899693366
1005006173889015
1005006172213302
1005006313049200
1005006911701930
1005006395352384
1005006608303849
1005005754622052
1005006742470000
1005005896106840
1005005356948587
1005006721817162
1005001845828441
1005006124987065
1005006170190755
1005005419521976
1005006494821464
1005004300859911
1005005511292826
1005006353517909
1005006396705397
1005007310969062
1005004583961268
1005005888597015
1005006950223369
1005006532750420
1005005533743292
1005006798935274
1005005534403642
1005006572650589
1005006104008041
1005006172006947
1005007477917547
1005007489737648
1005007488665605
1005007488871963
1005005960444456
1005007172797365
1005007457908120
1005007457877261
1005007475245060
1005007149148698
1005007485103795
1005007471705788
1005007489020980
1005007459122515
1005007489099779
1005007489167553
1005007477018728
1005007488932965
1005007489252051
1005007488972614
1005007459503608
1005007467962036
1005007483936913
1005007485149647
1005007483079888
1005007117717257
1005007488774124
1005007488679039
1005007447489045
1005007484019725
1005006315934462
1005007484251249
1005007484080482
1005007464392444
1005007458580661
1005007462574739
1005007458308867
1005007459378097
1005007488031973
1005007481291980
1005007485080040
1005007484855683
1005007483972618
1005007484382017
1005007483853869
1005007483793821
1005007483917521
1005007478488922
1005007481491736
1005007481660198
1005007484729934
1005007476360821
1005007479112629
1005007477608357
1005007483163723
1005007485737018
1005007473848367
1005007483212684
1005007476696058
1005007476407609
1005007484115875
1005007478202334
1005007484130458
1005007475041456
1005007479999911
1005007477801428
1005007483719676
1005007471782769
1005007478409957
1005007478329962
1005007484547569
1005007485232467
1005007484339631
1005007487840908
1005007487530480
1005006020641845
1005007481497635
1005007478761362
1005007487509508
1005007486864715
1005007486898824
1005007486787223
1005007486571583
1005007486411646
1005007486409601
1005007280108566
1005007477016827
1005007088961405
1005007476824954
1005007470300174
1005007472269736
1005007470212234
1005007471349234
1005007470260459
1005007471241977
1005006453258373
1005007467170235
1005007471187124
1005007477631988
1005006944757747
1005007464235407
1005007088173680
1005007480874063
1005007446916704
1005007464656074
1005007454559527
1005007471767303
1005005872867147