1005007425675059
1005006283703808
4000749723279
1005007384133845
1005006605159799
1005005868902028
1005007103841612
1005006565232065
1005006449679574
1005006621339033
1005006762348034
1005007235904372
1005004305058727
1005007054194991
1005007087857172
1005003556766233
1005005180363460
32861819043
1005006787659474
1005006073502765
1005006379458902
1005006123108925
1005006825709056
1005005909089060
1005006962868335
1005007398970284
1005004357991503
1005007345001839
1005007002829500
1005006422089762
32861759708
1005006190990359
1005007346393639
1005005808930000
1005002256473876
1005005841116423
1005006134720942
1005007014711742
1005005552264620
1005005162836558
1005006838086046
1005006588150609
1005007380502362
1005007234461597
1005007343206312
1005006865039606
1005007115435026
1005007418373057
1005007142921316
1005007341561309
1005007398292276
1005006027270040
1005007159735589
1005006916463016
1005006820180639
1005006392836378
1005007100229713
1005006825404949
1005004910662356
1005006478875468
1005006909093779
1005006223681448
1005006045318733
1005006973676509
1005006607410272
1005006512542909
1005005537708335
1005006803184948
1005005833510410
1005007464029473
1005007464218929
1005006946717352
1005006658659482
1005006818802288
1005001401759736
1005007142573501
1005004398109628
1005007231287859
1005006446418739
1005006975795823
1005007186104149
1005006444287695
1005006809864084
1005006794125143
1005006915394160
1005006609097814
1005007104186065
1005006449750203
1005005796549766
1005006876751585
1005007300802049
1005006908880531
1005007277384014
1005004245629145
1005006895382716
1005006756221307
1005002942174620
1005005833491535
1005007142567903
1005005773184523
1005006655014502
1005005611240097
1005006410756496
1005006380619687
1005007449679128
1005007488379029
1005007257988407
1005007159646106
1005007038066436
1005007293071456
1005007174514080
1005007129940158
1005006909414513
1005006458765093
1005006876466572
1005007258817588
1005006439006637
1005004579581106
1005005666225366
1005006140214081
1005007279278027
1005006217969966
32966963207
1005005906661394
1005005137559785
1005004412185031
1005004595953767
1005007226436871
1005002555992954
1005003037312844
1005006424629266
1005005171428846
1005007247989002
1005005578807605
1005007279440142
1005007477354146
1005007470619464
1005007466847272
1005007463866329
1005007463840605
1005007457553822
1005007456215780
1005007486796463
1005007478932439
1005007482141843
1005006588352989
1005007487667388
1005007484726751
1005007467000474
1005007008396248
1005006424460958
1005007104705211
1005006931956503
1005007486886957
1005006749671619
4001244912915
32901278018
1005001798871343
1005007462754788
1005007422940518
1005007446853928
1005001672258844
1005007457782716
1005007438810438
1005005962968338
1005001896562358
1005007459505791
1005007080988615
1005007008814982
1005006506956244
1005007263291980
4001017649208
1005001470028462
1005006361889344
1005006990570597
1005006200274352
1005006344447289
32449255386
4001135017138
1005006644604272
1005006642284775
1005006642078533
1005006642295757
1005006641074277
32839822501
32839288846
1005003798436553
1005007417610987
1005007449306150
1005007391603496
1005007448064633
1005004924400886
1005007391304798
1005007458231383
1005007458339201
1005007009154968
1005005580560765
1005005580103554
1005005110975577
1005007080905623
1005003883104981
1005003883132961
1005003785115379
1005001438178314
32870046557
32869440821
32746323351
32870578541
32966406624
32864684238
1005001433400748
1005003652885558
1005001438904206
32748581608
32869012007
32870062751
32872107558
1005001934519074
1005002641014403
1005003895372058
32869448713
32950027572
32967927985
32870074292
32868417640
32871579424
32869472245
1005007265013222
1005003917752313
1005007203646227
32805377568
1005007204195493
32816656205
1005003951366916
32808011487
1005007342359770
1005002039776072
4000373563188
32813167357
1005005099037814
1005007489816404
1005007488427126
1005007488658039
1005007487972546
1005007485944627
1005005900860876
1005007359076012
1005004556462726
1005006843095670
1005007081571546
1005006578647510
1005006437991406
1005005481667938
1005007479729397
1005007482557842
1005007477192793
32868445465
32872151128
1005007307911374
2031375126
32850425171
32871535423
32864956680
1005004351272009
32819423593
32789855163
32816197375
1005002039558707
1005005680267969
1005002033275512
1005005344712706
4001086205589
4000530379758
32805333738
1005005671356169
1005006466291108
33006469657
1005005927425966
1005005927232142
4000518416872
1005001302518053
1005005704083363
1005005775518055
1005006644946797
1005005730981248
1005005775408650
1005006958976501
1005006392962595
1005005878343339
1005007444497053
1005004590126658
1005007443886585
1005007259359437
1005006366931165
1005004828839338
4001193188353
1005007416754485
1005002932407627
1005007416952488
1005007489321470
1005007489043998
1005007489322203
1005003732481908
1005006603155070
1005004839657906
1005001989255739
1005005380034091
1005001405754603
4001204476968
1005007224142978
1005006027243882
1005006912650548
32958941967
1005003405140476
1005004011595970
1005007380198222
1005004340630904
1005003467037088
1005005927707056
1005007094819305
1005006818419459
1005007449951294
1005006508675697
1005006669867880
1005003174999034
1005003998737535
1005007151425537
1005006914846518
1005006681929367
1005007394397437
1005006830668141
1005005493163745
1005007014769658
1005007452007841
1005006341807860
1005006827485886
1005006771090536
1005007316606368
1005001333879665
1005006314585988
1005007027697166
1005007178488864
1005007394401825
1005006546372362
1005006769304032
1005007164578518
1005006474341138
1005006478285785
1005006361799537
1005006641803968
1005005591264897
1005006141614988
1005006755843846
1005006463725970
1005006536690648
1005005566431486
1005006673499693
1005007370752352
1005005521444306
1005006341739919
1005005522476799
1005004359387150
1005006247806629
1005002367029699
1005006812521722
1005007070637079
1005001597664106
32884948297
1005005524769569
1005004604801131
1005005944038436
1005006302606959
1005006809258826
1005007112519411
1005005951981451
1005006199516279
1005006744289040
1005004908077802
1005001493078342
4001058230720
1005007424679322
1005003341041633
1005006044039960
1005006169837210
1005001349540809
1005005556304807
1005007488149279
1005007487958739
1005007487938631
1005007487848466
1005007446677271
1005007414062656
1005007413949940
1005007470917148
1005004698655475
1005005556321803
1005007452564883
1005007418624716
1005007418129948
1005006777078174
1005007252732375
1005007394136972
1005007392922401
1005007360633560
1005006884453689
1005007248288658
1005006976940586
1005007261060394
1005006913120902
1005007220871083
1005003924580263
1005004665330214
1005007160372834
1005006610139581
33006348940
1005006756105417
1005005379917850
1005004312894508
1005004091729881
1005007433423047
1005006776980303
1005006679641521
1005004588088927
1005006725306668
1005006240048596
1005004174332259
1005006046700135
1005004945822123
1005004340692409
1005005598678226
1005007070084974
1005006474332204
1005007452216870
1005007452639075
1005007452556033
1005007452638152
1005007452274705
1005007452640106
1005007452420315
1005007452435265
1005007440430363
1005007250246301
1005004509183619
1005004506281941
1005004506204862
1005004505682020
1005004246919693
1005004506135768
1005003913447950
1005004246556164
1005003797089677
1005003490235078
1005003480684114
1005003792039909
1005003480167715
1005003480111006
1005002997388135
1005002996199411
1005002927205584
1005002878569604
1005003012372383
1005002871825193
1005004679271799
1005005925474944
1005003368147010
1005003367865962
1005005634612904
32355521718
32659289993
32863723138
1005005816016069
1005003375809163
1005003423251604
1005003368110162
1005003370761893
1005005007906029
1005002520134885
1005006168848840
1005007286924123
1005007326145771
32857542566
1005006919991798
1005007035152818
1005006682016297
1005006157896662
1005004411929299
1005004181608180
1005005263879077
1005001272885913
1005006447694689
1005007317849595
1005007219990446
1005005148718870
32844870782
1005006049360871
1005006911574854
1005005599236488
1005007038636039
1005005223583002
1005005372851995