1005005986196368
1005006719529048
1005007065458993
1005007303220699
1005006947537628
1005007422599400
1005007220228222
1005003528286908
1005007250867832
1005007118327065
1005005955033865
1005006619206367
1005006934742640
1005007114351271
1005006778398895
1005006860982066
1005006947700029
1005005903879653
1005006257888357
1005007011067987
1005006982320667
1005007336842146
1005004371199453
1005007175620853
1005005271462057
32476468281
1005007031892305
1005006821308376
1005007192049654
1005007393657524
32467852704
1005005099450969
1005006059580690
1005004591334868
1005006979095815
1005006261046858
1005005703423055
1005006117901074
1005007347601016
1005006728067184
1005007402559364
1005007315260656
1005006961075255
1005006947454982
1005005955086573
1005007047692528
1005006753395616
1005005736789057
1005007036363481
1005007341085067
1005004790068712
32288813871
1005006864288518
1005006511075834
1005004560131128
1005006958888185
1005006215430457
1005007055163441
1005007277906450
1005007346884863
1005005079516641
4001137495619
1005007015984485
1005006215351801
1005006804371340
1005002823169011
1005005648845425
32289014598
1005005672970060
1005007002323243
1005007038599094
1005007277807877
1005006489620434
1005006677302072
1005006717147542
1005006067422566
1005007114574056
1005001682890224
1005007165890201
1005003739450627
1005007090339893
1005006472963236
1005007430371551
1005006377800111
1005001458505576
1005006794305054
1005005824378889
1005005536960861
1005006215459030
1005006836592772
1005006360655817
1005007486124787
1005004379633149
1005007303326145
1005007277883580
1005006678188268
1005006860864969
1005006995165470
1005006727731272
1005007047388621
1005007308840856
1005005279378002
32746385376
1005007023223567
1005005309962774
1005003346868436
1005005556633712
4000410493644
1005003360854326
32910964924
1005002637688931
1005002048394944
1005003382558502
1005007316096017
1005005695857055
1005002985096034
32893081909
1005001370404966
1005005720897501
1005005398949201
1005007386934644
32994864442
33037032666
32985227547
1005004715733095
32888463586
4001160226709
1005006816951083
1005005320851486
1005001947949008
1005006847117528
1005002570967530
1005006655711744
1005007135424715
1005007080440339
1005005786289671
1005003786695855
1005006696867351
1005007417851977
1005001563308244
1005007183624113
1005007384883244
1005003591230191
1005004701560475
1005007365713049
1005006754193501
1005003043710733
1005007489974509
1005006861664015
1005005945242261
1005007483374328
1005007477849180
1005007483218937
1005007486605105
1005004504717245
1005007402296114
1005005856456277
1005006089263252
1005007467267584
1005007462768296
1005007258709761
1005006054714337
1005006869674980
1005004542215498
1005007052181925
1005002864297448
1005005951102407
1005004949327863
1005004890138431
1005007464661460
1005005953278019
1005005306291461
1005006008469111
1005006842830797
1005005989005987
1005007368423952
1005006447981546
1005007091001626
1005007256653992
1005006556390075
1005006112387769
1005007301533331
1005007218977894
1005007169522267
1005003927908928
1005001990412300
1005007225721991
1005006011775554
1005006197208944
1005005017660644
1005006627138707
1005006247458364
1005006395818190
1005006861311305
1005006592495623
1005006195222531
32750964471
1005004427911790
1005006728151862
1005006100792774
1005004212489291
1005007433664760
1005006913260427
1005005883867348
1005006969493379
1005003959122142
1005005794518339
1005004595394198
1005002921727169
1005007085827994
1005004327851756
1005005831101676
1005005858425789
1005006946791692
1005006533321326
1005007245024162
1005007089451845
1005007142994411
1005007077293731
1005005870575584
1005007306672619
4001296158389
1005005985284226
1005005457477421
1005001561139566
1005006091737217
1005003682218603
1005007038428063
1005006457931216
32827543728
1005007149573915
1005007422933192
1005006000848366
1005006186571707
1005004781965915
1005006074286240
1005007145292071
1005005682414614
1005006079696762
1005006479557308
1005003899860162
1005006281853064
1005003728399966
1005006159027843
1005006699938328
1005006757038429
1005005091171192
1005005848853130
1005005992126955
1005005266087779
1005005832514817
1005002810460881
1005007444727675
1005003197108616
1005007432211631
1005003127962914
1005007171394353
1005007411903767
1005007379309271
1005006785829978
1005007168672976
1005006764193867
1005006764495207
1005007330724303
1005005414118464
1005006475473496
1005006126616620
1005006126704050
1005007014861540
1005004936190466
1005006833710463
1005003378400934
1005006034084092
1005005733368399
1005005887907790
1005005321592877
1005005996230793
1005007144103784
1005005835846509
1005005424243840
1005007096445263
1005004923155016
1005004921338356
1005006870247018
1005007419217384
1005006450987922
1005006849520858
1005007090427251
1005006354699996
1005006151815124
1005006924443904
1005006164983543
1005007095871074
1005003261177454
1005006525238972
1005006937724370
1005006920803547
1005007333420668
1005006477279362
1005006117435233
1005006775586726
1005007264481673
1005007066933579
1005006782777909
1005004883691918
1005006354844157
1005006141265627
1005006680740900
1005006525536140
1005005857609247
1005004701416522
1005007197626692
1005006802138791
1005007245032384
1005006359679565
1005007234962398
1005006427264840
1005007145145156
1005007016912678
1005007121796908
1005006056793891
1005006544667072
1005006310312214
1005005951968771
1005007349742014
1005002282715359
1005006150208705
1005005067970193
1005006135265450
1005006085302540
1005006913019912
1005007096686449
1005006882076047
1005004453523747
1005007167829162
1005006454073830
1005006904031365
1005003437305249
1005004408937167
1005005951651140
1005006927087231
4001308290924
1005007219940495
1005006903104718
1005005993757850
1005006023705432
1005007311411180
32654988321
1005007369857400
1005006718668044
32949818709
1005007342202067
1005007091021792
1005002648990519
1005006440199112
1005004898090761
1005006665944146
1005006733376946
1005006732833535
1005006524609185
1005006524558275
1005006318536078
1005006127921877
1005005904900096
1005005901051791
1005007487861939
1005006520418262
1005006514721561
1005006832998817
1005006855247326
1005006875313323
1005006822213384
1005006812519128
1005006822215278
1005006729633704
1005006732689629
1005006518610615
1005006839537832
1005005919798488
1005006809024199
1005006513790869
1005006732937017
1005006519379467
1005006514856381
1005006519346845
1005007016730496
1005006164761743
1005004063670857
1005006161624902
1005005071998294
4000338002114
33025048836
1005002338653610
1005003799508213
1005002753323258
1005004953101347
1005002607259903
1005005534311384
33032876877
4000836646472
32796501752
32799202354
32800652846
32728179460
1005004777797863
1005005704084615
32801564179
32962085163
1005007051128965
32662927464
1005006309936135
4000321104352
1005002731422271
1005006007197098
4000087600065
4000034890212
4001241233267
1005006004999691
1005006476356772
1005003077569918
1005004521988130
1005005526454895
1005006756949817
1005007315816907
1005004713452937
1005004084447124
4000017323412
1005003200959343
1005006006901322
32861914018
4000202852873
33062119729
1005002889854782
32357827346
32358566085
32358222600
32747984310
1005006991239375
32792755612
1005006672774931
1005001665809888
1005005429508118
1005004902526703
1005004944562465
1005006351533545
1005007071210888
1005001867954494
1005003624534164
1005002847860661
1005007116301391
1005007469977734
1005007261207191
33002224225
1005005816435790
1005007416995094
1005007416891252
1005007416720372
1005007416767276
1005007416826293
1005007416578871
1005003407498051
1005006421589707
1005004280062896
1005007255817037
1005006403215498
1005007208540100
1005006116862686
1005007173547310
1005006119205047
1005006272829096
1005004279710261
1005005464069999
1005007062824508
1005006797324205
1005006308271888
1005007062855460
1005007480746489
1005007475203865
1005007479785902
1005007477148053
1005007182463024
1005006031997753
1005006694833785
1005005540427926
1005006971275004
1005006385403888
1005006205295134
1005005944334743
1005006853427305
1005007437314292
1005006136591956
1005007037911301
1005004407373084
1005007135371061
1005007384652210
1005007369131982
1005007253184364
1005007253369729
1005007117987018
1005006753117852