1005006948073204
1005007009059052
1005006803881018
1005004031864871
1005006433839180
1005006850074877
1005006045532960
1005006234630432
1005004940257677
1005006916295315
1005007140438016
1005006846197037
1005007067062642
1005007234847106
1005006255341376
1005005743851526
1005006533182929
1005006079818082
1005006074363276
32851037074
1194645012
1005007168562380
1005007103767303
1005006783835896
1005006532642201
1005002233547713
1005004010005248
1005007110994547
1005005932896711
1005005699548844
1005006743738583
1005006215384563
1005007354465074
1005004813077772
1005007484117448
1005007377450826
1005006897135135
1005007484179462
1005007471686264
1005007486588594
1005007485013930
1005007471718542
1005007488060360
1005007487462341
1005007471309479
1005007469561381
1005006838514792
1005007459286483
1005007470165193
1005007457994668
1005007458428039
1005007458312090
1005007462653422
1005007442983680
1005007458260283
1005007463520970
1005007470218737
1005007463235444
1005007466629339
1005007462936345
1005007467112799
1005007464598203
1005007462879432
1005007467863919
1005007464079800
1005007463704816
1005007466667031
1005005115682684
1005007476793062
1005007468491521
1005007134227264
1005007462125406
1005007462281148
1005007461573803
1005007457897969
1005007458115490
1005007438411491
1005007421488616
1005007148648639
1005007381808928
1005005413188036
1005007083524343
1005006895696248
1005006766258134
1005006766014594
1005006765935774
1005005747201640
1005006822427374
1005007097902444
1005006891695458
1005007029234587
1005007032161106
1005007128529022
1005007145289236
1005007266984139
1005005226512641
1005002533739103
1005006703934924
4000875055126
1005003251660715
32997202898
1005006745049312
1005006178507403
32801060413
1005004212103516
4000635628854
1005005392386563
32961692490
1005007014351377
1005007486599750
1005007487976135
1005007456736027
1005007445917500
1005007343064439
1005007096187806
1005007102933097
1005006524771981
1005007433820908
1005005653069637
1005006806362041
1005005996445961
1005005732194287
1005005736034610
1005006873804141
1005004905820933
1005006973607134
1005006938957591
1005007449271676
1005007200868635
4000510946743
1005004299642433
1005006064564114
1005007216296163
1005006500336130
1005007000406967
1005007440045963
1005006625489512
1005004389242753
1005007345778413
1005007342842581
1005004076558008
1005006193878879
1005006425627409
1005005996513477
1005005654417937
1005007218399904
1005006055517731
1005007257825321
1005007142466682
1005006933913538
1005007448049302
1005004360226473
1005005589247726
1005005757674637
1005007002092204
1005006198952205
1005005310523601
1005006918915489
1005006724086754
1005006778060145
1005005264922796
1005006136105421
1005006532109012
1005006666906586
1005007243444777
1005007278233055
1005007208037646
1005007017998857
1005007370091739
1005007244571373
1005006896723278
1005007007854449
1005006354905080
1005007279507367
1005007170992173
1005007356065944
4000839616409
1005005590136285
1005004598776903
1005007425195374
1005006967336637
1005006421164264
4000193048624
1005007391797731
1005007301205838
4000029708897
1005007021167103
1005003673363934
1005006918345870
1005007253654552
1005006926206821
1005006813480967
1005007347159776
1005007348294943
1005007399009841
1005006949511366
1005007403035498
1005007050351289
4000031634394
1005007269032382
1005006886595254
1005005468479372
1005006534208363
1005007172027989
1005006784197534
1005005958741055
1005006534422790
1005005926244484
1005006781444266
1005007046359755
1005007417734700
1005005929267862
1005006755073179
1005007029133656
1005005638103950
1005004337189940
1005006493966378
1005007086034267
1005007384158270
1005007125289938
1005007209572037
1005007252055360
1005005666809898
1005006771379747
1005006622905230
1005007050803764
1005007358894575
1005006061087895
4000628292054
1005007014770783
1005006865420130
1005007401637547
1005006389506399
1005002743275676
1005006716661380
1005002702689391
1005004600193965
1005006357460506
1005007161870636
1005007299601821
1005005131299874
1005005958751223
1005007469854690
1005003466342156
1005005599426705
1005005005605385
1005007407112518
1005005958638278
1005006388731791
1005006868630499
1005006808752173
1005006417296405
1005006989313998
1005004791784020
1005007217546010
1005004055979312
1005007418826014
1005006780845610
1005005981675768
1005006948433507
32949429375
1005005968657869
1005001874226571
1005006144882626
1005006831115804
1005006692094716
4000730934883
1005007144612367
1005006681374293
1005006757710786
1005006954376691
1005006028039680
1005005710041702
1005006147889617
1005006732328972
1005006286025253
1005007052901774
1005006643116054
1005005900492373
1005005417389510
1005006885904678
1005007418377800
1005004090999504
1005002287626002
1005005833153575
1005003449974191
1005004794235332
1005005649606909
1005004481897606
1005003263192054
1005006154091558
1005007187890434
1005007360523442
1005007463858000
1005007468017732
1005007467725771
1005007468130011
1005007409988697
1005007467863578
1005007217505897
1005006985807937
1005006485571748
1005007384080127
1005007047503834
1005007275058938
1005007119305288
1005007234589870
1005005868750439
1005006046366435
1005007391714619
1005006389942901
1005007211490410
1005006707655445
1005006841764821
1005005910210925
1005007187678727
1005006984765376
1005007234527967
1005007070544350
1005006768854420
1005006763008006
4000812308302
1005007360770321
1005007467653995
1005007317357501
1005007130803980
1005007333695518
1005003768944833
1005007192914252
1005007034259837
1005007329774549
1005007356681115
1005007343360665
1005007108497707
1005007463701672
1005007445947379
1005007332931696
1005006900150682
1005003156270754
1005007250178589
1005007333742017
1005007448789774
1005007460854907
1005007074441558
1005007261716473
1005007275194570
1005007489736543
1005007489727526
1005007489620783
1005007476622148
1005007476726143
1005007452967378
1005007474681091
1005007486438097
1005007481420222
1005007476718166
1005007474581515
1005007481381349
1005007474740273
1005007481084000
1005007486428585
1005007413576896
1005007486319731
1005007486320537
1005007452857061
1005007360314382
1005007333140707
1005006965070411
1005007349478520
1005007452617563
1005007370590893
1005007457082490
1005007360232384
1005007105072437
1005007452023941
1005007457256176
1005007433973569
1005006762568914
1005007234242762
1005007452021969
1005007360393058
1005007470151874
1005007432702693
1005007409537208
1005007431352278
1005007409299845
1005007405109107
1005007364786700
1005007386339182
1005007424632504
1005007364814757
1005007336276953
1005007468677221
1005007409528180
1005007370172081
1005006473182881
1005007458693708
1005007176998089
1005007336044917
1005006348496533
1005007076449941
1005005789766737
1005007295338694
1005005677581368
1005006938897318
1005007243876905
1005006394396841
1005005604924626
1005006983388333
1005006944493681
1005006983441087
1005006840466511
1005007396224890
1005006688655557
1005006783524439
1005006180840658
1005007440433107
1005007362764262
1005007205735609
1005007370803653
1005006060346211
1005006953190836
1005006343134613
1005006341931312
1005006565958351
1005006632312800
1005007370835599
1005006461869126
1005006095265190
1005006651804878
1005006920383635
1005006867598320
1005005189008924
1005006074267675
1005006063264489
1005006207564988
1005007169215687
1005007203198116
1005004614777623
1005005946687992
1005007040674354
1005006444397243
1005006944653315
1005004406173279
1005005472891884
1005007108733697
1005007234966388
1005007438269192
1005006139539763
1005005127176506
1005006288320782
1005005926192091
1005006786333442
1005005383023198
1005005738575056
1005007318540587
1005007322076603
1005007251913411
1005006614473177
1005007171883851
1005006962365176
1005004958628862
1005006315864201
1005003829234321
1005006381025126
1005006836563148
1005004898269610
1005006743431704
1005004705841967
1005007464268233
1005007130626669
1005005647526458
1005007423819644
32953163480
1005002995066747
1005005789335811
1005007316015586
1005006878973716
1005006466557563
1005005513051832
1005006623888937
1005007437074850
1005006785068402
1005005939012955
1005007419039346
1005005509483206
1005006770720690
1005007260954093
1005006691025222
1005007262018443
4000177914054
1005005249712859
1005007294213182
1005006436066855
1005006833212777
1005007408663277
1005006620671924
1005005966886842
1005006782779651
1005002838759190