1005007063127402
1005005547734068
1005007144564359
1005004499914114
1005006820264786
1005001832250576
1005006418448837
1005006613763558
1005006071664033
1005006140305815
1005006458584088
1005006182929683
4000865103170
1005006712401047
1005007245253358
1005004896929376
1005006862442917
1005003411508887
1005006445694284
1005005188597887
1005006818648888
1005004042183614
1005005553854719
1005007171320392
1005006912374249
1005007245179378
1005007348868782
1005006218778274
4000249984105
32878543437
1005007126211730
1005007115133036
1005006475688105
1005005681849670
1005007144363819
1005006895529121
1005006840780564
1005007041209054
1005006748987313
1005006894397247
1005005887961817
1005007206156585
1005006621625905
1005007241187196
1005005826626950
1005005582090828
1005006850287795
32968097160
1005006762562038
1005006923981906
1005007115368189
1005007417853870
1005005881525008
1005006212585463
1005007261252466
1005003396564192
1005006340876043
1005007150432066
1005006156895866
1005004428177724
1005005708182602
1005007168592416
1005006814010841
1005004622432281
1005007231488964
1005003499263742
1005007234885415
4000610934191
1005006926393140
1005006643296629
1005005871403404
1005007461388057
1005007032037537
1005004590595280
1005006747026644
1005007219666607
1005006778164391
1005005875721064
1005006996275821
1005007386097811
1005007030857688
1005006668482716
1005006338969723
1005005560491212
1005007431745659
1005005163605560
1005006465581676
1005005928070120
1005006626477698
1005006779269997
1005007122273699
1005006703232898
1005006787335503
1005002494206164
1005006924925283
1005006117187833
1005006135720243
1005007261896891
1005005753696433
1005005177648654
1005007184638418
1005006841731862
1005003796140883
1005007419558641
1005007187786051
1005006804486335
1005007027400807
1005006251928920
1005006622078183
1005006779471881
1005006161314413
1005006041187201
1005007016089973
1005006480468049
1005006443390760
1005007205993280
1005006119109230
1005007275697207
1005004065522012
1005006092589490
1005006868713214
1005006823282334
1005006480579361
1005006443922517
1005007076094399
1005004843509003
1005007293932470
1005006476786957
1005005253926965
1005006014364833
1005007075847566
1005007053874298
1005006681857676
1005002400310023
1005006885987159
1005006668793334
1005006485770631
1005006688944864
1005006611055211
1005006500763072
1005005324878676
1005005138073397
1005005592362878
1005005632387101
1005005296743164
1005007082729739
1005006626153935
1005005107056134
1005003579295906
1005006664414304
1005006819275141
1005005826662545
1005006806646977
1005005747740755
1005006281039881
1005006995447329
1005005819101942
1005007247205819
1005007059203373
1005006992243369
1005006838613555
1005006904068476
1005007008374128
1005007037186552
1005007018529425
1005006785987659
1005005909089834
1005006637591174
1005006832810001
1005004076774637
1005006839335360
1005003029991139
1005004052455260
1005006425074161
1005004618516842
1005005259912784
1005006751092634
1005005658636106
1005006947043542
1005006132225659
1005005218621380
1005006989575450
1005007023836713
1005006122637355
1005007324760611
1005005501964283
1005006611126068
1005006979603596
1005006395656323
1005006639946462
1005006773793567
1005005394567507
1005005401779351
1005005936767657
1005004328924390
1005006761185547
1005005815914781
1005007013476508
1005007341215669
1005006875176321
1005006366467097
1005005143969431
1005006122748061
1005006596668577
1005005875556620
1005005341701290
1005007262039535
1005007357446261
4001038211943
1005006316621656
1005007133442200
1005006995281621
1005006612188522
1005006198303110
1005007099403678
1005005683909708
1005007216635044
1005006179190581
1005006709960005
1005005467356260
1005006456691552
1005005438330697
1005007363717408
1005007145353626
1005006896637719
1005007233565199
1005006451598342
1005005740956460
33012391762
1005006426144026
1005006684618689
1005007060263276
1005007130555074
1005007001385423
1005006393343861
1005007066471557
1005006854111108
1005006593235215
1005006761361048
1005004059243601
1005007094633961
1005007016886518
1005007157417702
1005006859231959
1005005846502045
1005005766614268
1005006099728914
1005006918716656
1005007077001131
1005007123226895
1005006622147011
1005005231994559
1005006934768748
1005006931813637
1005005824647842
1005007111965244
1005006955145718
1005005026247028
1005006903478371
1005007045184421
1005005413136153
1005007110693180
1005007166891228
1005005553337631
1005006308039226
1005006015348415
1005007226721131
1005007068740739
1005004604080681
1005006680422498
1005006833068883
1005007072366152
1005007363020694
1005006989475362
1005005434293989
1005006739519696
1005005762049365
1005007015024373
1005007254832715
1005004648067107
1005007016960272
1005006957270352
1005005741931272
1005006347446421
1005007194649654
1005005751231463
1005006707345810
1005003666432088
1005005143983461
1005004511368272
1005002599864274
1005006162116574
1005006774352749
1005006550184376
1005006903535499
1005007026748442
1005006739579946
1005006679475346
1005007227550584
1005006855101543
1005006884429914
1005003569352400
1005005288315829
1005005298152471
1005006837416863
1005007181582335
1005005708585174
1005007067372787
1005004731444644
1005006093040406
1005005179012629
1005003889426364
1005006039383619
1005005762069852
1005005918916503
1005006380734070
1005005923725038
1005006753945260
1005007032597722
32976691051
1005006810722661
1005005320581734
1005004074072454
1005007112298651
1005005880154697
1005004539584483
1005006762804252
1005006015525360
1005007289053184
1005006969146816
1005006594417460
1005005875165104
1005006712356316
1005006473772654
1005005715629982
1005006243375317
1005006969056230
1005006349868159
1005005750723546
1005007189835092
1005005397112228
1005006287336509
1005005188700106
1005006825997176
1005005913923151
1005007221923279
1005006931348334
1005006385200218
1005005075578503
1005006871083160
1005006347344849
1005006562251463
1005005959325644
1005006055957929
1005006869391369
1005006982673564
1005005776595281
1005006813866461
1005006127826031
1005005032296139
1005006668000718
1005003196958508
1005006634614939
1005005982543201
1005005291679992
1005006891625111
1005005791686826
1005006223899099
1005005196658562
1005005796891952
1005006075072540
1005006682046479
1005006331511835
1005006376921775
1005006767926089
1005005214349944
1005006120707225
1005002927335653
1005005789386448
1005007240897181
1005006768925928
1005005982563179
1005005149700757
1005006885430775
1005005874675301
1005004544914700
1005006690422741
1005005456893668
1005004634670529
1005006798605830
1005006494767416
1005005219182123
1005007307966504
1005004766083696
1005006021968567
1005006307173870
1005007169419977
1005006093237982
1005006568353397
1005006597797410
1005005683785551
1005002419773720
1005006653717076
1005006799230861
1005007170909819
1005005298127141
1005005399342208
1005006788941094
1005007438441975
1005004793966115
1005006867343830
1005007370326866
1005003791221635
1005002273613251
1005006763539391
1005006180484802
1005004177513704
1005006825385552
1005006710778674
4000189227395
1005006468101036
1005007369487413
1005006645665332
1005006318128045
1005005885270287
1005007212588775
1005006405971956
1005003671477094
1005007224856892
1005004686761115
1005007189342648
1005006187677373
1005007322277832
1005007178158302
1005006750097860
1005007137395001
1005004189270329
1005004444163547
1005006513406162
1005005104566215
1005003316310021
1005006889468312
1005006756160617
1005007147280001
1005004026610846
1005006145404384
1005003901509866
4000894596254
1005005699205749
1005006856159023
1005006870109848
1005006982591157
1005006707598616
1005007267874154
1005005523046186
1005006630255111
1005006869461920
1005005343515685
1005006307122786
1005004458599369
1005004033287300
1005006413544175
1005002583994040
32791128063
1005006897156549
1005006797255887
1005006365536228
1005006857477263
1005006978812829
1005007005258183
1005006613202349
1005005621049355
1005006731259275
1005006802967560
1005007324650963
1005007214361143
1005006090234061
1005005905170553
1005006483510890
1005007142874925
1005006915309354
1005006788382393
1005007200338198
1005005349934307
1005006716103826
1005006610320603
1005006763180646
1005006631407192
1005007123520006
1005006969183009
1005006753640534
1005007269282967
1005005497738127
1005006639659562
1005006790980030
1005006345354478
1005006844227551
1005007148822801
1005006803872145
1005007032894265