1005005179426315
1005003508858345
1005003461988852
1005005879408451
1005003545098650
32955579311
1005004780554556
1005005992055019
1005004017189182
4000446343477
1005003865986651
1005003563968415
1005005217959026
1005006250915731
1005006269418159
1005006296535918
4000035974541
4000169797272
32917735522
1005005932760773
32929123870
1005005165925098
1005005838716246
1005005785026105
1005005355899076
1005005676833623
1005005991154782
1005003700284267
1005004322896267
4001104127211
1005006523089008
1005002341597981
1005003937350090
1005006284304009
1005004775280979
1005006134351102
1005006164712467
1005001793443504
1005006263530468
1005006211139164
1005007018265382
1005007162428051
1005005867134499
1005006064892834
1005006278542925
1005001771904984
1005005914233613
1005006161819808
1005006953962432
1005003338760079
4000991308118
1005005820901144
32786509022
1005006475346274
4000947643244
1005004964167293
1005006917677094
1005003562094954
1005007449310566
1005006164213676
4000410341812
1005005028980478
1005005813630449
1005004308612794
1005006118913921
1005005891618510
1005006056535518
1005006413932993
1005006539705646
1005006209634416
1005006120548393
1005005936784772
1005007456427037
1005006463732646
1005006983880632
1005006619790743
1005007389406379
1005006064181222
1005006269724655
1005003828241591
1005006832484474
1005007076131284
1005003771013161
1005005664311795
1005006421185228
1005006358554017
1005006019511401
1005003784594154
1005006103446092
1005006845119227
1005006244388075
1005004862353942
1005003228695526
1005006121446370
1005004727754874
1005005737182793
1005006406406114
1005007443157533
1005007452684034
1005006012138261
1005005910992905
1005006046803878
1005007451574007
1005006082872802
1005006968432430
1005006964216654
1005003247359076
1005007170392389
1005005973024854
1005006222778878
1005007174884288
1005005868199932
1005007128181414
1005004845053056
1005005017673277
1005006083180080
1005006094340050
1005006645269897
4001315398685
1005001510527503
1005005946767051
1005006144881985
1005003701201934
1005006139554230
1005007128419674
1005007261300015
1005007128652987
1005007454943242
1005002732762264
1005002688844569
1005005974358927
1005007339237070
1005007442995769
1005007196401795
4000370763050
1005006114045127
1005006371366556
1005003345619093
1005006109245113
1005001665535399
1005006726932890
1005003406817716
1005007444078752
1005006472877545
1005006934150569
1005005213421105
1005004514468806
1005004854298928
1005006548354548
1005003623587553
1005006965157701
1005006647601921
1005003300210212
1005007340952276
1005006701089862
1005006290539206
1005003227257013
1005006406094422
1005006286902277
1005006647281283
1005002836427451
1005006151237843
1005003219581260
1005005600252687
1005005616140672
1005007443029020
1005006822192510
1005006841561818
1005005996658464
1005006211284786
1005005097531874
1005003219523845
1005006935273361
1005007477495290
1005006096213836
1005006284982157
1005003500107520
1005006445313920
1005003276377324
1005001902946285
1005006339268622
4001059932726
1005007094537638
1005006165244902
1005005045640886
1005007454636847
1005006851131016
1005006733110249
1005005832661778
1005007169947704
1005003985538893
1005005394552066
1005005238720572
1005004302524225
1005007167446588
1005003186553375
1005006572812904
1005006761315543
1005003358028524
1005007313340088
1005004432318827
1005007002179625
1005002181025570
1005006114138443
4000536790329
1005006789412830
1005007013936370
1005007008062165
1005005013395761
32882837531
32891534459
1005006616765285
1005006269758735
1005003465346075
1005004862970729
1005005816429256
1005006589287278
1005005095006554
1005004234124287
1005007155755504
1005006059667032
1005005211935060
1005006896465241
1005006604635037
1005003017424166
4000258379389
1005003503091761
1005003307662149
1005004081664256
1005006499771009
1005007104361059
32800055862
32967903817
33053194366
1005004603686932
1005006826508946
1005006303457091
4000562091356
1005003214948192
32990275914
1005005945359623
1005005286030137
33001650393
1005006399468741
1005006903648479
1005006472644892
1005005983208589
1005006838375613
1005005984281704
1005006463889030
1005007131204928
1005007018142634
1005007467084676
1005007456214190
32705474765
1005006865088801
1005007230093145
1005007227410798
1005007417041584
1005006969219881
1005006542536289
1005007340098122
1005007282516990
1005006084646987
1005004898878161
1005005007664522
33050484384
1005004205638962
1005007128152393
1005006765441139
1005006814432735
1005005046321800
4001016138171
1005006041450965
1005003001712664
1005005942788292
1005004907343045
4000947992092
1005006775506253
32806726785
32787500799
1005005551292000
1005004070461362
4001338564832
1005001839503796
1005005351111922
32657319629
1005004810919357
1005006139973559
32993963963
1005005097528992
1005006636773181
1005007484237336
1005007488261354
1005007482983509
1005007457545436
1005003750379780
1005007467777551
1005007471843629
1005007331993903
1005006935123254
1005003339818210
1005007288455372
1005006690040360
1005005091485256
1005004840878284
1005007133376303
1005006445796234
1005005562419218
1005005412035798
1005007438012633
1005006891222933
1005006139406865
1005006581906996
1005004802118134
32893018106
1005003302052080
1005006301696326
1005007103009853
1005005432810167
1005007295954429
1005005530232984
1005005145732283
32916382393
1005001458226303
32825122974
4000080598935
1005005640114826
1005004263978241
1005001566280828
1005003643241459
1005001967225560
1005005536633969
1005004138850295
1005004532549053
1005004602414807
1005002647349069
4000265414087
1005005231196788
1005004211355586
1005002666919496
4000311461643
1005003217239662
1005003667661747
1005003568501144
1005003378653836
1005004879759128
1005003936319086
1005005574562003
1005003451210478
1005005584756611
1005005497199210
1005005226439692
1005003020888023
1005005594243742
1005003144230979
4000781707738
1005003397341682
1005002914046605
1005005414063895
4000187643798
1005003396690674
1005004054994495
1005004793644767
4001294528464
1005003081694018
1005004585796992
32819700229
1005004973799657
1005004846004802
1005003478833044
1005003103021089
1005004853471112
1005002675751790
1005004232050392
1005004487805367
1005004650998404
1005004135580146
1005001815909299
1005004327347718
32998092668
4000804049438
1005004534672080
1005003512890516
1005003230021054
1005004879730056
1005005670737345
1005001856249244
1005005302839870
33013681653
1005004816678636
1005003103605710
1005004841629297
1005005252347934
1005005287260255
1005004521337724
1005005482714990
4000161722754
1005005339995933
1005003117082450
1005001852604341
1005004431492315
1005002717886719
1005004005067453
1005001505992481
33033500332
1005001895897010
1005004189076784
4000354888988
1005003445402751
1005005136379121
32820317671
1005002763320387
1005005483264724
1005003441099616
1005005249603868
4000019952278
1005001322629181
1005001437499329
1005005384677180
1005004624684808
1005004840216371
1005005196340384
1005004679930452
1005004478266081
1005002768001508
1005005544158914
4000483031551
1005004995103174
32927204499
1005004608895449
32959169286
1005004026448836
4001067964862
1005004017993705
1005004505928841
4000923542753
1005004473006029
1005004119564251
1005004095596281
1005005025133220
1005002674288215
32995817994
1005004702214801
32953385765
1005003828173207
32956435643
1005004033606421
1005004798883977
4000534556445
1005003912950407
1005004935278697
1005005201892406
32875243182
4000332153586
1005003666197607
1005004532881660
1005004825294976
1005003511229697
4001360387001
32910016772
1005003802142348
4000360424849
1005003138030503
1005003312956934
1005004866877845
1005004171543226
1005005581203400
1005003475929995
1005004564469045
1005003678053872
32896275810
1005005376224949
1005004692064361
4000112470998
1005002432936684
1005005115538004
1005005598062350
1005004284668931
1005004014192016
1005001507430482
1005004007776920
4000933397837
1005003779856007
1005004411798065
1005005134823783
1005004717327665
1005001470242109
1005003303379724
1005005029848387
1005003262306484
32969383949
1005003810258845
1005005429711718
1005003754789170
1005001349781877
1005003098017753
4000152398490
1005006139427892
1005007369654072