1005006872870574
1005006808471498
1005006589228191
1005006889346141
1005007046021086
1005007234979013
1005006425187708
1005006917912132
1005006968426241
1005002465902996
1005005160617820
1005006533868923
1005007299471064
1005007187527128
1005006054072647
1005007103625539
1005006832079365
1005007157775363
1005007426701530
1005006653528288
1005005709764629
1005007084397059
1005006603723363
1005006953757786
1005006723621179
1005005244679952
1005006684354873
1005007177215504
1005006366584294
1005006440487115
1005006018277031
1005004625671505
1005005460693096
1005006902967307
1005007169726522
1005007382078195
1005006678882750
1005006082271137
1005005959053199
1005007461281364
1005007126275346
1005006887035633
1005007002954417
1005006509057190
1005003979048704
1005006995846713
1005007090640024
1005007002779976
1005006910107022
1005006428701705
1005006262240754
1005006754106512
1005004771221386
1005006845422799
1005007052985557
1005006018633650
1005003223647354
1005006806626224
1005006640167165
1005007379091315
1005006049732939
1005007205908885
1005007196151361
1005005266415751
1005006685786887
1005005949990945
1005006490737543
1005006724454883
1005005828045076
1005006174970924
1005006976141300
1005007017310176
1005006955887760
1005006890304370
1005006125124989
1005007342617312
1005007299943829
1005006830287132
1005006696129540
1005006327968192
1005006169238383
1005003842812013
1005005801762134
1005006415591620
1005004219686810
1005006751101661
1005006828860981
1005006909392102
1005006995559218
1005007246367804
1005006968591002
32859601774
1005007183529473
1005006959292421
1005006812155259
1005006763347185
1005006861921180
1005002383174427
1005007062259948
1005002237834283
1005007457562714
1005003063718599
1005007339078314
1005004887497840
1005005368149922
1005005468237803
1005007299610722
1005006136430666
1005007452535660
1005007438721414
1005006710622306
1005005666040197
1005007052816290
1005007166930561
1005007255593426
1005007462678723
1005007176734526
1005006598993267
1005006787913561
1005007292134151
1005006708467869
1005006661726094
1005006615779296
1005007342172712
1005005471676094
1005007458034700
1005005006867737
1005007320645206
1005007043232811
1005007049115341
1005006598307808
1005007205990381
1005006474062345
1005007450959643
1005007187239492
1005007164775335
1005006040925168
1005006925495316
1005006925593313
1005006925726072
1005007340001725
1005006150293970
1005007015047307
1005007367242594
1005007458975254
1005007210871040
1005006456990289
1005005750677789
1005007421823821
1005006510272102
1005007045644360
1005007215275155
1005007307352471
1005007451131362
1005007413125108
1005006538164188
1005006545697001
1005006475033687
1005007109062742
1005007448902667
1005007182963852
1005007448847370
1005005141018478
1005007448733585
1005003276589772
1005007324728991
1005007448678305
1005006773729988
1005007453011661
1005007342105862
1005006773811873
1005007170271441
1005007144999482
1005007448538614
1005007442407895
1005007448779102
1005007229457466
1005007320066870
1005007446690497
1005007352860301
1005006051163765
1005007339392300
1005007146749215
1005007461034317
1005007459012179
1005007412816975
1005007408907791
1005007320346011
1005005774436053
1005007489735948
1005007489809669
1005007489856393
1005007489869139
1005007489868001
1005007489670451
1005007489643297
1005007453321096
1005007489105157
1005007488727706
1005007488661846
1005007488559956
1005007412830773
1005007488887063
1005007488807235
1005006344545336
1005007413047534
1005007488557530
1005007458602543
1005007413094294
1005007340705802
1005007485899590
1005006603008965
1005006941510820
1005007445038442
1005007487874662
1005007488082151
1005007487964429
1005006982692836
1005007487977350
1005007403107148
1005007466494287
1005007379112512
1005007487870119
1005007086062488
1005006739959413
1005005410015261
1005007384533505
1005005930045660
1005006515818346
1005007359232500
1005007435382720
1005006662713075
1005007076383101
1005007432816155
1005007417299602
1005007408662861
1005007408705646
1005007128915371
1005007323531527
1005007375752716
1005006815347972
1005007448198802
1005005800500230
1005007462342089
1005007447531592
1005007107412048
1005007232063384
1005007408908458
1005007447705487
1005007339177977
1005005546464795
1005007465134580
1005003453897727
1005006978927530
1005005774353525
1005005554184822
1005007449054340
1005003165194572
1005007126580137
1005007352363962
1005007336650417
1005006740630728
1005007126590575
1005007086633172
1005007065180320
1005007055719568
1005007449028325
1005006749468266
1005006754250701
1005007324907864
1005006349336440
1005007327806704
1005006895753909
1005006935887986
1005006066704431
1005007282553397
1005006867349586
1005005511713873
1005006790601643
1005005956193073
1005005141881942
1005007305888631
1005007189769592
1005007145177822
1005007020538934
1005005704379445
1005007206281381
1005007280550177
1005006051087768
1005007206300293
1005007206137780
1005007215470001
1005007183445418
1005007183176824
1005007179910267
1005005977439443
1005007183082929
1005005877620274
1005006327873376
1005006990462113
1005007126544076
1005007126098806
1005006243137546
1005007138189496
1005005278039384
1005005858734946
1005005809251821
1005006146001113
1005006388182092
1005006065098014
1005006399497912
1005007353466007
1005002048505692
1005001644995480
1005007449683910
1005003637637266
1005003799157896
1005006486030516
1005006432064532
1005005078689703
1005005809294667
1005007045051143
1005007194555710
1005007439287788
1005007440443533
1005004208375357
1005003396393579
1005005270914263
1005002748225233
4000004045428
1005005236654904
1005003384319006
1005003102408025
1005006635569448
1005001839772754
1005004557615693
1005006659381208
1005004860045052
1005004407630631
1005001644910866
1005007123634573
1005002043065703
1005006837828723
1005007365465902
1005007303308683
1005007224570322
1005006880061286
1005006860086535
1005007054062433
1005003353804317
1005003659189214
1005005928874716
1005005131585487
1005006672899984
1005004443651240
1005004281298179
1005006644709999
1005004928279331
1005006136755807
1005002274561229
1005004265130071
1005005349328900
1005006186903579
1005003366012631
1005004076298015
1005006134338863
1005005760130240
1005005673422217
1005001914243083
1005003723545562
1005006015461647
1005001345653552
1005004723704890
1005007469098266
1005007468920693
1005007470551167
1005007474108837
1005007443873277
1005007441162035
1005006302372316
1005005466164071
1005007406329820
33056937017
1005006321975447
1005003541897866
1005004123579660
1005005101376235
1005003768340575
1005006250033624
1005006717370432
4000777944315
1005004814143844
1005006904656891
1005003981156267
1005004073173241
1005005657631687
1005005657735363
1005006656539310
1005003637323743
1005006960813672
1005002668074977
1005006702079003
1005006201810173
1005004050387112
1005006187008717
1005006244017325
1005007483695005
1005004107222841
1005006990022659
1005006568223444
1005004894299905
1005005397916561
1005001483800818
1005005598239076
1005006533358818
1005006186991853
1005005373862803
1005006129926543
4000922052180
1005007336683507
1005006873997729
1005006655602111
1005006873964957
1005006794646653
1005003983308669
1005007344044858
1005006435451963
1005006523487398
1005006293140509
1005004383330845
1005004353668959
1005007208737392
1005004873216272
1005004429832602
1005004320862235
32890453217
1005007437369584
1005002910951041
1005007223687468
1005007400900032
1005005739166934
1005007402333241
1005007337533674
1005006601445653
1005007405124697
1005003673977365
1005006927782782
4000235033835
1005007402827159
1005006321528254
1005007401113204
1005007354832234
1005007298059552
1005004337589065
1005007423548926
1005007064145292
1005007348019131
1005006201260196
1005006913399844
1005005946672989
1005006636432541
1005007400901871
32834634939
1005007442534614
1005006889364652
1005006873970944
1005006900965653
1005007360503792
1005004458423864
1005005139500562
1005007421441240
1005006889089342
1005006891807874
1005006886750108
1005006886727262
1005006891854579
1005004823799797
1005007121563473
1005003467916511
1005005857926536
1005003723226158
1005006342100523
1005006981406650
1005006185484866
1005006917827246
1005006327382319
1005006667123635
1005006698363745
1005005069727539
1005006065105861
1005006690289053
1005007003777021
1005006444361898
1005005398099075
1005006033319096
1005006698865831
4001102186894
1005005495572604
1005006111961542
1005006627051260