32869329071
1000006313070
32869756189
1000006116921
32920033244
32919719202
1000005875503
32903583031
32890907651
32964232874
33013428613
1000006416253
32910116110
4000154116757
4000358082237
32964368509
32869209279
32878528166
4001132392287
1000006123157
32869324337
32904156522
32955797185
1000005734192
4001319679574
32950282573
32882871894
4000034088269
1005001577088441
32963809631
32938161600
32878715703
32918519962
32932324043
1005007350728742
32932252576
1000005715605
32951916172
1000006241485
32955727110
32901889760
1005005543396867
1000006053410
32832871058
32854014997
32859149881
32828905277
32951781615
32876996657
1005007376580967
1005006004144435
32907936679
1005003669775343
32948387682
32835904893
1000005859983
32899653558
32952392706
32829559851
1000005888047
32964760673
32853448640
32952732382
32836928798
32826109638
32913627001
32954090168
32870574066
1000006119168
32869125098
1000005871252
1000005851714
1005007361264390
32833724817
32849434750
1000006366218
4000107055051
1000006044575
32966449280
32826757844
32850953436
32828451855
32825677043
1000006221748
4000107037640
1005005693883916
32956628785
33004534437
1000006025272
32950736555
32869328098
32838071186
32834558892
4001225937249
1005003159520152
1005006020986010
4001247780290
4001270018739
1005003005112856
1005002994367360
4000158952181
1005002995794970
1005003127026116
4000215931961
1005003798796882
1005002894673701
4001229228365
4001272870829
1005003102109158
1005005604257024
4001270105583
1005001516514389
4001325593983
32952442528
1000006565090
32964685811
1000006066136
1000005869253
1005001577088644
32957846672
32896521708
32953498984
32965771775
1000006096925
32908964139
32962550281
32950856414
1000006256588
32964335138
1000006221700
1000005864268
4000423590533
1000006037524
4000037353853
1000005984047
32920972024
1000006221751
1000006023514
4001242532000
1000006601736
4001124538369
1000006685529
4000037264513
1005003005215271
1005003005187295
1005002969560744
4000113686695
4000157999906
1005003078099439
32961367132
1461739452
32652140485
4000682705910
1005002969738267
1005002928122166
4001105088653
32293043264
32443337588
32843380858
32787492884
1398187015
32652751127
32984955595
4000104111288
32870052436
1005002969583714
32884943750
4000178730344
1362558902
32815769764
1920633096
32648737705
32842487543
1755950877
32271734227
1462370421
4001269435684
4001081899374
4000158529984
1416164969
32810439836
1452212217
1220072779
1220072889
1363491159
4001242652616
4001307651087
4000343720050
1005006056957206
1005002928236088
1005005847892572
1005002969734043
1005003005187401
1005002928469089
1005003078116156
1005005843434998
1005002922076023
1005003005195265
1005003005203304
1005002921619755
1005005863883975
1005003005134677
32942014606
32861867537
32842531209
32959595031
32841214360
32833741277
32828306831
32853475779
32951041766
32826776826
32828101844
32826048955
32860282072
32825753032
32909220400
32826196331
32852997019
32951920124
32848341128
32827722957
32961383279
32854202631
32853524858
32843879884
32888324741
32840193359
32955531346
32936250588
32935336611
32853500916
32848321434
32834566382
32880659210
32847629432
32826436141
32953350907
32850227844
32952327982
32834509283
4001246869579
4000115508076
1005002969579850
4001257406022
32900809083
1005002928210413
32835198348
4001257400001
32964788991
1000006025268
1000006045143
1000005792228
32836075994
1005003078061476
1005001516389768
32982060608
32812762272
32974282525
32957030277
4001184891090
4001160568994
1000005860983
32863253188
32845387288
4000159021219
32903491645
32826669065
4000149134562
4000117425986
32826360802
1005002969713499
32869729123
4000062301531
32967667935
4001260460176
32872943410
4001255214151
1005003525533720
4000116337723
1005003114442795
1005003078077291
1005002969575946
1000006042075
4000151031960
32915308935
1005001355370563
1000005884616
4000173556257
32912962605
1005006918444939
1005002328747212
1005006416645984
33012431540
32859720640
32962483229
4000216235350
32717822413
1005006887657232
4000929455551
4000807418848
32842484423
32808168625
4000921981704
4000922086055
32840804970
1005007341308077
1005005116565667
1005002622704003
1005001644432512
4000928462000
4000922473977
32857238885
32728002980
32728838501
32829250839
4000841545963
4001020850172
33017023218
1005005790497299
32963131486
32861775420
32909206527
1005005773950944
32867769883
32842403553
4000922294394
4000922219292
4000922096833
32800853800
1550193504
4000831560364
4001064263087
32810454342
32827750548
1005005929459862
32992366584
32991092434
1005007479043170
32727349583
32856700621
32858494219
4001029222860
1005002328190248
1005007481331641
1005005653348121
1005007128944147
1005006140848671
4000831515348
4000831663280
32725074973
32857508697
32858478333
1005005002324196
1005005301299016
32892002300
32725593541
4000835269460
32825854769
32726370501
33013848340
1005006132061000
1550076332
32892014082
4000831558203
1005004999992934
4000831459482
32852392404
32891950909
436863330
32868272137
32859337120
32859704991
1005006371026634
32987940121
32841862230
4000695646208
32839869820
32841792151
32962314903
4000925731471
4000921677737
4000928550317
4000841823664
32582879587
4000835189900
32725352019
32827459654
32890716631
32760499587
32891946924
1005007341180219
1005007324247328
1005007086879980
1005006599873407
32864668085
1005006912739963
32861416731
1005006812184712
33016947421
33015650330
4000905101460
1005007039122404
1005006629388644
32724070731
1005005884790032
1005006582734005
1005006582636101
1005005754654251
1005005072745337
1005007351272484
1005007033404750
1005007033359964
1005007033728008
1005007033591119
1005007033521315
1005007033406768
1005007033356927
1005007033577281
1005007033356887
4001216582403
1005004766249122
1005007275480838
1005007139702510
1005006324984470
1005007144125252
1005005939774886
1005007011272514
1005005921923199
1005003582701310
1005007063741354
1005003108513233
1005006123429123
1005007001866906
1005007470406967
1005007194863032
32856503126
1005003097900699
1005005035210510
1005003323848466
1005006875898477
1005003422205829
1005003083311822
1005005576753877
1005004135024988
1005006035793108
1005006857896300
1005006868268278
1005006938717109
1005005511338307
1005006831422423
1005006155172372
1005007198468145
1005007009604330
1005007210140755
1005005471286588
1005004422160478
1005005420009233
1005004384296394
1005006314724957
1005001344312657
1005007119710931
1005005471519391
1005006998540831
1005003877728252
1005004589519674
1005005763656240
1005005065243329
1005004522666197
1005005913703798
1005007469949205
1005007486783233
1005007472194067
1005007485657672
1005007485747964
1005007480542883
1005005091329349
1005007468768743
1005007183004161
1005006504968603
1005003203130009
1005004744899637
1005006756151923
1005006787755742
1005001789856712
1005006099282889
4000183031598
1005006415398882
1005007342736105
1005006282108852
1005006894662777
1005007364238413
1005007038024631
1005007038432116
1005007320504045
1005007468797445
1005006289827195
1005005545136022
1005003447102518
1005005208453480