1005005100653647
1005006850013985
1005007309397985
1005006837842638
1005007102868451
4001276238479
1005005196043421
1005007215746672
1005007169138189
1005005104514997
1005006844267658
1005005355735924
1005007227049097
1005006871494745
1005005072315342
1005006302365635
4001175343751
1005005020306478
1005006615727083
1005007292994130
1005007112573180
1005007391321071
1005005296651151
1005005345845586
1005006467877528
1005005981288699
1005004962825925
1005004899702501
32997535989
1005005452224384
1005006186748097
1005006283699229
1005005854950505
1005005819064120
1005006942805307
1005006542457792
1005006416422187
1005007324215839
1005006113664030
1005006258408410
1005006653996228
1005006712593632
1005005871221319
1005006638614311
1005005636421816
1005005298693464
1005006111101863
1005005407758667
1005006722951276
1005005205654219
1005007252625237
1005005866202217
1005006646265407
1005005487163383
1005005493510173
1005005407245965
1005002879171628
1005005867941420
1005005100719195
1005005868563216
1005007046590320
1005007173325318
1005005637950701
1005004532929518
1005004086801630
1005005606035186
1005007287659368
1005004580376718
1005005120826401
1005006045371748
1005005925320508
1005007201884297
1005006645900350
1005006572943725
1005005986148020
1005005889213295
1005006151195814
1005006435276763
4000338615249
1005004150728626
1005002442883359
1005006797113675
1005006929419093
1005006950400379
1005006114496997
1005004790875397
1005007189134473
1005007391750356
1005005055294740
1005004547448304
1005004265148955
1005007025452369
1005003394203748
33005630610
1005004253450128
1005005430726720
1005007122852022
1005006260056583
1005007344995535
1005007129673053
1005003847365097
1005007335867014
1005006761877265
1005007148724163
1005005938025197
1005002877954158
1005006320822385
1005006439294224
1005007116706350
1005004797235019
1005006686872696
1005006929628126
1005007245037902
1005006150040303
1005005156371994
1005002518285985
1005002583389302
1005007060094016
1005006161537660
1005006368021899
1005006248141578
1005006915191016
1005007143406839
1005005440964452
1005006624854774
1005006023705545
1005007308292137
1005007059142347
32846606852
1005005887709724
1005005751489488
1005003037581986
1005007115735307
1005007084796451
1005006416800122
1005006019778364
1005003426017236
1005007062959979
1005005945377190
1005004269799222
1005005802498276
1005007309692739
1005006249700467
1005006045957607
33041979502
1005006897398823
1005006342425038
1005006595048566
1005006968304848
1005007226493169
1005006024899136
1005006734515123
1005006707388940
1005001622905260
1005007382277570
1005007053228599
1005005191828489
1005006466902393
1005006197230130
1005006745156783
1005003212422954
1005006872437920
1005003148993192
1005006312443244
1005006989297413
1005003765423702
1005006873968139
1005007065574899
1005007007213968
1005007132622722
1005003030774316
1005007149151322
4000573989650
1005006934729145
1005006435713549
1005005918859134
1005004807698574
1005005902063921
1005004832581104
1005006661577747
1005006038786328
1005005120781408
1005006434859847
1005006324648020
32829022639
1005006069983846
1005007084750190
1005005596260277
1005006750214482
1005007283022945
4000609058514
1005004266410347
1005007013606883
1005006903833480
1005006468953099
1005006683185234
4001045999453
1005005182001007
1005002571696947
1005006865029678
1005006918775485
1005006693210202
4000789789837
1005006131165257
1005007289294330
1005006461331563
1005006107394595
1005006584281654
1005004026978747
1005006169458605
1005005552041622
1005006652066713
1005004862341318
1005005861224695
1005003086275206
1005004404555103
1005007325225398
32962654020
1005007127228813
1005007401984047
1005006027395254
1005006673663382
1005005571043350
1005004712345072
1005003930551850
1005005862785726
1005006593819527
1005006039402399
1005004917469119
1005003830101524
1005006314090329
1005005165999889
1005005603025728
1005006854007253
1005006390749685
1005004329895966
1005006747715235
1005006858646970
1005006150502844
1005007322239961
1005005488633517
1005005864693250
1005007124086429
1005007279429902
1005005499982139
1005007307471008
1005006957497081
1005004267493053
1005005994668737
1005004591259321
1005006406875321
1005006939037381
1005006609250982
1005004907427687
1005003304273033
1005006154459020
1005006851496742
1005005043059335
1005005021255560
1005006779485117
1005007128836587
1005006853269591
1005007403614206
1005002066820628
1005007352115286
1005007245648763
1005006131592858
1005006939657032
1005007055246058
1005004328270650
1005006827735582
1005004806937938
1005006021267892
1005006095431665
1005004207591336
1005001774722921
1005004391518495
1005003253825624
1005006265955881
1005007324718101
1005003822100610
1005004515670873
1005007242870935
1005001867887656
1005006097602330
1005006158326118
1005006934709969
1005003401535960
1005005878524174
1005006394300884
1005005433069995
1005005980649470
1005006331193003
1005007054379068
1005004698782876
1005005804740859
1005006082068517
1005006420999051
1005004504023384
1005003887846466
1005006250458519
1005005990936713
1005006998294446
1005006466309469
1005006040397894
1005006730319568
1005006379797658
1005005301573083
1005007060450910
1005005048163564
1005006856209022
1005005821861559
1005006815429860
1005007081695982
1005005260278716
1005006676746326
1005006060606259
1005005271279509
1005007322882107
1005007322702651
1005006598767273
1005006725630101
1005006598810222
1005004658088105
1005003396140524
1005001789237387
1005006646946374
1005006875752995
1005006379599698
1005006048378680
1005005600023714
1005007254620391
1005006762080458
1005007117568340
1005004189169805
1005006850665262
1005006843916959
1005005698593843
1005004279305770
1005005821887489
1005007181001384
1005007340108166
1005006644285998
1005003396190255
1005006903270084
1005006656276276
4001084927659
4001189074900
1005004637188677
1005006280127736
1005004599413772
1005004452532928
4000767694185
1005003232781212
1005007464244699
1005007472158872
1005007464437463
1005003215634500
32868350315
1005006290399053
1005007439190550
1005003623485575
1005005055823626
1005006943551540
1005007379196815
1005007359974937
1005007348362839
1005006882901771
1005007360002781
1005007167699371
1005004324983210
1005007360132267
1005007359912970
1005007167437809
1005007278561674
1005005978907212
32858680505
1005006361756431
1005007301913228
1005007278670122
1005007336742734
1005007299862512
1005006462699191
1005007288820584
1005005614092846
1005007003124541
1005007294143635
1005005362675042
1005006078050080
1005004165462918
1005007295566277
1005006105882114
1005006432554833
32748623046
1005004692733099
1005007360200027
1005007359976833
1005007169903301
1005007433896110
1005007360199016
1005007002697605
1005007359951818
1005007301818524
1005007167601623
1005007167458681
1005007284570666
1005007279647643
1005007279735152
1005002489061341
1005006711833007
1005006711401550
1005003322240281
32945588649
32748591052
1005002985141511
1005003327394014
1005006286556518
32948267065
1000001550757
32674630932
32825537288
1005003327466792
32857329855
32857321714
4000328289601
32748591410
4000054944372
1005002812903424
1005006059831049
1005006066518897
1005006066631330
1005004164802184
1005004164250562
1700484661
1701377174
1005007295721445
1005007301940266
1005007295654863
1005007360028626
1005007301808581
1005007167600509
1005006609795961
1005007167865451
1005006712779982
1005007278722005
1005004704704163
1005005755435319
1005004441034242
1005007300042916
1005006432760610
1005007359850811
33000323187
1005002984216247
1005007316908443
1005007295627212
1701358226
4000982470561
1005007301778549
1005005909258052
1005004441158181
1005007370900318
1005005234103403
1005007359979579
1005007316985188
1005004165890664
1005007359941761
1005007360104469
1005004619155265
1005007168018137
32676323934
1005007359638692
1005007301594856
1005006882958559
1005005900057625
1005007300348123
1005007169409921
1005007278563560
1005007295829005
1005007347797669
1005007336663518
1005007335653796
1005007300474060
1005004441016880
1005007301831571
1005007301103501
1005007300298446
1005007295691654
1005007295817144
1005007293642849
1005007301153552
1005006066647164
1005004441129506
1005007260534790
1005007094910168
1005006797015212
1005006677100870
1005007094439802
1005006962764817
1005007431744196
1005007053231558