1005004125813314
1005005221794919
4000238052372
32827020244
1005003533082240
1005004368305127
1005004941931587
4000177052618
1005004963196541
1005002466143918
32868339506
1005003138744407
1005002074365723
1005003603956892
1005004893133632
1005003767804161
1005004182260154
1005003699254115
4001132838726
4000208051293
32954047799
1005004298606608
1005004308281971
4001133046978
32667718734
1005003378732866
1005005290775091
1005004012831516
4000374297546
4000154475522
1005001345394019
1005004049416916
1005005288182596
32863252627
1005004027024182
4001012490696
1005002137297231
1005003479640029
4001268476766
1005004572834386
1005003236053832
1005002070040109
1005004127657856
1005002450917511
1005003642959830
1005005059990100
1005003098884014
4000687311495
33043495977
1005003285430138
33043539615
33009186779
1005004734667182
1005003083598749
1005001576941452
1005001656548190
1005004578367328
1005004773852790
1005004813061735
32823935553
1005003656008798
1005003651241057
32998333124
1005003156540857
4000879741652
32951510002
1005003498106243
1005003456499461
32897012143
1005001633963328
1005005187473728
1005003165429523
1005001586599518
1005003385735274
1005003278110597
1005003532164610
1005004246892105
1005001785527687
33042236760
1005004532192042
32955948681
1005005086210904
4000183663882
4000259711707
32900622744
4000071001717
32864911134
4000571098150
1005005644689228
1005005282406930
1005005307385134
33012019768
1005003895144630
1005004056284281
1005002615501430
1005004398903788
32280578050
1005004022821177
1005004759726897
1005004770931527
1005001582133935
1005004728556708
1005004421602422
1005004263014905
1005004464376733
1005005437168492
1005005237678201
1005004124240023
33001138520
1005005231669384
1005004715892864
1005001580987550
4001157234096
32960764114
1005001965871567
1005004312439065
1005004916928108
4000108305493
1005004592668385
1005003483877215
1005003874223123
1005002213855398
1005003373653717
1005004611410361
32835672894
1005002674887575
1005003435230389
1005003373814706
1005003234805653
1005004910746317
1005005278140415
32965001494
1005003928026884
1005003813749553
1005001330945167
4001271125563
4001143048959
1005001343135492
1005002350802194
1005005611674271
1005002904192634
1005004058411498
1005004925431290
32619169756
32797819876
1005003331070222
1005004250520876
1005001265727132
32981665034
1005002754227065
1005001608020236
1005005574225026
1005003980847213
32879437156
32985507170
1005003507757993
4001219150744
32880244356
1005004131974154
1005001897655046
1005002861726470
32880561414
1005003765319698
1005002802179905
1005003223741458
1005003773585328
1005005579939569
1005004700457785
1005003184477667
1005004979596533
1005005456279337
1005004242356064
4001108471612
1005003296434656
1005001481272269
1005003232196455
1005001587373716
1005004813902181
1005004212576805
1005001910460494
1005004741818120
1005004837127251
4001322473084
4001034500753
1005004551341373
1005005384488518
1005003994746701
1005004657091823
1005002485061187
1005003415510301
4001118814652
1005003002992107
1005001367228690
1005003123326908
1005001307393540
32822761000
1005005299893063
1005004994019135
1005004760941356
1005004845769294
1005003309315783
1005003507781653
1005002322497060
1005002704928237
1005003236626887
4001033138415
1005004180963139
33007779262
1005004686959285
1005004827675922
32950388341
4000240182773
4000605888161
1005003098761184
1005004346344783
1005003320175711
1005006733639823
1005007183600754
1005005467577513
32971478228
1005002753243146
1005005585336211
1005005616600452
4000292457208
1005005091444711
1005002356324019
1005001713874847
4001166372691
1005004663201145
4000190347540
1005003095842043
1005002048313859
1005004779318414
4000064747844
1005004848549499
32951664487
32814764870
32315074754
1005001469950347
1005004470525815
1005003913041616
1005003672438313
1005005287293534
1005004866281637
4000078330837
1005005279173781
1005005120868017
1005004052096540
1005007407859413
1005007291626667
1005007245296542
1005006902848022
1005002104458614
1005006195001737
1005005315529517
1005006830922265
1005001270904281
1005006151496789
1005006880424102
1005004804013430
1005005902105490
1005006060609412
1005007267958843
1005005937180426
1005006838275080
1005005492409187
1005006267017462
4001304909071
1005005908907828
1005007039583409
1005007413671734
1005005478758642
1005006411569230
1005006186499513
1005006585580312
1005006625389166
1005004537535094
1005003303137250
1005007266978492
1005005875239322
1005004992837542
1005005930032084
1005006470957526
1005006620289680
1005007307644967
1005005762437832
1005003830905904
1005006439905268
1005005528685407
1005007468378075
1005006896185372
1005007447754348
1005005549675330
1005005801248765
1005004268025773
1005007435679572
1005007333984193
1005005791583069
1005006354001961
1005006967414362
1005006755112009
1005001913603998
1005006572971665
1005007401981133
1005005074411599
1005006593428310
1005003654680145
1005007371086004
1005005895683812
1005007351969466
1005006370281366
1005002567964242
1005005704589494
1005005574680941
1005007299741749
1005005579546007
1005005558051209
1005003514995329
1005006740720772
1005007085266079
32816754923
1005007452029963
1005003787168336
1005007163653906
1005004104061053
1005002034072790
1005007069475851
1005006260309392
1005005690273913
1005004974702561
1005006754474592
1005007267666502
1005006789828933
1005006054518613
1005005880029984
1005001454843308
1005004974226066
1005007226681093
1005004916336326
1005006591325623
1005007205328279
1005002284238644
1005007085774891
1005006135682636
4000867904521
1005005562647208
1005006966732503
1005005948651076
1005007033531167
1005007002691442
1005007065871663
1005006217957511
1005002715773489
1005007323967355
1005001290444414
1005006341595849
1005005805464777
1005006908413542
1005007076551710
1005006444201200
1005007026796740
1005002711008786
1005005580756838
1005006750490340
1005004033434444
1005007095089214
1005007021841303
1005006514808051
1005006941953115
1005004738397276
1005006463699216
1005006821694663
1005004842057833
1005005690547188
1005007227206851
1005006763457355
1005007426664471
1005006124512735
1005006868543733
1005005306515631
1005006640793905
1005006709205904
1005006280296227
1005006032359356
4001209801249
1005005889233012
1005006100162462
1005006240822240
1005007487876932
1005006585989597
1005006023963802
1005006729775312
1005004974799894
1005001974873482
1005005207551013
1005005914400283
1005005242395798
1005007459584244
1005007440845640
4000074746414
1005005545931098
1005005516603245
1005007295149922
1005006771413488
1005006124784159
1005007474930648
1005006086298137
1005003344492326
1005003355370691
1005004332920043
1005003371432511
32343927526
1005004789691039
1005005835764537
1005005403441797
1005004311500675
1005004333223456
33008966541
4000027060504
1005007250132435
1005006436077628
1005006716629445
1005006896415727
1005004609908455
1005006965017797
1005006861070220
1005006399222857
1005007220689298
1005007226629799
1005006953179800
1005005975529924
1005006776977710
1005003349851823
1005005893086942
1005007033684941
1005005572452228
10000356337792
1005007005051825
1005007426027375
1005006151892678
1005006642202050
1005002666174412
1005005892732572
1005004267437434
1005006959396167
1005007174319854
1005007284551776
1005006659374630
1005006716564216
1005007409354915
1005006250970183
1005006540334942
1005002716434685
32757721583
1005005835418146
1005006640604797
4000408998030
1005007153385705
1005007372371315
1005006112863819
1005005745686020
1005007115379533
1005007125294770
1005006698104220
1005003346120281
1005007234892222
1005006640668692
1005006798831438
1005003882926861
4000107507126
1005004334023188
1005003927966626
1005005670508197
1005004421200784
1005005440436745
1005006712393466
1005005540362790
1005006640890567
1005006390288947
1005005814961717
1005007012272446
1005006110758895
1005005492154004
33010131577
1005002255352360
1005002848367322
1005005413035778
1005003788587283
1005006663041764
33051735062
1005006305997454
1005007094111080
1005004467512337
1005005012895726
1005005369958835
1005003563734012
1005005923481028
1005006907880193
1005004327263427
4000937969180