1005006003759574
1005007259899871
1005007365802490
1005005748355046
1005006154253644
1005006073008237
1005004785759984
1005007122321732
1005006347217440
1005006272654984
1005006054716728
1005005499909179
1005003190498336
1005004402657873
4000038582068
1005004839998907
1005006177724053
1005007204319527
1005006473360841
1005005030334891
1005006593931256
1005006210157655
1005006500293896
1005006157333754
4000438335885
1005005891843104
1005006904303331
4000683192017
1005004676923563
1000005395334
1005006887914002
1005006038907268
1005006110596598
1005006493175537
1005005652507657
1005005376909693
1005005511234383
1005007216226163
1005006713989255
1005004622343240
1005004790223066
1005007195815050
1005006527552973
1005003462730518
1005004531954451
1005005436969082
1005005092280852
1005005319274683
1005005162425377
1005006141924313
33028793108
1005005908688975
1005006360041231
1005003505968026
1005005074642122
1005004908940126
1005005420303489
1005005970448437
1005005781563139
1005006400131438
1005003513792469
1005006237903205
4001138044344
1005006849612384
4000829928797
1005004113960437
1005006131569679
1005006212575522
1005005317693791
1005005681952535
1005006123236412
1005006382183186
1005004883122516
1005007285991799
1005004336987809
1005006711609662
4000691251962
1005006815589378
1005005929125535
1005005621828161
1005007181345461
1005006987651998
1005007201346846
1005005721775079
1005006505435251
1005006769770918
1005007298791223
1005006330634666
1005006977302495
1005006073509450
1005006329669250
1005006110962409
1005005962737660
1005007221279141
1005006337283269
1005005840932766
1005006508090739
1005005892195214
1005006902912474
1005004099437275
1005005575486582
1005006584187860
32954003651
1005003315996019
1005003532463453
1005002813935572
1005006924214150
1005004747684385
1005005143796215
1005006795717238
1005004373185201
1005006914694339
1005005489583093
1005006294850852
10000110566450
1005006185578202
1005005357819011
1005005429892785
1005006212163596
1005004891703025
1005004523394390
1005003458021156
1005007156420853
1005006293809794
1005006445312067
1005005236143899
1005005915896577
1005006551834664
4000684421313
1005005978223732
1005005484399160
1005005942085053
1005006564932772
1005005431798945
1005007047486266
4000557441317
1005006328317503
1005002714709759
1005002339209401
1005006902475516
1005005459806507
1005007262319701
1005006634864755
1005002760664391
1005006208763779
1005006085750120
1005005882608917
32923311586
1005005370361542
1005004093649344
1005006425642440
1005005998583104
1005006842016968
1005002944701904
1005002703653704
1005006831518847
1005007208256214
1005006140491956
1005007275144886
1005005817034675
1005006195683442
1005005369101166
1005006407609985
1005005647385590
1005005492745692
1005006676036728
1005005823713389
1005006973783501
1005007099949922
1005004567381151
1005003693310246
1005005500974480
1005006328304506
1005006988859828
1005002719561115
1005003769226455
1005005555063374
1005004400445448
1005005075448185
1005006144140075
1005006043630836
1005006434832646
1005004910033801
1005006883432521
1005005769089708
1005006418101278
1005002346017599
1005006480258474
1005007081640648
32904213447
1005005369164453
1005006940859465
1005006353460269
1005005818476056
1005005156099760
1005002580541311
1005005450162572
1005005258893126
1005006266181202
1005004281182110
1005006760804056
1005006456659197
1005007217741125
1005007009927387
1005003568001818
32847261034
1005006568413288
1005006416247886
1005006153982904
1005005871486875
1005007402841281
1005007138549905
1005001431050500
1005005535917813
1005006839771582
1005006644777223
1005005772894366
1005007133870371
1005006995516358
32920989820
1005006029003717
1005005054394483
1005006709531466
1005006775732967
1005006759491839
1005006560558849
1005006007578356
33001629619
1005002072717345
1005002279197413
1005004204360996
1005005911297493
1005006344372479
1005006856901652
1005005003864139
1005007040785600
32863886595
1005003071459599
1005006698114500
1005006860704565
32874907242
4001289179815
1005006395141449
1005005538609366
1005005924633934
1005006192479984
1005004934764651
1005005678566901
1005003400007393
4000012555675
1005005769734730
1005006084216704
1005007091165605
1005005848114499
1005006102784132
1005005934496256
1005005953477778
1005005992358135
1005002265134721
1005005154381098
1005006417552653
1005006153202831
1005006467926378
1005006857534232
4001058513906
1005005307375670
32842258125
1005006417487856
1005004679171080
1005006224880142
1005002953612212
1005005340932591
1005004109829991
1005005176357429
1005004861692959
4001062125407
1005006425675139
1005007260100976
1005006336477902
1005005070136995
1005006802008757
1005007145528178
1005005941697297
1005007181699552
1005006329582193
4001278580014
1005006884082085
1005004649922023
32839912540
1005006317033994
1005005014150003
1005006020914860
1005003874273942
1005003400200251
1005005976018898
1005006936808731
1005002613858945
1005006857367083
32892667511
1005005885641968
32891647273
1005005156591840
1005006989142398
1005006444438034
1005005831369984
1005005195067877
4001295558968
4000517531331
1005006971224522
1005006862486219
1005005808699090
1005007103803177
1005007043421283
1005003647911379
1005002434129728
1005005410194056
1005007272531009
1005003327377582
1005005786598933
1005004894154901
4000037202655
1005006961577275
1005006422081666
1005004777965519
1005002369922390
1005006102848347
1005002997050143
1005006828447622
1005005067187911
1005006190068718
1005003396574640
1005006408268616
1005006853148219
1005002280842305
1005007224164194
1005004210558191
1005006626360302
1005003681718821
1005006719126755
1005006207336747
1005005580223633
1005001498968901
1005006852831706
1005003172490650
1005007182416717
1005005299810444
1005006259420778
1005006293580582
1005006270284168
1005005687780949
1005005389577569
1005006963570608
1005006382497882
1005003996354824
1005006710787227
1005005154366104
1005006724676776
1005004174140520
4000262016110
1005006423192139
1005006173049604
1005001342456798
1005006182790913
1005006028932790
1005006422161569
1005005603028044
1005005857494970
1005004686431218
1005005272918519
1005006441281475
1005004133480875
1005007016668205
1005003999522812
1005005842813034
1005006071244213
1005006891198178
1005004552294718
1005004674949263
32859574015
1005006487004361
1005004807082640
1005005070880768
32964881364
1005004967130378
1005006312937858
1005002775433111
1005006561439823
32840909889
1005006682166459
1005006084997475
1005004040747778
1005006113066774
1005006966067867
1005004306068795
1005006320356083
1005004744391506
1005005604492149
1005006761274475
1005006353617437
1005007250708681
1005005433641808
1005004974510642
1005003021332209
1005006102577856
1005007233048286
4000163579348
1005006081170748
1005001713389328
1005006298436983
1005006775802810
1005007091381599
1005005075520936
2037296161
1005004936159049
1005007245809502
1005006136669224
1005005301334009
1005006976174223
4000084883111
1005006237967268
1005006579540434
32856257039
1005006654922434
1005005868155387
1005007137870899
4001268312633
1005006274151414
1005003780689300
1005002371974230
1005004883319535
1005006717964662
1005005934712103
1005004366410656
1005006965585111
1005002935037572
1005005960606825
1005006168424177
1005007327656648
1005006800604232
1005006287003754
1005005223701581
1005006208056345
1005006752454684
4001175426779
1005006148244589
1005005280510583
1005007057375997
1005002293171818
1005006961682820
1005005192048722
1005006724170672
1005006139816552
1005004897253598
1005003170744165
1005006025935591
1005006225723836
1005007360622986
1005004306146115
4001211502560
1005006740454501
1005005728192884
1005006338364950
1005004895554922
1005006736000367
1005006210227781
1005006216470724
1005001665967875
1005007260605817
1005004497925091
1005006207267943
1005007128558186
1005001874557004
1005006295629699
1005006267532188
1005005324673229
4000370251249
1005006328288278
1005005377851772
1005005790254571
1005006862301004
1005005822138284
1005003873815508
1005006320175529
1005006200758206
1005006193839066
1005006109430406
1005007005684750
1005006807562827
1005004417756126
1005006026824692
1005005703509366
1005006539728960
32847127469
1005005270386477
1005005647333845
1005006501929189
1005006070708308
1005003809085122
1005006854620255
1005006967763455