1005007310844339
32811431461
1005005250863220
1005006927279941
1005002285705815
32882305442
1005005829607306
1005004939544539
1005004684823884
1005004492867976
32352453911
4000765162503
1005006233786880
1005005264058936
1005007191514696
1005006458213005
1005003804920264
1005007284569492
1005006403771764
1005006121910056
1005007008275646
1005007460082305
1005007384904317
1005001344952018
1005006370573815
1005006855613535
1005006870661112
1005006273745944
1005007440658697
1005006354022257
1005006769289217
1005005892783441
1005007437695493
1005003427610859
1005007384370636
1005006836673143
1005006654926456
1005005929065498
1005006890647114
1005006620133633
1005006963034119
1005005306367431
1005007339348939
1005005643308433
1005007469595271
1005007468683758
1005007470997970
1005007416293345
1005007375594964
1005007287737935
1005003838781680
1005005965665866
1005007441436087
1005007461920624
1005007425097817
1005007434777655
1005007447112639
1005004710987651
1005007430643067
1005006956663035
1005004870990007
1005007400074596
1005007211010026
1005005181807027
1005004924514642
1005007444545467
1005006002964346
1005006433771803
1005007086414362
1005006353466222
1005007409203286
1005007353453997
1005006681978839
1005002695278560
1005005486282529
1005006117263168
1005007484871449
1005007484850534
1005007450168856
1005007444527492
1005006608003308
1005007464574448
1005007476326505
1005007476200743
1005004498489810
1005007465839315
1005007471237997
1005004996458742
1005007483469456
1005005241444979
1005007477706292
1005006954919077
1005007459784247
1005007438534384
1005007450423295
1005007452022619
1005007450446228
1005007452179366
1005007450125940
1005007452143393
1005007458949861
1005007309105018
1005007119426332
1005007353416092
1005006582782049
1005007057717304
1005006893114730
32931410224
1005007100583971
1005003944921512
1005007182220664
1005006860638620
1005006254408542
1005005923829588
1005007254227891
1005007458485088
1005004071225954
1005006962384982
1005005525865662
1005007458542084
1005004349476258
1005005518067625
1005005912164799
1005007379097787
1005005862664945
1005003292515989
1005006640432340
1005005892443458
1005005564646941
1005007116664738
1005006130827678
1005006063052723
1005004653437672
1005007458281694
1005007179895099
1005003233379899
1005005549185935
1005005888301152
1005005363693219
1005004925260021
1005006444386520
1005006524390891
1005006338833153
1005006315323421
1005007373147753
1005004781752217
1005004816397210
1005006211349407
1005007182348734
1005006883288267
1005006700040932
1005006237095256
1005005324137126
1005007484691832
1005007193486058
1005007100741723
1005006624166632
1005006837946522
1005007469947893
1005006717857276
1005006486476125
1005007472452053
1005007369684579
1005007355397960
1005007369786436
1005006931518561
1005007004441956
1005007212123503
1005007451185619
1005007451107645
1005007451310129
1005007013838579
1005007451346043
1005007450841258
1005007450498744
1005007033867648
1005007446583917
1005007444709413
1005007444553546
1005007444564503
1005007444462604
1005003728348819
1005007444502536
1005007444614337
1005007444697147
1005006806560345
1005007444514553
1005007444449648
1005007444486563
1005007444423667
1005007444495489
1005007444572460
1005007444396676
1005007444372722
1005007444597376
1005007102026907
1005007444752012
1005007434718440
32878672893
1005006300225411
1005004210000989
1005007393087767
1005007272905701
1005005842973149
1005007184885095
1005006785487177
1005006062981226
1005007332116032
1005007108618992
1005007353470018
1005007092431318
1005007085215386
1005004295929268
1005005908669763
1005007320738183
1005007059438031
1005007219850368
1005007226046136
1005007267148590
1005003044337602
1005003609464368
1005006423710236
1005004101938258
1005006500008757
1005005339939219
4001190598656
1005004069514335
1005004719465059
1005005545025618
1005006271125719
1005003115610080
1005003991314038
1005005434893856
1005006288836127
1005003129755758
1005002560420221
1005005838346683
1005004422331798
1005007440563237
1005007457539891
1005007408109638
1005007132956215
1005007235280094
1005006354852476
1005007276764564
4000091647463
1005007186377370
1005005851099060
1005006609342146
1005006625133011
1005006479001760
1005005850923830
1005006642497654
1005007166916944
1005006610288659
1005006611635686
1005006953169653
1005007439781605
1005007220750314
1005006326697165
1005006960679858
1005007434535690
1005006210830751
1005007130740867
1005007130592583
1005007373682731
1005007343411272
1005006639973514
1005006234008015
1005006148311318
1005007452285353
1005003245658752
1005006135343226
1005003253015535
1005006783749573
1005003252931451
1005003304849262
1005003318042202
1005003260828378
1005003503620915
1005003512062203
1005007445626056
1005007183474473
1005007140850871
1005006620399328
1005006715964473
1005005092347908
1005006771075438
1005007401244909
1005003732118627
1005005869404557
1005006898728880
1005006059340996
1005006290138212
1005006788505869
1005007097702737
1005006049629425
1005007299120033
1005007338801512
1005007189108314
1005007095434184
1005006809380777
1005002997215668
1005006878189943
1005005477382862
1005003063500718
1005006469679980
1005005969740484
1005007392990622
1005007229644365
1005006726511640
1005006966618059
1005006991756466
1005006411889315
1005007467574163
1005006128328719
1005007462580070
1005003321224759
1005007353745935
1005007413698610
1005005604729858
1005007476715247
1005003711276045
1005007348388746
1005005686701979
1005007268462582
1005006094687447
1005007431975688
1005006765241852
32797837132
32724957822
1005005964114506
1005007145431326
4000072530095
1005005890108585
1005006857344548
1005005695457514
1005006089951448
1005006050330406
1005007220041711
1005005911848932
1005005604827614
1005005972027622
1005007261320988
1005005855382625
1005004080584908
1005007212935728
1005007403045310
1005002971282909
1005003058923529
1005006759885052
1005005020934995
1005007251540790
4001139035448
1005007239756758
1005005982750263
1005006897222725
32915056300
1005005575412201
1005004744861652
1005006857471093
1005003009072719
1005001423234912
1005004167329978
1005006897250155
1005006561618693
1005004137822321
1005006759067889
1005007145335492
1005006879351743
1005005567704717
1005005724407345
1005006758999979
1005006759343045
1005002258942146
1005007021738004
1005007021591517
1005007204956053
1005007109133065
1005005925703083
1005005925494770
1005007471445009
1005004559647888
1005007486481295
1005007486469307
1005007486530106
1005001981808464
1005007486250744
1005007484211963
1005007471326199
1005001608063751
1005007474557031
1005007473124532
1005007474183765
1005006830413805
1005007474115906
1005007471541838
1005007476375856
1005006813765958
1005007475128886
1005007476395784
1005007476208694
1005007476035952
1005007475926777
1005007475400921
10000291465982
1005007476560494
1005007455634065
1005004253399077
1005004589764457
1005007433127514
1005006056871932
1005004303412978
1005007403388187
1005006061029763
1005005695508610
1005006827730655
1005005687958486
1005006877223185
1005005983833748
1005006833369234
1005005683498562
1005007427658314
1005005510893320
1005004526816631
1005007347946847
1005006056929623
10000291629400
1005006759210452
1005004178196907
1005007481979160
1005004685811741
1005006444520728
1005002922244378
1005002877730541
1005007021385499
1005007432423077
1005007239822094
1005005048322277
1005005998376281
1005007038289446
1005007402869913
1005007239594641
1005003009169043
1005005600950563
1005007293346484
1005007009919202
1005006955387813
1005005372515553
1005004749058769
1005005896357819
1005004947957000
1005007030624238
1005006358761886
1005006759286265
1005005017082873
1005004724972807
1005002345298605
1005003167805358
1005004334973259
1005006933980213
4000058179641
1005006444534939
1005007413860060
1005005683401295
1005003184294630
1005007355111918
1005007021776776
1005007018432568
1005007223697371
1005004167211865
1005007267222552
1005006933875812
1005007145267942
1005007018312750
1005004547536404
1005005854041275
1005007421726067
1005006963173048
1005006085238201
1005007018644697
1005006890606433
1005007260764867
1005006827680710
1005004167407263
1005007392112774
1005004080590688
1005006933925623
1005007021830695
1005007090687419
1005005976719899
1005005972080274
1005007457999575
1005007341947182
1005007271490163
1005007369575892
1005006713255377
1005007271484199
1005005976592105
1005007307985596