4000252939754
1005003882842354
1005004102758434
1005005065715336
1005007042302431
1005002662816135
4001266742837
1005003118197531
1005004647537153
1005007489579040
1005006118490887
1005007084636003
1005007135175076
1005006797398647
1005006827763378
1005007159466773
1005006588038390
1005004281283439
1005007125014605
1005007425015790
1005007319880015
1005007131670311
1005007146616397
1005007429480529
1005006350214312
1005006397114223
1005006312175407
1005006102610323
1005007431818335
1005007293517461
1005006256034410
1005006979734101
1005004412296233
1005006174187878
1005004153713920
1005006851998199
1005001407612638
1005006745278945
1005005652746758
1005005961915246
1005004773159959
1005006106026709
1005003479346931
1005006255978620
1005006782432360
1005007278609623
4000445414553
1005007218582101
1005001992751163
1005001941266301
1005007320617343
1005007139161025
1005005985076950
1005007163697989
32962154367
32970058108
1005007472384760
1005007472671229
1005007184131716
1005007223451288
1005007459331203
1005007472739080
1005007472690182
1005007472443598
1005007470275728
1005007472478531
1005007472368769
1005007472561487
1005007472551461
1005007472492647
1005007472433714
1005007472416736
1005007472367788
1005007472751048
1005007472723113
1005007472716115
1005007472680199
1005007472669230
1005007472665234
1005002702483680
1005005486601229
1005004592217978
1005007398595859
1005006278190604
1005004736407701
1005007403205839
1005007375060448
1005007371478344
1005007065144701
1005006488605623
1005007219269471
1005004955629949
1005007266902000
1005004378534794
1005006363470317
1005003405294507
1005003401983837
1005003420145134
1005005721736666
1005007162921807
32908312863
1005002602832007
1005003369858616
1005002930081984
32946939446
1005006209053982
1005007350684049
1005006047073439
1005006019950149
1005006243959907
1005007203471937
1005007198315278
1005006318906666
33019992848
1005005478041901
1005007458519212
1005007008935660
1005007162907832
32846322734
1005006064503568
32847507948
1005006145677861
1005007308374855
1005007095718764
1005007426012111
1005007272748669
1005003350848920
1005004208194939
1005006935581634
1005007362495302
10000322531884
1005001359782543
32517614380
1005007213178284
1005007353667527
4001080295614
1005007124934958
33024112860
1005007360268558
1005006414980932
1005006305469055
1005001452092619
1005007014883036
1005002483239560
1005005932464300
1005005611262142
32897711933
1005001560464146
1005006394352621
1005004398297406
1005004641761303
33032641981
1005006332332794
1005005057367884
1005004671226783
1005005632619872
1005001776297856
1005007027063887
32908643616
1005006702379377
1005007018175993
1005005273853412
1005005916198548
1005006889028954
32846362705
1005005337820981
1005007194894946
1005003427692424
1005006783442301
1005006517817687
1005006722134320
1005006814817469
1005006746250031
1005006735865419
1005006814799401
4000629009485
1005005944606844
1005007355434428
1005007351770742
1005004555999834
1005004659363480
1005007341625355
1005007335949772
4001089135048
1005007333428542
1005006079079398
1005007271921072
1005006889412210
1005006624248773
1005007345227920
1005007061262180
1005005985146105
1005005051238208
1005007341546635
1005007330643414
1005005023179553
1005007031476885
1005007300098169
1005007370072475
4000010967915
1005006962634477
1005007176407561
1005007162973679
1005007124596673
1005007162998834
1005007159965571
1005007086286612
1005007077341680
1005007082410739
1005004871019612
1005005912500026
1005007008574077
1005006996827003
1005006615075700
1005006620802445
1005006667576657
1005006677636678
1005006667395034
1005006962845006
1005006673052187
1005006667144960
1005006667941088
1005006620701697
1005006615007246
1005006939718778
1005003249051784
1005005644472190
1005006642215834
1005007353701949
1005006290449688
1005001299697540
1005006306707128
1005004401818283
1005007264993941
32846362099
1005006502391729
1005007402410258
1005007334531825
1005007327974305
1005006077095076
1005007198189569
1005006232174075
1005007234542598
1005007162915981
1005006667564950
1005006677963945
1005005828645665
1005002566169203
1005005709728507
1005004182778751
1005006402019591
1005005882727476
33012685691
1005003295585675
1005004830251765
1005003684515859
1005005262766323
1005004663560093
1005005088528478
1005004603390741
1005006332456156
1005004056098981
1005006117719534
1005006001644598
1005006120987494
1005005574123575
1005007475243258
1005007472637293
1005007480609023
1005007472687204
1005003699203142
1005005176512493
1005007472653265
1005007472648270
1005007472643267
1005007472611344
1005007472569460
1005007472552427
1005007472548474
1005007472515524
1005007472506563
1005007472492606
1005007472452648
1005007472413695
1005007472384763
1005007472372816
1005007472349837
1005007472347834
1005007472333883
1005007472329909
1005007472525491
1005007472744055
1005007472704127
1005007472488512
1005007472275955
1005007472298946
1005007472316881
1005007472433683
1005007472482575
1005007472356793
1005007472667205
1005007472700146
1005007472531416
1005007472666217
1005007472447666
1005007472757049
1005007472606574
1005007472309855
1005007472383744
1005007472470575
1005007472448886
1005007465848640
1005007472744056
1005007462417028
1005006919160357
1005005424704882
1005007452923333
1005007318492315
1005007384458624
1005005535206186
1005005916283960
1005007210911243
1005006987824743
1005007225759282
1005006990683292
1005007266022942
1005007433946208
1005006725536415
1005006745809133
1005006760205880
1005006725475750
1005007385280020
1005007077404173
1005006225565665
32844949409
1005007254408611
1005007181837339
1005007400498127
1005007201995435
1005007159471498
1005006672281911
1005006667893589
1005005874396682
1005005828618451
1005006626302922
1005004426839243
1005004659810238
1005006093263925
1005007328373688
1005006486454599
32844941360
1005006720248901
1005006725581260
1005007384141945
1005007379195536
1005005062219099
1005004920250203
1005004848544339
1005004845056699
1005007336260955
1005007312945803
1005007045034749
1005007239377122
1005007269816317
1005007269834118
1005007269880146
1005005594564526
1005006190866509
1005002281265761
1005005533421989
1005004173673804
1005004059456700
1005004182584535
1005004164256627
1005002042986880
1005006300764514
1005002104882047
1005002337532325
1005005308493439
1005002675226169
1005003192868242
1005004647692626
32797351738
1005001521381975
1005001419989236
1005002770031806
1005002373512280
1005002869852798
1005001303521399
1005001476217931
1005004840081984
1005005392069139
1005007012817207
1005005391581088
1005005387412804
1005003135726613
1005001577188172
1005005945121616
1005001999023279
1005001994672471
1005004260316214
1005005585941278
1005002337083470
32617869018
1005006057748310
32973183623
1005002788440622
1005004884295968
1005006228179325
1005003945568825
1005001821393079
1005006137219852
1005006114096867
1005006643047435
1005006114194283
1005006137339174
1005006114122656
1005007117480277
1005007117440381
1005007060335833
1005007139340479
1005007125365825
1005007123173372
1005006477731574
1005007014881533
1005006806508913
1005006941566499
1005007012138688
1005007012255451
1005007012160619
1005007287556374
1005007011889902
1005007011915946
1005007011912836
1005007011903923
1005006992935429
1005007011992786
1005006773123235
1005006869347729
1005006966965772
1005006759992782
1005006836978205
1005007183458487
1005007159814347
1005006705897818
1005006668087123
1005006614610466
1005006672591806
1005004546603011
1005006655793120
1005006655132146
1005006707186789
1005006718696027
1005006719046891
1005007300712377
1005004143747948
1005007386146659
1005007400994419
1005001302617604
1005006191979946
1005006720391310
1005006725388896
1005006725603394
1005006768643188
1005006803244873
1005007370754740
1005007334758033
1005005387361202
1005005387298697
1005006973056132
1005007333110877
1005005424153887
1005007124644380
1005004956484762
1005007162950839
1005006093328191
1005005308544455
1005001580008305
1005002038318462
1005005945109816
1005002040455051
1005002003893476
1005002037688328
1005001734073763
1005005666976117
1005007432574908
1005005666911344
1005007430351597
1005005381143591
1005007204504238
32714450565
1005007368624313
1005007128933108
1005006822488903
1005004446614406
1005007424428835
1005001695213754
1005006294423857
1005006893878784
1005006709974423