1005006767337545
1005005872646622
1005005062443667
1005006587782995
1005007174201652
1005006107784074
1005005099885302
1005007200459930
1005007274733309
1005006822319178
1005007459929818
1005006248862099
1005007174396090
1005007247717804
1005005326904273
1005005982307659
1005007401915206
1005007267544301
1005004239581445
4000015202953
1005006172947621
1005006389104600
1005007404988581
1005006781190595
1005006671691637
1005005264366457
1005007200608186
1005006569502693
1005007267712008
1005006875185296
1005007128361219
1005006195976086
1005005483835180
1005007287399405
1005006588950407
1005006261635611
1005006607965561
1005006161311650
1005006362941483
1005003809387778
1005006316149496
1005007122691816
1005006992207637
1005005081480920
1005005790485615
1005005491839776
1005005905027962
1005007183362587
1005007200252985
1005006389063334
1005006461870647
1005006431514504
1005005452542547
1005006608146099
1005007348903499
1005007006015544
1005006463556336
1005007130019967
1005005914644653
1005006686002255
1005006936900234
32994382949
1005006607582842
32830535136
1005005338699670
1005006730143548
1005006584098684
1005006573262737
1005007359840274
1005007204528760
1005006375586655
1005006624835031
1005007166834311
1005007396735341
1005007167068014
1005006113950705
32255282200
1005006350242924
1005006859587921
1005006809323058
1005007139995724
1005007190768187
1005006781133297
1005002868801232
1005006463084509
1005007053341439
1005007140067567
1005006738640428
1005005530078841
1005007089070781
1005006588498006
1005007150907473
1005006374780355
1005004653098330
1005006647611427
1005007117158286
1005006392030876
1005006588120847
1005006374875112
1005002995022041
1005006380839020
1005003351441186
1005007463311867
1005006392129947
1005007272101794
1005007267478470
1005005798354036
1005006042295281
1005006607414939
1005006486356228
1005005069946999
1005006165068411
1005007203826937
1005004652999793
1005007132631807
1005007294767175
1005003779298517
1005004723452835
1005006374768612
1005006584199443
1005006160938800
1005007268294992
1005006753977885
1005006107492646
1005005979325651
1005006738688479
1005006432757092
1005001425209153
1005006374847182
1005005872342252
1005003779781360
1005007183031728
1005006440481926
1005006266235281
1005007084746285
1005004653023994
1005006727381901
1005006451508653
1005003293684090
1005006761342903
1005006466085997
1005006389311120
1005006994929461
1005007348964384
1005007009882965
1005006991953537
1005006213091787
1005005941178001
1005006468550799
1005006244130432
1005007143204343
1005006548316636
1005007025608254
1005005011537644
1005007092870039
1005006584899191
1005004653373055
1005006993286616
1005005554654019
1005006673370338
1005006159942135
1005007327889889
1005006462495527
1005007095595738
1005006967985045
1005006646692118
1005007003750500
1005006770074750
1005006499902259
1005006585624573
1005006470801258
1005006162142757
1005005241365028
1005006654618332
1005006258620925
1005007309576369
1005006384269671
1005003786251401
1005006136655576
1005007261000182
1005007337051971
1005006602081090
1005005964872841
1005006701750050
1005006784033313
1005006727669213
1005006327997472
1005007387152509
1005006195864359
1005004149485597
1005006195740888
1005007203361615
1005006654631411
32716314650
32271186926
1005006574238963
1005006364434972
1005006097399612
1005007375184324
1005006259159112
1005006654251298
1005006259369237
1005005653582255
1005006166202286
1005007322902092
1005006432326538
1005006195760718
1005007011125483
1005006195986039
1005007383320966
1005007195718877
1005006850988097
1005006465039417
1005005980415512
32979787762
1005006388828768
1005006096158084
1005006670171857
32255676803
1005006196243329
1005007009967150
1005006887567548
32255427061
1005006655611754
1005006217347087
1005005614030119
1005006967753962
1005005790895562
1005005293687247
1005006734606606
1005007040558702
1005006695596161
1005006451672206
1005006443835176
1005006707263806
1005006904928161
1005006647475263
1005007061090377
1005007331113165
4001023140109
1005005062548434
1005006159953917
1005006451919811
1005007094772955
1005005745252202
1005006432658299
1005006589479741
1005004653289633
1005006654096700
1005006903886426
1005004653338616
1005003506967089
1005005887322149
1005007063861017
1005006722460645
1005003504655363
1005003898016721
1005006727616887
1005006463064630
1005003506962622
1005006124184183
1005006799908951
1005006968523081
1005007143077303
1005005918524829
1005006432086371
1005006149298937
1005006685626369
1005004653228463
1005005807034508
1005004653387308
1005004653298567
1005004653015722
1005007487128103
1005007476214652
1005007479742238
1005007482077925
1005007480306989
1005007477468882
1005007478445930
1005007480429165
1005007488350016
1005007484786243
1005007485125855
1005007483719593
1005003832945402
1005006543107067
1005006619545130
1005006619454206
1005003897732648
1005003898060302
1005003898154474
1005003897965136
1005006466110801
1005004653249980
1005006653031785
1005004009756616
1005007184153640
1005004009894893
1005006144301807
1005006189932389
1005007451641964
1005004762183354
1005007457233622
1005006719493427
1005007281578270
1005003276091067
1005007114703475
1005006530029458
1005006529906617
1005006857385756
1005003369865111
1005007224794348
1005007243662468
1005003814791183
32824461183
1005007143305170
1005007027663360
1005005945583176
1005006653242465
1005006722485757
1005006110767382
1005006518959859
1005003495108290
1005001975544740
1005006876567562
1005004991819361
1005004559753873
1005003503937144
1005007342222964
1005002823010784
1005007066500066
1005006489849992
1005006008160725
1005006705785716
1005001781015585
1005007209926107
1005007363649226
1005006808342668
1005004314403523
1005007182813398
1005003431668561
1005006149543285
1005007184071701
1005002377185539
1005005962865348
1005006046912896
1005006948557171
1005005855438559
1005007343450992
1005005685879951
1005005553788543
1005006788406862
1005005124560220
1005006699404790
1005005123807185
1005006167852955
1005004148399136
1005005840308896
1005006923965406
1005006617808671
1005006190925699
1005007258703453
1005002946432414
1005006138461573
1005007354326689
1005005971425074
1005005822082626
1005007274853002
1005005822158189
1005005124311135
1005005593035716
1005007295269804
1005006522847119
1005005829954485
1005006080133039
1005005952472548
1005007109689142
1005006138554072
1005007015886776
1005005542788777
1005006843708608
1005003176668716
1005005513493564
1005005124237144
32970814147
1005003235619272
4000845181036
1005007243661474
1005002910467359
1005004256427940
1005006157321702
1005004014098540
1005004305155374
1005003989895960
1005006726151886
1005005318632864
1005006869815857
1005006444580605
1005005562940477
1005005822059478
1005006227604426
1005003970450371
1005006482803046
1005007177173011
1005005723595424
1005006207032001
1005003596451415
1005005888169213
1005005911971531
1005006863651856
1005004255917559
1005006214885110
1005006789025821
1005006796617588
1005007461846253
1005006866570300
1005005834834377
1005007474843291
1005007017967168
1005006047769382
1005006169302945
1005006802220001
4001167701661
1005004982893735
1005005731100317
1005005849027907
1005006105174302
1005004366603887
1005006362619983
1005006362702506
1005006359337082
1005005061065626
1005005317018090
1005006937926794
1005005829333323
1005006495296319
1005006115240720
1005006894423008
1005006818755106
1005004514212320
1005007440299304
1005006125731651
1005007283002457
1005006999194215
1005006885729262
1005006906643297
1005004726444101
1005006083964566
1005007283067862
1005006310504852
1005006851951208
1005006455663544
1005004340988043
1005005947924233
1005002834333405
1005007480948742
1005003407356125
1005006062282301
1005001934462287
1005001893848189
1005004707668174
1005005859917430
1005007192503550
1005002997999339
1005007258156439
1005005625181647
1005003158869341
1005007388017035
1005006187052744
1005006949349126
1005003386854108
1005003058594195
1005004665952690
1005005952358820
1005004902095658
1005004837629462
1005003803547171
1005006558360722
1005004665447569
1005004098928765
1005005987196477
1005002844735773
1005003197549984
1005004608019901
1005007450713854
1005003411081935
1005007439197148
1005004837479802
1005004481556227
1005005497819282
1005006799202074
1005006061676547
1005007467198647
1005007476731559
1005006076168261
1005002740347840
1005004874289706
1005006260088785
1005005486247571