1005007391623629
1005007182959216
1005005091178101
1005006417170399
1005006943301741
1005006436204312
1005005565425639
1005006291112816
1005007336653513
1005005203840291
1005006745483126
1005006745811109
1005005951785156
1005007335273038
1005007327011534
1005007360119857
1005006997059924
1005006629541556
1005006838438435
1005006336645297
1005007097975167
1005007232305959
1005007159837636
1005007360289154
1005005982208238
1005004966920352
1005007031272926
1005006867150884
1005006893854055
1005006778481947
1005006810902838
1005005817024702
1005006884250425
1005007125764441
1005006354523491
1005005409803375
1005006991265126
1005004810951884
1005006811155085
1005006825529592
1005007125628490
1005006811107295
1005006811054561
1005007029441936
1005006826469643
1005006462239948
1005004612114199
1005005293429468
1005006903863259
1005006395632379
1005005245393427
1005006755580265
1005007258117360
1005007256826869
1005005918590762
1005005674358890
1005005765457746
1005006534692075
1005006323906350
1005006140263234
1005006323738344
1005006630044290
1005007355903574
1005006323606506
1005006931689143
1005006875994500
1005006072967772
1005002363611743
1005007039479700
1005003368855344
4000826758923
1005006897605735
1005001588576779
1005003896865794
1005007138739602
1005006974955912
1005005496876908
1005006362393295
1005005778535707
1005006322970516
1005006165598545
1005006187099628
1005006931976802
1005006897303201
1005006932042787
1005003156847498
1005007190138995
1005001483569669
1005006600456379
1005006187059697
1005006179132079
4001163672927
1005004677216293
1005006174768714
1005006195715904
1005004917804523
1005005910659823
1005005778544526
1005005454169299
1005005942310279
1005006323661255
1005006464469478
1005006323577353
1005006323037178
1005006322971334
1005007100501625
1005003397277521
1005006179115062
1005006881784911
1005006931717573
1005006165830675
1005007198842601
4001220853707
1005003341897768
1005004999416083
1005006125263634
1005005778580288
1005005839192296
1005006322993311
1005005526209805
1005006395632690
1005006144839010
1005006901423384
1005005204708936
1005004379951219
1005006322935488
1005005724991200
1005005724733741
1005004536676399
1005004014502086
1005005792573387
1005004691502368
1005005489997189
1005004804161521
1005005914154799
1005006323681682
1005006362045347
1005005979127058
1005006935905276
1005007051396422
1005007456540254
1005005214669193
1005006994174697
1005006996817842
1005003435072277
1005006624048011
1005007345153629
1005006749626672
1005006002053951
1005005364053805
1005006827030322
33054606845
1005007005520358
1005006281485220
1005006898012011
1005005854976926
1005004673248181
1005005615561185
1005003274810540
1005006311041160
1005003203000009
1005006702243643
1005006766257229
1005007395338100
1005007425624286
1005006891443908
1005006889904650
1005006169896301
1005007446945882
32929191757
1005007376780304
1005006814255957
1005007137789817
1005006475355929
1005007339532927
1005007099551630
1005006685295257
1005005883711886
1005007175794638
1005002678300953
1005007404069141
1005006741215171
1005006723936664
1005006980373269
1005005314034946
1005003357502718
1005005999228015
1005006736068137
1005007339263588
1005007209730230
1005007094817444
1005006294452072
4000809637083
1005005000548088
1005003578314786
1005006035933971
1005007339127787
1005006619217237
1005006353502439
1005006609743751
1005007454879947
1005006828001913
1005006927782731
1005007317031003
1005006717542168
1005006730008636
1005004887344382
1005007085010292
33056300377
1005007085600125
1005006385210078
1005006667493692
1005002442736677
1005001962693839
1005005426121150
1005006334155943
1005006997264417
1005007167097097
1005003412727041
1005006195641595
1005005706974831
1005006303993581
1005006328276464
1005007227696450
1005002979053656
1005005909413176
4000402220317
1005004958205398
1005006948154995
1005006052910727
1005006392708979
1005002973787247
1005006789215544
1005007144506147
1005003670336607
1005004716416902
1005001804185996
1005006848664347
1005003644088057
1005007053867995
1005006131049353
1005007214952446
1005005835864912
1005005471350592
1005006166793849
1005006594117781
4001085936705
1005004322921296
1005005586255783
1005007160846057
1005006768338242
1005006888535269
1005006122457007
1005007332089443
1005006098074226
1005003828624418
1005003831019234
1005003831094025
1005003244833760
1005006760739997
1005001568264184
4000345034380
1005007385651868
1005002763316795
1005006867192555
1005002567593352
1005006860458725
1005003122381091
1005006005398463
32991132631
1005006750720803
1005003969959190
32820297865
1005004031356400
1005006005403300
1005004706347019
32847923471
1005006597795648
1005006598595423
1005005638977611
1005003951062355
1005006861190651
1005005720099777
1005002224598401
32951982649
32949625459
32953347770
4000020258680
1005006784754833
4001145522099
32892239764
1005007433568697
33004410249
1005006495857229
1005005966444458
1005005966186562
1005005966556248
1005004205228812
1005007432870334
1005004281850401
4000837392678
1005003153801529
1005005442920115
4000412576738
1005004234119881
1005006448722079
1005006918246477
1005003993759862
1005006738230347
1005005815407525
1005005856610660
1005005532687126
1005006400140097
1005005643109422
1005006982749683
1005007061591201
1005006634489691
1005007074327508
1005007298810167
1005004570170522
33005842497
1005003671755855
1005005574836343
1005004948756986
1005005112521214
1005006242531344
1005005252528196
32953103247
32953091407
32952807805
32951378399
4000395674857
33040825752
1005003745139192
1005002298656494
1005005966458828
1005004031338393
1005006961460685
1005004031519377
32952831600
767548304
1005004312980457
1005007154089268
1005006452605489
32723666074
1005007179887581
1005006493461852
1005007196927372
1005005422571069
1005002837614765
1005004588200403
1005006955424971
1005002803808953
1005006278524457
1005004556904321
1005006336781572
1005006556793320
32851116328
1005006008160734
1005006263476045
1005005994405784
1005006261961731
1005006852858406
1005006247165451
1005005957796992
1005002487823894
1005002496441091
1005006265441265
1005006262507023
1005006247906244
1005006227320804
1005006325923667
1005006290420564
1005004036455399
1005007483235184
4000116916310
1005002042834900
1005004517851335
1005004977226292
1005004977129600
1005007342009563
1005006890510814
1005005751574251
1005006911573316
1005004824892578
1005007358088917
1005007365478276
4000116457892
1005007447462163
1005007223208808
1005007077299773
1005006641036682
1005006991447310
1005007469241281
1005007447878971
1005007464973609
1005007465531854
1005007288273593
1005004826203761
1005007345675032
1005007440849850
1005006900579353
1005006962400686
1005007083619313
32879453127
33049937488
1005006257969261
4000069122934
1005007050766534
1005007438790842
1005007257053982
1005005650228385
1005005325297131
1005006957264563
1005006860491116
1005006085138135
1005007424366290
1005006712585174
1005005296558288
1005002738761601
1005006028017633
1005002680194334
1005007226064217
1005007402719029
1005007144293619
1005006332362870
1005006911333180
1005006150368678
1005007430780046
1005006658957875
1005007313691718
1005006343722028
1005004212987948
1005007060194756
1005002784300093
1005006781087520
1005004462390283
1005007204107010
32983271929
1005006198281431
1005006956801903
1005001681909751
1005005808522844
1005006166260380
1005006621476018
1005003112821453
1005007382484367
1005006049903266
1005006962815488
1005006107889558
32908521414
1005003186668351
1005006542235166
1005005955101369
1005005340466327
1005001581608569
1005006239927750
1005006965745764
1005004498073178
1005006174279580
1005007294203985
1005005824341342
1005006779425481
1005006061270961
1005004451865272
1005005671186095
1005006578456519
32864736927
4000283362763
32971426939
1005007329228509
1005006381319203
1005007350129008
1005005947926772
1005005233440961
32805682243
1005006654640914
1005007179928603
1005003490315113
1005006450845760
1005005475490024
1005005462581483
1005005830486894
1005005899020842
1005004251978955
1005006809629007
1005004386276301
1005006319188148
1005007094837742
1005006852548026
1005006286405054
1005007058582467
1005006122081357
1005006605912705
1005006471495772
1005006136262527
1005007332403588
1005003989359280
1005005762341381
4001280980867