1005005984604708
1005004732728411
1005005078008532
1005005950077604
1005006351728993
1005007456165763
1005005734473454
1005005734610425
1005007437737728
1005005993675281
1005005994111080
1005005993401031
1005005993595252
1005005999794183
1005006006490190
1005005998900779
1005006011697731
1005007258955405
1005007366068312
1005006751901876
1005007326066422
1005007287239748
1005006860515148
1005006654187489
1005007290445173
1005001927554156
1005007139171640
1005005984584555
1005005829095317
1005005981870971
1005007137643831
1005005802166630
1005004443080989
1005005892654301
1005005795845615
1005003209469166
1005007183139361
4001276888553
1005006640208551
1005005947513198
1005005903901839
1005005947257176
1005005947427674
32954836241
1005006169697459
1005006447918877
1005007335979695
1005006788631393
4000805018385
1005006904237972
1005007282368508
1005005582816794
1005007174623075
1005007266901926
1005007122171926
1005003634107457
1005006103596214
1005006568968186
1005006817556664
1005006964194900
1005007475398454
1005007471428271
1005007464141851
1005007454472896
1005007453610542
1005007437110971
1005006551505207
1005007359700515
1005007140054016
1005001310276698
1005007317735131
1005007245490638
1005007316039012
1005006584614658
1005007181512782
1005006958256045
1005006119255702
1005005266769914
1005006614104383
1005006207861324
1005006874889171
4000800844581
1005005723332155
1005006325515122
1005006734228238
1005006867949773
1005006984576792
1005007300259390
1005002938322605
1005006963814073
1005006267937516
1005004072173827
1005005647607282
1005006947065751
1005006886594612
1005007194134394
1005005744108109
1005006799010217
1005007414006965
1005007380738858
1005007274199174
1005007162964068
1005006898328064
1005007351637798
1005007266896538
1005004747510175
1005004720910377
1005006057862985
1005005615361905
1005004616262194
1005006436418067
1005007138915082
1005007337358487
1005003925031152
1005007420561515
1005007066242938
1005005377166746
1005006729762076
1005003789325521
1005007245543586
1005007245250931
1005006565536902
1005006463462371
1005006584790283
1005006463059708
1005007033121183
1005006728160256
1005005284170668
1005004476366728
1005004132225896
1005004433246231
1005007487365551
1005004128384467
1005006277830348
1005005504512580
1005007444306610
1005005104099782
1005006472058468
1005005404082523
1005005083303564
1005006385670522
1005002705607441
1005007225265966
1005006604674017
4001191836381
1005005431831632
1005007022012917
1005005217758808
1005006574408039
1005006625693095
1005006417515817
1005006738510106
1005006301773547
1005007331383689
1005006281974224
1005006402414052
1005007354755578
1005005722440241
1005005707541780
1005006362861596
1005006862770280
1005005106689634
1005006590628364
1005006129032849
1005006161266584
1005006943394849
1005006873766285
1005007210641389
1005006016955283
1005006572771696
1005007471079376
1005007153116190
1005004771164634
1005006247289363
1005003504100328
1005006711828157
1005005009955659
1005006150239383
1005006604091259
1005006093617922
1005006212099723
1005005672297186
1005006071822105
1005006069823236
1005003590826416
1005003072049113
1005004777869495
1005005185955625
1005004506957732
1005005976864716
1005006593627390
1005007315931964
1005006294331193
1005006894200987
1005006016841918
1005007376106479
1005006290337060
1005006216164821
1005004269980271
1005006437951000
1005004332361560
1005006254810520
1005007354624968
1005007431925135
32833271372
1005005268263818
32854142359
1005006984898623
1005006710978564
1005005616373035
1005005902242967
4001186762422
1005007341279229
1005006743061973
1005006713216658
1005006743324886
1005006744998946
1005006543075914
1005006546812032
1005006529257925
1005006604226040
1005006568017752
1005006543476320
1005006510598587
1005006355719994
1005007283553019
1005007424944585
1005007444449742
1005004728552524
1005006837858591
1005006862588691
1005005317162911
1005005522460393
1005007060684370
1005002796376949
1005006541094060
1005004945244234
1005003590867992
1005003403003444
33026859693
1005006525594298
4000544914824
32788392819
1005003637268761
32801823002
1005005178919775
1005004057625666
1005006938644787
1005006559476076
1005007087838210
1005007371061228
1005001905972185
1005003031358226
1005002915364690
1005004825639629
1005007341780368
4001271605766
1005007066946931
1005006808565992
1005006374506015
32824962869
1005002662748761
1005007456254871
1005005616568575
1005006071080383
1005002566536133
1005005705388877
1005006741968578
1005006781034895
1005005640590788
1005004043270322
32963255618
1005005308195294
1005006861861147
1005002383383024
1005004988150067
1005005893495407
1005006923866150
1005006582336869
1005002566259248
1005004837853259
1005002718390825
1005002600204634
1005004215504976
1005005047193156
1005005977218258
32920195942
1005005954500126
1005002607562513
1005004438548152
4000808740601
1005005020648394
1005004705100912
1005005930534280
1005006750842718
1005006357506187
1005007211484704
4000048467710
32924873897
1005003828148373
1005004689438013
1005007486793515
1005007473104926
1005006760521514
1005007475419452
1005007475176962
1005006807506519
1005007460572436
1005007446515134
1005007446337321
1005007438675792
1005006782271444
1005006562644426
1005005211053394
1005006950691055
1005006539215821
4000857477605
1005001746762934
32856922704
1005004850804416
1005005427544119
1005001290665730
1005002177837946
1005004567261165
4000270267942
32828089381
32923455640
4000598079800
1005004245660146
4000780539957
1005006131191609
1005003625516998
1005003804602144
1005004428677319
32598397920
1005006289101358
1005004938165164
32932496587
1005002873814083
32818438637
1005002029559265
1073772832
32805189145
1005003324783653
1005002418746870
4001223817778
32695458890
1005004631516463
4001033600986
1005005930400699
1005005560849938
576001629
1005006841787503
1005005296507131
1005004142277099
1005003957602279
1005005397037683
1005007301763692
1005005071806168
4000675846401
1005006467949282
1005007103085718
1005002146568558
1005006849785086
1005006302338261
1005007344851649
1005005985035557
1005007248484267
1005006210927839
32808975686
1005005207565534
1005006220467171
1005006381988907
32871334411
1005007314218328
1005006015381461
1005006069303212
32716573025
1005007257400938
1005006176469259
1005006103104247
1005006821003749
1005005616807256
1005006801881874
1005005320223256
1005006906044969
1005004705199208
1005006205473102
1005006677859170
1005001340424753
1005006421565947
1005003640429953
1005006727279220
1005006236322124
1005002885694868
1005006170075749
1005006031011817
1005005438906289
1005004328852259
4000206836079
1005006521214701
1005003060995866
1005007354265962
1005006636164896
1005006479389811
1005006173619465
1005006821094986
1005006965635256
1005007438174403
1005003843507984
1005006020004149
1005007444010558
1005007408541298
1005007463466394
1005006837222861
1005007091795946
1005006226349950
1005004121331794
33045410871
32812007669
1005005884927088
1005005301943604
1005007269206945
1005006543035195
1005007194497978
1005006665504949
1005005646026671
32888162602
1005006836891037
33045485256
1005005317150744
1005006733794181
4001234210099
1005007000955341
1005006173785169
1005007139085665
1005007251374294
1005006487055927
1005006515942054
1005005787190763
1005007276354373
1005004536223042
1005007083678759
1005007005622408
1005006892164925
1005006876660198
1005006866886197
1005006862529681
1005006145872179
32308111753
1005005537352944
32899066615
1005005850114512
1005002846653815
1005002799468115
33058107612
32896641318
1005001693430041
1005005893114298
4000532653570
1005004295759101
1005007449016220
1005007083859412
1005003614757208
1005006588023475
1005007427192398
32853258237
1005007246213661
1005007147366143
1005006943685844
1005006696038576
33016439923
1005004779755026
1005007074653460
4001079605455
1005004266157098
1005006285384409
4001142611832
1005005181582354
1005004515698518
1005004630773769
4000301937229
1005002368267526
1005005812294593
1005005908866689
1005004772279551
1005001831712922
1005002933584215
4001293376216
32842325433
1005004917153415
1005003390741109
32780052885
1005004872284972
1005005410091289
32994081230
1005004539481303
1005003091555319
1005006746210324
1005004732485497