32864506235
32849650346
32781413817
32832218000
1005003956986840
1005006037984316
4000215511194
33015630551
32877140825
32856877472
33042558353
32832098203
32802520128
32838365061
4000169888086
1005003735845486
1005001458207616
1005006659031774
1005006129628802
4000157447550
4000261353828
32924576144
1005005549481508
32816973778
1005005948962882
33054956225
1005003690306376
32789927481
1005001388928415
1005003572968878
1005004050159815
32858304232
33061983071
32354416914
33041483158
4000867552688
1005006724267370
32811558052
32796884829
32671197177
32826877641
1005004484470697
1005004921029637
1005005590421252
1005003680806758
1005003018041519
4000531837305
33013277185
1005006123402987
32868842784
4000134569599
32821240474
32825705877
32798618817
1005005548249625
4000659860232
1005006459857271
4000137647581
4000227471455
32797001679
32801512827
32822193659
1005006800212919
32531559887
1005002286775987
32779432710
32657140362
33037317710
32813544440
32950373376
33058719241
1005003853072597
32797094003
4000089805382
4000134662079
32813683172
32858636646
32797772875
32836014363
1005001479955495
32828599028
32870145989
1005003768497419
32796134667
32851777410
32833335648
1005004896012027
32831104140
1005003375291614
32827038311
32987436990
1005002215120179
32996215143
32866681683
1005001858809684
32832403359
32831945055
33053381829
4001277829062
33057602941
32871839514
32988821267
1005004066098679
32479872942
4000824140986
32866027763
1005003450400621
1005003339766509
4001117351195
32859290022
32789921953
32941012773
32997135757
4000165169890
1005003835866474
32803491480
32977186667
1005003405507331
1005002144431623
32868161889
4000418571998
32814037817
32858653875
32811277698
32896929153
32828040653
33002187384
32836948139
1005003662748646
32866505018
32868526091
33024391871
1005006996418245
32864432596
32858613866
4001114447082
32869272761
32859900587
32793645303
32757413623
1005003830389107
32868624664
32692050733
32845968618
33038088108
1005003405675686
32561504650
32820789168
32687263492
32809982635
32802779200
32819050345
4000625531839
32860348807
4000436651561
32865441801
1005004727873927
32868326837
32792902101
4000940349170
32812135983
4000247792823
32939199476
1005004241074166
4000188318176
1000006025271
33004199518
4001215098692
1005002984423765
4000261363638
1000006134842
32997486664
32695647353
32972794468
1005004133158412
32680625108
1005006856241668
1005007486279933
32862740505
32848120128
1005003418201464
32869309053
1000006305785
1005007412762656
1005007374956171
1005007201170840
1005007334022529
1005006539058122
1005006362057736
1005007454486456
1005006621705022
1005005910847054
1005005884486430
1005007335541560
1005007346341423
1005007340896639
1005007160576368
1005004974568786
1005007452242556
1005007346555127
1005005107909528
1005006463977071
1005007113131653
1005004307436050
1005007206502091
1005006127285798
1005005514251303
1005007096437721
1005006535509178
1005007277791686
1005005297703975
1005006666021927
1005003287814789
1005006096825253
1005007257284000
1005005709404036
33052773258
1005007332232382
1005007358770433
1005007452509671
1005005980551916
1005007452537666
1005007122383102
4001119812756
1005004722832261
1005004005026240
1005006198982493
1005007052972955
1005007192289333
1005006248111336
1005006387268717
1005006959448285
1005006327595290
1005005722079332
1005007319500158
1005006956548791
1005007021842540
1005006971819496
1005006866068291
1005005837744604
1005003990301755
1005007010292644
1005007442273110
1005006680951925
1005005857648996
32890419706
33007273731
1005006885281041
1005006864310873
4000371278929
1005006802879869
1005007439914174
1005007448806396
1005006410473791
1005005610271189
1005006806246359
1005005201492427
1005006285268769
1005003697253353
1005005974759280
1005007003440051
1005006242948447
1005005703471332
1005007281986709
1005005510999945
1005006750634229
1005006876404802
1005006075684520
1005005286390480
1005002320912979
1005006615535328
1005005817458373
1005005844589353
1005007097883394
1005005616141871
1005007432155198
1005006851883491
1005005993250279
1005007302498446
1005006869607690
4000383251355
1005007241629081
1005003136845033
1005005980851963
1005001529358523
1005007350343633
1005003692635318
4001182468240
1005006629467851
1005006249607844
1005006777163550
1005006054928552
1005005844854342
1005006806538609
1005007473686395
1005006926310183
1005006856163399
1005004671851750
1005006397663885
1005006884858513
1005005669801967
1005006608383624
1005006137180225
1005006491089832
1005007103308654
1005005452306491
1005006820650690
1005006725920560
1005006944761172
1005005779765015
1005006127069958
1005004208355163
1005006152812268
1005005614417428
1005002612409744
1005007090361528
1005006719207646
1005006786325074
1005007018351385
1005006767933875
1005006726000425
1005007076858500
1005005132169578
1005004282909533
1005006628474117
1005006692753787
1005006772993796
32918221987
1005005027617901
1005005440730707
1005006230782776
1005006498134324
1005005909747343
1005006080244448
1005006487960987
1005005904186817
1005006670361603
1005006667986791
1005006949123381
1005006004910953
1005006084370995
1005006387336608
1005007100988306
1005004194835477
1005006269489398
1005004285019416
1005003115141100
1005004154337852
1005006865981308
1005006972923608
1005007120688529
1005005095662883
1005006482142760
1005003721064697
1005006514708968
1005006202274076
1005007226864886
1005006982048344
1005002988434208
1005007088363507
1005006992044350
1005007289579958
1005005306114783
1005006623270211
1005004506810455
1005006898589183
1005006757303525
1005007196873694
4000857402721
1005007088997824
1005006024853134
1005006080239700
1005007310108640
1005005501973959
1005001813961981
1005006036692284
1005005956491150
1005005807051583
1005005902314599
1005006789130455
1005006984982297
1005005482296803
1005001496611712
1005006846183480
1005005981627628
1005006925532185
1005006882633824
1005006578039593
1005005767533047
1005006168586735
1005005182042190
1005006184061019
1005007392022723
1005004879277053
1005006469071355
1005007247149030
1005005583650460
1005006388682943
32890643714
1005006261961038
1005002316813785
1005006480214918
1005004953472461
1005006261073393
1005006733530816
1005007108735442
1005007097027546
1005006160195224
1005005203589508
1005005079440409
1005006597707850
1005006722477151
1005006837197451
1005004345641987
1005005312717647
1005004792451358
1005007439418074
1005005943328200
1005006841717001
1005007104495587
1005006310390319
1005007259369320
1005005650521671
1005006867375519
1005006202786687
1005005273817618
4000321085545
1005006315767919
697347653
1005007016728688
1005005768314134
1005006380140013
1005007320163976
1005006061572381
1005006976841478
1005003258759473
1005007290326110
1005007420081299
1005007204188548
1005007086457274
1005004644008240
1005006716414599
1005007009850917
1005007291767774
1005004634756626
1005006049773699
1005006185593452
1005006136868731
1005007091417317
1005007163183901
1005006906806071
1005005954860929
1005005913154864
1005007138329976
1005003718249298
1005005308320141
1005007300729671
1005006149784644
1005007301895960
1005006144109864
1005007328864752
1005006189605298
1005007227254434
1005004560271491
33036620834
1005004101163711
1005001429165163
1005007008045638
1005004280967641
1005006872840012
1005007357443682
1005007284694193
1005007279333882
1005007086295979
4000084870143
1005006607047632
1005006871154758
1005003903548192
32901189019
1005004536448902
1005004112837564
1005005990148379
1005006296068432
1005003497985633
32881382616
1872574374
1005002945210546
1005001561083095
1005004883021174
4000883906495
32796248554
4001104712196
4001104420266
4001104690263
1005005823079414
1005004894746581
33035194346
1005002489543591
1005006951861101
1005005365997664