1005006666641619
1005006662504485
1005006763872400
1005006782130546
1005006663254335
1005006831731767
1005006759840828
1005003536494354
33056680905
1005006886250367
1005006886200548
1005006296771545
1005007099433763
1005006858370336
1005004993912172
1005007269974165
1005007036777822
1005006814855864
1005007182531474
1005006851447716
1005007167611305
1005007329515177
1005006884640495
1005006132074980
1005007066775023
1005006620802468
1005007102774966
1005007066669564
1005006284906267
1005006915693501
1005006891601432
32999007527
32859420568
32861551287
1005006923423603
1005006855584072
1005006504383991
1005001713510280
1005001617329501
4000251925993
1005001786822077
32971129695
32859512813
32972762752
32974251895
1005004495350114
1005006404528268
1005006321974333
1005007464804204
1005007449255263
1005004984167186
1005007490464633
1005007472862217
1005007432956856
1005007484255135
1005007447827276
1005007485937070
1005007484272185
1005006866721967
1005007468708816
1005007486254946
1005006395178310
4000215871973
1005007041750505
1005004955919662
1005006887668853
1005004288400472
1005007357761736
1005007403706167
1005006090865225
1005006347901655
1005006270411887
1005007357335541
1005006884824043
1005005085785933
32772011025
1005006634949772
1005006953882008
1005006922606401
1005001714220302
1005001705685924
1005001714245648
1005006297010199
1005002147111493
32971121721
32859125423
1005007066266247
1005007054149615
1005006199622502
1005004381830771
32781638210
1005006773677607
1005006771751207
1005006733736525
1005006732873458
1005006216032654
1005005545095848
1005006015117279
32794100079
1005005106681034
1005005589519122
1005006336579470
4000405777064
1005005169469539
1005005557937689
1005006728074309
1005006728366003
1005006061535685
1005006434793089
1005006439527520
1005006954541801
1005006438805958
1005006728051863
1005006429691329
1005002492302218
1005006557866174
1005006795747549
1005004276505456
1005007441690392
1005006809045582
1005007049178300
1005006780756582
1005006748403074
1005007075125374
1005006728251110
32859432403
1005001340641539
32974011889
32860354372
1005007452501914
1005007144281478
1005007423798789
1005004955371784
1005007332866450
1005007001635966
1005006993559369
1005006434764572
1005006953432921
1005006953704999
1005006922177871
1005006923915750
1005006922623494
1005005069032636
1005006214045004
1005005943523418
1005006969109063
1005006495385854
1005004988430466
1005005301828390
1005006807487269
1005006572797843
1005006697603551
1005006053774467
1005006190075567
1005006347560492
1005003486748912
1005007337805348
1005007339549487
1005006454873383
1005007223751816
4001288892604
1005006613993026
1005003918263172
1005006513770214
1005006553792955
33026811799
1005006960788307
1005005945236037
1005007360042651
1005003179695182
1005006172120247
1005001540001531
1005005791591250
1005006071209064
1005006734922906
1005006552575823
1005006804328161
1005006152802210
1005006794380714
1005006025591784
1005006556281004
1005006611865261
1005006692963212
1005006154430897
1005005858354491
1005007075907038
1005006552289860
1005007061325413
1005006513732526
1005005339540801
1005006506248866
1005006501787384
1005005622355684
1005002894747459
1005006560277793
1005006841825437
1005006988793795
1005006871899198
1005006881661870
1005006260040570
1005006175806381
1005006658717527
4001201018864
1005007130764518
1005006372270166
1005007225159906
1005006530839531
1005006906638203
1005006461096799
1005002597521336
1005001860594518
1005006968030217
1005006539623013
32864155185
4001301711580
1005006876366093
1005006402505836
1005006436972951
1005006442162188
1005006659341200
1005006807226138
1005005855843114
1005006962183676
1005006857040714
1005006922100795
1005007271020706
1005006423970557
1005006429408735
1005006833662493
1005005874878057
1005007029107412
1005005182646228
1005002857155180
1005006786494327
1005006908339086
1005007136073081
1005006839048953
1005006273419504
1005006811083528
1005005271495794
1005006963406804
1005007343604442
1005005933514029
1005006913049107
1005005843324700
1005006806476660
1005004068085385
1005006515609098
1005007252378405
1005004613162386
1005004590645129
1005006535138410
1005006416127023
1005006997132741
1005006902046085
1005006292261454
1005006617745953
1005007007439799
1005006406415345
1005007173648083
1005006844423431
1005006305857032
1005006504736310
1005006501713506
1005006208223476
1005005677102528
1005004971508475
1005003943773115
1005007135383813
1005006441278974
1005003387186520
1005006056821474
1005006821497710
1005007078736239
1005006157536770
1005005698795244
1005004166217562
1005006975858627
1005006393483793
1005004972724410
1005006534981794
1005006838621601
1005005002131909
1005006626150010
1005007043635463
1005007126969922
1005006347238394
1005006395385163
32952371577
1005006515033029
1005006504375539
4000088630870
1005006291931835
1005006546459087
1005005312308185
33054533307
1005006869640121
1005006250076777
1005007136011125
1005004794789030
1005006961130628
1005005610360913
1005007392701876
1005006441393149
1005005383575640
1005003068670846
1005007046639554
1005002683970537
1005006252003377
1005004323835694
1005007463172867
1005006805985772
1005006968961090
1005007101080898
1005007297183974
1005006820956543
1005006914181756
1005005492257142
1005005326834389
4000305485718
1005006797781129
1005006249561431
1005006224771703
1005006381001123
1005007177734847
1005004377132998
1005005760038166
1005007323564966
1005005821315739
1005005972193771
1005004656153763
1005007179834832
1005007056121515
1005006262199023
1005007057711843
1005004341917523
1005006683114253
1005007079544418
1005006451297602
1005007009302830
1005006398587204
1005005552546725
1005003146516818
1005003817974292
1005006068372360
1005005615324991
1005007050473698
1005004009338182
1005007069957620
1005006239529326
1005006734151626
1005005968789815
1005006856627763
1005006693088002
1005006588734928
1005007155678265
1005004638548463
1005006596932058
1005006942730010
1005005716177240
1005006176363550
1005006605614278
1005005361514313
1005006343361852
1005006003647313
1005006971138847
1005005428477917
1005006842516745
1005007330637067
1005005191229995
1005007159709821
1005003473077109
1005006923730994
4001144353086
1005005859137967
1005006982734324
1005001300451204
1005006227281921
1005005676848919
32956833541
1005007213518642
1005005928161272
1005006781548456
1005002115545962
1005006444638268
1005007255744333
1005004574379333
1005006859722484
1005006177313253
1005001466507584
1005006756092403
1005006458991556
1005005526149621
33010427134
1005006719763612
1005005113852616
1005006812711851
1005001943113824
1005007283073329
1005006472139109
1005005924685801
1005002108730356
1005006757450401
1005004501769597
1005007011616444
33014999426
1005003163578588
1005005983628456
1005006904795720
1005007232284046
1005005088849423
1005007210905683
1005005518813111
1005006959755702
1005007360163232
1005006529569854
1005007291232542
1005006664589461
1005006997147737
1005006922271652
1005002747779776
1005005455591557
1005006650046623
1005004650647186
1005006801790415
1005007067342843
1005007132741708
1005006170605534
1005007150904425
1005006804208695
1005006470686771
1005006691866178
1005006777728051
1005006724178871
1005005296338347
1005005698299797
1005004333340721
1005005850737624
1005006170030144
1005006689498358
1005007174278622
1005003790837561
1005005365609564
1005006705639968
1005006783444171
1005004004474321
1005005201184197
1005006095008253
1005007007169221
1005006313514296
1005006833851527
1005006182008720
1005005003281338
1005006826692992
1005006408701531
1005005887498749
1005006804574813
1005004008733955
1005005799201387
1005006660705390
4000009490781
1005006639654620
1005003988539188
1005005939388286
1005006592850503
1005006127710653
1005006839112812
32889178384
1005006918762818
1005005691317683
1005005852536284
32834264542
1005005011793437
1005007130292671
1005005808292513
1005006984097947
1005006442982708
1005005461083458
1005001623950288
1005006843411030
1005006492505885
1005006574845894
1005007075346344
1005006283152953
1005006883045643
1005001792953565
1005007253705909
1005006988376412
1005006488814510
1005002894475360
1005004520144039
4001187220537
4001359794145
32540452554
1005006168958342
1005006553980819
1005006504365850
1005006506372530
1005006555234006
1005002014043109