1005005471187342
1005006398703525
1005006711402097
1005006332086630
32968771382
1005005063031810
1005006947836323
1005006162600712
1005006866704858
1005003413940097
1005006247320041
1005003757779572
1005001940022479
1005006153203904
1005006156259861
1005006723903977
1005005242835357
1005006132986264
1005006143514578
1005007261868783
1005007420992699
1005005538685962
1005004074179353
1005005202243227
1005006108812974
1005005231917174
1005004659731208
1005007088993963
1005006958082943
1005006808172726
1005005775168946
1005007266022155
1005006912374502
1005006075991996
1005007129622323
1005006841936399
1005006000807523
1005007331116189
1005006099784145
1005007144248301
1005004969573971
1005006275319753
1005006825582978
1005007002937653
4001132090417
1005006904428188
4001271453611
1005005316999299
1005005654550115
1005006171079211
1005002846924532
1005006775777823
1005004542341478
1005005199773401
1005004415417407
1005006313585501
1005002631603024
1005004888581142
1005006734298320
1005005819925102
1005004712767806
1005005663598939
1005006081081206
4001069329712
1005005986875857
1005004963243809
1005005419113842
1005005926156085
1005007440021106
1005007251940318
1005006583339423
1005006622682142
1005005824361245
1005006997408945
1005006127109619
1005007378021089
1005005549416363
1005005210851707
1005007197792361
1005007355769692
1005004628722105
1005005689410666
1005006871608874
1005006760753362
1005007001430399
1005006954758775
1005007054002663
1005007440511462
1005007145251255
1005004548126846
1005002631375256
1005006177700758
1005004085128564
1005003990297854
1005004143169043
1005007337062020
1005006186634624
1005005231462740
1005006760224592
1005006770016356
1005003495182867
1005006778431394
1005006787387204
1005006766398485
1005007190424406
1005005944957737
1005007102137536
1005007439856798
1005006619518148
1005007342947132
1005007187823527
1005006918802506
1005006790718335
1005006772918789
4000370337735
1005006908453745
1005006942292970
1005007137403798
1005007060779372
1005006775316612
1005006989519191
1005006955032293
1005006947501572
1005005958677600
1005006755681102
1005006918279203
1005003583267134
1005005910052096
1005006806368914
1005002054294156
1005006796972206
1005006768848080
1005005698750383
1005001572988559
1005006574216887
1005005445293190
1005002792154162
1005005190892232
1005004008494806
4000551793179
4000543833885
1005006451460299
1005001874721141
1005005150343050
1005006025029650
1005005880485624
1005006224382431
1005007489706205
1005007484230393
1005006859965553
1005007469177794
1005006812564352
1005007470498655
1005007362412698
1005007418903476
1005007444401383
1005007137902562
1005007182215239
1005007439796354
1005007145860951
1005006952785996
1005005908730221
1005007444569162
1005007204674515
1005005271211897
1005007046283360
1005006767390467
1005007084536735
1005007065156800
1005003194909246
1005003194852672
1005005395692506
1005005287945607
1005006796892971
1005006890476345
1005005913635541
1005004716363708
1005006769203025
1005006381629391
1005002745056713
4001333936270
4000119117644
1005004883598928
4001069267982
1005002931866419
1005003222626477
1005001457225059
1005004833435941
1005005603341558
4001045479358
1005002390074829
1005005383116501
1005004856949946
1005003143285301
1005005413738824
1005002479812094
1005002479656609
1005006830364165
1005006941490092
1005007135323954
1005006249576270
1005004444677196
1005005386278727
1005007439613652
1005007162009980
1005007143853940
1005007136791913
1005007439558886
1005007439199772
1005005446850776
1005005476780062
1005003401947620
4000929611452
1005004932587229
1005004379374739
1005005222699726
1005004037672230
1005004727063651
1005004038163333
1005005127375998
1005003347541126
1005005360687519
1005003585825113
1005004408523503
32933941634
1005006629236719
1005003201676703
1005006968570807
1005005717524411
1005002180512772
4000297415426
1005007423664472
1005004068121107
1005002755636260
1005003740659436
1005002998402069
1005005265990158
1005004237673191
1005005012080782
4001171380249
1005005384443390
1005004762054892
1005002871785311
1005002864603574
1005001533801282
1005004476532266
1005003473682772
1005003663395376
1005003103763992
1005005556558359
1005007423019454
1005005599181784
1005007363499894
1005007336386510
1005007083495538
1005007081752747
1005007260373850
1005007463309389
1005007195682491
1005006249884885
1005007295451674
1005005505178122
1005005245791864
1005007251801404
1005006891261371
1005007071541002
1005006654038215
1005006673425251
1005006701612834
1005007382279927
1005006753416476
1005006394133167
1005006683968679
1005006601642746
1005006750053613
1005005996669419
1005007266321466
1005007414011955
1005005753746517
1005007335718469
1005006492730210
1005007295446760
1005006648083010
1005006136792655
1005004917807672
1005006876429189
1005004610942651
1005005806799414
1005006646472863
1005005743679949
1005006446399356
1005006010403773
4000627480875
1005006848316739
1005004595488512
1005004251503826
1005006395574702
1005007383625554
1005005835476071
1005007196508567
1005002210862651
1005005034701735
1005006117901100
1005006982397515
1005007291583592
1005006877983896
1005006546142923
1005007130222563
1005005943115848
32697834225
1005006890744858
1005005924022815
1005007132756129
1005007294981121
1005006865637640
1005006865741383
1005007345672048
1005005958785113
1005006893984464
1005007398956037
1005007295521146
1005006193509254
1005007294739597
1005006017699750
1005006046835172
1005004235456670
1005007266987035
1005007342704220
1005004803801735
4000934303671
1005007291639174
1005006784162040
1005007393940264
1005005503775527
1005006279008608
1005007294969434
1005006973606082
1005007052282256
1005004550684038
1005005346575518
1005005585229778
1005004971260068
1005007183192826
1005004780031140
1005006082915057
1005006911662386
32368127658
32992607964
4000443315715
1005003962837707
1005003447124724
1005005249655882
1005006667761610
1005006582951502
1005007027737541
1005006942944464
1005006094204550
1005006584469680
1005007010794746
1005007343431194
1005006919246612
1005002651667963
4001122412708
1005006858003244
1005005924879301
1005006942631591
1005006365723141
1005006734921762
1005006280823889
1005005103846799
1005005715962069
1005006610005528
1005006764518479
1005006113720264
1005007423036714
1005006568899668
1005001399370159
1005005197871046
1005005263931830
1005007458557744
1005007438618803
1005007379184031
1005005800073029
1005006833246407
1005005548067256
1005001512860660
1005007084645501
1005006437874542
1005007275124266
1005005748121115
1005006458346538
1005005703408965
1005006746043047
1005007204877308
1005006747983992
1005006330825372
1005005523309309
1005006538779760
1005006494577778
1005004617688635
1005007131782781
1005006316072933
32971974839
1005006888914293
1005006831368514
33022285707
32969198203
1005005254064195
1005006840977874
1005005575665808
1005007132131458
1005004566418206
1005007047230230
1005007204410548
1005004619538417
1005007132042364
1005005099224944
1005006138960726
1005003076020714
1005005747980826
1005006415175154
4000669291857
1005007293950110
1005007176577602
32826702962
1005007141723566
1005007131795866
1005007339031531
1005005296244730
1005007020662076
1005003931291004
1005007333703152
1005006456198625
1005007131980476
1005005058499558
1005006446469802
1005006296932968
1005005073559149
1005006880753827
1005004345105347
1005006410208212
1005007402078434
1005007307118380
1005006888837538
1005003708502862
1005006743189341
1005003931353066
1005007166736890
1005006063159728
1005007107549170
1005006678060558
1005007282033814
1005007203959772
1005006336484289
1005006262991745
1005007043305157
1005006506934682
1005007226498520
1005004927813080
1005004814940386
1005007280748242
1005007208057634
1005005291086625
1005005417198546
1005006273499356
32893904734
1005003051274008
1005006312994321
1005006003506805
1005007138366860
1005007043932871
1005005932286173
1005007043286081
1005006672263031
1005001845696128
1005007044987876
1005006593021234
1005003617447154
1005003710139484
1005006123313300
1005006948188102
1005007170146006
1005004088185169
1005004158864815
1005006530542185
1005006378825612
1005003408022607
1005005466486413
1005003043698883
32950129529
1005003710094348
1005007138430861
1005005466943339
1005005466520862
4000448567514
1005007136801095
1005006000349587
1005003431880192
1005005443724494
1005003866304380