1005007028333102
1005007021455757
1005006692832813
1005006692869301
1005006692018974
1005006693435026
1005005984934225
1005006367919287
1005007450569200
1005006798367311
1005007100381187
1005007252730193
1005007138188816
1005004472259923
1005006796930876
1005007404587595
4000969048869
1005006810201523
1005007023564957
1005006820772772
1005007004909978
1005006975836968
4000924970561
1005007490339309
1005007489855919
1005007347717430
1005007251380918
1005006857351746
1005006636133344
1005007092328001
1005006097815645
1005007426319707
1005004710166177
1005007302847061
1005007375347295
1005007100369239
1005007100231946
1005005788280366
1005007099993824
1005005797609159
1005007364381480
32997541999
1005007417888690
1005007444116129
1005003331845450
4000386666791
4000250790654
1005007424484203
1005007394095483
1005007401891282
1005003767589158
1005007458796026
1005006294925480
1005006023087450
1005007065619159
1005003606180245
1005003937815094
4000165192614
1005007458809730
1005001714758583
1005007196762283
32596493011
1005007196247143
1005003263778785
1005006882377928
1005006856180325
1005001714654682
1005006855978934
1005006220046386
1005007404936412
1005005809499069
1005007425515946
1005004148754601
32829157710
1005003256327962
1005003522057620
33000148359
32824082144
1005006728261050
1005005449810535
4000534088729
1005003981435928
1005005178448311
4000013354626
1005007459637218
1005005454799569
1005004857332978
1005007097195264
4000310883438
1005004291718485
1005006856097559
1005007065349601
32829976185
1005003242305733
1005003066835614
1005005259342857
1005005862115707
1005004390927870
1005002861449006
32859092344
1005004719308639
32897921074
4000234611892
1005002952952320
32851622907
1005007451887372
1005004072471536
1005005226279951
1005005213978575
1005006148501903
32840046069
1005007058233065
32806320545
1005002884891360
32803729886
4000078117351
1005005974165413
1005003719183200
32859252410
32545826302
4000170271185
1005006357449017
4000304977802
1005007453168070
1005003167358184
1005005140173623
1005002857655218
1005005401801263
1005001338498168
1005003065426015
1005001934401454
1005004030748959
1005007366240794
1005004152785838
1005005428257966
1005005339161953
1005004549898786
4000103906971
32964163694
1005004880107631
4001085292560
1005001603517895
1005007031509656
1005004686315690
1005002654707714
1005007400822809
1005001977244680
1005007065285740
32851979410
4000022813218
1005005476920354
32851666017
1005002857636389
32782301520
1005007008298898
1005004118589446
32828336938
32870966045
1005003499856118
32564664002
1005007401241605
1005007010687002
4000242543606
32518031925
1005005661100723
32815524188
1005001659050118
1005006684260438
1005003313545646
32856334089
1005007137212904
1005005968626191
1005004549899729
1005001315564269
32782349340
1005003500598324
1005002857558317
32563293836
1005005807087610
1005006572288234
1005003503899876
4000308117376
1005003252362491
32920591011
1005004602453124
32627318967
1005005426028328
1005005661174489
1005004819078244
1005006842456381
1005003425808955
1005007353135359
32859978713
4000307139246
1005007195984194
1005007030820899
1005004901421961
1005001757587251
1005006945387358
1005006449033788
1005006932112377
1005004049932075
1005006356101178
1005005968867281
32958395000
1005002848598718
1005001882315966
1005006140102983
1005006191742298
4001322800555
32824626325
1005007458145816
32818866706
1005005298303221
1005004650832139
1005005310541151
1005004988710017
1005005533119916
1005003241303457
33060542870
4001187685291
1005006679115301
1005007457628057
32959052090
32855826834
4000008156859
1005003081367610
32966462511
1005007447430103
1005003375011052
1005005684580711
1005005865395685
1005006642981815
1005006756427866
1005001871589066
1005006721085770
1005007213412812
1005007121073848
1005006193772574
1005001391141500
32861515490
1005006923366753
1005003171342139
1005003606557848
1005005059844162
1005005969513618
1005001870187628
1005004035297696
1005005809457405
1005005397011346
1005003929475461
32867427340
4000701936874
1005005954396615
1005003726670440
1005005281187757
1005003211569053
4001225299397
4000218684106
1005003754517027
1005005560665506
1005005466964876
1005007490345903
1005007490418037
1005007482688192
1005007490100267
1005007489360772
1005004634947448
1005004613417028
1005007489233917
1005007293690428
1005007488142853
1005007482083472
1005007482806111
1005007483753239
1005005476368599
1005007475156311
1005007474945373
1005007487593885
1005007289412156
1005007439504663
1005007465752478
1005007443844102
1005007465279052
1005007458542064
1005007458372900
32889357234
1005007459488947
1005005573684129
1005004645916201
1005007446969964
1005005740144990
1005002488234015
1005007069417048
4000894747685
32832645144
4001162364988
1005006801257916
1005006954616635
1005003505120551
1005005969069453
1005005809496142
1005005420896548
1005005396990671
1005006982450343
1005007458768596
1005007454075786
1005007455493455
1005007310249352
1005004685194845
1005006195900755
1005007124353806
1005007081062168
1005005995595440
1005003394038635
32860462704
32822950481
32879568477
32855079507
32890209203
1005003129144729
1005003375025769
32806344452
1005006766952697
1005002278008766
1005001387993935
1005004407728990
32500899684
32991015801
1005004532275348
1005005862206718
1005005335679197
1005005441086172
32982040064
1005007150724944
1005004953684359
1005005458418612
1005007461284856
1005007459724535
1005007450767218
4000722461552
32851707989
1005001316548043
1005004835233356
1005002571974801
32981353516
1005006220816051
32820616031
1005001794747818
1005005023138039
4000427421683
4000117370917
1005005544674860
1005005501085386
1005005773354590
1005004216262919
1005003166085327
4000218996476
1005006978106739
1005005305819195
1005003167252482
1005007448228800
1005007465503921
1005007460335417
1005007452380110
32838669708
1005001315509843
32822844802
32789985897
1005006867904980
1005003122924625
1005007445554907
1005007459560920
1005007428289247
1005004835220331
32913849665
32913825970
1005001871367900
1005007146468118
1005005307120595
1005005123114144
1005007446052065
1005005123239099
1005007450702058
1005007446007432
1005005220733322
1005003751043286
1005006542600909
1005006579581254
1005004846085787
1005003394626407
1005006185222532
32916703907
1005007100525768
1005001911485755
1005006420942486
1005007243849540
32775431269
32884921111
1005007413262439
1005007393676150
1005006468521733
1005007362744511
1005005337493555
1005007356943722
1005006825588993
1005002622622011
1005004245437029
32950705909
1005005938682093
1005005362792370
1005005115723182
1005006572882494
1005004818285297
1005007357129038
1005005509123528
1005007357079352
1005006259288881
1005005941417252
1005006010675962
1005006548204128
1005007357004849
1005007357126031
1005007040873238
1005007056073497
1005007056285104
1005006721723185
1005006340696942
1005005854702937
1005007056090427
1005005842474206
1005007357095063
1005007356951795
1005006070662610
1005005592843833
1005006176638868
1005005821578562
1005002956002854
1005004189024917
1005006285584846
1005007267665062
1005005761249892
1005007040883148
1005006141382415
1005007139938659
1005005215676540
1005007449651247
1005007357061144
1005006888906451
1005006925287753
1005005096770325
1005005549223422
1005003835323033
1005006176081436
1005006175990830
1005007040888094
1005006342265134
1005007266140059
1005002555718647
1005002633421088
1005007357144152
1005006550120163
1005006089022109
1005007453349134
1005005682997292
1005005682828966
1005005827892834
1005005828897747
1005005887585861
1005006089018135
1005005386874362
1005005827960438
1005007040696941
1005007316163012
1005006088963388
1005005939341729
1005007125802590
1005005842425622
1005005425978988
1005006088896799
1005005842502008
1005005828960381
1005007328245365
1005006022402743
1005007180254548
1005006266858195
1005005644318168
1005007301791307
1005005805409852
1005006916780202
1005007181849725
1005006808552092
1005001370836655
1005006850637271
1005006912744682
1005006682847524
1005005731405816
1005005642387629
1005007170257645
1005001476057374