1005007451568962
1005006724967991
1005007116760915
1005005514177256
1005006942193982
1005006859029154
1005007075886315
1005005630918029
1005006038068076
1005001488200452
1005005941216478
1005006609193680
1005006957641041
1005007449316253
1005007340072090
1005006615772161
1005006173585369
1005007369226297
1005007412944876
1005006990234389
1005002095763099
1005006376500245
1005006181113661
1005006189872088
1005006321184312
1005006385760317
1005006416918906
1005006860053722
1005006583823788
1005006522218727
1005006840756329
1005006308857003
1005006389262588
33011165008
1005006602812671
1005007022893799
1005007473161402
1005007023392248
1005006434181397
1005006961163897
1005007170306305
1005007023447224
1005007023088534
1005006623859370
1005006413239353
1005007023563020
1005007023135436
1005006434012931
1005006623765513
1005006624005203
1005006284957240
1005006264456516
1005006270727198
1005006366556571
1005006318354849
1005006325575333
1005006899010319
1005006594131789
1005007455601653
1005006899077056
1005006898967568
1005007246315120
1005006407980951
1005006342488917
1005006366083631
1005006492452433
1005006793826288
1005006683814136
1005006382644825
1005006977757071
1005006140831168
1005006008757852
1005007277705142
1005006489330210
1005006156326820
1005007012031396
1005006493010365
1005005975728750
1005006012826646
1005006492698917
1005006282456274
1005007215638862
1005006806410025
1005006109109213
1005006624106169
1005007067984576
1005007062896000
1005007067351149
1005006850263349
32974099514
1005006278986606
1005007091258068
1005007063434188
1005006608271613
1005006976433350
1005007104061969
1005006977712238
1005007094417423
1005007462396971
1005007485712590
1005007269328430
1005007462867320
1005006303811819
1005006358002668
1005006743530572
1005007478633123
1005006344216519
1005007022794959
1005007022775989
1005006091641936
1005007023238057
1005007023165417
1005007187800349
1005006327269559
1005006711396905
1005006371686201
1005006431306072
1005006445847943
1005007177201708
1005007023179343
1005007177043847
1005007023476163
1005006388616417
1005006589765077
1005007023132518
1005006623848521
1005007023014677
1005007022940765
1005007022778935
1005007023246037
1005006623902364
1005007023158466
1005006434437445
1005006437013023
1005006992625156
1005006626935499
1005006649783428
1005006665853985
1005006656316659
1005006434332822
1005006434311920
1005006522659585
1005006521992864
1005006522822363
1005006524148246
1005006870147716
1005006140758333
1005006918568612
1005007200303129
1005006904125798
1005006614852873
1005005026479793
1005006596464472
1005007336137079
1005007343767419
1005007341916946
1005006710978153
1005007413407437
1005006492962537
1005006190191282
1005007014994468
1005007371759530
1005007343056061
1005006978085694
1005007063502059
1005006977614087
1005006977515893
1005007420731435
1005006330446720
1005007143967538
1005007062980883
1005007066008586
1005006486394992
1005007250228596
1005007064342838
1005006486413883
1005007063377277
1005006976314785
1005007479773903
1005006913274188
1005007064560313
1005007063028756
1005006331769955
1005006486499372
1005006487285587
1005007401476174
1005007403410122
1005007371275757
1005006684620755
1005006258025729
1005006977736315
1005006977699281
1005007371196053
1005006977728198
1005005960335519
1005007432262408
1005007063341304
1005006977471431
1005007389865706
1005007444286020
1005006366115455
1005007426460571
1005007454687418
1005005972953303
1005006300935155
1005006299422854
1005006299469607
1005006294941022
1005005972104921
1005006306552988
1005006408063334
1005007171134045
1005007342791823
1005007420627682
1005007370969049
1005007371592603
1005007371570695
1005007371268211
1005007371392341
1005007371279441
1005007371525758
1005007371594583
1005007371422039
1005007371267894
1005007371252797
1005007406457756
1005007424696440
1005007431235810
1005006277021194
1005006372223485
1005007398134409
1005006371677272
1005006431192639
1005006821964081
1005006273209079
1005005970380819
1005006388629345
1005006339165408
1005006434169399
1005007026992975
1005006960248250
1005006656723524
1005006522642555
1005006521943876
1005006091670707
1005006314583615
1005006492895885
1005005995876891
1005007470159133
1005005880894336
1005007166669175
1005007431734939
1005007432677080
1005007432609002
4000960555555
1005006217317496
1005006364321364
1005006795067981
1005006005519355
1005004665822023
1005006795288060
1005006795167968
1005005997140742
1005006788966337
1005007347612533
1005006987435986
1005006136854347
1005005431555346
1005007050840317
4000149245810
1005001992289671
1005007361050460
1005003262001123
1005005861813556
1005004003665494
1005006567125308
1005005855009623
1005007195767242
1005006795440695
1005006795366442
1005006136867803
1005006072251183
1005005965245193
1005007035904070
1005004580469390
1005005472097171
1005004853855429
1005006225372874
1005006068765556
1005007170127713
1005007402278900
1005006316407657
1005006814081719
1005005953778870
1005007338084224
1005005658045815
1005006753982112
1005006940840708
1005007117021694
1005005396495087
1005005510829579
1005005167018081
1005007113904629
1005006937398117
1005007324944440
1005006997591399
1005006655989937
1005005965589599
1005006966341543
1005002565732417
1005005218275386
1005006121306252
1005005649983985
1005006953293369
1005006425106404
1005006837111671
1005007087793414
1005005987038612
1005007122122445
1005005235504278
1005006953058420
1005002906863669
1005007051812893
1005006998389080
1005007212167296
1005005389288018
1005006109361720
1005007199543490
1005006868915193
1005005554163910
1005007400151003
1005004634373900
1005006949641295
1005007113307987
1005006138636834
1005006910639878
1005007271695516
1005007133849004
1005006852181055
1005006997114702
1005006656152295
1005006326267415
1005006646289136
1005006181081078
1005007067359779
1005005070647148
1005007400074604
1005006415693994
1005005583652490
1005006152567026
1005007076528569
1005007457486905
1005006750309629
1005007186332740
1005006857256122
1005007079695391
1005006623361573
1005007112810206
1005006916235968
1005006738930824
1005005672926695
1005007389818783
1005005867852442
1005005891162791
1005005708207501
1005007228218016
1005006910672818
1005006103435069
1005006837193364
1005007083926808
1005003661911531
1005006975407580
1005007346717154
1005007386065231
1005006871836567
1005007294383697
1005006751256750
1005004594612530
1005007246508075
1005007355615146
1005005581679432
32819193925
1005007219454201
1005006180107130
1005005990200014
1005005220841491
1005003721115723
1005005843660371
1005007314113727
1005006297285429
1005007309805306
1005006783793656
1005006307397011
1005006002206726
1005005931706615
1005004878347091
1005005598923292
1005007094713419
1005007010770375
1005006878174999
1005007138835009
1005007007707716
4001183875830
1005007001141890
1005007264907060
1005006530684592
1005007060250562
1005007217394564
32950363815
1005007370608563
1005006303081812
1005005633176586
1005006402577687
32833274638
1005006321808373
1005007075616673
1005006508825661
1005006491167036
1005005834589953
1005002801590254
1005006861618991
1005007118661034
32832572557
1005006857969692
1005005785959281
4001010808291
1005005342334563
1005007032146614
1005006971160147
1005006854560037
1005006535191563
1005006280704446
1005006750068582
1005006947995372
1005007157906249
1005007050817419
1005006224904294
1005006802269515
1005006990585913
1005007392964570
1005006472374445
1005004979870017
1005006837182400
1005007220114004
32849772551
1005006562925495
1005005978085522
1005006254565718
1005006278122649
1005004285797373
1005006793541215
1005005389132878
1005006208895882
1005006267115043
1005006280755043
1005005967383919
1005006479889640
1005003815214818
1005005758619425
1005007143556778
1005007126213449
1005005980621423
1005006708059407
1005006439182132
1005006081752892
1005006879314140
1005005082302120
1005007219802470
1005006348859932
1005006760820293
1005005730462613
1005007206101098
1005006723617462
1005006493573310
1005006318726999
4001160395462
1005006712276484
1005007069009250
1005006684960166
1005006160386760
1005006305470296
1005006545858449
1005005915563684
1005007371201203
1005007260009830
1005007278150839
1005005648468092
1005006883666166
1005006991084545
1005007018629415
1005006068538105
32812834924
1005006580849193
1005004347593221
1005007439289378
1005007283330848
1005006856442473
1005007268111413
1005006331858879
1005004756741789