1005005650636772
1005006597095880
33000880436
1005004763722224
1005005595617748
1005002870999052
1005006622220220
1005006535965815
32978811855
1005006430689291
1005006217750296
1005006451370226
1005006448041794
1005006430819523
4000132594435
4001015086603
1005002599268448
1005004213560601
1005001350612652
1005006828405686
1005006305405585
1005006841569852
1005005681703836
1005006408630869
1005006806575488
1005006235498773
1005006143134924
1005004632941493
1005005989176001
1005005964175937
1005006782770563
1005006552999981
1005007376615875
1005006529326863
1005005350790816
1005006828465688
4000100167576
1005004765823234
1005006041861431
1005005523142669
1005004895091229
1005007097126144
1005003341720110
1005006435783734
1005006447579921
1005006444328632
1005004682394075
1005005089380208
1005001897033499
1005005123629488
1005006362875910
1005006844137359
1005006351036390
1005003164194962
1005005227513632
1005005764397865
1005006406819621
4000789622293
1005004890608600
32890996657
1005006000444841
1005006819516908
1005005990326881
1005006024510999
1005005321169947
1005005543321825
1005006447763817
1005004754088076
1005004795323282
4000132608256
1005006713213553
1005001952303786
1005006926283880
1005004209805671
4001269872121
32976121940
1005006866561766
1005002055519012
1005005137158142
1005006430006772
1005003996839701
4001080692120
1005003570055384
1005004768377347
1005005916412241
1005006375179487
1005007200703461
1005003050909339
1005006809731935
1005006682085250
33029428921
4000296804306
1005006865417759
4001019949116
1005002710185728
1005004088780805
1005003324651350
1005005131566613
32889207396
32957651757
1005002897010140
1005001418975961
1005003490255521
4000480344856
4000168224667
1005004941053872
4000786708954
1005007147064313
1005006828906766
1005005638058076
1005006083213696
1005007456167369
1005007285139624
1005006736860927
32855404596
1005006888575314
1005005338406039
1005007327135708
1005007324483139
1005006105378985
1005005246631898
1005003106451204
1005007468795981
1005005799974498
1005006404212128
1005005463222648
1005007468828695
1005007354463593
1005005249936043
1005007460163510
1005007347486730
1005007468219060
1005007461079656
1005006738132390
1005006704203330
1005006691756318
1005006574153223
1005007450915532
1005007484101891
1005007283913505
1005004916121130
1005007449515726
1005007449407310
1005007451332671
1005002277774110
1005007488720429
1005007483637295
1005007483504546
1005007487252638
1005007459553679
1005007459789210
1005007469110854
1005007453614555
1005007446718347
1005007041596990
1005007253320082
1005003587584628
1005004973256149
1005007094743143
1005007150842748
1005006157913434
1005006610340494
1005006154643080
1005006095665864
1005007191996626
1005007145046042
1005007111473518
1005007108373857
1005006324187925
1005003614641387
1005005612598170
1005003760904160
1005007219111484
1005005472118987
1005004560184950
1005005763197120
1005006021336433
1005006431181532
1005007020574678
1005003748261321
1005003379015292
1005001468532660
32869915943
1005007035909693
1005002233912328
1005005676075114
4001268599251
1005006967528096
1005007146076412
1005005459421090
1005007066122621
32856464637
1005007054551406
1005003364315452
1005005356742341
1005007217411024
1005007268014522
1005004702698885
1005007219672218
1005005499867489
1005007143635217
1005006243571771
1005007287916004
1005005552245769
1005004451001490
33006060286
1005004546449823
1005005939956886
32811586562
1005005751614742
1005007183094913
1005001683924548
1005005442967843
1005005627650617
1005006699207128
1005005052316706
1005005121790860
1005007277200651
1005004556963215
32817477573
1005006883319783
1005005454779885
1005007447878785
1005004223103391
1005006578264530
33009837671
1005004818229008
1005007421535583
1005006724397622
1005006329691679
4000174926096
1005005092705801
1005003234798606
1005006061072170
1005001614314269
32841631280
1005006808178477
32808099165
32745160287
1005006732427040
1005004325635870
1005007349382111
1005001798092141
1005006809469659
4000099345609
1005002791682818
1005003028575997
1005005741232485
4000350911619
1005007181860484
1005006326553298
1005007181500385
1005007175519616
32815435255
1005005593581692
1005005891700053
1005005355503998
1005007350087950
1327801449
32999308401
1956688692
1005006577382033
1005005397608527
32895640859
32655511590
1005002444748070
1005004216953422
32696800292
1005007168883928
1005007161655368
1005005367639426
1005003156056776
1005004870981070
1005002061283175
10000263938472
32975337026
1005006043130983
1005005440758383
32977295809
1005002322221222
1005006746822154
32992168362
1005006101573712
1005006987617481
32875787820
4000532296543
1005005445306574
32760070706
1005007431680650
1005006664796403
1005006572636715
1005005067899085
1005007043036272
1005006782289611
1005007375588249
1005006173463428
1005006954387236
1005007196703201
1005005855202493
1005005400923969
1005001451252325
1005006756008889
1005002738157021
4000861023755
1005006681319550
1005004417902261
1005006890023552
1005003280793746
1005002855778282
1005006374471229
1005007297747694
1005005927452188
1005005351407867
1005005603885736
1005001454393905
1005006814501674
1005004076815921
1005005929134212
1005004100225892
32849838238
1005004643951952
1005005568886997
1005005671616916
1005006240061788
1005005092171962
4000219681761
1005007382310610
1005003980238148
1005006848171610
32946436249
32678451396
1005005648023463
1005006135267537
4000057482228
1005005292350928
1005006758371432
1005001612118290
1005006715862395
1005005473839802
1005005905961115
1005005944339860
32859771361
1005006303741927
4000643403600
32874657945
1005003666867741
4001164911355
32966321130
1005007327056534
1005002065077114
1005004319725443
1005007341375836
4001276004500
4000349113693
1005006015332885
1005004436301934
1005007411815601
1005004992667208
1005004760169626
4001351723592
1005007052898361
32879750568
32920196503
1005006356895989
1005001525405425
1005004783524362
1005006440331716
1005001946045998
1005003088128798
4001178176938
32322863777
1005007028321610
1005005460912777
32947779899
1005004886449799
1005007460717563
4001029418974
1005005024206288
1005006659983222
1005007473885669
1005007286927951
4001084089248
1005004433458041
4001162851653
1005003945303680
1005004404762370
32795113321
4000016057848
4000432321049
1005003178334021
32888232585
1005004961808510
1005005062182280
1005005417187474
32929317512
1005003202479169
33015130582
1005004217661980
32869687744
1005002233841039
1005002332266059
1005005406890714
1005001291127787
1005003372250002
1005003002974165
1005004942079461
1005004271938892
4001061828501
1005002732550617
1005004771034299
1005004027882343
1005001860577336
1005004546396109
1005003258582453
1005003412264046
33009722719
1005004823811551
1005004988261793
4001146341267
32996681471
1005004828928044
1005001452576180
1005005433519972
1005005303300567
1005003029765030
1005005355190909
1005003510435110
1005002971569128
32797583942
1005004421532369
1005003668026401
1005005308405475
1005001862636110
1005003298617322
4001178240711
1005005433720975
1005002388774421
1005004769815611
1005002897659792
1005003077606677
1005004701483811
1005001398065802
1005006843985796
4000403470012
1005005449926559
1005004389301380
4000816468399
32962076114
1005005565648228
1005001721860386
1005002984185251
33062954369
1713182243
1005004262378498
32973043941
32976450513
32894937982
32706948610
32866418601
1005002619900936
32670136892
1005003101393397
1005002884962933
32903109822
33011018105
1005004720143739
1005001813239147
1005005269745734
1005003655587240
1005003605627460
1005004474696070
32837625210
1005004708495085
4001290041721
32822305915
1005004743910843
1005005341139341
1005003412069278
32917531963
1005003128042138
1005005365901167
1005004093902413
1005004997725576
32981705734
1005004708250760
1005002347050388
32658964013
1005003729393515
1005003759495614
1005003039760070
4000238281151
1005004927182470
1005005410159620
1005001970728497
1005002273030444
1005005443504027
1005003685471605
4000860360579
1005002767512701
1005005007987682