1005005624315958
1005006622256789
1005005538460325
1005007082316689
1005005563152500
1005007325589424
1005006387674110
1005006100528183
1005006124936797
1005005925172687
1005006818521576
1005003221697623
1005006034720998
1005003222961140
1005006756088484
1005005319632821
1005005886357002
1005005498346749
1005007261727125
1005006177132098
1005006209072577
1005006615173439
1005007320828716
1005006139614662
1005006103962174
1005006737778294
1005006117501666
1005006120792879
1005006620857158
1005004606480974
1005006900551430
1005006710951064
1005006251048638
1005005839064521
1005002855874923
1005007111666950
1005006635290606
33048639659
1005005052224681
1005007355021012
1005006654866978
1005007184474655
1005007356858920
1005006704139813
1005007177790150
1005003386005412
1005005942420673
1005003015864084
1005007264604752
1005006670616097
1005006627959344
1005006909543033
1005006596629719
1005007301525355
1005005404470949
1005006975117419
1005006896968516
1005004884499975
1005006661418854
1005006225767859
1005006265013151
1005006084753161
1005006622754759
1005007272431763
1005006171182334
1005003771608237
1005006334839682
1005004865160470
1005006154565143
1005006206244498
1005005288633328
1005004543225752
4000258405626
1005004874122214
1005006637002153
1005005787763793
1005006349531787
1005002778664272
1005006293825788
1005007279675002
1005004630186611
1005005547492306
1005005801128749
1005002302452558
1005005538984387
1005005890527283
1005006050044209
1005005944827435
1005007143218032
1005005929899641
1005006064900927
1005006237807536
1005003280850664
1005004297445961
1005005534827704
1005006314884601
1005006997797115
1005007153218860
1005006348693496
1005004959722880
1005006663733547
1005003852868773
1005007058370546
1005005840945790
1005006907629580
1005005309528300
1005007071630911
1005006972975357
1005005941082302
1005006785224825
1005006754461291
1005007037629373
1005006690292650
1005006113050602
1005006250342651
1005006385303331
1005006281716572
1005007251911960
1005004013548741
1005006171491297
1005006377776923
1005007090401269
1005005621961451
4001022419169
1005007167747612
1005005665642850
1005006944733883
1005006950951247
1005002712344738
1005006755514814
1005004300959750
1005005477936782
1005002283005939
1005002014960389
1005006524641110
1005006755472117
1005004917801877
4001200653512
1005003804576306
1005006257094895
1005005453378214
1005007324016321
4000052504255
1005006787527187
1005006125664450
1005003580581647
1005006305648692
1005006716861736
4000751014305
1005005457887822
1005006083038436
1005007361049499
1005007391867551
1005007188129232
32825719204
1005006400822095
1005004078490326
1005006171069718
1005001616944982
1005004995671506
1005005080203417
1005005506848438
1005001722431239
1005007335121976
1005004466632233
1005004910660558
1005003522126116
1005002726920997
1005007003579494
1005005430734724
1005007206456357
1005007036169439
1005004910538932
1005006804881817
1005007342182299
1005007060857303
1005001632937184
1005006846435876
1005006121226155
1005006688862298
1005004540003963
1005006642963969
1005007272491686
1005006990984829
1005003212916565
1005006801961230
1005006807735432
1005006589075009
1005003483888062
1005006421634603
1005004888382419
1005002335771599
1005005669745926
1005004927661127
1005005774138351
1005006707044968
1005004855723423
1005007360806541
1005004196560166
1005006176610917
1005007130187286
1005003568520425
1005005973267072
1005006905039547
1005006302901671
1005006050129083
1005005662383890
1005006432242894
1005004937418426
1005005801736242
1005006299294876
1005006686246590
1005007179615235
1005006677109555
1005006664642483
32858550493
1005006148194458
1005007335934081
1005005941915379
1005005979759160
1005007293963038
1005006333358899
1005006370986168
1005004857938998
1005005341886251
1005005863652596
1005006624123504
1005005580803964
4000048496838
1005006735693775
1005005545292917
1005006380737589
1005007097191260
1005002811747500
1005006031839961
1005006757400500
1005007360971009
1005005085998847
1005005923038647
4000250723364
1005006358153693
1005007279238551
1005007170329610
1005005258287811
1005004690434057
1005006151089893
1005006211571320
1005006711803077
1005004492350320
1005007130026863
1005004205380291
1005007114063290
1005005658765663
1005006358047932
1005006248590773
1005006589797318
1005006783071080
1005006137235412
1005005402785666
1005006009872304
1005006065885756
1005006030021220
1005007303090868
1005006036502935
1005006175046689
1005003401640246
1005007138747201
1005002206725156
1005005992229721
1005006357627758
1005005239724310
1005004107599740
1005006262139332
1005006081758857
1005007084930331
1005007224155392
1005004829002630
1005006599105533
1005006006663321
1005006854561646
1005006716747614
1005006712478382
1005006099498697
1005006207804333
1005003881903639
33052959718
1005006027567616
1005006328712067
1005006989763619
1005005765620870
1005005914713576
1005006977125048
1005006968533287
1005006637304955
1005007021993793
1005006952179700
1005004717749115
1005005809766641
1005007235322035
1005006125408924
1005006015848097
1005007295269128
1005005305604740
1005006943469799
1005003249798636
1005006626643259
1005006295930624
1005006532243783
1005006718888679
1005006271128810
1005006911755168
1005005485392620
1005007185342259
1005005131049596
1005005889332168
1005005997043233
1005004059801100
1005006141118404
1005005424208609
1005006265381087
1005006364561938
1005001750008639
1005007218831467
1005006895446346
1005005620856365
1005004418759583
1005005963031105
1005006597259844
1005002707984356
1005006660734962
1005005488456325
4001020066737
1005007269661091
4000640675404
1005006153743622
1005007358788046
1005005612235350
1005006281456505
1005005750885681
1005004714490611
1005006919088968
1005007138397903
1005005536560967
1005006034163718
1005007357331555
1005007233793710
1005003181017416
1005006769920612
1005006243570005
1005005345027741
1005006011354688
1005006209903368
1005006143564333
1005005889752119
32812922820
1005006975889091
1005007085747444
1005006999099941
1005007205423398
1005006670575615
1005005271835942
4001185937306
1005006961340102
1005004417892181
1005006803946392
1005005513156952
1005006053004539
1005005181159126
1005006170134707
1005006878777506
1005006914412817
1005006238602913
1005004948138150
1005005426168967
1005005731229847
1005006088408404
1005003258798071
1005005187926172
1005006843892376
1005006244865156
1005005180982471
1005002557897090
1005006270647198
1005006643744849
1005006939579273
1005003781009403
1005007302667433
1005007190337482
1005005651808975
1005007402357870
1005005879251004
1005004306553227
1005006769180252
1005007001250663
1005007129387604
1005006078262764
1005006121012395
1005006441514169
1005006431918070
1005006558828048
1005004030622479
1005005658319772
1005002719293784
1005006732106455
1005006681821920
1005006840657459
1005007083125136
1005004719031184
1005006148326465
1005004940430269
1005006174961086
1005004229744959
1005006734541892
1005006918434947
1005006935057622
1005007198081576
1005002776764583
1005005605628434
1005007090358317
4000530742810
1005007117553277
1005006824284726
1005005350786564
1005002212876110
1005003913761629
1005005692712796
1005004887573153
1005002448110918
1005006159324979
1005007287620829
1005007022802559
1005007152284893
1005004769890230
1005002685843971
1005006915629601
32968798180
1005006877146147
1005004153883086
1005006685087877
1005006559326777
1005005718124204
1005006031640824
1005006014783863
1005006394336912
1005006126541654
1005006867402759
1005005430239191
1005006961715205
1005005942549256
1005006940814412
1005001831156376
1005006677772624
1005006755584434
1005006699501612
1005006157217456
1005005636364012
1005005590027644
1005006464980145
1005006686946453
1005005772842685
1005006171099312
1005003178958751
1005006788673187
1005007300012535
1005006537100616
1005004924333310
1005005944695792
1005005893021782
1005006714014934
1005006330943400
1005001660424019
1005006868579329
1005007171130885
1005007085502235
1005006162070076
1005006937547864
1005007208155391
1005005970992775
1005004732365923
1005006990200634
1005007259581390
1005006264638616
1005006362245914
1005007089198782
1005005594816024
1005006369476550
1005002570369305
1005006825701801
1005007269725109
1005005107692812
1005005909682786
1005006255484039
1005006579671282
1005005577880773
1005006995156983
1005006671511397
1005006228988424
1005006141205521
1005005902315900
1005006626880317