1005004682427453
1005004568451217
1005003633556408
1005005433180752
32945497060
1005007458313291
1005007468815973
1005002958658500
1005006978669148
1005007142188868
1005006818460685
1005007296396748
1005006390340934
1005006684251296
1005006859718219
1005001310313425
1005005140428209
1005007084748401
1005006648151957
1005007430145566
1005005737504925
1005007249901723
1005007334230787
1005007429510207
1005006881684427
1005006448004438
1005005192399222
1005006680414672
4001014234683
1005006358526005
1005007252581449
1005007435544869
1005005702407317
1005007407853998
1005006939123433
1005007423798260
1005006358298815
1005007121608881
1005007329318373
1005006433961857
1005006641403022
1005005576794683
1005007448713141
1005007426412339
1005007159805268
1005004049881480
1005005207524040
1005007428674395
1005005104769659
1005005909939870
1005007169556972
1005006872245102
1005006448060579
1005007268384941
1005005516092649
1005003994694540
1005006820246608
1005004984218571
1005006095697664
1005005755499365
1005007096077334
1005007334463775
1005006396640108
1005006946197152
1005005319292468
1005007301716760
1005005456652788
32345730846
1005005086789207
1005007336120350
1005006617740712
1005004073932789
1005005452878956
32490064352
1005006357652396
1005007328040473
1005007287386637
1005006297130324
1005004087075210
1005005952254355
1005004835703085
1005007013852594
1005007260891943
1005002219265878
1005005588872018
1005007131028593
1005007309443314
1005006814615804
1005007368338347
1005007168017011
1005004848247719
1005006124297676
1005006938888086
1005006723393238
1005004245283136
1005006640465092
1005005038727823
1005004266579295
1005007398489364
1005007175560584
1005005866487703
1005006766951411
1005005916505734
1005006390283564
1005006362856289
1005007436090484
1005003380767755
1005007151161426
1005004240065871
1005007306376815
1005007251600331
1005005818268529
1005003844576195
1005005458969228
1005006093353547
1005006560478831
1005003467926820
1005006733552371
1005006059335521
1005007340060699
1005005816402921
1005004067150507
1005005872594402
1005004861297252
1005005709719197
1005006954725908
1005006999181672
1005005338696722
1005006289820726
1005005630529018
1005007454211297
1005006987776009
1005006860756487
1005007169047118
1005005375125280
4001031147424
1005006390521586
1005007175819908
1005005477521407
1005007197042415
1005007425697089
1005007340898324
4000156749570
1005006924518597
1005007437903685
1005005820434491
1005001349348479
1005006706750312
1005004049472575
1005005339378343
1005002394043294
1005005500689636
1005001660190724
4000917364981
1005006031682574
1005007400745835
1005005785874203
1005004705652794
1005001349931553
1005006789334049
1005007306660672
1005006639654963
1005006229421451
4001045452368
1005007306687377
1005007310112483
1005005036954036
1005006938774624
1005006297656301
1005004876190943
1005006059349453
1005005626485365
1005004012574835
1005006444625249
1005007123770344
1005005225978092
1005007426941935
1005006878339980
1005006170201634
1005007097908276
1005006791056698
1005001685608927
1005007345131743
1005002192361755
1005005808183173
1005006985075444
1005006204428663
1005005293002080
1005003486363649
1005004716347237
1005006342194001
1005004798012797
1005004213749026
1005006422169142
1005001464937242
1005006186538875
1005006945891977
1005006351402288
1005006444782085
1005006618203250
1005001570559761
1005007364166283
1005007383353419
1005006706672611
1005005001974054
1005002738750398
1005006975722488
1005006390415299
1005004634826026
1005004782165249
1005005164476865
1005004262590985
1005006996567017
1005006340987324
1005006747578202
1005007327086655
1005005099880040
1005004179426371
4001125482791
1005003932415315
1005005470086695
1005006839556800
1005006853257968
1005001567807617
1005001910246974
1005006860324175
1005001489620136
1005007309427888
1005007408799030
1005005112566757
1005007348977817
1005007268314645
1005006770487529
1005003749939942
1005007356216317
1005007145573304
1005006011491422
1005004647507736
1005006476453294
1005004352798538
1005006264641755
1005006905431330
1005007008142131
1005006774961220
1005007431155510
1005006991880092
1005006074256317
1005006944375467
1005006549314904
1005002642477151
1005006329375698
1005006422632893
1005007166020739
1005005828854217
1005005071871762
1005004736767949
1005005902486263
1005004954731008
4001017814243
4001119208093
1005007408650218
1005006503723138
1005006888673273
1005005474100011
1005005947598682
1005006744966083
1005006014732596
1005003400888549
1005006105844618
1005007309478762
4001354416891
1005005371930905
1005007187647506
1005005589378787
1005007088645410
1005006422733585
1005004612632286
1005007252828057
1005005879432712
1005006729983520
1005003787660004
1005007347563068
1005005975453994
1005003214249924
1005007435186174
1005004017011590
1005007217778927
1005006860402277
1005005859084809
1005003751212896
1005004050438155
1005007370584836
4000426639799
1005006290960991
1005005397372646
1005007097525473
1005006620736158
1005007465426870
1005007014697110
1005006968214886
1005007478985057
1005007271016362
1005005964998026
1005007482796823
1005007454309928
1005007473707038
1005007475159103
1005007479747829
1005007474405053
1005007470688815
1005007461887390
1005007463072961
1005007348402631
1005007443882366
1005007453630678
1005006845993383
1005007459630395
1005007459913484
1005007440474478
1005001788678325
1005002791662660
1005007202639493
1005007195129435
4000039337195
1005007199474556
1005004035345110
4000894158328
1005006888656307
1005006515209850
1005005741676827
1005003833182469
1005006989943241
1005006499799359
4001031548558
1005006843556745
1005007329553827
1005006628907787
1005006918828327
1005006889820340
1005007348904735
1005006860426580
1005006843912237
1005006843632981
1005006706754268
1005006770189357
1005004972590532
1005003280149479
1005005253902653
1005003868730997
1005003936741245
1005003844528937
1005006417334182
1005005966524265
1005007471276260
1005007470926915
1005007471120626
1005007466080715
1005007459549612
1005007459644140
1005007466951584
1005007466126351
1005007466023610
1005007341789091
1005007440280599
1005007440243625
1005007459688118
1005007459722005
1005007458832427
1005007428047630
1005007371367270
1005006953064257
1005007132640603
1005005621207268
1005007006351031
1005006725319172
1005007357089579
32811400832
1005006040333470
32834639183
1005007371876855
1005004415887453
1005004137322149
1005007324284676
1005006974417635
1005005883833644
1005005925657603
1005007293998289
1005007324915376
1005007223363853
1005004647224439
1005002973279945
1005007106968537
1005007425619004
1005004415629929
1005007335044482
1005007063302647
1005007245145413
1005006992139243
1005007371946933
1005006436069267
1005004634626761
1005006782913968
1005004595329061
1005006508945991
1005006920484899
1005006909028686
1005004100235382
1005007008077594
1005007300011245
1005006967559004
1005007377379106
1005004752816138
1005007279045957
1005006465528630
1005005885099080
1005006169672397
1005007097611396
1005006535623739
1005006041868640
1005006165644220
10000136736940
1005007348083622
1005006901176252
1005005703522476
1005006414807080
1005006504043108
1005006685606872
1005007298833649
1005007272981363
1005007029676210
1005004209457459
1005007253472474
1005007309953955
1005006423313029
1005005824495195
1005006920415352
1005005816246624
1005004421424244
1005001871994303
1005007458731140
1005004094313985
1005006353741349
1005006303348124
1005006653272226
1005004317406125
1005005695081894
1005005037756122
1005006473073812
1005006911771955
1005005673974300
1005005682776230
1005007267730561
1005007089521490
1005004110437801
1005006255229650
1005006976583395
1005006846881003
1005003086004389
1005006959151059
1005005262709710
1005004051823146
1005006388465560
1005003908598376
1005005768613894
1005005940174097
1005007278427087
1005007424399757
1005005637404762
1005006900833152
1005005451338079
1005006260982470
1005006448331971
1005004521946925
1005004657815781
1005006710894487
1005006786536297
1005007199663535
1005006750918286
1005007402525899
1005006930704660
1005001642692733
1005006916966094
4001283550445
1005005489634409
1005005061106882
1005003439669710
1005006896155240
1005006510644271
1005005689941942
1005006938943560
1005006542129577
1005006336828436
1005003977815404
1005006685592850
1005006511736250
1005006419450131
1005006103562099
1005007107575887
1005007141491773
1005005966230410