1005001597707004
1005006891370090
1005006888222752
1005005859014607
1005006961127744
32727649301
1005006876398114
1005006897647351
1005007172945426
1005005514487691
1005007219426369
32843572363
1005004622427513
1005007122308295
1005004193051938
1005006279001169
1005006683804232
1005007375448965
1005004568175195
1005003774681546
1005006203038007
1005003973441118
1005005763105993
1005004934301718
1005002805524230
1005006443019596
1005005898040995
1005007288267597
1005005286255807
1005006741161712
1005003047560582
1005006856088180
1005003331631824
32840353223
32908431212
1005006394694978
1005005480681615
1005005114611787
1005006766537381
1005002497255214
1005004967135713
1005006428856071
1005006978083904
1005004045228344
1005006577076104
1005006317974022
32890819223
1005007046921638
1005006440873332
1005004384185978
1005006294683285
1005004934250849
1005005993564674
1005005588677301
1005006996801900
1005006573328562
1005006850409194
1005002568592831
1005005844519100
1005007348622233
1005007083927914
1005005959714729
1005005115497439
1005003343188360
1005006979516910
1005006381767968
1005002909233346
1005005531939884
1005005186867902
1005006060900102
1005003923728356
1005007334885468
1005005232063697
1005007275062992
1005004425239756
1005003322788352
32958775752
1005007275169176
1005004677518518
1005004574214614
1005005653881886
1005006851051716
1005006311742560
4000594863848
4000182337425
1005003357315753
1005006468170989
1005006778052840
1005006577111198
32864505804
1005003722208282
1005007096239398
1005007184386114
33013930177
1005005231813871
1005006765607191
1005006897237637
1005002842110039
1005002538564072
1005004635067342
1005005742817591
4000191335997
1005006439809867
1005004032027997
1005007204109756
1005005393726118
1005004448806829
1005002359091033
1005007117132669
1005005101608906
1005005849025734
1005004069729910
1005004834825530
1005006436470068
32947871413
1005004903541922
1005004138206539
1005006843877033
1005004352095588
1005005192820473
1005005438626187
1005006224852502
1005005653478980
1005006729151456
1005005889822784
32923876791
32949108623
1005006141044576
1005004881897450
1005006126728505
1005005883680345
1005007009962007
1005005923536574
32738064713
4000414264710
1005006702794454
1005006539876909
1005002495994022
1005001834188143
1005006825914887
1005005802694113
1005004193754529
1005007015020712
1005005984602766
32954917237
1005007027001956
1005005735657944
1005005951721387
1005005286355312
1005004375953434
1005007060377323
1005005078766984
1005007258065221
1005006483142240
1005007260872393
1005007168416107
1005005301830712
1005007259158627
1005005935385867
1005002525535329
1005003844048686
1005004047002978
1005004564946787
1005006870120659
1005007050235338
1005006241488041
1005003036825116
1005001290248598
1005006760991503
1005007095910420
1005007238292172
1005006015373513
1005006566541115
1005005937642604
1005006827565476
1005004100219125
1005005652609422
1005004900140848
1005006583293664
1005007326819471
1005005180358840
1005005929461052
1005006171864584
1005005292059221
1005003140037760
1005007015535083
1005007131468552
1005003782555826
1005007204854642
1005004633640821
1005007425841617
1005006463637409
1005006943147570
1005007165183617
1005005515230704
1005003932608282
1005003448983297
1005002518692974
1005006835246542
1005007103155732
1005007009654929
1005006665421449
1005005431298971
1005007082934399
1005007104246231
1005006217607201
1005007244840998
1005006518748174
1005004727849410
4000773290542
1005006313304433
1005007175853102
1005005445203586
1005003792717176
1005006219534354
1005006994818470
1005006753531662
1005004353684260
1005007279382220
1005004215225831
1005007174050360
1005007208654893
1005004837455099
1005007263378259
1005005570408857
32805847383
1005004909412584
1005005114188843
1005006621081664
1005004670186681
1005006466825170
32809950327
1005007164455109
1005006140877034
1005007198331325
1005006244110926
1005006612919125
1005001604000045
1005005779458005
1005007052894462
1005006443075803
4000960902470
1005005310174501
33020231564
1005006612328506
1005006734619437
1005002835240563
1005007343240358
1275316774
1005006863229374
1005006494464308
1005005557027323
1005006911657927
1005006780793394
1005005956313011
1005006443673639
1005004458285849
1005004204508338
1005005977996508
1005005570532329
1005002816637767
1005007212363595
1005001652347914
1005005976835912
1005005978870050
1005004798835163
1005004992924098
1005006185799706
32848843934
1005004878921895
1005006756774784
32893787352
32849093567
1005006275872369
1005005307146695
1005005643277121
1005005750650959
1005005307487500
1005005302431139
1005006902228844
1005007033286557
1005006524696410
32838184008
32816534004
1005006609251132
1005006068872586
1005006915751739
1005005480692719
32968523469
1005005649132026
1005006107369179
1005007342768974
1005005425639640
1005002286338483
1005007359885486
1005005189099096
1005006422011470
1005006643210104
1005006981683072
1005006298554495
1005007442325550
1005003341687998
1005006918993072
1005006654505491
1005005958544945
1005006169521863
1005006848304434
1005006268094054
1005007227437054
1005006900688453
1005003580427740
1005007039761176
1005005742371688
1005006989758063
1005006113966237
1005006043515252
1005006346225644
1005005755124140
1005007131272219
1005006501421441
1005006942509788
1005005853921138
1005006744553360
32945288140
1005006605135425
1005007126813023
1005005039842185
1005007202112690
1005007255030734
1005007005912654
1005007432077589
1005006948261159
32892769350
1005002541147466
1005002022609444
1005006229888275
1005007262144309
1005006539412904
1005006270373391
1005004035369003
1005007052337242
1005006805664507
32861243690
1005007376818867
1005003557072010
1005006119919370
1005004249407889
1005007321542253
1005007135112944
1005006781416406
1005006802862105
1005001611944990
1005005849092283
1005003375738345
1005005897883044
1005007209484855
1005006934367967
1005002948191492
1005006314972865
1005006539351529
1005007203209555
1005006105189254
1005006724948497
1005007401413435
1005006065338534
1005006528951313
1005006462346895
1005006293621661
1005007176384112
1005006259506417
1005004965665717
1005005132496913
1005006658593721
1005007340220976
1005002016367915
1005007257417368
1005002540120985
1005006943517557
1005005768564840
1005002948800405
4001127465798
1005007294270432
1005004640463381
1005007103636830
1005006398414870
1005005849039899
1005006850000803
1005004111833815
1005006402992428
1005005957085182
1005007394345393
4000496898979
1005007002750461
1005006371451999
1005006548317962
1005006732897501
1005005406489729
1005006024244893
1005003212151195
1005006934323042
1005005705693368
1005003195184959
1005004771806344
1005005279572902
1005006320103803
1005002230839710
1005003668028441
1005006336395565
1005007169632671
1005004301596060
1005002953407122
1005006071638090
1005006702987878
1005005970871803
1005006428326657
1005007077187320
1005007394602654
1005007152946323
1005006183051176
1005006042642694
1005006619947034
1005006329567697
1005006727631802
1005005780542635
1005006438516943
1005006371791634
1005006253825300
1005006271353267
1005006593838998
1005006614325291
1005005853974704
1005004254612856
1005006254401023
1005005580818337
1005006865310137
1005004223344920
1005006825390752
1005005931722289
1005006215010310
1005006912142763
1005007106714812
1005007370996943
1005005735741330
1005006451340364
1005006199856855
1005007071437312
1005006908665381
4000162751752
1005006047295708
1005006067910582
1005006621463310
1005004045111586
1005006732598495
1005006067694079
1005007180046812
1005005764327159
1005006480034837
1005007037032835
1005007352320045
1005007065028677
1005006589619734
1005006856681903
1005006237478572
1005006133632555
1005005572012819
1005006928212233
1005005768817035
1005006916084039
1005006372148411
1005005585758351
1005007177421181
1005006589372743
1005006435598654
4000180894244
32931501835
1005006428336621
1005007187804252
1005001709991754
1005003427576046
1005001922260667
1005006164694023
1005005887205989
1005005762305009
1005004594179074
32811869336
1005002804050531
1005005038831581
1005007257683524
1005005408261940
1005006215223658
1005007268702102
1005006371707756
1005006138412485
1005006305731292
1005007281525984
1005005574999517
1005004982332591
1005005351229173
1005007196369478
1005006148589786