1005002310225989
1005006396531053
1005006921148958
1005007380186036
1005005372190561
846183179
1005006415394327
1005007203816604
1005006208331033
4000241526623
32256087301
1005007468206825
1005006473827974
1005007451570800
1005006497939289
1005002101538205
1005007211625332
1005005324978928
1005002899552633
1005007096926103
1005006199594706
1005006932905198
1005007183986182
1005005662744074
1005005845577254
1005004945943678
1005007074609246
1005007201474448
1005006191334620
1005007094074651
1005006974650342
1005004753156855
1005003278409379
4000895922478
1005006835461375
1005006197889651
1005007117861746
1005007382422495
1005007239076514
1005006255940496
1005006258040536
1005006980997289
1005006682895296
1005005931669824
1005005275392692
1005006189984503
1005006190074046
1005006271233538
1005007073835684
1005007135784586
1005005659398217
1005006057166500
1005005913514152
1005007174458855
1005006904558496
1005004759766219
1005004232994621
1005007205753414
1005006904480686
1005007374245693
1005003426741728
1005003190472390
4000029790882
33000115975
1005007218904028
32831274970
1005003497108722
1005004275000842
32819899917
1005002042710690
4000215023122
32996414326
32888863244
1005003344622699
4000507300604
1005007463780864
4000523336610
1005002107027753
4001278887780
1005003540294477
1005007435578960
1005006157409496
1005005698267272
1005007432927324
1005007446784958
1005005858218630
1005007453521390
1005007433478835
1005004677351256
1005006918000319
1005006212565014
1005007094898980
1005006271672342
1005006807869809
1005006036617502
1005007243119934
1005006328496028
1005006819773978
1005006266335385
1005007280392733
1005007040899348
1005006538453382
1005006407821198
1005007354191411
1005007105819400
1005007114938689
1005007354065882
1005006150535310
1005007110763295
1005007354286106
1005007422855851
1005007392822443
1005007446926643
1005006957599275
32876826994
1005007341719578
1005007408984084
1005007359354503
1005006638930310
1005007073824272
1005005643824969
1005007453825109
1005007342055156
1005007072697808
1005006971596751
1005007414372897
1005007346093988
1005007350331820
1005006062129370
1005007126517326
1005007378238676
1005007211383316
1005006159634460
1005007088927656
1005007377084681
1005006867126446
1005006608415791
1005006996360073
1005007258845977
1005007058365539
1005007434659242
1005006588180629
1005006659174011
1005005542541537
1005006361400302
1005003615227540
1005006808205370
1005007213402028
1005007341645998
1005007445476764
1005006748841280
1005001487778156
1005007087266442
1005005600830607
1005006894968741
1005005542592201
1005007097753950
1005005445368624
1005007096859532
1005005753809740
1005006589300938
1005007210234679
1005007348835591
32672716524
1005006291104375
32671453545
1005006905395049
1005007146492701
1005007348649662
1005007064735449
1005006370978559
1005006905469103
1005006914597731
1005006850692883
1005006917569257
1005007348845152
1005004815933612
1005006591315112
1005007424605635
1005007436305231
1005006768766594
1005005079614700
1005006976169913
1005006865274110
1005006889146089
1005007255008566
1005007293938120
1005007442560136
1005006905137028
1005006417426681
1005006358310737
1005006721956157
1005006905176499
1005007045094089
1005007118064390
1005006363484332
1005007301549926
1005007181037074
1005003474750933
1005006179318545
1005007210083729
32778751620
1005001271782180
1005007283753377
1005006905303465
1005006249155249
1005006905091906
1005006494806715
1005007449142618
32781292137
1005007052742359
1005007158274327
1005007296728780
1005007421532469
1005005497919421
1005007454057972
1005007436590143
1005007126045930
1005004680024163
1005007001505163
1005007353670839
1005007296909592
1005007044175259
1005007399959708
1005007180876539
1005006905285370
1005006934207633
1005007474742046
1005007474831776
1005006765040523
1005007044660706
1005005271446505
1005007044491946
1005006119572298
33006055670
1005001840070088
1005005772691141
1005007369285361
1005007252204025
1005007369755318
1005007438005751
1005007144505105
1005006934015959
1005006825726958
1005007211523758
1005006339743179
1005007474384833
1005007435833255
1005001862832707
1005007433474791
1005007472118889
1005006249134272
1005007477911259
1005007477663402
1005007471278564
1005007038586291
1005007471008912
1005006905321718
1005005915747899
1005007467887324
1005007471883969
1005006934308063
1005007098145479
1005007475440397
1005001501010834
1005007044742317
1005006691556992
1005006353124039
1005007044665424
1005007044822061
1005006920762515
1005006934179532
1005006934258504
1005007255157697
1005006934115988
1005007044255184
1005007044182348
1005006934108399
1005007296853026
1005007038491055
1005001722869496
1005002788599301
1005007122282715
1005006140484548
1005004262688939
1005007400431627
1005007134659124
1005007399135426
1005006770296798
1005006875747123
1005007108193750
1005006964820523
1005005625301181
1005006173713436
1005006877568184
1005006901792112
1005007211533366
1005006022813489
1005005590887687
1005007053550656
1005003176047572
1005007089932588
1005004821313901
1005007182414886
1005007406129776
1005006679515585
1005006108891073
4000060534462
1005005445200831
1005004821174892
1005005620005286
1005007180981429
1005006535458145
1005006634922235
1005007044684826
1005007044942059
1005007044412937
1005007043841000
1005007038420564
1005007038372727
1005007038864059
1005007122483710
1005006852680055
1005006901749276
1005002730770996
1005006875223508
1005007272084929
1005007389459310
1005006108886247
1005005515655988
1005007182963012
1005007150477202
1005007088966232
1005006909457499
32891307547
1005007411675107
1005007402181794
1005006855225619
1005007373659786
1005007073789315
1005004542672805
1005003615006340
1005007073623806
1005007231063331
32569300643
1005007217283120
1005007170256165
1005007327196156
1005003412962479
1005006893222714
1005004367065578
1005007417132047
1005007423126889
1005007359995903
1005007025955053
1005007216849259
1005007168862370
1005005327220041
1005002731640842
1005007247722137
1005006022755843
1005007209217047
1005007375459826
1005007125663197
32855756433
1005006430575347
1005007427898816
1005006447782868
1005003027060531
1005007109157441
1005007225037461
1005007217020089
1005003611638018
1005006366344746
1005007073941166
1005006968421207
1005006946037499
32600893200
1005005545382169
1005006624470089
1005006709941254
1005006781055319
1005007136411365
1005007443085250
1005007406174567
1005007436152915
1005006475566137
1005007090074462
1005007442819693
32567044095
1005007200559787
1005007216716388
1005007216422897
1005005362589077
1005007160362210
1005007293781280
1005007403541390
1005002732025229
1005004556343184
1005006635084049
1005004069758875
1005007469718918
1005007489423464
1005007481360466
1005007408154564
1005006832315901
1005006760712614
1005006709617603
1005006891657431
1005006566552684
1005006786517793
1005007419598402
1005006957432765
1005007174159872
1005007281942287
1005007296494623
1005007204388249
1005006759316096
1005007309500794
1005005677438312
1005007038216690
1005007038490199
1005007038377516
1005007038209963
1005007043936888
1005006582597702
1005007393349055
1005006775954855
1005007154469980
1005006764282002
1005006318805701
1005007411556345
1005007243337559
1005007316227868
1005007135383352
1005007038585506
1005007038342820
1005007044094247
1005007044156299
1005007044520864
1005006994236725
1005001734533730
1005005112162662
1005007337558748
1005005946489883
1005006429465646
1005004074658369
4000552889896
1005005535810032
1005002655376956
1005007377814845
1005007370404991
1005007378901507
1005006869007841
1005006843091621
1005007428283335
1005007421365678
1005007414341208
1005007398115118
1005006738609205
1005007398593515
1005006558671271
1005006538422207
1005006523493688
1005006562034801
1005005930995410
1005007158071924
1005007114820099
1005007057111257
1005007044714474
1005007173363161
1005006746822415
1005007194832853
1005006630427566
1005006769826364
1005007243237749
1005007363229509
1005006875783143
1005005990907870
1005007044023932
1005007044778004
1005005933115593
1005005897495297
1005007044511642
1005006934136108
1005004334680923
4000959024782
1005004271834090
4001339510769
1005006090364357
1005007170690528
1005003393764231
1005006756604812
1005007486651790
1005007481960180
1005006258460529
1005005299771081
1005007205001681
1005006828112959
1005004242170193