1005007168586625
1005006854286448
1005007169828786
1005007169867891
1005007360835737
1005007197915559
1005005585251552
1005007292389705
1005006013007810
1005004963541522
1005005100264303
1005004992836122
1005006443417910
1005006116469749
1005006572123890
1005007144929897
4000650435236
1005007232890584
1005005073530812
1005006910259153
1005005725360088
1005007134628588
1005006500745998
1005007181765726
1005007343028557
1005007115506906
1005007083115022
1005007083540981
1005007053269271
1005006961953602
1005006781678404
1005006861974100
1005006821802713
1005006778551703
1005006967656697
1005006974160695
1005006877467619
1005006878153363
1005006877502354
1005006969748110
1005006974327178
1005006864145918
1005006909496531
1005006902371490
1005006898880142
1005006864512929
1005006783350682
1005006862444651
1005005877998390
1005003228953845
1005005221007743
1005003172827509
1005003597397444
1005001975173563
1005003238915487
1005003016316373
4000411049365
1005002939480127
1005005421605477
1005004259573054
1005004811262689
1005004018802351
1005003121155049
1005004707618628
1005002264825662
1005005037002073
1005007280654177
1005003600722970
1005001431215989
4000241170806
4000197693491
1005002020527276
1005003287166549
32240323034
1005005362801283
1005005139385547
4000889455223
1005003294516172
1005007100411152
1005001625668613
1005005402409738
1005004370112898
1005003202212611
1005004752364350
32833726312
1005002912510313
1005005178521978
1005004886004629
1005005115852575
1005004328578490
1005004307134456
1005004319431654
1005003996107006
1005007102474021
1005007459533480
1005006841790234
1005007212080348
1005006850722885
1005006917156564
1005007351389263
1005007322492181
1005006992080586
1005007277196814
1005007177406347
1005001841864160
1005006281457703
1005006119317348
1005007117482025
1005006529144956
1005007195397954
1005007204877590
1005006378672793
1005003932274976
1005006654478508
1005006361904023
1005005976533555
1005007387452888
1005006555075187
1005003817321217
1005007105467999
1005004513058157
1005005302637087
1005007322486879
1005006335722788
1005006801967625
1005006977255286
1005001280379056
1005006925892138
1005005771933679
1005007039110038
1005002941477592
1005006103235592
1005005500600219
1005003729456263
1005004238576160
1005005393398488
32809480035
32918938723
1005007133172958
1005007376886960
1005006848596553
1005006500914525
1005006724688211
1005006990684797
1005004532210955
1005007354169077
1005007294340192
1005005786925439
1005005824876226
1005006288678043
1005004704619408
1005004673623682
1005007137035645
1005007069197407
1005006966511009
4000106401639
1005005605347970
1005006354414447
1005004840709212
1005002758404591
1005007177205187
1005007075943805
1005007232994036
1005003762892647
1005004501670587
1005001430178221
1005006844949888
1005006422553370
1005006825172208
1005005966479684
1005007377003402
1005005630064632
1005006378832403
1005004648111845
1005006363111708
1005007040810006
1005002495096121
1005005751282491
1005005870084093
4000115796919
1005006733985194
1005001348728175
1005006125618250
1005006075341647
1005007279174482
1005003541472386
1005004583426728
1005007223970041
1005007032163152
1005006314037131
1005007212073146
1005005954084986
1005007210135854
1005006976232003
1005006986910541
1005007431445193
1005006301302679
1005004931397258
1005006247668541
1005007343042502
1005006024167953
1005005975177410
1005003440076980
1005007210733061
1005004047098588
1005004729164336
1005004564887322
1005006244559231
1005006884234116
1005007314030973
1005007162613619
1005007341672489
1005006257692547
1005006342776771
1005006770740378
1005005429655939
1005005546200842
1005006342862621
1005006935518825
1005006536473490
1005006184728052
1005006503486601
1005005965187811
1005005937874955
1005006240201858
1005006102000390
1005006059567694
1005005768107702
1005002305818640
1005004854390575
1005002357396402
1005004823673520
1005005326562035
1005001790413217
1005002708075653
4000240383944
4001168076047
4000236170019
1005004166252061
1005003900129950
4000860634046
1005001739644420
1005001450837252
1005004634274649
1005002713609390
1005001475114831
4000313692579
32822782605
32970309734
1005007029938922
1005004246584125
1005005852667342
1005006057550663
1005005814253369
1005006164944207
1005004269868823
1005005604053991
1005007153395749
1005002864680860
1005007301309924
1005007006000049
1005006121061589
1005006150211664
1005005797510213
1005007233921264
1005006929765744
1005006991930516
1005007279146227
1005005785714000
1005006118309441
1005006375278610
1005006650090544
1005007322023967
1005006917989235
1005003238274504
1005007295097437
1005007402177031
1005007294946961
1005003247929552
1005003247118633
1005007401136053
1005007008263335
1005006721826725
1005005737927811
1005006208203036
1005007007992864
1005006721479956
1005005709886947
1005007437987635
1005007356242063
1005006841711905
1005006209009544
1005006039775835
1005005676429201
1005005876587736
1005005675734232
1005007164198296
1005006207834590
1005005715326751
1005007008116790
1005007007895933
1005005675247282
1005006207972302
1005006721764888
1005006208106175
1005006924846733
1005003586272996
1005003678694396
1005007201465813
1005006622995437
1005004979992088
1005004835476343
1005007481700047
1005007437488733
1005007452296100
1005007427159471
1005007227026345
1005006262566528
2024709307
1005007303106069
1005006090417175
1005006184738751
1005004622718832
1005004595943415
1005005859077971
1005007434694853
1005002084447761
1005007243345562
1005007464629053
1005007428714013
1005006726830180
1005006694579794
1005006715283917
1005006742555803
1005006694748175
1005006742627560
1005006715343584
1005006752979902
1005006701805585
1005006972707768
1005006731736368
1005002675200772
1005005714087892
1005007428158336
1005007428129367
1005007427656104
1005007427239345
1005007427182457
1005007427145521
1005007427142505
1005007427246282
1005007427142504
1005007428250150
1005007428197290
1005007427261608
1005007427689076
1005007427257312
1005007427226324
1005007426883948
1005007427159482
1005007427442046
1005007428753253
1005006706067543
1005006688204421
1005006726741466
1005006706001693
1005006701859715
1005006721319083
1005006709345459
1005006726591693
1005006731610851
1005006709303474
1005006694542707
1005006715371433
1005005007222166
1005005682205348
1005006871107888
1005005227830295
1005005863691131
1005007431224796
1005007403234192
1005007374337711
1005004911572678
1005007435364243
1005006562163125
1005005748649081
4001211271426
32646617575
1005005462916657
1005003776001504
1005004300585821
1005007233842288
1005004220118262
1005005833726353
1005006752287921
1005005394310574
33016025588
1005004989205379
1005006323128564
1005004892117612
1005002863203507
1005005353162397
1005005107114755
1005005058085140
1005007468055491
1005007346886129
1005003967533250
1005001602048751
1005003155271373
1005003160316085
1005004294842397
1005005028773683
1005005487208566
1005005130385428
1005004491886117
1005005076749732
1005006743872174
1005004438805436
1005007408170484
32950426581
1005003037621822
1005003494680955
1005004061083190
1005004022631899
1005005127984216
32802667632
33039134869
4000885791925
1005001439246980
1005001448180141
1005004372814820
1005004596711497
1005003181665492
1005005959854292
1005004971746440
1005007443763766
1005007478260803
1005004779876512
1005006183976118
1005003310258299
1005005509049381
1005007389191969
1005007475926110
1005006586950068
1005007254973843
1005007254987925
1005005393601813
1005006024473567
1005006814036598
1005006082986396
1005005190981285
1005004329206387
1005005222779126
1005004361893054
1005006179092841
1005006300235951
1005007003488168
1005007360777975
32828026189
1005006980170425
1005006477679442
1005007431844593
1005005965355592
1005006289899731
1005006547137817
1005006027655083
1005006659115294
1005007414779619
1005004247111020
1005004549987202
1005006826202725
1005005464747085
32793967743
1005003626790704
1005003406918519
1005002415988523
1005006266505136
1005005363098248
1005005371419211
1005004098919209
1005006777701100
1005005222336862
1005003066838971
1005006968944394
1005007401402761
1005005363215439
1005006549030668
1005005393721289
1005004314012892
1005006918283993
1005006997196121
1005006979973886
1005002768255628
1005006564924239
32958713001
1005006689067982
1005006526464235
1005006530147875
1005006884278286
1005007031345311