1005006852440053
1005006357775291
1005004084063761
1005007196841439
1005002922125203
1005004959999442
32911845675
1005005924372260
1005004452734940
32959133983
1005003738128736
1005005467623584
1005005974917400
1005004038088918
32907882869
1005004166920320
4000511312070
1005007012782898
1005003322999801
32918986798
1005005758691473
1005006161342521
1005006714358858
1005006243957678
1005003231901823
33015747193
1005005181764043
1005002855494195
1005006008067753
1005006823710455
1005006152860810
1005003593884975
32829247196
1005005966633371
1005005618221360
1005002065130895
1005002065508026
1005005109222422
1005005944352837
1005006856103536
1005003944432563
1005006976719427
1005002051714661
4001272208955
1005004446453936
1005004724894794
1005006504920082
4000808154348
1005005877334739
1005004687706271
1005004644471389
1005004644410715
1005004687590101
1005004687718177
1005004678962087
1005004166947609
1005002914462473
1005001958119868
1005004792205367
1005002843111875
4000926316366
32963540438
32847612022
32720350171
1005005010695738
4000689855293
1005004249670119
1005005072567095
32546179807
32975552518
32987785530
1005002344264693
32691881948
4000872757988
32694710051
32895322032
1005005954240429
1005001515192570
1005003483893158
1005004156671565
1005003001867711
1005004330392746
32693702158
1005005214102507
1005006046437260
32719696558
1005001807292722
33035956135
1005005310384943
33010963933
4000032379007
1005005994667204
33023349032
1005005927133330
1005003931454587
4001152328529
32923471958
32652787305
1005002256466176
4001115884511
1005006244009616
1005005899090362
1005004869673514
32891566752
1005007487819169
1005007487811443
1005007487599932
1005007487760975
1005007488029098
1005007487658865
1005007487693064
1005007487642092
1005007487137979
1005007487442035
1005007486696811
1005007486676865
1005007486834552
1005007485780628
1005007485766488
1005007485823097
1005007485649244
1005007485613301
1005007485330710
1005007475997095
1005004341776758
1005005916334329
1005005682465835
1005004992119733
1005001311675419
1005002940215028
32964278214
32978483128
1005005997350587
1005004705792099
1005001594720700
1005003269700908
1005007443068201
1005006860900653
1005006407949100
1005003592803625
1005006308507318
4000006484180
1005004711414872
1005007458043045
1005002198048936
1005007457736095
1005007477237997
1005007119151965
1005007462721442
1005006180178906
1005006548144264
1005005626315002
1005007469428445
1005007131233952
1005007458214142
1005007471066218
1005007469358478
1005007457846286
1005007472366854
1005004644763122
1005007458248110
1005005900452507
1005001266932166
1005007035780088
1005005128403125
1005007463633820
1005007457414953
1005007438020240
1005007457417721
1005007457320820
1005007458577998
1005005376422066
1005007470892901
1005007458795582
1005005823698236
1005007355902302
1005006879211069
1005006423732584
1005007438027233
1005007394256904
1005004783978655
4000555640332
1005006040356596
1005004387201358
1005006712935077
1005004855763367
1005005190338028
1005001557797661
1005006312394589
1005007209385474
1005006823712361
1005005675909160
1005006438286884
1005002262266207
1005005867903088
1005006756231453
1005006648592077
1005006648347037
1005006385067706
1005006712939066
1005007393774031
1005007010781356
1005002823270991
1005007292054528
1005003737799153
1005005516253145
1005007407413476
1005004111150326
1005005193239014
1005007354722206
33038785190
1005006810581647
1005003196649985
1005006778214226
1005006953217777
1005005677876934
1005006730930824
1005003037146266
1005006288781660
1005001773579359
32837133685
1005006703276773
1005001339068001
32994940278
1005007002907362
1005006878567617
1005006026236245
32958677417
1005005976986222
4000295103615
1005006684729872
1005006309660429
1005007357253288
4001252409164
1005003534662006
1005003699944537
1005003216331225
1005006454076373
1005006988866171
32834788410
1005006820137021
1005004458401009
1005007085984570
1005006711335759
1005005764650689
1005006784797195
1005006015270798
1005003656796075
1005004690918766
32905175989
1005006166553387
32851158267
1005006110261415
32963554118
1005004847162895
1005004481678494
1005006422074567
1005007316553298
1005006033797793
1005006458471985
1005004636079235
1005007378298362
1005006679832185
1005003399039581
1005006782558083
1005004932547824
1005001830443577
1005001275494162
1005006996274891
1005005791624871
32875158620
1005007013002975
1005005904256545
1005006852509980
1005004386879148
1005007258237402
1005005488179867
1005005980992371
1005004143403872
1005002939712573
4001048771015
4000511340330
1005007228297349
32920375526
1005004853827847
1005005296272411
1005006594528063
1005005106495417
1005007155198650
1005002293907506
1005007131008416
1005007201867095
1005005985792060
1005006558922520
1005004976666073
1005007246108705
1005006293773178
1005005651631154
1005003546019863
1005004507917901
1005004523731409
1005003376045621
1005004593822803
1005004765489284
1005005941878678
32858740800
4001355954409
32829135766
1005006173392617
1005005572790627
1005005808941933
1005005384159442
1005003337836588
32798070436
1005007414958645
32490293580
4000437541538
1005007003446687
1005004796422452
1005005941936186
1005004504916116
1005006777194425
1005005822058144
1005001866324265
1005003961952708
1005005678132084
1005002432295282
1005006297033216
1005006549838988
4000305765397
1005006081607079
1005007117708674
1005004555555346
1005006151873606
1005003305507772
1005005816037324
1005004798638136
1005007216813736
1005006594298449
1005004581371663
1005007340323655
1005003003772361
1005006826316829
1005006717476101
1005006345641853
4001003410728
1005001814458170
1005006288309081
1005003037435126
4001014237953
1005006991240445
1005006281858193
4001305534612
1005006039036172
1005005933988988
1005001411112463
1005006866208340
1005006292440299
1005002830383548
1005002841421590
1005003106079766
32917981454
1005007114904537
32839055088
1005005491580702
1005006065387714
1005006900344618
1005006720619838
1005007395327663
33041306511
1005003023372624
1005007301822655
1005004448172991
1005006288188592
1005005589490652
1005001417053037
1005001849077879
1005001413246456
1005007216932567
1005007123064225
1005003172506182
1005006282590639
1005006851129567
33020607477
1005006581632756
1005003037411206
1005006547866967
1005006438279754
1005007377051897
1005006438326534
1005004739610596
1005005856330029
1005005788856943
1005007352621658
32846950603
1005005315503529
1005001622003522
1005007341852070
1005007411828206
1005005590760736
1005005477655403
1005003775165431
1005005523316933
1005005467323708
1005005557698330
1005002034362586
1005006458500757
1005007292330173
1005005556544769
4001077158572
1005005708281115
1005006861401913
1005007442464059
1005006936031301
1005006917077339
1005007195789494
1005007244862033
1005006965690322
1005005873540841
1005005585048234
1005007456929478
1005007456091043
1005007455839776
1005007456902536
1005007456012469
1005006833362084
1005006125095382
1005006910109651
1005006477915155
1005003460808748
1005006288183622
1005007196586265
1005006942505644
1005006282618487
1005004466942163
1005006474043213
1005005754415056
1005007385821620
1005007380272007
33015915506
1005005664542186
1005007312004958
1005007446478192
1005007446338452
1005007304455459
1005005775271134
1005007186250919
1005002666198694
1005007439436932
1005006301067350
1005006873299221
1005007045132935
1005007045700728
1005004865421919
1005006341824591
1005003605420490
1005004985345363
1005007442833009
1005007442088778
1005007447599513
1005007442419797
1005007421200135
1005007440565658
1005007447839430
1005007445734547
1005002821024387
4000259845016
1005005930319517
1005007299686308
1005006771241257
1005007259841422
1005002761715656
1005007447998276
1005007439855837
1005007438358486
4001152832087
1005007440544141
1005007442368705
1005002021345609
1005006355262146
1005007130494448
1005007060584257
1005003151463001
1005007431289310
1005007395248863
1005007433646652
1005006487998625
1005007426124686
1005006636742026
1005007156164877
1005003423525977
1005007427570419
1005007310769902
1005007210159667
1005007339049466
1005005830491619
1005006282620539
1005007427501108
1005004623209165
1005006755659461