1005006997835835
1005006318886359
1005004792150483
1005006050582654
1005003154217759
1005005277846276
1005007402968149
1005006761828174
1005007400282871
4001153220591
1005004547225320
1005002511313347
1005005714047090
1005006666312950
1005005353077047
1005007095690511
1005007173176386
1005004583902929
1005005714163820
1005004770791033
1005005202119668
1005006722832603
1005006877336571
1005005829787706
1005006536570085
1005004304615220
1005005652103733
1005007138239096
1005007031765646
1005006982825000
1005005517337528
1005006783527736
1005005883389596
1005005710189842
1005006697705518
1005006224516694
1005006697351686
1005007169132323
1005005212536296
1005006516750197
1005007010364942
32862955283
1005006961815000
1005005694974715
1005007382379379
1005006780762744
1005004659010234
1005007090402626
1005006702572503
1005006414736013
1005006360883779
1005006695326628
1005006961026937
1005006984258409
1005006830965734
1005007250194247
1005006386138974
1005006961192653
1005007315544441
1005007173290520
1005005096914604
1005005376583546
1005006402051056
1005007095746753
1005006902961715
1005006773789199
1005006924294318
1005007225406177
1005006957990349
1005006955463354
1005007294884585
1005006969279270
1005003154882261
1005006195122130
1005006920798025
1005007274711616
1005004174414423
1005006258255810
1005002186179440
1005007074841345
1005005445455779
1005006417596845
1005004010275139
1005007097008351
1005005735956290
1005005896900222
1005007228652990
1005006341216893
1005003631071618
1005004870654238
1005007076838336
1005006839400197
1005003129422794
1005006594750342
1005007287365146
1005006654702630
1005007335728650
1005006739219743
1005006210843734
1005007147139287
1005006955388484
1005001827002873
1005006903654421
1005005182173813
1005007060298596
1005005828921622
1005007365635126
1005007024513273
1005007363022907
1005007213150758
1005007229035695
1005007137757246
1005005399161533
1005006905376456
1005006080872123
1005006100073709
1005006743541106
1005006088912690
1005006651024614
1005006606937590
1005006783731491
1005004963610340
1005005802145718
1005006825500338
4000602568709
1005005923176308
1005005509070892
1005006112583685
1005006723220326
1005006193760839
1005005337399090
1005006280155587
1005006984239100
1005006658758079
1005007075711106
1005006828529203
1005004036538708
32824853341
1005006916901275
1005003938562833
1005007055699747
1005006240235585
1005005748588293
1005003849764468
1005006178354233
1005006016145887
1005005303424751
1005005092822567
1005004728161238
1005006921902943
1005006144916207
1005006974949420
1005005396888076
1005006836250675
1005004945937668
1005006968999779
1005007016686356
1005005725641711
1005003979050485
1005004176497327
32882612291
1005005650385159
1005006774991745
1005006380042730
1005007347898282
1005006866347752
1005005254365343
1005005256165439
1005005747477014
1005007279108046
1005006975508727
1005006087335278
1005006913465000
1005006259602177
1005006835191845
1005003032806963
1005006938184489
1005005852985146
1005006355697518
1005007091423603
1005007292772428
1005007023120143
4001316832800
1005006357450291
1005006417826929
1005006316259216
1005006691933291
1005005712824756
1005006728489161
1005005542439717
1005006306781746
1005006962808554
1005005889962506
32922749799
1005007187617953
1005005194538965
1005006622912294
1005005384977680
1005006988274360
1005007168888579
1005007279386247
1005004327008959
1005006878878760
1005006294500219
1005007232496674
1005005568215663
32869435256
1005007295763970
1005005533778209
1005005806772524
1005005080084492
1005006769594232
1005006774938898
1005006827777455
1005007268156216
1005006485049103
1005006629940448
1005006900490191
1005006170880291
1005006343702898
1005005347607830
1005006177751229
1005002711854870
1005006955414669
1005006458606578
32937565617
1005003282826901
1005007117138034
1005002044686105
1005007020813520
1005003936581925
1005006388910279
32685879010
1005004360778492
1005007188922196
1005006539095726
1005007066324842
33050868792
1005006082703062
1005006797759760
1005004774663735
1005004775259005
1005005728428156
1005005446250587
1005005108462853
1005006119134945
1005006838139869
1005006828825771
1005006982285414
1005006256849464
1005006620089992
1005005951426128
1005006524202872
1005005420861740
4000426472656
1005006940706696
1005005927565303
1005006036659065
1005006012127699
1005007002513018
1005004732193492
1005006502855104
1005006529326560
1005001833438032
1005003402262058
4000130412881
1005006108254649
1005007045884509
1005007189865375
1005006207783857
1005006867266071
1005002483185110
1005004906459131
32908900935
1005005789284283
1005006860888799
1005006388689690
1005006802118049
1005006533897567
1005004661254710
1005004833525952
1005006131058496
1005006281212994
1005006809966297
1005007159176899
1005006271106010
1005006902547283
1005006836348639
1005007316568866
1005004779611928
1005006095674850
1005007016000415
1005005261583687
1005002483372987
1005005637542489
1005006566107337
1005005373404799
1005006801352776
1005004716774683
1005002608474578
1005005643876265
33027364351
1005006518250096
1005006286280569
1005007252426952
1005006859225841
1005006664344508
1005007274089547
1005002772064852
1005006815594925
1005007072661178
1005006891524267
1005006797229440
1005006430822595
1005006902171343
1005004796254463
32887504221
1005003071253008
4001191490186
1005007058918713
32952546104
1005001443090893
1005007296133466
32985515184
4000924492081
1005006280169945
32794814341
1005006127213613
1005006194693508
1005005099016797
1005004763374046
4000504463608
1005005999887680
1005007080970543
1005006123670951
1005006046063821
1005005675876473
1005006220322456
32783181910
1005005609594861
1005004915667123
1005007108420510
1005006134431934
1005006867086328
1005005391604567
1005004267051847
1005006065264103
1005006194987149
1005007199593527
1005005381616148
1005006980152094
1005007188364669
1005002269197498
1005007308718979
1005006724674386
1005005834634461
1005006319141040
1005005061929470
1005006038515020
1005007299774003
4000308922795
1005005901500047
1005007131074016
1005006961433602
1005005778031844
1005007253013375
1005006830615489
1005006124855240
1005006916781917
1005005758919704
1005006904726365
1005006236831215
1005007389545674
1005007040642265
1005005895509144
32845109163
4000028673948
1005005310163588
1005006274658562
1005007389011631
1005006678061906
1005002927110178
4001178274223
1005005959552015
1005005835740838
1005006338502145
1005005398457899
1005006967782715
1005005866544329
1005004420861202
4000539264291
1005007170025864
33000211130
1005004606395465
1005004984514818
1005006363767798
1005005849544548
1005005525950814
1005005544377168
1005006656348152
1005006638119849
1005006117291704
1005006515575527
1005006987640360
1005006919521365
1005006255458299
1005006312127039
1005004164314633
1005004213242769
1005006032663171
1005007401821137
1005006285160094
32854541849
4000801072853
1005006845552301
1005006549092241
1005005106904357
1005002947808041
1005005711020073
1005006436982931
32795504165
1005007326425741
1005006980355054
1005003588540354
1005007374688440
1005006771561780
1005007166656605
1005004685415413
1005005811213305
1005003771127550
1005006822087752
1005006878358145
1005003416699884
1005005679196127
1005007041016140
1005003772534530
32963609811
1005004561966633
1005006400007905
1005001870637564
1005005569392768
1005005327734044
1005006877374372
1005005073145677
1005007009548575
1005002608651858
1005005631027497
1005006974656529
1005004249582119
1005006508838803
1005005544568429
1005005870983528
32840861936
1005005819871939
1005007016457005
1005005946893118
1005004862436992
1005007245677169
1005006177551994
1005006732355549
1005005506123913
1005006160847684
1005006074580836
1005006568060785
1005006427882314
1005005052162299
1005006574360200
1005006350946959
1005007040992770
1005007245641987
1005005483597448
1005006276784844
1005002560806256
1005007427499006
1005007123030714
1005006119974067
1005006870683028
1005004473015211
1005006225305648
1005006543305730
1005002365469590
32790021502
1005005646088644
32865597831
1005006857664703
1005004039209793
1005006967697675
1005006788950649
4000035882551
1005007274319953
1005001704292316
1005005712482833
1005007063973479
1005006197861952
1005004727072415
1005006060234930
4000452999888
1005007282543161
1005003893398930
1005006684313583