32878405456
1005006987998588
1005005685952544
1005007260216929
4000959462473
1005006426137034
1005006337233226
4000093969575
1005006542814874
1005004829984055
1005006260045788
1005004170440503
1005006156702360
1005006690869007
1005007024693163
1005003620168108
1005006164661000
1005006689307098
1005005633157041
4001035380865
1005005392152299
1005007447270660
1005005723328565
1005006164731828
32974572381
1005006161699984
1005002712507835
1005006888796867
4001207756067
1005003879294726
1005007311167982
1005001940611893
1005007032443410
32522549843
1005006182693751
1005007231342469
33001970039
32903108748
1005006156623381
32920933484
1005007232164060
4000859548768
1005007425845556
1005006223868426
1005006902821154
1005006899019271
1005007043732745
1005006888767524
32909927233
1005006177507155
4000859482617
32967324675
1005003274982042
32906282061
1005007243620303
32920371614
1005004427782154
1005007393632757
33054028449
1005007377414416
4000570595006
1005004215733125
1005007211113141
1005003553218560
1005007479819902
1005007479951764
1005007468689003
1005007461518946
1005007460414937
1005007458134476
1005007187959882
1005005772825136
1005007297116819
1005006332317268
1005005697782064
1005005449098006
1005007462032174
1005007038855165
1005005808071423
1005006444727731
4001227706407
1005006542174380
1005006209053288
1005007010609574
32712118308
1005005069740072
1005007125210794
1005006146608189
1005005780817255
1005007187775060
1005005612623279
1005004992463987
1005007131364080
32716082540
1005007058139785
1005007187499602
1005007261385074
1005007166829861
1005004954786896
1005006490894338
32858988894
1005004565740696
1005007446611622
1005007247043594
1005007370906815
1005006230885260
1005006745053323
1005007378914546
1005006907372520
1005007097138035
32253396150
1005006683909091
1005006229816794
1005007394139303
1005007394054917
1005006297352761
1005006685890642
1005006948049745
1005007371316738
1005006140696471
1005007395805306
1005007234727534
1005007234600728
1005007371483752
1005007371490410
1005006335660095
1005007084149645
1005007096751529
1005006943089421
1005007181102631
1005007297575480
1005007246843599
1005007202407097
1005006863367551
1005005516033521
1005006040857002
1005006360404071
1005007190186481
1005006559750302
1005007151357401
1005007340410924
1005006099074916
1005006768308855
1005007022887112
4000156334310
1005005736042513
1005006659253747
1005005889381555
1005006946815418
1005007288278226
1005007158672849
1005005050982743
1005006379276527
1005005117359816
1005006257649613
1005006487066792
1005007202351405
1005007339605408
1005006949857027
1005007201752773
1005007337261525
1005003501741905
1005006205760159
1005006170839064
1005005802746763
32732448996
1005005391958454
1005006415668182
1005006107965947
1005006812085045
1005006200911905
1005007167656197
32911689553
1005007061515076
1005007024531925
1005007019103932
1005007037435385
4000238100193
1005007027062732
4000238847871
1005004090213302
1005007448518900
1005005475624776
1005005486573884
1005004748775878
4000237398692
1005005553430208
1005007481136179
4000696477759
1005002679198110
1005006246618100
1005007013327661
1005007081222855
1005007426722830
1005006567326090
1005005565869092
1005005894719781
1005002971473292
1005003602344294
1005006577346064
1005004811220130
1005006949718578
1005006737822577
1005006910349378
1005006148836071
1005004826330285
1005007006367918
1005007448586793
1005007322346793
1005007322111476
1005007455422826
1005007455681345
1005007179504779
1005006577057394
1005006577300203
1005006576988261
1005006033616558
1005006361208472
1005005797425061
1005006347717289
32913597105
1005007366351670
1005006961220767
1005005403618324
4000022654859
1005007385921345
1005002512046072
1005007117607142
1005007173730989
1005007022062795
1005007425004106
1005007219686227
1005007216588653
1005006151794648
1005007201429569
1005007058956603
1005002615713493
1005007141063292
1005007175575833
1005007106989270
1005004701909490
1005007209257640
1005001823954370
1005006227838723
1005005788418258
1005006479069286
1005006888953734
1005005814647776
1005005561468487
1005002629716369
1005007430935616
1005007171101288
1005006490622219
1005007378711316
1005006500621055
1005006957799244
1005006930037873
1005006007683099
1005006635955547
1005006629124663
1005005679217707
1005005476266709
1005006393005518
1005005449412172
1005006442485566
1005007101674832
1005005304946422
1005005069431191
32997075816
1005006500592069
1005005605736614
1005007037675925
1005002902388879
1005006354844899
1005006695950989
1005005538671104
1005007184479227
1005007082292408
1005007404671813
1005006533639160
1005006083383535
1005007163212509
1005007259832044
1005006167689987
1005006102552286
1005006762989633
1005007454990921
1005006750004769
1005006422891483
1005007403097107
1005007403043236
1005007403010154
1005007402703964
1005007459772765
1005007460028618
1005007460092263
1005007459531808
1005007184932034
1005006546164228
1005007306569328
1005006308255970
1005006685372075
1005007002390108
1005003950365532
1005006802050491
1005003652638059
1005006507484404
1005003565483136
1005004540550400
1005007197260104
4000295392286
32718774350
1005003916865067
1005006194908405
1005002229946320
1005006992829780
32809749058
32768169381
1005005275747884
32834600137
4000345255978
32810484136
4000285332727
1005004458212765
1005003454211756
4000298145325
1005006834559968
1005005448263259
32830783988
1005006718864317
1005007390289982
1005002689856546
1005005793035970
1005007426140358
1005005143523438
1005006172771529
1005006172683834
1005007309715935
1005006426057378
1005007456539210
1005007203360893
1005007432695771
1005006657915447
1005007250035199
1005007425515715
1005007183029228
1005006657887326
1005006990215826
1005007460487814
1005007267535912
1005006615676071
1005007160738404
1005006883319517
1005007081585276
1005004604815992
1005007090893111
1005007089683726
1005007273860778
1005007409247327
1005005852939511
1005005388148078
1005006337034005
1005006543045732
1005007385031080
1005007183267814
1005005801435118
1005006577628475
1005007419735335
1005006266358373
1005007438264074
1005005168232638
1005005140310102
1005006755124875
1005005114949855
1005006670527621
1005005074738952
1005007254015036
1005006494950974
1005007156527342
1005005195593829
1005005821210034
1005006883397123
1005007355374706
1005002085831303
1005006690688972
1005005889816802
1005003908164832
1005007437790841
1005007438348459
1005006399837631
1005005364275927
1005007322420123
1005006486280255
1005007124899485
1005005931888057
1005005933191909
1005006967442391
1005004723902189
1005007208333593
1005005944095735
1005005802555116
1005006441851147
1005005784605307
1005006266657112
1005006415606260
1005005802535028
1005007004369775
1005006265879087
1005006015301047
1005006390256961
1005005144677416
1005007322363214
1005006728585019
1005005141694236
1005006514806787
1005006734038800
1005003281285134
1005006855744964
1005006545800360
1005003635254596
1005007322269641
1005007294624747
1005004308031340
1005007347640583
1005005879999267
1005005954719700
1005004971929993
1005005210470149
1005006042547945
1005006954708793
1005004856939350
1005007371049745
1005006971910934
1005006980453850
1005007309892859
1005007253718360
1005003219882208
1005005403419408
1005006335103266
1005007456374446
1005006749273540
1005005402115402
1005004204434777
1005007130693841
1005006165276171
1005006602721114
1005006388948003
1005006219202089
1005007346798165
1005004378972042
1005006101878888
1005005731076705
1005005179527692
1005006844398704
1005005430639227
1005006301615492
1005006996534441
1005006393114527
4000966802382
1005006336175270
1005005131275164
1005007125472568
1005007404470126
1005005983326238
1005005960135310
1005005958890699
1005005951363822
1005005959174356
1005007193255809
1005006052678997
1005005951503949
1005004658082310
1005005926285305
1005006413702660
1005005926269426
1005005561519246
1005007197818935
1005007096374098
1005006463881916
1005007018799674
1005004745347577
1005005983357085
1005007401879174
1005006284449503
1005006592401778
1005006225831118
1005007350108819
1005006122011433
1005006414132199
1005003656795780
1005006575507439
1005007327302552
1005007338028229
1005007108534096
1005005976976445
1005006907587185
1005006380393373
1005007296367770
1005007296473891
1005006061670977