1005002427522026
1005007274590641
1005006604083857
1005006062377647
1005007149716690
1005007450244709
1005007043697619
1005006832442005
1005007254837703
1005007393585823
4000706696163
1005006170172370
1005007423413564
1005007433775090
1005007298359552
1005007407576020
1005007009285909
1005007411074852
1005003891701247
1005005901616734
1005006431205884
1005006075284459
1005007029696327
1005003811955190
1005007219240883
1005006930281066
32836656009
1005006257734662
1005007315923269
1005006262731485
1005006284201236
1005005791071448
1005007179269662
1005007226957804
1005007429238258
1005007227493305
1005005522672386
1005002709971380
1005007481974698
1005006972950711
1005006113546473
1005005867105150
1005005495264223
1005003173200776
1005006868888902
1005007149885053
1005006955373160
1005006019848039
1005005736752597
1005007305927580
1005005393455108
1005007272885983
1005007252359007
33027855553
4000231796362
4000589125963
4000545155215
1005004959733526
1005006596543693
32255300836
1005006104370822
1005003653488902
1005007462034948
1005006461255689
1005006130945094
1005005115447517
1005003697920096
1005007067432677
1005007417858807
1005005806811220
1005007077580527
1005005970223332
1005007363255461
1005007189478935
1005006014008586
1005007104735313
1005007387032266
1005005477332442
1005007421462745
1005006040334237
1005002417940963
1005007115242892
1005005704622609
1005007348100482
1005006348384529
1005007090734376
1005006808780907
1005007444684035
1005007340463757
1005006856593162
1005004715467868
1005006057223491
1005007341902787
1005006411114002
1005002910397771
1005006696124480
1005007184420082
1005006724613401
4000528488030
1005007442814222
1005007461916478
1005007115744187
1005006967342545
1005005920972232
1005007198973426
1005007394418579
32667458714
1005006445993286
1005005321238040
1005005647919885
1005007457097244
1005006716088264
1005006329414251
1005006223682635
1005004056397109
1005007316065044
1005007341496641
1005003962063444
1005006425800647
1005006528472091
1005007087405697
1005007341741781
1005005732381452
1005007247774914
1005006476805822
1005005820914315
1005005241450196
1005005866708032
1005006280486555
32704526021
1005003295806705
1005006463538002
1005007173353172
1005007255914743
1005007451752502
1005005771340585
1005007009406365
1005007308177257
1005006148916198
1005007341276822
1005006964540531
1005006278189584
33021264039
1005007439805478
1005006072676553
1005007450345557
1005007010404773
33002059767
1005006886214324
1005004999737829
1005006657159981
1005004392076310
1005006211134508
1005003226473618
1005007131545168
1005005615489399
1005005033928673
1005007243993292
1005007437408788
1005005480133393
1005007145909586
1005007348680779
1005006776932604
1005004926746090
1005003969071898
1005006899138208
1005006078358858
1005007330148550
1005005386412826
1005007474113243
1005006190944459
4001103118105
1005006883652785
4001251133837
1005007347778466
1005006801840979
1005006987527949
1005005505418318
1005003601482111
1005005506345474
1005006923723446
1005007099607499
1005006977015841
1005004940160805
1005006506991680
1005006572139732
1005001468068331
1005005820327086
1005007349142343
1005006049634247
1005007032457261
1005007199283904
1005007216269075
1005006574673041
1005006629237333
1005007160875306
1005005641960351
1005005857212235
1005006766732507
1005005451832006
4000097931948
1005007418934965
1005006485781829
1005007378839138
1005006458617168
1005005702140854
1005006978923429
1005006057698754
32861284726
1005007470806526
1005005948893643
1005007288817601
1005005374087971
1005004636568450
1005007015114511
1005005831767527
1005007266498391
1005006657148718
1005006771510192
1005006942071565
1005006467303151
32906703126
1005005927971864
1005007447863984
1005007442642468
1005007481833842
1005006151726555
32950742462
1005006686067359
1005006991579051
1005004360298080
1005005929156240
1005006860011261
1005006476741971
4000707359901
4001084865573
1005005322663925
1005006787772148
1005007449391208
1005007342701470
1005007475338078
1005003286377533
1005006698880094
32804043327
1005006966298801
1005006485962378
1005007005319459
1005007343019734
1005006993062941
1005005599879135
1005003465002933
1005006635235300
1005006979147277
1005006160766010
1005006596282685
1005005865430248
1005006608607099
1005005279207208
1005005676990112
1005005133030174
1005005477542963
1005006593471228
1005003037857136
1005006918230277
1005007027750013
1005005164425642
1005006043787943
1005001593182503
4001149751568
1005006808113676
1005005250248415
1005004384488635
1005006237240120
1005004584691710
1005004856186323
1005002915828144
4000299416443
1005006147753866
1005007169847895
1005006175431713
32824086774
1005006721035514
1005006045428454
1005004466770690
1005005562907838
1005005168596676
1005004844959864
1005002984914104
1005005438699720
1005002969356626
1005002865797824
1005005751149747
1005006583253662
1005005225372860
1005004679127115
1005004724167674
1005006203144348
1005006537774887
1005007003218010
1005006219952896
1005004203862242
1005005859638359
32631599586
1005004106845015
1005005691504232
1005002447373999
1005005795315380
33029734785
1005006317933944
1005004748073879
1005004940324347
1005005902498307
1005005770945741
1005002092262773
1005006439134841
1005006838773945
1005006635460154
1005006380114717
1005002041963101
1005006046369547
1005002292560730
1005005986973919
1005003536782783
1005005891183954
1005004731226274
1005004831918664
1005006997219040
1005006687637220
1005006850646297
1005003617677054
1005006713113925
1005004008993969
1005006246119675
1005006713197684
1005006000696471
1005001400070508
1005003614262312
1005005958498935
1005004701723219
1005005820057005
1005003607145081
1005005945880637
1005005617330699
1005006860700926
1005005908183715
1005006281807347
1005005874145167
32989753499
1005006647019184
1005005440933210
1005005314083043
1005005528892168
1005006913396905
1005006070671537
1005005106680780
1005005042076121
1005005481125880
1005005994733237
1005005897578406
1005006751980385
1005005378099275
1005005983667124
1005006612680634
1005006585245195
1005005518035477
1005006149675683
1005006861046318
1005006167130820
32914431825
1005006687643181
1005002829754196
1005006808130593
1005005859220747
1005006918210323
1005004400843884
1005006123326004
1005005473269554
1005006519945356
1005004358045436
1005005763256361
1005005879739423
1005006724451094
1005006050763883
1005005556138410
1005005541009316
1005007136257938
1005006447515992
1005006803184986
1005006421503362
1005006945884920
1005006040501929
1005005200303227
1005006365621328
1005004080509777
1005005880086509
32983548365
1005003470003209
1005006541907411
1005002907066621
1005007336733687
1005006908941644
1005005188199553
1005004340685338
1005006408995215
1005005852775772
1005006480587127
1005005600707147
1005004598275514
4000626585635
1005004612719630
1005002264694054
1005003643488954
1005001511304231
1005005835185943
32967873493
1005006217143587
1005006946609992
1005002726386680
1005007429105451
1005003234773689
1005005992348416
1005007176067079
1005006285051265
1005006910287113
1005004364490739
1005001471958321
1005004580296914
1005003505687834
1005002597987435
4000844734187
1005004803096478
1005006147923944
1005006864900257
1005004696596133
1005006191174716
1005005731907761
1005006335086893
1005003171356296
33043474249
1005006693582790
1005006574134496
1005007097199352
4001326251234
1005006454570960
1005006377937064
1005005845814430
1005002760091482
1005005519916820
1005003419974249
1005005676687457
1005007053162223
1005006217212226
1005005495502354
1005006744264462
1005007287742123
1005007177724857
1005006466874669
1005006116137203
1005003985405394
1005004303510632
1005006384457310
1005007149160763
1005001273026639
1005005010469661
1005005999908792
1005004841013933
4001105507350
1005005558259078
1005003304538006
1005007032346629
1005005934856030
1005006014633330
32839830445
4000595128935
1005007130821157
1005006699498905
33007933854
1005001495474835
32969265221
1005004986554474
1005006864177359
1005006766349713
1005002642801395
1005007391709062
1005006035252628
1005006980993248
1005006524462933
1005006515123901
1005004272197953
1005004507816848
1005007343705211
1005007320576039
33043570976
4000146861648
1005004190639893
1005006145420194
4000857114895
1005005248500665
1005004441881519
1005005275485622