1005005865104894
1005004578214721
1005006882517752
1005005887143307
1005007242712735
1005006827550763
1005006160277711
1005003716902780
1005006172277187
1005005605762389
1005007089751995
1005006737061777
1005005558741163
1005007019898907
1005007066983866
1005006856316820
1005006407730091
1005005315237435
1005004306936472
1005006663581181
1005006033838504
1005006038764895
1005006041811796
1005006102346510
1005006960949848
1005005452095465
1005005990339628
1005006890698794
1005005952407186
1005006220336854
1005006969102842
1005003652958907
1005005889833882
1005006514111275
1005005288304792
1005005476425318
1005001692890972
1005006770575531
1005006833057443
1005007102794149
1005006861193788
1005006755159983
1005007204730777
1005006878244262
1005007451813975
1005004828047304
1005003736821510
1005004144954111
1005004895772387
1005007264667821
1005006258453451
1005007221886606
1005006466964217
1005006989020608
1005006652797254
1005003532579146
1005007210246214
1005005214552972
1005003404882147
1005006611983749
1005006160500712
1005006160320006
1005006985340043
1005006612647881
1005006790191413
1005007219003289
1005005588105938
1005007416797062
1005007035297689
1005006984070652
1005007379318523
1005007298871407
1005005906113765
1005005812277451
1005007299713958
1005006389157572
1005006508248487
1005006013410723
1005006901829231
1005005893547298
1005007099323998
1005006292251487
1005005021936955
1005005505294610
1005006650630869
1005003724742091
1005006778676246
1005006834005365
1005007022317675
1005006331897681
1005006962340528
1005007448132214
1005006347243709
1005005631283991
1005006066887929
1005006389402235
1005007098925094
1005006449155757
1005006420831117
1005005987308097
1005005605958146
1005004436366368
1005005117580948
1005006588034084
1005006294065902
1005007015785210
1005006196695427
1005003662855398
1005006908746804
1005005864714006
1005006904460770
1005007076685691
1005004609944073
1005007466400608
1005006306075167
1005006489818279
1005007094932485
1005007407813487
1005007381151422
1005005800287910
1005007268702600
1005007090636155
1005006381161557
1005006140004507
1005006268048651
1005004860383507
1005006182532336
4000601611024
1005005496513996
1005005358581609
1005006819734481
1005004860436960
1005006060415906
1005005061131037
1005006071993709
1005006096943055
1005005680019023
1005006873875948
1005007443394732
1005007110756874
1005006410493068
1005005185125443
32839861005
1005007390156280
4000323712521
1005007244252442
1005005626542735
1005006989070976
1005006906513685
1005007346979655
1005007155265547
1005003541540826
1005001678315149
1005006646369100
1005005904606860
1005006865972911
1005006247343573
1005006403722665
1005006744970799
1005006262724736
1005007490388623
1005007482924339
1005007446995892
1005007451234685
1005007452647582
1005007451231692
1005007490292322
1005007490146551
1005005171556140
1005005962046431
1005005975632017
1005005191042735
1005007489347824
1005005501521346
1005007476353765
1005007486643609
1005007488698284
1005007488510181
1005007486114110
1005007465788315
1005007488150795
1005007484093664
1005007488252381
1005007484319427
1005007483102420
1005007480873460
1005007483399204
1005007484179342
1005007482767707
1005007483953538
1005007390309714
1005006416566074
1005005701222452
1005005274271520
1005004844556941
1005006653513574
1005004919807366
1005007225519665
1005003668733376
1005004662987473
1005006748883313
1005005546848592
1005005036560434
1005007457846456
1005006067908019
1005003438604427
1005006169893065
1005006057426024
1005007408105484
1005005885627757
1005002976303567
1005006809363502
1005006267165763
4001072445319
1005006980086546
1005006744320018
1005006761264677
1005006189878502
1005002857298332
1005005504498602
1005006761131438
1005005608537426
1005006731062051
1005005801075492
1005005315810876
1005007411966723
1005005720505396
1005005790996357
1005005990870670
1005007122699613
1005005504522054
1005007011251581
1005006912834621
1005007371822133
1005004407095996
1005006727700398
1005006035783020
1005004105136320
1005004906181833
1005006239078305
1005005794733173
1005006724039264
1005003444241982
4000009515843
1005007482263015
1005005149445683
1005001567212387
1005006868217719
1005006819128486
1005007489768262
1005006867988699
1005007468437017
1005007488471723
1005006096884429
1005007388168929
1005005979208237
1005007459877563
1005007457394891
1005007337544079
1005007446456216
1005007465910139
1005002460013123
1005002597774739
1005004527799721
1005005776755381
1005007273122017
1005006077853590
1005004375011515
1005007178579120
1005006418301063
1005005636561283
1005006367067277
1005007162426031
1005006472842459
1005007382763268
1005007382123821
1005007367376499
1005006430221749
1005006944836413
1005006656194177
1005005686159350
1005006088645412
1005007162155555
1005005952737496
1005006788216998
1005004792802816
1005003540313120
1005006313278645
1005003007348305
1005003070162583
1005007443989504
1005004613843451
1005006313376210
1005007065630505
1005004979284171
1005006000046855
1005007412239696
1005006313321494
1005005917086124
1005004884537781
1005005326245089
1005004833713826
1005001690063344
1005002714573789
1005006168844177
1005007425723185
1005005066512150
1005004145669919
1005006971022125
1005002309411654
1005004643915974
1005006565598707
1005006768072461
1005007244930907
1005006061108095
1005004844476031
1005004937038063
1005004936625919
1005004936489587
1005006449568465
1005006000148475
1005007343676176
1005004417397029
4001297639521
1005007035631790
1005006897962249
1005005380379469
1005003806540598
1005007481118555
1005007484473294
1005006990958965
1005005801435597
1005006191749430
1005007457955933
1005006125405918
1005007385572284
1005007385644193
1005007378235888
1005007051815328
1005002937854476
1005003340990427
32831296954
4000067078226
1005004536338241
1005004433805719
1005007482619332
1005007483986738
1005007297373837
1005005245739736
1005007451510029
1005007263225473
1005003383698166
1005006732375439
1005002533993297
32946573451
1005004071993514
1005003646830137
1005006850545857
1005005529325482
1005006641378946
1005004270895518
1005006432609998
1005003087223652
4000076786585
1005005990946062
1005006194815507
1005006390712236
1005007139036198
1005007314511422
1005005070056261
1005006943528078
1005007446707688
1005007449455613
1005007366257391
1005003398548325
1005005020658918
1005006929898067
1005006862708971
1005007451065357
1005007019901330
32854010213
1005007445813391
1005007401926221
1005007353963573
1005006881094355
1005007336223881
1005007182854871
1005006120795484
1005007109329992
1005005908707897
4000799783429
1005001360297423
1005007293740502
1005006173767379
1005007287247727
1005007017722029
4001134729976
1005007012472310
1005004408095588
1005006902942054
1005006716585829
1005007092430702
1005007354764867
32963750751
1005003737633109
1005007309041359
1005006867115971
1005007263499915
1005005242848966
1005006963151448
1005006887613393
1005006865452041
1005002624801187
1005006361785926
1005006654600975
1005007293535526
1005006678273730
32783474553
1005005701553362
1005005254280319
1005006779875621
1005007303676715
1005006570219017
1005007404948160
1005006049969193
32716437122
1005007377917554
1005007198745810
1005004980692840
1005007178357449
1005006910356015
1005007433313171
1005006757163448
1005006080668270
1005005842570963
1005006413586535
1005001275274430
1005007295886642
1005006757319781
1005007098011419
1005004283018886
32922132875
1005006044759947
1005006895956605
1005006791811931
1005006827123496
1005007206742526
1005007218713451
1005007265755620
1005005965050799
1005007354270040
1005007206722078
1005006880714819
1005002696470243
1005005400498573
1005007293750528
1005007205892164
1005005788236186
1005005610332490
1005006684049922
4000538613170
1005007085909292
1005007032201113
1005007115495661
1005005485442617
1005006748717029
1005006053917304
1005007315426985
1005006034420556
1005006300717852
1005005712278974
1005006022378269
1005006780779404
1005003016492544
1005006870820593
4001010444466
1005004716610070
1005005886512062
1005007115347477
1005007083916798
1005005952045839
4001286004694
4001231040882
1005005900865871
1005005898362671
1005005541529233
1005005668006703
1005006040560207
1005006145045564
1005006966379300
1005006991076805
1005006540148519
1005005864030295
1005006465331226
1005005559281362
1005006372957695
1005003780191425
1005006113884162
1005001355655739
1005006113097447