1005007419433692
1005007251778010
1005006856444161
1005007393830455
1005007362102162
1005007359952746
1005006631502876
1005005400369631
1005007353971994
1005007462715321
1005005883872200
1005006366830800
1005007408490469
1005007351764016
1005007246827153
1005006913048592
1005006508620164
1005007399142098
1005006804977124
1005006311209423
1005007359560646
1005007439731113
1005007428690216
1005007461249290
1005007442151524
1005006311104669
1005007449901571
1005007470529985
1005007188148945
1005007433581557
1005007365260899
1005007369796770
1005002478481654
1005007165891506
1005006392431050
1005007419508948
1005005788444089
1005005982332710
1005007429203371
1005006768600652
1005007402171138
1005007464079417
1005006087103647
1005006911904208
1005006501510281
1005007320972859
1005007097547392
1005005964484549
1005007325847359
1005007402580859
1005007444697212
1005005357577200
1005007267830779
1005006526025685
1005003238233889
1005003335016851
1005007208301351
1005004156914411
1005003395794850
1005005817127627
1005002718706519
1005004701181634
32784845613
1005005525738832
1005006612188984
1005004568602394
1005007208105877
1005006023016894
1005003920098259
1005004467957519
1005004604769561
32931065772
1005004084171047
1005007456424869
1005007292634470
1005006112433834
1005006107152444
1005003562777335
1005005606145798
1005006439613860
1005005389343654
1005005376889426
1005007334449076
1005007082528101
1005007227462434
4000448866063
1005006228530403
1005006894390864
1005006820120983
1005005745921150
1005006765816512
1005006847450045
1005005318459993
1005007354827365
1005004759801996
1005003293330091
1005006585276428
1005006909445662
1005006868543165
1005007345834209
1005006086882069
1005006776111496
123343
1005004725677865
1005006121470736
1005005034023931
1005007145834066
1005004910635297
1005007181366566
1005004787879255
1005003710252097
1005005027512122
1005006336871903
1005006346444405
1005007145789822
1005006134015871
1005005945123343
1005007152262425
1005007095345311
1005006931407911
1005006657862288
1005003495351504
1005006628418693
1005006209702042
1005006246450496
1005006235908381
1005002008166439
1005005447517879
1005006284417845
1005005853206513
1005007442429921
1005006182391065
1005007262078128
1005006532970302
1005003657397356
1005005904681418
1005006749655644
1005006997841946
1005007120295805
1005007004329786
1005007004524561
1005006486949944
1005006387294438
9248
1005006734079187
1005007368865977
1005006444241046
1005005814197776
1005007463230902
1005006336711700
1005005341696158
1005007411770930
1005006879259192
1005005439948534
1005005011698359
1005005032630782
1005006427343959
1005007463031460
1005005997065577
1005007423621399
1005005064975687
1005007284477920
1005006955843270
1005005228594159
1005007413175506
1005007208087286
1005004553539462
1005007439039348
1005007409192524
1005003913892746
1005004651513549
1005005978192032
1005006358571023
1005006637520011
1005007090578438
1005006708794093
1005005272314272
1005004351792708
1005005875975699
1005007352424334
1005004704768410
1005005429583350
1005005481471331
1005006649675551
1005007436009268
1005007105050083
1005005123925336
1005006609976462
1005006548673713
1005004473810762
1005002442574908
1005004707686140
1005005009624283
1005004626895300
1005005338561451
1005006052546239
1005006398418244
1005005887297900
1005005557256618
1005006203549363
1005004811420086
1005004744615725
1005006032164069
1005007245840824
1005005143483039
1005006278338851
1005005445329702
1005004198571019
1005006132827608
1005005940076780
1005006637238133
1005005937550035
1005006508379234
1005006584042007
1005005104145475
1005005243006730
1005005476976940
1005006263356070
1005007017846953
1005004629413007
1005006334958761
1005003534708316
1005005930905901
1005006896716343
1005005011033910
1005005704364025
1005006558422943
1005007266964570
1005005346032080
1005007413167159
1005006865330358
1005007096557164
1005007413209298
1005003057745334
1005003426704610
1005006989320227
1005005779487890
1005006370153071
1005007029990832
1005005916884697
32721134545
1005007408484958
1005007446138836
1005007348403639
1005007457858038
1005007451241684
1005007466824976
1005007460697709
1005005632525736
1005005863122739
1005007441196287
1005007467289057
1005007451526933
1005007455236637
1005007423006347
1005007413815720
1005007453932347
1005007453200792
1005007449633926
1005007451542030
1005007451338445
1005007435958504
1005007433998835
1005006822577814
1005006346120043
1005005980102129
1005007488326327
1005007485527799
1005005653052769
1005005616571867
1005007488347385
1005007488209616
1005007476092083
1005007488012036
1005007457722304
1005007451234653
1005007486754758
1005007475891971
1005002852545730
1005007457805862
1005007361095903
1005007329979908
1005007476305370
1005007476209356
1005007470661631
1005007355531212
1005006806907095
1005007459344249
4000180315147
32764168972
1005007443446752
1005006195053586
1005007410111892
1005004502040474
1005003146819947
1005001726094478
1005007357350699
32847264106
1005004052010375
1005003389009632
1005003930450414
1005007465315350
1005006679594123
1005006821250955
1005006888457230
1005007396801827
1005007124661114
1005006679122528
1005007458999806
1005006745312558
1005007255084962
1005007394292360
1005007388835338
1005002660632607
1005007174853706
1005006313706184
1005005105708959
1005004274977482
32724077598
1005006230287109
1005006077808195
1005006188685119
1005006848698874
1005004314659769
1005003667204597
1005006466024586
1005005265612713
4000656972095
1005007483531671
1005007469363219
1005007471552841
1005007460971436
1005007465349442
1005007459580785
1005007459167776
1005007459215411
1005007460042847
1005007451167062
1005007450802796
1005007449866305
1005007453551506
1005007453508785
1005007453560489
1005007102698586
1005006713297156
1005007071393255
1005007107676720
1005006615580211
1005007166512693
1005007342770473
1005005489272042
1005007270541280
1005006865759722
1005007449616895
1005007282382787
1005007355286961
1005002125466916
1005006884074848
1005006616703146
1005006607742571
1005007076979603
1005007066714302
1005004065114557
1005007166011217
1005005700107828
1005006934674271
1005001866525953
1005006611820252
1005006911276285
1005005764854990
1005007110191701
1005007384594412
1005007233160765
1005006781853805
1005006906931742
1005007286518152
1005007165269386
1005006109581950
1005005210348327
1005005299707219
1005006789482742
1005005608784146
1005006673699685
1005005109283569
1005005269926266
1005006860900903
1005005985123014
1005007121634526
1005007395877984
1005002738999422
4000429892148
1005005677061337
1005007403089007
1005005499806741
1005003884310109
1005004298545433
1005002291686840
1005007356349201
1005002326356317
1005005273185778
1005006692896338
1005002861261495
1005007274124777
1005006022507239
1005004211566187
1005004407777902
1005004701314913
1005004143521860
1005006994181979
1005006118004118
1005001298497511
1005007372012043
1005005655320112
4001138903849
1005007003354666
1005001484085279
1005004247348290
1005007135180451
1005003875206591
1005007107159526
1005005013545716
1005003412600900
1005004538813839
1005004337627565
1005007298244091
1005004632128262
1005004707857092
1005004841523132
1005007452297777
1005007444136026
1005007470546942
1005007406693299
1005007460406523
1005007455433004
1005007457941504
1005007417390584
1005007417937897
1005007431233015
1005007445549821
1005007412941520
1005007471428316
1005007468399102
1005007325796640
1005007050993595
1005006123154824
1005007313716896
1005007312587855
1005007315598687
1005006434090239
1005007446796529
1005007344349580
1005005978111173
1005007135602805
1005006845345616
1005006684174105
1005006519477123
1005003472116469
1005005794934188
1005006991388659
1005007271598882
1005006612715416
1005002348561959
1005006496933234
1005005553993767
33021843729
1005007051983850
1005006923837164
1005006964974091
32965533521
1005006446680438
1005004070373015
4000459615664
1005007009031525
1005005292730279
1005006011655672
1005005799170929
1005007378151203
1005006931997362
32897333542
1005006470245219
1005007490553426
1005005867061221
1005007337602156
1005005922880952
1005007488398727
1005007403985758
1005006125201756
1005006282470903
1005007483263156
1005006906590039
1005007151613112
1005007018129558
1005004816304707
1005007477975134
1005007478904124
1005007464994496
1005005698498527
1005005136593880
1005007414715118
1005006990044383