1005007245430614
1005007392146584
1005007203432359
1005007383353918
1005007273526574
1005007424339188
1005007087522747
1005007197762540
1005006117079639
1005006127692138
1005006083317355
1005006219704604
1005006291978858
1005006071045147
1005006008278861
1005004898986309
1005006073305816
1005006136020677
1005004898878575
1005004899077061
1005006109779732
1005005951773458
1005004872513557
1005006139364506
1005004832813463
1005004912933595
1005007416131738
1005007088829530
1005007323786968
1005007394565255
1005002859395635
1005006325459459
1005006252815574
1005005708810701
1005004403764717
1005006920061417
1005007204074934
1005007287438795
1005005407557459
1005007208534565
1005007296404677
1005004788994457
1005007277648528
32798324697
1005004821783579
1005004487132007
1005004770210385
1005006990893739
4001063674872
1005003950276267
1005004308259085
1005006664582837
1005005316043236
1005007446469381
32849507868
1005006684072542
32265594634
1776443798
1005004887162029
1005002004431158
1005007409943073
1005006494453858
1005005969415142
1005007446139832
1005006966251269
1005002441532796
1005005440176078
1005003968671878
1005002441536747
1005005968902314
1005005671948462
1005005653294572
1005006042916282
1005002395464430
1005006421543180
1005006352917468
1005006219038388
1005005370973673
1005003808076530
1005006362373277
1005005575125080
1005006729175321
1005005472069728
1005005525228592
1005004437441687
1005004437955840
1005005361599470
1005005480878884
1005007347545857
1005007203469081
1005005110392610
1005004549326444
1005007306395198
1005006452050133
1005003847019512
1005004604484589
1005007204305163
1005004236761692
1005005588558006
1005006771081860
1005006472886434
1005005072625944
1005006180885082
1005006051918877
1005004754475787
1005007180799135
1005006954238654
1005006954322686
1005006210358235
1005002885983904
1005001818529016
1005005551627380
1005007031801067
1005005402555595
1005002599227232
1005003682810651
1005005281866929
1005005912061665
1005007031513417
4000043661554
1005003285884991
1005004227947764
1005007291591389
1005006919342603
1005006790125502
1005006734945641
1005006763046072
1005007003515279
1005005648019699
1005002921332532
1005004685181556
1005006637314084
1005007255318165
1005005806919577
1005006517818840
1005007150322775
1005006302640008
1005005848027328
1005006170806375
1005006982050940
1005006976365941
1005007471995206
1005007215646942
1005005669668882
1005006794706470
1005007268204774
1005006641666633
1005007205242530
1005006847343158
1005006779285795
1005006247770657
1005006214704653
1005006769837391
1005006180487019
1005006164952839
1005006263560736
1005007385648675
1005006181370955
1005006809921803
1005006347368457
1005007444554249
1005006918686615
1005006801446764
1005007307203565
1005006982580106
1005007007890575
1005007017684660
1005006798617992
1005006481969334
1005006760522259
1005007017420966
1005006507263928
1005007279159163
1005006640805560
1005006304323635
1005006759329351
1005006013079459
1005006301862564
1005007318594474
1005007439130422
1005007439094503
1005007438809000
1005006918981582
1005004600046782
1005007400737231
1005007400654527
1005007039690654
1005006378523387
1005007204606686
1005005226547030
1005007438070237
1005007452457024
1005005286099569
1005007437757991
1005005599963442
1005006734601254
1005006329357807
1005006350260991
1005006738283649
1005007383475052
1005005367428896
1005006145327266
1005006273945960
1005005281344652
1005007218682474
1005006278503238
1005006145438371
1005006751453066
4001253510431
32853682559
1005006011755776
1005006023071458
1005005812338025
1005006156817672
1005005562268030
1005006677573219
1005006240916381
1005007347129022
32852806716
1005004904671398
1005006084513763
1005007182080214
32852877199
1005006577825001
1005006216992955
1005006348299482
32878784363
1005006202741316
1005006728816286
1005004065797022
1005006325301440
1005006157439327
1005006210258535
1005005521155751
1005006110737423
1005007016752237
1005006262307160
1005006239994429
1005006957182751
32984390314
1005005244394626
1005006217882763
1005007385800294
1005006261118012
1005007167377076
1005004402448196
1005006102703297
1005006641784328
1005005007546856
1005005506494251
1005005880961019
1005005178661387
1005006482003163
1005006894324495
1005006199970012
4000187889411
1005007235237386
1005007423664871
32823659670
1005005763012952
1005001623090561
1005004639083961
1005006808118409
1005004654347931
1005006281137850
1005006698714888
1005007383489099
1005007247104267
1005006656521343
1005006951432465
1005005719118453
1005006850561889
1005006326468040
1005005606069176
1005006084939169
1005002762128291
1005005164743944
4000260070347
1005003913858760
4001152081564
4001120462439
32861694739
1005003651837897
4001027420984
1005001573347399
1005004192998286
32526232805
1005004523371801
1005003781219480
1005004948985701
1005003876168877
1005004102488600
1005005005983900
1005005285518513
1005004358712822
33043626646
1005005489965348
32811423664
1005003839617942
1005002877541140
4000353878470
4000017195846
1005004244843973
4000557230131
1005003686909804
1005002432861362
1005004891680985
1005007331276655
1005004230023653
32970273296
4000310501442
4000772615712
1005004219795438
1005005079374930
1005004859143586
1005003983664852
1005003775634804
32988603900
1005005079361899
32836651180
4000931894328
1005004688596277
4000090977650
1005004847491631
1992999678
1005003939832807
1005001784862459
32813068634
32944777788
1005005080433217
1005002708944376
4001186578877
32845918805
4000941510061
1005003175151216
32847479378
4000484845076
4000022407091
32859001891
1005001669627625
1005003255884243
1005004779046069
1005004235245213
1005003178495957
1005004944552013
1005001555031370
1005003226630830
1005002133502236
1005006776868318
1005006467375595
1005007405087575
1005007404337427
1005006096368717
1005006469625026
1005007166739950
1005006085991568
1005006112679399
1005007167964188
1005004042259272
1005004775473255
1005003122286097
1005005538416550
1005005594117724
1005004762811965
1005006118464121
1005007475540191
1005007390369655
1005007461779716
1005007428039955
1005007444479959
1005007472437284
1005006913076471
1005007475373310
1005007454445353
1005007462016529
1005007457071934
1005006223570644
1005005478065644
1005007199382113
1005006832507148
1005005502484237
1005007419592186
4000396486505
32955585320
1005003694481893
1005007070307572
1005007148319927
1005007394484904
1005005533517454
1005007027346352
1005007449266544
1005006218945068
1005006874089079
1005006713171224
1005006348122229
1005007309965192
1005006109894854
1005007353521083
1005007444272551
1005005510847100
1005007388166074
1005007455660970
1005007331429154
1005007372871050
1005002693926333
32629265979
1005005787627353
1005007227260823
1005007356283996
1005006797858159
1005006980849799
1005005896622064
1005007187105897
1005006639816068
1005005850513587
1005007020035466
1005006847282342
1005004849741993
1005007116739116
1005005949240698
1005007107786700
1005007375478594
1005004815066882
1005006112955934
1005005584412116
1005003117299436
1005003677429157
1005007372369981
1005006113191404
1005007321484844
1005007484173025
1005006591022939
1005005822369887
1005006656791041
1005007275537762
1005007276127614
1005007227769801
1005007017391510
1005007022694411
1005006418834683
1005007334378241
32656907882
1005006802395508
1005002632928988
1005005924582405
1005007298459621
1005005868391487
1005007094530941
1005007449194043
1005006759757964
1005005778710540
1005006850369332
1005007074854554
1005004059540620
1005007293699618
1005006955155566
1005005575272437
1005006903970166
1005006797316980
1005006244905473
1005005752141651
1005007052844135
1005007339665410
1005005868366840
1005005454355833
1005007444336783
1005007469349669
1005007469454244
1005007099800898
1005007462155899
1005007266605285
1005007261677006
1005005450408479
1005006981706478
1005006159469225
1005006869827814
1005005690605968
1005005386911394
1005007096235644
1005005509213676
1005006670550187
1005006894575904
1005006670389631
1005005364377293
1005006863278130
4001076375995
1005006327212345
1005007411074430
1005002315064144
1005007427456924
4001261797755
1005006898582585
1005005925962143
1005002399031444
33009302378
1005006770910899
1005006849512676
1005005761501303
1005006775975904
4000190918531