32816639293
1005004867085258
1005005722860441
32834788421
1005004771080880
1005004935564248
1005006753799201
1005004658780444
1005007481341027
1005007481061667
1005005433834525
1005002433259328
1005007362363475
1005007364569834
1005006259629025
1005007279545944
1005006286995715
1005007089568626
1005006717194071
1005005973753830
1005006270812920
32800179441
1005002522724364
1005007060302299
1005007362546575
1005007362362444
1005007364465931
1005007361839848
1005003268373311
1005004036948705
1005005871410691
1005005933643966
1005005917548309
1005007184912354
1005005139765926
1005001843601097
1005005143628569
4001093857397
1005005279339357
1005003202276524
1005006860523299
1005007138076528
1005005359767959
1005005713169310
33006746601
1005003681976647
1005006703677094
1005007485160732
1005005777646803
1005007447133660
1005006436897193
1005004612075245
1005007466455906
1005006536293659
1005007463045010
1005007450504609
1005007450738600
1005007415050904
1000006819352
1005004065827048
1005004359575805
1005007321640082
1005007148233973
1005006869057071
1005006653116580
1005007155215722
1005007248050961
1005007248931696
1005003814270998
1005003687877606
1005003922144109
1005005872023472
1005004448116955
1005005748581671
1005004329132197
1005006174292604
1005005883746071
1005006471118300
1005005359775115
1005005690635144
1005005881978323
1005003083925439
1005003083961221
1005003088450562
1005006618995023
1005005866573355
1005006996720477
1005004265960945
32976469984
1005005808183413
1005006686882712
1005007488838388
1005007488643527
1005007488016658
1005007487962683
1005007487897784
1005007488108191
1005007487946536
1005007404952378
1005007338198070
1005007338023214
1005003372670038
1005004694355802
1005006717533978
1005006717676461
1005006266325063
1005007333208677
1005006887741819
1005003308121271
1005006421610492
1005007210825196
1005006776662662
1005006592241076
1005006424861176
1005006481435965
1005006105349782
1005006294904582
1005003721476593
1005007395338726
1005006325598079
1005007168688553
1005006840902585
1005006908912794
1005004835367997
1005006870813583
1005006654205881
1005007089774464
1005006871466129
1005006917037896
1005005871487231
1005006385847376
1005007048761756
1005001932887011
1005001704376360
4000849327995
4000001849621
1005003594682452
1005006581140210
1005006692691463
1005007181094093
1005004000775509
1005003988093365
1005004384902318
1005007203237086
1005006836387293
1005007066544582
1005006439953900
1005006455529868
1005006722607176
32950295287
1005007378584593
1005006807034675
1005006095399453
32798777358
1005007059840635
1005004543094215
1005007486112164
1005006439777140
10000335869774
1005006583409518
1005007382025398
1005004022269334
1005004058247423
1005004583099729
1005004552132517
1005007016626211
1005006208814626
1005007203685919
1005007050536009
1005007295961187
1005005993829153
1005006115989724
1005005580417556
4001351216574
10000003643142
32970285312
1005005563347143
1005006528596983
1005007043741347
1005004714492641
1005002105018662
1005007022288331
1005005611226901
1005005611294760
1005005215991332
1005005212445135
1005007029803552
1005006115997130
1005007010243593
1005007455304657
1005007288164486
1005006784315058
1005005371254030
1005007094455371
1005005111436665
1005005221634637
1005006954884423
1005006028605412
1005006464467431
1005006996614809
1005007016284034
1005007015533764
1005005115775852
1005006568890829
32973667116
1005006568326195
1005006533976434
1005007068129821
1005006938000935
1005006932347123
1005006956720928
1005006932324351
1005006604912019
1005004536536840
1005002096514230
1005007022253147
1005007010097119
1005006983534553
1005004036520890
1005003558669557
10000013893630
10000013914134
1005005347947576
1005005967121495
1005005953042676
1005006147144323
1005006075290805
1005005611341507
1005006896176945
1005005611430068
1005007301743594
1005006490209810
1005006480763853
1005006791770232
1005003401956360
1005007407417309
1005006092199634
1005005415296926
1005004977417456
4000246746127
1005006597427617
1005005502533066
1005002028222032
1005003041502268
1005007386776518
1005007386756325
1005005759485036
1005004691870175
1005006950045266
1005007413412077
1005007192265925
1005007077498075
1005005539370070
1005004999489834
1005006792591667
1005004804763669
1005005342708679
1005006416673561
1005005625208525
1005006925044701
1005005872395313
1005005759487247
1005007055574089
1005003685917792
1005005455474043
1005007037445971
1005004943101743
1005003269584336
1005006632817988
1005006755511184
1005007013174233
1005005596382250
1005005327714426
1005005484799577
1005005903969613
1005001617855433
1005002080414538
4001257322226
1005003733812748
1005005492078488
1005007299996250
1005007440605157
1005006151685279
1005006641836821
1005007348091835
1005007455611093
1005007403888425
1005006046238047
1005006188899541
1005006968734168
1005006967021278
33018660100
1005007408137657
1005006283022211
32920320875
1005005818268867
4000830716619
1005005931858762
1005006202451688
1005007078253094
33020702989
1005005921362406
1005005958402711
1005007384123886
1005005363463688
1005007348972820
1005001928024478
1005006826549344
32862035371
1005007333121373
1005004646149430
33009268040
1005006833299409
1005006374689810
1005006269691920
1005004226781945
1005005889121043
1005002489856491
1005007215702324
1005007215566451
1005005298155847
1005007272768927
1005005649627243
1005004728806886
1005007151821242
1005007165720783
1005007065006276
1005005043585941
1005007076433953
1005005461397675
1005004879791306
1005006757460495
1005005906419341
1005007393491406
1005007460546291
1005005644304513
1005006810705733
1005007095196139
1005007409229220
1005005999870161
1005006745565882
1005006731193054
1005007190263113
1005006702130037
1005006756134395
1005006150116117
1005007138346310
1005007356439566
1005006512684890
1005007142229214
1005006732689210
1005007032440392
1005007414707389
1005006243679134
1005006441449781
1005006763418659
1005007345581886
1005007432964341
1005006898840691
1005005369469888
1005007060990489
1005007241686380
1005007473774441
1005007442106335
1005007254605124
1005006780701615
1005004736613932
1005007196287112
1005004731734355
1005006985459461
1005005367910649
1005006634816268
1005004898881081
1005005215223265
1005005367907676
1005007433568301
1005007473779382
1005007170821218
1005007477410690
1005007477711066
1005007473746514
1005007476555268
1005007464116859
1005006434193793
1005006870029509
1005007403460641
1005007144079149
1005007343451991
1005006002953376
1005003514979502
1005006768822766
1005006985226997
1005006605021129
1005006848331794
1005004650795265
1005005574365353
1005005637232427
1005006634959038
1005005327703519
1005004899138919
1005004382469538
1005005862273677
1005006720197432
1005007451239642
1005006731355505
1005005367970376
1005006821069246
1005007127346340
1005007196153317
1005007365649809
1005006723781149
1005006725449970
1005006928001826
1005006931140056
1005006931170435
1005006934148341
1005006934029814
1005006934357309
1005006934312358
1005006934508185
1005006934477435
1005006942060856
1005007024488003
1005006192123139
1005007092228474
1005007181554121
1005006751775807
1005006979899182
1005007143702794
1005007450793680
1005006975396237
1005007085082276
1005007086119873
1005007085783699
1005007097781255
1005006326056337
1005006942663652
1005006964453778
1005007033867151
1005007059256449
1005007087108756
1005007090242701
1005007066789230
1005006135965345
1005007478611490
1005007485961302
1005007472644916
1005007471092942
1005007484215518
1005006916923224
1005006917663880
1005006927861314
1005006928062951
1005006930972014
1005006931179737
1005007410295523
1005006931225435
1005006934081845
1005006934060739
1005006934017881
1005006934298495
1005006934607654
1005006941753886
1005006942068744
1005006988353835
1005006254703963
1005007477811393
1005007482384730
1005007488333653
1005007484379807
1005007485212933
1005007470997878
1005007478422989
1005007009878824
1005007025478533
1005007026338505
1005007085787696
1005007436362578
1005006954510568
1005006954834259
1005005820403183
1005006916334896
1005006859100925
1005003139874348
1005006869245251
1005006756445826
1005006949733506
1005007042017565
1005007015960001
1005007403124416
1005005615628457
1005005296122409
1005004989100680
1005005975306486
1005007001103907
1005001394656994
1005005235845317
1005007367750385
1005006202101965
1005007012510677