1005003637194943
1005005487475016
1005003357949247
1005003942475285
1005005994241900
1005003302546809
32955337146
1005003656660062
32807489055
1005003221464222
1005002995319823
1005003455717322
1005006744445429
1005006576367786
4000606889187
4000603239145
1005006851850611
1005006791767517
1005006325026662
1005003221696995
4000528997862
1864442747
1005006166813789
1005004767009566
1005006789787331
1005004632506164
1764245283
1005007474550255
1005007473097215
1005007415215128
1005007369315288
1005006884642588
1005007292417596
1005006376855226
1005004609067049
1005005183066104
32850405534
32741150702
1005006157007586
1005007370086820
1005006034879111
4000106260825
1005006978772994
1005005182906067
1005006594380924
33015350506
33014290097
1005004517490262
1005003069318553
1005001495366830
1005007003826429
1005001968735141
1005006317764963
1005001957638693
4000516321434
33005582311
4000585146621
33046826731
1005003301012134
32967142171
1845657714
4000316223274
648970423
1005002253281068
32970175282
32893235353
1005003315549967
32851971875
1005003583161057
32607108422
1005001302649723
32859826420
1005006613236326
4001004881996
1005001761816602
32914753665
1005007408389459
1005003498474024
1005004563732682
32961320760
1005004789442327
4001009964197
1005001854702404
1005001646207319
4000346220295
4000554673881
1005004637513250
1005003638397445
1005004289560767
32714198170
1005004698232777
32994054740
1005004903112748
1005004095474164
1005004751784081
1005003299582845
1005001875698610
32895480555
1005006615148668
4001133087787
1005005236787217
1005001622146919
33020339935
32958348637
1005004494089595
1005005309990732
1005004684593940
32884780884
1005003488143528
4001133067926
1005003733260951
1005001787434742
4000319918123
1005006244028399
1005004954909866
1005003701306452
10000000310012
1005003914140936
1005003315371870
1005004561642932
1005003133755398
4000184166633
1005002298491834
1005004501106193
1005006927513281
1005004065150868
32309013069
1005004840456909
1005002133125158
1005004848986656
1005004153164692
1005005074696320
4001009385317
4000859836184
1005001361240680
1005003440345509
4001014094385
33050832191
1005001972435309
4001110648153
1005003362885906
32431436284
4001358877626
1005001677375758
1005006038561111
1005005329029114
1005005946646940
1005006102321942
1005004572037010
1005006102475105
1005003255641724
1005005019442528
32959304700
1005003313379701
1005004985630476
1005007098876472
1871182418
1937753883
1005007075622865
1005007308447276
1005007384892671
1005007099381799
32952761780
1005006573594710
1005006101786482
1005004831427230
1005006489609152
1005006302497535
33011203276
1005004583813514
4001209862041
32806577093
1863888896
1949808730
1005007185151031
32815810417
1005005189380615
1005007183404001
1005006035925643
1005002592122906
1005003889178801
1005007132237745
1005007183251778
1005005389474475
1005005787930078
1005005764391166
1005001821823746
1005005441939387
1005003741056686
1005007133259485
1005003507544031
1005004333010030
1005002876670065
1005005759819813
1005004463857872
1005006282774201
1005003019871461
1005006896195583
1005006266279215
1005007469246141
1005007469023457
1005007264547436
1005007445456004
1005007184049003
1005007183147587
1005004392234572
1005005599347909
1005005589430742
1005005143337894
1005005257639310
1005005026182228
1005002496028188
32952821233
1005005265251215
1005005995902003
1005005995742989
1005006489556200
1005006448269707
1005006448210988
32956020603
1005001774212869
1005001775408437
1005001775270912
1005005318796507
32962531127
32816953874
32981327916
32977761432
1005002990504246
32436332245
32435551553
32963254582
32960950916
32958501911
4000800640124
1005001677467720
1005005764448243
1871140033
1949808668
1005007352227850
1005007183572295
1005007183447718
1005007185142063
1005006443550415
1005006273665351
1005005764343296
1005005787941351
1005007197586983
1005006043830947
32954962369
1005006061496796
4000543992800
1005006984135251
1005006043817938
32853823848
1005006036326940
32595500353
1005003156975849
1005006343512586
1005006341760820
1005005935928261
4000800584697
1005007469068552
1005007469086415
1005007468853760
1005002367786412
1005002646065070
1005004387374606
1005006926645037
1005007219008159
1005006900141210
1005006318906267
1005005883271140
1005006366413297
1005007250351504
1005007181089852
1005006562648601
1005006562893035
1005005962225827
1005002592166552
32851462942
1005007181383204
1005007177969920
1005007470009511
1005007468790951
1005007178301647
1005002821101047
4000044106942
1005007178215734
1005007181171465
1005007183538657
4000044118801
4000044106910
4000037461560
32663317274
1005006342522617
1005005257568742
1871186343
1949795661
1005007153185447
1005007154196508
1005007152914753
1005007326444740
1005007166374558
1005007181064645
1005007181563026
1005007183782468
1005007183586391
1005006043599261
1005005004583653
1005005278336501
32852092727
1005007193071162
1005007164301591
1005006915110258
1005007200381281
1005007171920970
1005007181417093
1005006865436428
1005005255825576
1005003748672077
1005006556045999
4000044159107
32662239762
4000044156137
1005003218880766
1005007461280109
1005004767834522
1005006911038687
1005005625558150
1005005766146674
1005003287263085
1005005604462016
1005005608453061
1005007254158204
1005005770831027
1005005766320374
1005005766247343
1005006644568070
1005007175099367
1005007142927022
1005005800009360
1005005583066015
1005005582996328
1005005583094335
1005006611685948
1005005474988609
1005001965415077
1005004715314175
1005005583096064
1005005347371489
1005005582930443
1005004314579907
1005006058980841
1005006812197258
1005005582792995
1005006775893183
1005001958964491
1005004767889543
1005004767441920
1005004767872737
1005004767989074
1005004767849975
1005004268320537
1005007151983554
1005006638326893
1005005510069659
1005006653865752
1005007181716231
1005006044511428
1005006991474765
1005007383374995
1005006629351721
1005005667631480
1005007272265684
1005007316106006
1005007272414225
1005007095902826
1005007272407251
1005004375209993
1005003657537352
1005007272217820
1005002882408800
1005005530734222
1005004797413881
1005007272223800
1005006446922427
4001159900334
1005005371413231
1005005956685624
1005006008646480
1005006339243571
1005007152014489
1005007044180017
1005006688307477
1005006459721936
1005007269665343
1005005791101223
1005006412335464
1005007315863892
1005006098434704
1005007151383069
1005006112834045
1005005935667372
1005007315865923
1005006494388076
1005006536318106
1005007342238616
1005002840164497
4000100283697
1005007473787845
1005007449479659
32956182951
1005007321835637
1005006768529323
1005007072266103
1005007314490380
1005006232636880
1005006241100198
1005007046789420
1005006920041192
1005007130385059
1005005464554271
1005007457954246
4000985323400
1005006869802942
1005007067694376
32838702989
1005005175801419
1005005985965183
1005006088445223
1005007462793265
1005007162623911
1005006628026388
1005005680962910
1005006195293773
1005006430225417
1005007169614371
1005007374781184
1005006777713924
1005006198771531
1005007349895591
1005003776824364
1005004876484186
1005002013830957
1005006998196453
1005006548986012
1005005624083537
4000934108741
1005007204206346
1005006123482168
1005007329133748
1005007287334602
1005007111386637
1005001763482857
1005006592363232
1005007059357870
1005005968976183
1005007347294657
1005002984820881
1005006828458470
1005007435583562
1005006902622882
1005007140299836
1005005487399519
1005006828247976
1005007098815751
1005007054362107
4001284771674
1005005329170044
1005004258505463
1005002157286662
32754155122
1005006152540857
1005007488952146
1005007421048370
1005007462938955
1005007448487632
1005007393808898
1005007089728253
1005005796213282
1478829464
1005002054125878
1005004839024827
1005007430567769
1005007139791503
4000020708731
2027354140
1005007308086710
1005007338571741
1005007330304998
1005007280432450
1005007092503912
1005006667547408
1005005625695554
1005006828518672
1005007167044539
1005006847054865
1005007161512731
1005006145755215