1005006046475134
1005004802957964
1005003287161182
1005006233070803
4000208229105
1005007035465975
1005007131066810
1005007455224035
1005007459393334
32829124282
1005007432819714
1005006640115312
1005007059529979
1005007037855622
1005006969044318
1005005553839773
32884446963
1005006854573434
1005006885159900
1005007240469253
1005007431038605
1005007399336756
1005007424717874
1005007346123533
1005007354192167
1005006977208358
1005007446081856
1005007457624398
1005007445381069
1005007347461319
1005007353929718
1005007337361920
1005007437911868
1005007371527596
1005007426088938
1005007450249768
1005007445391182
1005007369020865
1005007436313102
1005007436562076
1005007135481817
1005006955878897
1005006716590852
1005007174341780
1005007118444821
1005007419609378
1005004971012718
1005006756031535
1005007428615466
1005006902765369
4000410207014
1005007184735336
1005006716816547
1005007447003693
1005007330598195
1005006326135399
1005006724543788
1005007203311502
1005006724495183
1005006728700168
1005006904458064
1005006768231197
1005006352691341
1005006816283454
1005006462736010
1005007432447217
1005007433497570
1005007172472191
1005007329804597
1005007288479710
1005007289152217
1005007130608930
1005007394819693
1005001933855187
4000151746591
1005006067968396
1005006313794610
1005006713870151
1005007212401947
1005007211835858
1005007208578257
1005006305594800
1005007065858653
1005004846458326
1005003658484098
1005004211937669
1005006947228461
1005007400466120
1005005951399582
1005003180434247
1005007278940929
1005001877578137
1005007106112549
4000297065268
1005006941657623
1005006109503687
1005002601103886
1005007404561478
1005007387586223
1005007156859935
1005007195300775
1005002978986619
32898415836
33009013908
32973312327
1005007387441840
1005006554544415
32895325949
1005006872494492
1005007395242944
1005007410417670
1005006975331313
1005006045821877
1005007484282375
1005007428091456
1005007477441793
1005007393232069
1005007479154795
1005007457526532
1005005601306266
1005007467091274
1005007388961981
1005007122187143
1005007234727227
1005007041380200
1005005482280973
1005007451050138
1005007433231867
1005007311389581
1005007387286716
1005007387734044
1005007433115965
1005007427488941
1005007349325931
1005007212170837
1005007249917238
1005007061986054
1005007076900614
1005007393142522
1005007387383682
1005007390279412
1005007361585394
1005006877971516
1005006859490790
1005006987909689
1005006961995329
1005004194399504
1005007198102864
1005005462579298
1005006659149763
1005006972220609
1005006920587708
1005007292543808
1005007464076532
1005006902614522
1005006892808872
1005006909440725
1005006664265635
1005006849225601
1005006996040770
1005006878473052
1005006878291402
1005006748654767
1005007393221217
1005007393037747
1005007392138974
1005007389072381
1005005826613073
1005006922437343
1005006925956551
1005006471614296
1005007125504563
1005006937990354
1005006862767454
1005006925317329
1005006884975373
1005006878724912
1005007080572077
1005006646823645
1005007023145996
1005006880036460
1005007091107364
1005006878916030
1005006851151275
1005007022904404
1005006968034671
1005006919574286
1005006905792301
1005006867354559
1005004296314646
1005006878180772
1005007073537744
1005006873873474
1005006877011442
1005006979160061
1005006939960182
1005006922489034
1005006867491237
1005006614909778
1005006876634059
1005006937614122
1005006921862267
1005007028937487
1005007003645588
1005006922390521
1005006713719126
1005006617624634
1005007095142995
1005006925429003
1005006788605248
1005006867553078
1005006859469871
1005006878717913
1005006856336065
1005007380177033
1005006748819296
1005007015178062
1005006905846070
1005006953106873
1005006944027352
1005006922188955
1005006932171141
1005007022043819
1005006905679834
1005006968710928
1005006859673247
1005006982267911
1005006982460426
1005006878784762
1005007360661519
1005007360593956
1005007360797171
1005007360643860
1005006878266546
1005007349485157
1005006878168797
1005006974176852
1005006859598649
1005007337162662
1005007337274622
1005007349208599
1005006931880897
1005007286206942
1005007242811030
1005006933351120
1005007311542838
1005007311712126
1005006647226343
1005005512834985
1005007316269573
1005006936242817
1005007195460683
1005006746297657
1005006940493009
1005006917948580
1005005387611396
1005006859690136
1005006761514103
1005006969817023
1005007012195853
1005007435988199
1005007375742978
1005007387205944
1005006473445863
1005007380084767
1005007021832450
1005006905721608
1005006921919350
1005007360872032
1005007349293968
1005006968728239
1005006956593433
1005006962868219
1005006789494164
1005006948049847
1005006950229186
1005006971790533
1005007197987751
1005007291504584
1005007274382346
1005007359530594
1005007392970432
1005007433326206
1005007419067067
1005006894204347
1005005452703850
1005007341346711
1005007065860360
1005006936282459
1005006936347286
1005007311569668
1005007311535877
1005007311574744
1005007057676332
1005006552349405
1005007185486462
1005006845497951
1005007017117210
1005007017250813
1005007003102266
1005006979049371
1005006978627875
1005006950111603
1005006948698470
1005006948860738
1005006950109631
1005006917795779
1005006866738030
1005006898976863
1005003365595430
1005006802769655
1005006827239555
1005006833131246
1005006833084640
1005006833124517
1005006756480160
1005007379153630
1005006812648955
1005006812598983
1005006809315048
1005006756252013
1005006807856758
1005006807262700
1005006796956108
1005006774995490
1005006750957294
1005006207882348
1005003639428676
1005004013673739
1005005994306494
1005006003800728
1005005990608975
1005005994356039
1005007026618252
1005004808719070
1005007041670995
1005006971310927
1005006968566606
1005006924310938
1005006921654130
1005006924371857
1005007438364087
1005004592257659
1005007387216841
1005007387194951
1005007387469028
1005007387408391
1005006937602109
1005007448917782
1005007385279180
1005007341663494
1005007380067899
1005007380168161
1005007393085339
1005007364436406
1005007021736603
1005007372946268
1005007372911210
1005007372806838
1005007372837696
1005004116371560
1005007372803813
1005007372823772
1005007372929045
1005007372794837
1005007372875362
1005007372881266
1005007372764759
1005006898367444
1005007061618829
1005007295802962
1005007293146810
1005007022396980
1005007300980920
1005006937620051
1005006925934573
1005007017022208
1005006937575299
1005006881358604
1005007339302495
1005007198463629
1005006936206891
1005006936192822
1005007004577801
1005006936233894
1005007391778936
1005006936338313
1005006936356136
1005006936325359
1005006936362092
1005006936627012
1005006936318481
1005006936641019
1005006936281586
1005006936293519
1005007390065311
1005007389877994
1005007389568635
1005007392381255
1005006002833714
1005005404479946
1005003504814207
1005005283326625
1005007423810368
4000836424996
1005005839379639
10000161671140
32914575104
1005001666089769
1005006309814094
1005006203551493
1005004685003202
1005004713503482
1005004280107141
1005006069346846
32961093146
1005006867715090
1005005867446245
33041437278
32866581588
1000006941794
1005003332608306
1005005247011850
1005001979528223
1005004362171741
1005005204338750
1005006431216768
1005007254066092
1005007195444309
1005007169132310
1005007131607996
1005007024559298
33016951013
32822964523
1005005192357672
1005006247155758
32817357276
1005006734880126
1005007045526593
1005006407948672
1005006408897395
1000008480132
1000008525296
32944305504
1005005880668973
1005003513572391
1005003513624198
1005007361062189
1005006615241460
1005007099698868
1005005853639181
1005006420948167
381130905
1005003513513803
1005007226777215
1005006737509498
1005006654873992
1005007201456374
1005007108287707
1005007346117608
1005007266819181
1005006216455144
1005007436864928
1005005115507932
1005001338847522
1005005517872980
1005007436200767
1005007233470470
1005005274998636
1005006432633183
1005005966462511
1005005720273452
1005004687028130
1005006061403618
1005003677790958
1005007196481961
32768942593
1005007458229453
1005007438025710
1005004848644782
1005006021346308
1005004997471520
1005003918598814
1005006157162182
1005002240848036
1005002554661855
1005007454951092
1005007439615498
1005004766872861
1005002669686505
1005006157158001
1005007444868671
32857492448
1005002593522278
1005006519425238
1005007424309902
1005001594149319
1005007445055721
1005006690349591
1005004065036419