1005006186904454
1005003123640573
1005004724801494
1005006420902536
1005004510834643
4001196957735
1005006169962766
1005007274022877
1005006162965782
1005007135563866
1005006223890169
1005006995446776
1005007135781243
1005006468115728
1005007268685833
1005007421710872
1005007246804599
1005004586928719
1005005884322338
1005006968309139
1005005823241284
1005003917463727
1005006069012726
1005004171346471
1005007115875013
1005007271976109
1005006479218933
1005006523536564
1005007379955805
1005006225536599
1005006678450776
1005004373830179
1005006594372227
32997128746
1005006713943630
1005007455858467
1005006853081752
1005006125729910
1005006902834301
1005006197958882
1005006054582655
1005006543595979
1005006607224814
1005005900987934
1005005217776952
1005005547784700
1005005425422900
1005007309157211
32902342197
1005006906179074
1005006112262137
1005007093874842
1005007307979366
1005006436247145
1005006912506089
1005005377840622
1005006761887128
1005005056404819
1005006190060876
1005006421007171
1005005585454853
1005006917009444
1005005604232120
1005006164773545
1005006321184343
1005006115904858
1005007278422842
1005006912842030
1005006278277817
1005006115587312
4001349722288
1005006903415740
1005006437184917
1005007033126701
1005007038081302
1005006721774260
1005007475902151
1005007455690337
1005007468454285
1005007375149830
1005007107550816
1005005732399495
1005006794275078
1005005944176196
1005006863804038
1005001581794453
1005006792570605
1005006773982231
1005006723539075
1005006725351374
1005007450072554
1005006793646267
1005006717062017
1005004941507455
1005003368006026
1005006773236822
1005006840974012
4000215391462
1005005517725062
1005005523358354
1005004408973879
1005004413743725
1005007439577578
1005003288599154
33009006881
4000178006549
1005002661106445
4000249669135
1005007422818106
1005007388138048
1005007294976020
1005007206004305
1005007107868694
1005007170654074
1005007267024614
1005001511300109
1005007268341170
1005005209284002
1005007450948736
1005007464624777
32962989875
1005003662717200
1005003974509272
1005007408029574
1005004769284388
1005006588991186
1005004104782685
1005006667353383
1005007385132352
1005004169759577
1005006727997183
1005003852223695
1005004944719669
1005005913339503
1005007417921464
1005005587984838
1005007370148464
1005006684201921
1005003978559892
1005007441471322
1005007384349768
1005005613875768
1005001815133617
1005007167338916
1005004848812450
1005006377325517
1005006066920121
1005004116972717
1005006793743559
1005003627314257
1005003779170770
1005006384028340
1005005565460119
1005006684448254
1005007389495551
1005002813616743
1005005923685562
1005002925313605
1005005402516016
1005004021872742
1005004663339384
1005005526006985
1005002559584160
1005003983210508
1005005958940605
1005004135482770
1005003294276168
1005007051130716
1005003988631741
1005004613513743
1005007145020851
1005006824801462
1005006312409788
1005003226415937
1005006370209659
1005007057694309
1005004095304632
1005005482293481
1005001572103241
1005006115151731
1005005538714723
1005006215278638
1005001845961705
1005003830860938
1005007378296216
1005007074521958
1005004431388964
1005007059890485
1005005898983452
1005004063721537
1005004085808052
1005004679732281
1005006824758625
1005004191743503
1005005968550523
1005004699321728
32961214478
1005006314999982
1005002913229338
1005007148467621
1005006740964319
1005007059527356
1005006059462330
1005003651477239
1005006775281621
1005006970574372
1005005827986079
1005003376967863
1005006761429463
1005006731202270
1005004768259255
1005006685701848
1005001821676215
1005002533566478
1005005549170836
1005002937672734
1005007058444052
1005006123082418
1005005491956460
1005007060929441
1005004572853187
1005005933131910
1005003021766929
1005004540353122
1005005900719286
1005006140797375
1005005764473130
1005006115437191
1005005306843959
1005006377197496
1005007206252287
32852701048
1005004508894216
1005006676571026
1005005963804172
1005005372050276
1005005086708489
1005006253736852
1005004067687474
1005006151746581
1005005926754375
1005004772395326
1005005664622746
4000959168079
32872279232
1005006813010742
1005002352306621
1005006681934484
1005006181072213
1005006680735871
1005007016040848
1005003809237042
32883130996
1005007217438487
1005005393020379
1005007086018810
1005004099809184
1005006507568963
1005005614426555
1005005997347597
1005006300848533
1005003828144721
1005001520644109
1005006456941533
32856654296
1005002106063460
1005004250330070
1005002723694841
1005006894697747
1005007224937950
1005003290127355
1005007188229958
1005005377976669
1005007083556270
1005007216500352
1005007385774077
1005005942745543
1005005951716054
1005002593179901
1005004722957230
1005007037660356
32855551685
1005003557501806
1005007463906310
1005007189630132
1005006994462961
1005005405677097
1005003534208629
1005007360296394
1005006885107187
1005007076303214
1005007391903112
1005006773385976
1005007260670870
32962613832
1005007287164533
1005007367675581
1005007338600526
1005007216618468
1005007213122735
33063611351
1005007448397114
1005004251880080
1005005786730552
1005006441999578
1005006784030433
1005006176174584
1005006960484485
1005006706462316
1005006028062348
1005005725204467
1005005859493926
4000691213175
1005006855090281
1005006099967874
1005006905450738
1005007253012503
1005005226692487
1005006884605469
1005006994927400
1005007409785332
1005006748810688
32954707184
1005005725275008
1005007103923501
1005007329477176
1005005418192031
1005004382209916
1005007231708069
1005006458048122
1005006693104878
1005004890086070
1005006883706337
1005006270756143
1005006548472105
1005007391719626
1615391286
1005007400251538
1005002126830690
1005006285618454
1005007010074373
1005007367490625
32668379003
1094638661
1005006712559732
1005006337243787
1005005372882274
1005004178569896
1005001605438576
1005005433778442
1005006498531995
1005007359989042
1005007077328378
1005006309831355
1005007145701917
1005005127073664
1005004685990912
1005002681087623
1005004150385904
1005003005298918
1005004616582200
1005006925045032
1005006383128648
1005007060754405
1005002902107880
1005006733294843
1005007336071685
1005006071819064
1005004713867445
1005003450415886
1005005601665206
1005006399226725
1005006253785390
4000597328712
1005007081294145
1005006177751790
1005006685860160
1005007350698222
1005006894341125
1005006845000676
10000001003726
1005006214412416
1005007146358685
1005006005647697
1005006164114570
1005007258474227
1005004815571415
1005006286304347
1005006755693607
1005007276439226
1005006421469531
1005006421518358
1005007274511112
1005007192047074
1005005312737317
1005006999382209
1005006760197737
1005005430240961
1005004219362497
1005006778411883
1005006777749743
1005006913927494
1005007203351088
1005006603401840
1005007396530802
1005006513889413
1005005952905114
1005007014622839
1005006789178042
1005005804320263
1005006909648576
32885369003
1005006767517859
1005006623553613
1005006426697864
1005007042650551
32678095695
1005003825942743
1005005804600229
1005007112492444
1005006692205573
1005003157733560
1005005362999290
1005007452330137
1005006653744441
1005006488756287
1005007452839502
1005007142192009
1005007450774088
1005007444906943
1005006808988300
1005007453303123
1005007441732745
1005007193302975
1005007212225544
1005007402453059
1005006910847865
1005006815858917
1005006629752671
1005007439699425
1005005756826618
1005005242214869
1005005185782121
1005006363358930
1005007405489065
1005004948672550
1005006478878504
1005007142658765
1005006207232778
1005006200168864
1005006809117386
1005007403168970
1005006386808391
1005006965848176
1005005907323782
1005007049079454
1005006893155338
1005004862514630
1005005804499914
1005006049825214
1005006163242389
1005007260839145
1005006128796774
1005006166005889
1005005646554929
1005005414452543
1005004737518567
1005007160738309
1005006820965885
1005006885304882
1005006832099760
1005006803053281
1005006782608931
1005006772420410
1005006803702569
1005006825175014
1005006803897878
1005006865084858
1005006846161455
1005006079696374
1005007096183061
1005006167505586
1005005599110078
1005005497053580
1005006860334131
1005006712760257
1005006254330482
1005006462351044
1005007490444825
1005005889080466
1005006431490281
1005007433474847
1005007481369771
1005007484211983
1005007488317400
1005007488231633
1005007288796609
1005007475682948
1005007479128260
1005007488264094