4000094581488
1005007300724439
1005007208523660
1005006265830032
1005007038464213
1005006826297674
1005006542355384
1005007291411102
1005005963768947
32959289116
1005005773155901
1005003391775103
1005007166258496
1005004632172348
1005006065939568
1005006857371551
1005006333631629
1005005079757160
1005007371098038
1005006916659418
32968063452
1005007295307077
1005006414066504
1005002904735239
1005006614159466
1005005518035500
1005006172813907
1005005667090234
1005004468977941
1005005525015702
1005007385857994
1005007287426637
1005004435745094
1005005065910395
1005007223758033
1005005639122124
1005006975121242
1005005979055432
1005005968578788
1005007077672240
1005006648985697
1005005869757263
1005007362196332
1005007141771803
1005004440776390
1005005774082541
1005005584581052
1005007046851616
1005007257740949
1005007255407051
1005007335847923
1005007267579679
1005007407819218
1005007274407788
1005007409003774
1005007436035591
1005007430178575
1005007336112107
1005007406952821
1005007197586658
1005007113421244
1005005347348565
1005007450115694
1005007430196263
1005007046563400
1005006661730404
1005007273965561
1005007336609854
1005007333195626
1005007435725656
1005006970548749
1005007348864931
1005005904173559
1005005680869958
1005006855776635
1005007342460074
1005007158249930
1005005979489899
1005007287310253
1005007450966353
1005005141598272
1005006987932362
1005006864610014
1005006424680955
1005005808834359
1005006495329184
1005006574072813
1005007267358666
1005006438217500
1005006218990724
1005006408774225
1005007162245732
1005006044065123
1005007321927331
1005007004150812
1005005965705883
1005007469941612
1005007469551518
1005007447966438
1005005309568535
1005007469632493
1005006919851705
1005007462214710
1005007359291469
1005007430190398
1005007401873892
1005007315140274
1005007355227476
1005006247195140
1005006984954735
1005007219227277
1005007337076599
1005005976974132
1005005454376708
1005007315384875
1005006981041449
1005007188528037
1005007294907449
1005007219357133
1005006966893919
1005007464567834
1005007449482391
1005006190684154
1005002389003449
1005007103331698
1005006229605320
1005007274082680
1005004342991975
1005007186329741
1005006919981257
1005007448408759
1005006630029331
1005004781528326
1005007077692209
1005007374648340
1005006683951415
1005005453917198
1005007426682610
1005007473737781
1005006103299218
1005005248472782
1005007307641902
1005005412604560
1005007260497244
1005003304567046
1005006936732889
1005007295123998
1005005243641809
4000803547513
1005006783206586
1005006945815781
1005004697210509
1005007435712339
1005006464002167
1005004743022955
1005007081618002
1005007473068540
32819579528
4000558388049
1005006781624418
1005006040056976
1005003422755984
1005004741190815
32847855656
1005006989889304
1005006266437591
1005006619237209
1005003304617799
1005002034575393
1005002085873357
1005006782327801
1005003160587309
1005007489671665
1005007489590800
1005007489659735
1005007487334371
1005007442485451
1005007480943004
1005004255405352
1005007452430477
1005004973824226
1005007457557016
1005007461073466
1005006735073672
4000317291743
1005006854778603
1005003569393824
1005007136820602
1005006990290975
1005004669951898
1005006968889373
4001339057808
1005006608177758
1005004022722898
32902633641
1005004255412782
32814620422
1005003012373028
1005005976084479
1005004599535632
1005004585953618
1005006030834967
1005004585833827
1005004585786133
1005004586086044
1005007189236845
1005003434460774
1005006390575331
1005007470056433
1005006831030986
1005005986640272
1005007394306505
1005007444843032
1005007197917407
1005007313247489
1005006528464828
1005006073326821
1005006056119036
1005006736096350
1005007438286414
1005007182223424
1005007089394315
1005007399674615
1005007378922971
1005007134787402
1005007403000474
1005005944250282
1005007216995694
1005006954814066
1005006761371889
1005007074566529
1005004896404234
1005007452586111
1005007272948877
1005006587363857
1005007254928507
1005006960973960
1005006487243328
1005007490340614
1005007477785676
1005007180178033
1005007124009510
1005007205340494
1005006859803926
1005007450838260
4000340496926
1005006884794031
32882439569
1005004424949911
1005006425863521
1005005618763022
1005005944359322
1005006803909093
1005007018021283
1005006451705338
1005007087615144
1005006530098282
1005006481645080
32911850959
1005006960207692
1005006974232676
1005006869721614
1005007460373207
1005006116203972
1005007117462625
1005006615810427
1005007159400582
1005007129482396
1005007318816571
1005007014610187
1005007200067934
1005006608671207
1005007008229973
1005007386079270
1005002823560306
1005007312965561
1005004985612219
1005007335839949
1005006878818538
1005002302284369
1005006889573992
1005007271249544
1005004302002217
1005007191128850
1005006912161208
1005007161880051
1005005975912738
1005003990502423
1005005189428780
1005007100641987
1005005650432078
1005007441141625
32643731069
4001241474238
1005002685818126
32729829002
1005004469439879
1005006042988344
1005004466662923
4001211230222
4001242744176
32782453916
4001184432982
4001255830423
32710836009
1005005897116406
1005006019338146
1005006186818414
1005006925253189
1005007400245926
1005005927482098
1005006032729642
1005005386434668
1005006797370012
1005007031766289
1005006873928548
1005003985002441
1005005657005216
1005006649001498
4000302297039
1005005888799426
1005006745173869
4000389840299
32921912182
1005005004821239
32986539374
1005006743454486
1005006126258016
32985218193
1005007301031576
1005004610114796
1005006648831774
33032211266
32986563342
1005004661806417
1005002841476429
1005006833231364
4000624010190
1005002834949767
4000458013803
1005006144529840
1005003447302567
4000464840507
1005007273481199
1005003994951048
1005007486825624
1005007488284599
1005007447417194
1005007463232106
1005004674422877
1005006655387183
1005004727366787
1005006419928814
1005007161480537
1005007046055629
1005006220200675
1005007223442179
1005007092281319
1005006914817954
1005006491843111
4001241380104
1005006924280397
1005007130221158
1005006971786921
1005007482733360
1005007483930454
1005007476333744
1005007482919191
1005007114746182
1005005902187354
1005007396097044
1005007355010873
1005005837800787
1005007117235069
1005006928902853
1005004950874842
1005004229612676
1005007273449984
1005006304114188
1005007468923109
1005002957816592
1005007444686467
1005001852455318
1005006859443408
1005004630358341
32893010748
1005006014381033
1005007470661036
1005004246388704
1005007468305467
1005005961422773
1005004804251558
4000018235383
32707283586
32818661781
1005007475231218
1005007483191199
1005003545732114
1005006149065231
1005007244318003
1005007208028184
1005002707832285
32353754506
32959256370
4000274380344
1005001395791420
1005004139021704
1005004267746628
1005006008097475
1005005612336391
1005006720243688
1005006630266273
1005005187887098
1005007215736556
1005005911590592
1005003701724689
1005007439893588
1005003250414016
32553789738
1005003374076821
1005007007349414
1005005390219836
1005004668066876
32776953791
1005006115967414
1005005388500657
1005006057058017
1005006343827035
1005006848880221
1005007482062076
1005007481998254
1005007481844541
32978347363
1005007142773582
1005007226074968
1005007192638215
1005007047187043
1005006255498684
1005005997647734
1005005921016500
1005006184418427
1005007145679761
1005003256866876
1005005439962288
1005005439789047
1005007439803671
1005005209973978
1005004958537425
1005002829277508
1005003481635670
1005006751865104
1005007253828177
1005005750057549
1005006095255916
1005003585519094
1005003437270336
1005003929513070
1005006744068055
1005005656705200
1005003889197764
1005003900913578
1005005146763036
1005007217704001
1005007215906645
1005005214303676
1005006925200881
1005006273205820
1005001868695175
1005005939008003
1005007226823454
1005006745236319
1005003711071696
1005006549639442
1005006824517694
1005006646550784
1005005618501329
1005006540273236
1005006068696328
1005005985914781
1005007393464877
1005005863550555
1005005708697913
1005007052191660
1005007443418669
1005006985328027
1005007075542753
1005006005573794
1005007029264923
1005003162414328
1005006868020905
1005006472756901
1005005134460103
1005005327450603
1005006729509739
1005005936321438
1005007314497382
1005002096188526
1005004226794872
1005006991648678
1005001906073794