1005006449600179
1005007197731211
1005006409267440
1005007208116993
1005007199570288
1005007199838132
1005007202943224
1005005497134942
1005007161521733
1005007130184464
1005007128169177
1005007131902350
1005007142865593
1005006742955591
1005006618254399
1005007104826504
1005007097569493
1005007101866297
1005007090744550
1005006596418476
1005006827050646
1005007035074938
1005006595147341
1005007035621405
1005006591692356
1005007039509426
1005007035369545
1005007053068438
1005007040542347
1005007040637248
1005006602563860
1005006678804735
1005006628115189
1005007078191136
1005007077834730
1005007077722893
1005007074010405
1005007028681848
1005007052680951
1005007032938297
1005007011211425
1005003259349524
1005007011141512
1005007028702810
1005007030131508
1005007029691353
1005007047250472
1005007032266845
1005007032436503
1005006238842558
1005007030316059
1005007022904736
1005007022977669
1005007023430845
1005007023668150
1005003656251174
1005007011106513
1005007000149591
32974002801
32972372944
32846568954
32972365671
32848303927
32975475399
32972377637
32972752132
32847166573
32749828400
1005006397239325
1005006642667566
32816924127
32972453198
32603933767
32974018682
32828599226
1005006730140338
1005006640015159
1005006641958879
1005006669642808
1005006638266846
1005006645973172
1005006639987177
1005006639864253
1005006657956086
1005006660095536
1005006676978592
1005006641797416
1005006673849960
1005006642260614
1005006669906336
1005006639924213
1005004724505732
1005006395924750
1005006997577955
1005007292617345
1005006913258269
1005006750052266
1005007422213071
1005006662457596
1005007045711701
1005006889056410
1005006449581246
1005007303240213
1005007164290292
1005007161439938
1005007163649327
1005007143049311
1005007141802704
1005007127697415
1005007131722602
1005006596270800
1005006596753448
1005007039962403
1005006962717642
1005007047441169
1005006589977360
1005007073628854
1005001835867348
32972349489
32972417152
1005006639979190
1005006644590937
1005006674201097
1005006641931905
1005006642109748
1005006718096972
1005006673890663
1005006454018634
1005003668254234
32972413449
32972429100
1005006917547990
1005006906988619
1005003033231306
1005006891700695
1005003292292305
1005002133581260
1005006874052640
1005003951990693
1005006438349916
1005004438853050
32543208176
1005005151563865
1005006855891100
32482669128
1005005257146567
1005006790578311
1005005143666602
1005005820322829
1005002333439693
1005003789236605
1005006761666415
1005003620915372
1005005097057869
1005006739193498
1005006738692689
1005006739276235
1005006401545495
1005006737096173
1005006736920534
1005006737310230
1005006395991732
1005006445518599
1005006711833779
1005006714185879
1005006392172318
1005006392078270
1005006697090937
1005004631200406
1005003683612733
1005006258921459
1005006616815862
1005006997770590
1005006816922881
1005007131954330
1005006676303765
1005006509965996
1005007300875778
1005006477878812
1005006448418040
1005007127553680
1005007131567850
1005007138715436
1005007131805144
1005007125028830
1005007130055233
1005006592360128
1005006605078943
1005006594182201
1005007073740333
1005007040146180
1005006639716900
1005006659390051
1005006651441135
1005006638715337
1005006639738867
1005003711282567
1005002938580117
1005005151779582
32855359734
1005006679349903
4000034016692
4001059112303
1005001266686793
1005001980839168
1005006666277927
4001281633837
1005005948391507
1005004787077908
1005006396125934
1005006653153490
1005006454743792
1005006398701702
1005003241400394
1005006363935908
1005006395866866
1005006398666621
1005006623317517
1005006397686545
1005006568977612
1005006363972335
4001238188760
33046981740
32819759556
1005006334249917
32860260828
1005006125874629
32674414231
4000219986235
4000219990422
32972384447
4000371267701
32421833382
32859234189
32816861480
1005005896222753
1005006574424078
1005006397598910
1005006445766998
1005006338901615
33018056228
1005002064681189
4000689292261
1005002064540650
33017357097
1005006447816954
1005006447826441
1005006424959689
1005006504716885
1005006504930340
32971414092
1005005133422605
1005005132044508
1005005133505264
32597049107
1005002115850929
1005006440467489
1005005972292456
32904980432
1005003182247144
1005006112156922
1005006890406107
1005006835044455
1005006976676768
1005007213961822
1005007302376811
1005006448610349
1005007131626711
1005007131981105
1005007138416937
1005007128639009
1005006596501687
1005006596521181
1005006673983463
1005006639797306
1005006673949939
1005006396229262
32846988778
32846173880
32432738843
1005006112552317
1005006181163956
1005006102174541
4001177644849
1005005974888091
1005005073332860
1005005396697497
1005005253050139
1005001470010405
4000339748701
32973890042
32973846205
32973830212
1005004448889168
1005003819330921
1005004303879517
33012678363
1005005134960315
1005002862237204
1005002862092216
32857604884
383873458
32661017186
33041895383
1005004100737606
1005003792601968
32715958797
1005006210461311
32973782432
32972692747
32972516032
32972444184
4001177712324
1005005101215889
1005004178612119
1005003974043529
32717667581
32694476628
32687705376
32995558933
4001229926294
32972744193
1005006210560380
32841734301
32836097677
32883969899
1005006396307200
1005003752829375
1005001921772342
4000226061037
4000576073158
4000227061650
32977042052
1005003521852323
33017341940
1005002198644154
1005005823954713
32875215551
32836117341
1005005522595611
32848727743
1005007168380729
1005007020235776
1005007018284377
1005006362531297
1005007018366174
1005007272250873
1005007085302242
1005006408555621
1005006738965639
1005005167552942
1005007025390904
1005007254905509
1005007254876562
1005007020535830
1005006890188272
1005006574956006
1005007352087935
1005007017650860
1005007239256980
1005007421917064
1005007413986321
1005007413977352
1005007265705288
1005006408990705
1005007213724026
1005007208655460
1005007314779445
1005006695628572
1005006489607623
1005006412477816
1005005200505654
1005003720461944
1005007302382748
1005007298176741
1005007289720633
1005007289201687
1005006449623087
1005006449537522
1005007275709587
1005007274866366
1005007275369838
1005007275446471
1005007275351870
1005007275337899
1005007275679814
1005007274927148
1005007274404485
1005007274975380
1005007274881366
1005007274220575
1005007204382462
1005007206067231
1005007137763130
1005007128201663
1005007131781181
1005007128112796
1005007127605809
1005007128183103
1005007132566236
1005007125311411
1005007128295529
1005006602926699
1005006591317599
1005006606793175
1005006591847276
1005006594295922
1005006602054180
1005006626674589
1005006673161478
1005006590235195
1005006594223965
1005006592078293
1005006597908567
1005006601996575
1005006602584825
32858264283
32972404344
32972376921
32972265363
32717345505
32973758978
32975227116
32972488074
32975223160
32975151862
32972460145
32972480090
1005003682510374
1005006016270993
1005006376090134
1005006677316517
1005007346994349
1005006366017338
1005007120112143
1005007205627310
1005006786990144
1005006156997460
1005006961724677
1005007190069256
1005003527497377
1005006046367943
1005006883583750
1005007244015037
1005005737339230
1005007010050555
1005005715708468
1005006349783607
1005004829528470
1005005853196371
1005007175651094
1005006390749234
1005006210207934
1005006113027378
1005006440364276
1005004845029934
1005007047420768
1005006862657738
1005003389121392
1005007216814156
1005006417108846
1005006713251301
1005005426687241
1005006733899747
4000624297924
1005007184710519
1005006287373811
4000094724356
1005006960667789
1005004963274190
4000116195554
1005005057289733
1005003722653608
1005006983294425
1005006782524553
1005007074930704
1005004101073579
1005006755239566
1005006148430748
4000034625973
1005006855434643
1005002911437698
1005006148525135
1005006600195315
1005007255331021
1005006033939087
1005006908405270
1005004233721657
1005007137563786
1005004786123199
1005006794472425
1005007008762519
1005006689224500
1005006612335975
1005006649288221
1005004999892647
1005007051170477
1005002570906863
1005007175335359
1005007345615012