1005007300060889
1005006190947457
1005007177306369
1005005687390080
1005006879764575
1005006064368910
1005004862514502
1005004853349005
1005007227157763
1005007176720336
1005004739322700
1005004803376592
1005007080905895
1005005061829869
1005004857241154
1005003716956236
1005004522097789
1005004528387570
1005005533516867
1005006727624671
1005005969884267
1005006873439048
1005005792062508
1005004683112568
1005006473095382
1005004478874522
1005007150307066
1005005929051032
1005006216229499
1005006826890736
1005005796254460
1005005494739135
1005007088500135
1005004553205610
1005004447665367
1005006472070857
1005006034529589
1005006788350611
1005005372805266
1005007336018177
1005006012455246
1005005845444729
1005006128026716
1005004359475114
1005006141991011
1005006124435270
1005006341198658
1005006219628240
1005007015837237
1005003259652627
1005005091244834
1005006305316445
32851459727
1005007103764511
1005004510858781
1005007021188744
1005005807422712
4001131987626
1005005278842930
1005006281397807
1005006113015055
1005006673744488
4001162783847
1005007282338338
1005005023386440
1005002537843240
1005007039767590
1005006679703691
1005007329090420
1005006132759053
1005002566290308
1005007244032477
1005005082784634
1005006974763124
1005006679204261
1005004697828926
1005006224463612
1005005981874263
1005003087704087
1005007143070879
1005001758272060
1005007289614326
1005006542576683
1005006412513197
1005005234077596
1005006885292429
4001035218310
1005006569017719
1005003235679713
1005002007644008
1005006374591487
1005006134203261
32975872760
1005006477959141
1005005917905105
1005006169411569
1005005310133017
1005006518102762
1005004608793072
1005006068366831
1005006129167356
1005006645492240
1005006217219776
4001327032677
1005005260761475
1005007204615437
1005006614046121
1005006117374378
1005004464163834
1005006838660663
1005005796209891
1005006982799596
1005006959392311
1005002477354728
1005006034541487
1005006519195296
1005006099720794
1005005754096637
1005004301164475
1005005997856883
1005005754123626
1005005575547613
1005007285410533
1005006601459233
1005006796327876
1005002219181552
1005005482653720
1005006594100713
1005001493217320
32810702692
1005006265067484
1005006357205352
1005005471568754
1005006673721441
1005007218682651
1005003244249260
1005005401975792
1005005506931536
1005003764825657
1005006385056510
1005005557937841
1005006207436463
1005006943868170
1005007375817097
1005005505062675
1005006469111192
1005004605573214
1005006085854660
1005007082018446
1005005324198253
1005005576688343
32951775645
1005002007430737
1005005844827413
1005005703133004
1005006690014029
1005006500561200
1005006086498020
1005004831628838
1005005935125598
33051568596
1005003219932811
1005007401018688
1005005191440296
1005006503886207
1005007334319694
1005004553293332
1005005562437697
1005006085922161
1005006889083677
1005006641444592
1005004912551398
1005002328737519
1005005226908297
1005001405664711
1005004579322354
1005004500882940
1005007135673006
1005006034083790
33004231450
1005005654529937
1005007108546356
32873152528
1005005185520946
1005006046215749
1005006855310777
1005005120809698
1005006192333522
1005002346694059
1005005997136162
1005006317576067
1005006071660482
1005006841384333
1005007314033968
1005006374489756
1005005191436878
1005005325791604
1005007289695128
32963658412
1005007073840823
1005005431198720
1005006520475038
1005001279380001
1005006787722237
1005006412785586
4000423989281
1005006186526231
32640516099
1005007303156847
1005006039251502
1005005191461064
1005004417082954
1005004329544467
1005006990139418
1005006827784463
1005005687274496
1005004363962163
1005004929411036
1005004757263696
1005007176370739
1005005987044453
1005004825094801
1005006380442682
1005006770979582
1005004803555799
1005006444789373
1005006957118440
1005006071419302
1005006834247068
1005001947921786
1005005496779659
1005006407306052
1005006878385938
1005005553280319
1005004016415131
1005005966101547
1005006269017723
32951740078
1005005534206313
1005006495875539
1005007071368176
1005003631137336
1005005754215036
1005005982743068
1005005753997521
4001344754281
1005003192240400
32814281676
1005007046289046
1005006870330704
1005006076004687
1005006281252270
1005005170579791
1005005279296985
1005007182991236
1005005037878770
1005005301320962
1005003990226931
1005001349009124
1005004966271573
4001340250203
1005005372965833
1005005433365726
1005006191414704
1005006607000156
1005007243742909
1005004418297903
1005006839521026
1005004597171639
1005001997235670
1005007227457491
1005005075644770
1005005243725653
1005007101501234
1005004488884850
1005003081696071
1005003585583700
1005003555926589
1005004403878072
32841049212
1005006808799736
1005005511146895
1005007188260837
1005006588989731
1005006132757486
1005006877768141
1005002824212446
1005007285641335
1005001863799665
1005006020805493
1005005452376030
1005006545673962
1005006175838144
1005003879277699
1005004609498144
1005006417503879
1005006453722425
1005003588881704
1005001897259299
1005004373662886
1005004629411735
1005005638002864
1005003444442912
1005007252207933
1005007032547128
1005005195914996
1005007012998664
1005001804465581
32795675989
1005006063867224
1005006831368500
1005006168758947
1005004541213380
1005006063473049
1005005795942653
1005006781043222
1005003373455857
1005003654634342
1005005387874618
1005006470496293
1005006926916926
1005003320189332
1005005549434113
4001184043469
1005005502326044
1005004105932677
1005006301591340
1005007144945479
1005007238925703
1005006327759374
1005004189195600
1005004361878167
4001106632030
1005002746028279
1005004306139437
1005006522324828
32985995603
1005001336433736
1005006873322164
1005005516003588
1005004696717996
1005006014434339
1005003130475002
1005006157587748
1005006284876589
1005006169577034
1005006628059820
4000199234256
1005002618577095
1005004673977354
1005004987824744
1005005672282778
32848992168
1005004417036880
1005007013099568
1005006103175555
1005004085516639
1005004934780272
1005007003822611
1005006913887025
1005006851826517
1005003081573377
4001153498023
1005006470540935
1005006389683576
1005005905944900
4000126775220
1005006026801516
1005006843738811
1005006288920283
1005006656522173
1005006524305420
1005003277403688
1005006417453068
4000238363973
1005003734402794
32910622651
1005006483641713
1005003367829304
1005003728089726
1005006878500927
1005004354327741
1005006814378243
1005007157172285
4000189055847
1005005632062171
1005004754984485
1005006567572708
1005006522513924
1005007011322211
1005004166708728
1005006959309752
1005005620147089
1005006583923712
1005004853365870
1005005763520536
1005005093610209
1005002034156936
1005002618529305
4000782206888
1005004983051676
4000213683500
1005006493746409
1005006784060387
1005007163371861
1005004631355860
1005005610297367
1005006412167242
1005005455429075
1005005561694836
1005005709393173
1005005278462104
1005001413370629
1005004193697284
1005005704956364
1005001936483381
1005001397782845
4000156669257
1005001980962056
1005006727052067
1005003299803007
1005005434628537
1005003444222499
1005004391715053
1005005556590833
1005005772922419
1005004504935290
33014780515
1005004446816758
1005005787097711
1005006385422596
1005004713979890
1005006417242265
1005007145552178
1005005461523876
1005004458857149
1005007419650207
1005006465929759
1005005888953402
1005002575089662
1005005428420466
1005003579727372
1005006847387727
1005006371439517
1005007288141523
1005003080954888
1005002620459975
1005004987839835
1005003503788561
1005004291033187
1005003781373083
1005001678401247
1005005616360714
1005006943217029
1005007010553452
1005005546353395
4000595369807
1005004858269179
1005005426860864
1005007084409443
4000459503932
1005005870251722
1005006238395176
1005007288230320
1005006222492631
1005005753970720
1005007097554760
1005006257568366
1005006112720960
1005003337834605
1005005278395947
1005005581189912
1005004794345251
1005005620414808
1005005454486147
1005001325959733
1005002305464040
1005004104320984
1005004138786904
1005007047937125
1005004654198338
1005006820341463
1005004860922944
1005004882089217
1005006438568271
1005005056839979
4000540178707
1005006091740814
1005004735903294
1005004992384509
1005004181707773
1005003640847790
1005006848052821
1005005506502146
1005005477026823
1005004598879372
1005001679132970
1005004629427371
1005004341810410
1005006835267737