1005007487652601
1005007477956578
1005007161750020
1005007471856106
1005007471624599
1005007452570851
1005007356871242
1005007452924196
1005007452740605
1005007304490798
1005007042667611
1005007079846793
1005007380803132
1005007141285127
1005006857657681
1005007469816492
1005006624942615
1005006275718088
1005006169829215
1005007298456287
1005006334196476
1005006234322114
1005005226915331
1005005751825139
1005003665820312
1005007221970684
1005007141260105
1005007130662952
1005006048097028
1005007207671071
1005005581197981
1005007318214537
1005006720456366
1005006201162440
1005007071698682
1005007266646790
1005006811261049
1005005343316134
1005004908293357
1005006409608391
1005003918609631
1005004815514300
1005005343456698
1005007342775765
1005006135111421
1005005265456619
1005007252739666
1005007290285667
1005002965346196
1005006028854297
1005002991117059
1005006608939954
1005006398593972
1005005930329008
1005006322151694
1005007217896237
1005007226746339
1005005196411365
1005007224169455
1005007346060707
1005007251301377
1005007143392247
1005005766506738
1005007109040796
1005006896637678
1005005136893156
1005007109102648
1005007295157271
1005005363415903
1005007067115986
1005007005928574
1005005510023983
1005007218242987
1005007462641242
1005005670201843
1005006654503259
1005006645243354
1005007005470004
1005005772427875
1005005464818753
1005005887347873
1005006200885881
1005005446383510
1005005949918200
1005006651017895
1005006809809328
1005005218868006
1005007295167102
1005005773885162
1005006097251224
1005007417706209
1005006932707237
1005007160285395
1005005940571973
1005006186304810
1005006808860334
1005006181899968
1005007310397335
1005006005234423
1005007188564012
1005004992927490
1005001789831686
32846279845
1005004433003162
1005004230967807
1005006968203819
1005005964031500
1005006949284352
32847103337
32834564952
1005005747087312
1005005876157919
1005007369470794
1005006186452306
1005005866771122
1005007051017878
1005005996885146
1005005957911588
1005007051476051
1005005207432956
32946808818
1005006416694201
1005006648036794
1005006201702845
1005006340791647
1005005073792633
1005003901893871
32882582224
4000743502104
1005007353619905
1005006909444921
1005007076951029
1005007459837884
1005006873209874
1005006655787456
1005002527445054
1005002600265551
4000259874212
1005005111655481
1005006857312637
1005003881815096
1005004513895725
1005006596020118
1005006437145516
1005007361222745
1005006352404421
1005006176767496
1005006119974585
1005006119714643
1005007103334288
1005005972701334
1005005952902844
1005006270648128
1005006019765310
1005007456917444
1005005802102011
1005006198808072
1005006746644872
1005002632037283
1005003764165043
1005007076779739
1005002286121675
1005006414931553
33046220291
1005004865294357
1005006647436598
1005006396410104
1005002286347286
1005002244805440
1005006953417231
1005007070396126
1005005125872953
1005001873300100
1005006375211789
1005006374239714
1005007131303751
4001234073310
1005003783967388
1005004687247954
1005001418494142
1005003618646568
1005005299422416
1005003036053301
32858187868
32772583354
1005005823249741
1005004563650707
1005001632063141
1005002883186903
4001202252440
1005002089202449
1005006746114368
1005005323900384
1005006560256505
1005004106156199
1005005799825602
1005007191341936
1005007010266843
1005006667512739
1005006778524562
1005006693634105
1005007140693166
1005006244568848
1005005759353110
1005007026887603
1005005496190649
1005004100551516
1005005083620280
1005007216218664
1005006280718738
32886999918
1005005500640188
32910731768
1005005944524480
32963744015
1005006836457194
4000095659889
1005004789700238
1005002429371991
1005007449415906
1005005997997119
32822380822
1005005164413190
1005006767506104
32830479329
1005007074108651
4000174276065
1005007083350727
1005007459711143
32791539366
32788976908
32881316407
32881304878
1005003076815502
1005006845190351
1005003715465886
1005002398719776
1005007242893524
1005006889620967
1005006151504716
32999502654
1005007434597776
1005004640254345
1005006843445019
1005006960127708
1005006723092601
1005006667497331
1005007456059581
4000530060745
32850458249
1005006879746578
1005007442887573
1005005597771823
1005007468158708
1005005485988351
1005004751737016
1005006598470374
1005004732506392
1005004781025051
4001237984203
1005004762680624
1005006175559192
1005007217528749
1005007093974426
1005006808896352
1005007362237882
1005005208535737
1005005685341177
1005004893650683
1005005258205048
32959325791
1005005748061716
1005006281808788
1005007183442112
1005007060353334
1005005862100429
1005006473663882
1005005859695147
1005007444633825
1005007456585160
1005004758597478
1005007433833348
1005007437920101
1005007092272918
1005005949448178
1005007244960174
1005007440310703
1005001910680186
1005007433756214
1005007375218927
1005007382963325
1005007427406682
1005007125981818
4000873884924
1005007451395266
1005002538788451
1005006237689709
1005007467944168
1005007309802413
1005006362523575
1005006157815539
1005007022576635
1005005753020515
4000287378326
1005006314851327
1005007013868551
1005006120566937
4000510851381
1005001906156031
1005005925381351
1005004539720924
1005007150304085
1005006803085196
1005006323117890
1005007090289606
1005004193660149
1005006344092674
1005007000544769
1005005771923943
1005006116230177
4001038959597
1005007359035376
1005007316072068
1005002114676726
1005007102419939
1005006994012245
4001280789819
1005005588686424
1005006270347657
1005004909057947
1005007315803952
1005006973498372
1005006625024686
1005004574191409
1005005790633378
1005006200810675
4001335463459
4000993559043
1005002973252064
32735666854
1005006692033938
4001359438096
1005007219328716
32952791706
1005006076150639
4001301918648
4000052217501
1005005757997771
1005007109221812
1005007255906968
1005006335883701
32615410450
1005005398479717
1005005775148233
1005004211084035
1005007011621663
1005007197075512
1005006903877396
1005006011509957
1005005620313371
1005006711955916
1005006505273065
1005005378210617
1005006651273646
1005006581120270
1005004401027790
1005006185736394
1005006753784001
1005006100130035
1005004890075959
32907275229
1005005415631906
1005002729410125
1005006110632614
1005006085305614
1005006225510326
1005006910953700
1005006623896640
1005002952675184
33056596955
1005006871970911
1005007260555126
1005007335499963
1005007059023219
1005006165128371
1005007336652263
33021440160
1005006176088845
1005007436236968
1005007139633991
1005006909745227
1005007060149003
1005006111435305
1005006941157974
1005006849574333
1005007074251035
1005005720158612
1005005407941367
32873366012
1005005250257817
1005005246554935
1005006646091592
1005005140869656
1005006875980464
1005006645886731
1005003767876075
1005007428988318
1005007465535883
1005007362197268
1005007442914759
1005007448295059
1005007044493115
1005007256848913
1005005459473274
1005007260749529
1005006230177794
1005006941886267
1005005430745392
1005007423453363
1005006606073773
1005005412160453
1005005339584826
1005005976308808
1005006383528743
1005006311827712
1005003673678873
1005005866675920
1005006931704506
1005007278278017
1005007278516171
1005007108633002
1005005559902653
1005007419026745
1005001352289728
1005006505067664
1005006216725003
1005005239997904
1005007252012610
1005005986880838
1005002551340868
1005001617865982
1005005039785631
1005004977800326
4000709416836
1005006739433904
1005004826426296
1005006345969186
1005005274489024
1005004056080629
1005007324427562
1005002863387271
4000166207519
1005006728215592
1005005568405161
1005001831805808
32896060568
1005007100339756
1005003123538051
1005004986608039
1005007360802486
1005005625965055
1005007257459493
1005007122119307
1005005625716944
32776965133
1005006489673870
1005006209426124
1005007315517794
1005004874318716
1005006977526275
32922003138
1005006451053093
4001022490329
1005006102179033
1005006794497923
1005005181401913
1005003308255713
1005005283251226
1005007313162313
1005002664253141
1005007257686033
1005006577651102
32826889561
1005006063599889
1005006962304618
1005006670176969
1005003706816381
1005007392532035
4001194533803
1005007231434818
1005005828233533
1005007016408662
32871298287
1005005193628152
1005006767882572
32873065908
1005005193643206
1005007183741196
32910286296
1005007217964738