1005001825496723
1005005800751742
1005007152745107
1005007216134773
1005007332053542
1005007196011837
1005006632969988
1005007353570485
1005005147057853
1005004972539771
1005007332135133
1005007331980233
1005007190841784
1005007227504682
1005004092298980
1005005248674065
1005004091246451
1005004091641300
1005007043347212
1005006955475316
1005007270772063
1005007129594612
1005004802173433
1005006026016660
1005007408026780
1005006671240878
1005005387006053
1005006026104672
1005007204947661
1005006976332366
32997899819
1005007332041405
1005007331868418
1005006641293565
1005007109458846
1005006748903126
1005006752224454
1005007350118128
1005007350369736
1005007424232134
1005007350531941
1005007411824825
1005007243584177
1005007448601549
1005007270905935
1005007154990904
1005007118741870
1005006964823684
1005007033674328
1005007055809095
1005007049153159
1005006982318370
1005006935540588
1005006866662276
1005007235052874
1005006752598523
1005006757533096
1005006772757165
1005005558831162
1005006153154348
1005006001965996
1005007271322866
1005003452337326
1005006439837585
1005007374559981
1005007261770774
1005007079197962
1005006107994107
1005007157115515
1005006468686740
1005006928989897
1005006649865847
1005003374376383
1005006626930672
1005006761001979
1005007449144092
1005005550102745
1005003238080339
1005003711774341
1005007448860358
1005005550224235
1005003952050784
1005005936139453
1005007109189963
32854604799
1005007490985222
1005007355840046
1005007490481619
1005007490701065
1005007490027582
1005007444807614
1005007489709341
1005007425730068
1005007405432140
1005006740037304
1005006755214790
1005007471543223
1005005081864126
1005007218292000
1005007225582410
1005007403845796
1005006600656390
1005007387566463
1005007422640871
1005006661692870
1005007005214803
1005007006508919
1005006661638942
1005006445360005
1005007011188674
1005006924323268
1005006526553278
1005006992521983
1005006924752466
1005005859759033
1005007000945337
1005007440555732
1005006841521017
1005007440791234
1005006943400965
1005005264973068
1005006683946493
1005006729433069
1005003566955858
1005007315113204
1005004749126610
1005007216837082
1005006992534431
1005006392866485
1005006803585199
1005006803492349
1005007207067328
1005006803282974
1005006766830821
1005006803624037
1005006803543256
1005006745603592
1005006377952891
1005006384732256
1005007327870629
1005007159590790
1005006248639862
1005006339341134
1005006248712544
1005006248645877
1005006119732347
1005006261343227
1005006119651771
1005006119783033
1005005096669634
1005005166760062
1005005922590903
1005005225379701
1005005210386519
1005006360266021
1005006119663798
1005007000094478
1005005847436930
1005007461071382
1005007218497349
1005007218088957
1005007218090302
1005007389569700
1005006059850543
1005007159994171
1005007345291297
1005005797901909
1005005788094641
1005005910875825
1005006194069794
1005005164360726
1005005799369116
1005005757363794
1005005743211982
1005005756151850
1005005170870466
1005005614063977
1005005097287303
1005005972978671
1005005097257941
32833490416
1005006344211054
1005005102145792
1005007416610882
1005006192331443
1005006192235987
1005005199983539
1005006160754947
1005006118800845
1005006192708298
1005006256267752
1005006119763071
1005007460865900
1005007057233548
1005007341891986
1005005209760151
1005007213732199
1005007206177975
1005005894878308
1005005877297557
1005005877222994
1005007213490833
1005005877271341
1005007002167161
1005007001186201
1005005756685713
1005005614270867
1005005178994532
1005005178997833
1005005178453273
32906637351
32757312635
32822280619
1005005097352027
1005006338343826
1005006119650698
1005007460868826
1005007075913967
1005005932318125
1005005928941193
1005005929157197
1005005928198448
1005007002224157
1005006192648740
1005006248720327
1005005166531532
1005005097221971
1642605927
1005005611177253
1005007461233127
1005005929068454
1005006578373074
1005006612498172
1005005178313425
1005007352325341
1005002254410083
32978551473
32977170286
1005005254496384
1005001709328164
1005007345523896
1005001723855618
1005007480562292
1005007478486676
1005005857560920
1005005857486972
1005007477634710
4000300932538
1005007293689512
1005007076205325
1005007075889337
1005007451160547
1005007401433093
1005007371477047
32286799294
1005004992787627
32412232256
32964814106
1005005210627082
1005005497278837
1005005504594328
1005002661311029
1005005338345594
1005006141963200
1005006141952333
1005007345831339
1005006141943353
1005006895561926
1005005745515590
1005004476331738
32608344094
1005002656259427
1005007281664911
1005005537911443
1005004423648695
1005003419015474
1005005021853851
1005005020011385
1005006192287640
1005006105456875
1005006105539445
1005006105595148
1005004928611439
4000350929688
1005004962133809
4000350958414
4000350926774
1005004938302174
1005005613597619
1005003222444743
1005005338278338
1005004924330563
1005006851691656
33020290133
4000044827217
1005003766228511
1005005237328648
1005005372185680
1005003838870063
1005002964007309
1005001984719360
32975704465
32975660860
1005005444893570
1005002963942768
32978547629
1005006765163957
1005007000685722
1005005678226986
1005001707888711
1005007032848823
1005001698186115
1005001665120390
1005001602420825
32607257309
1039830652
1005005561119381
1005005222640719
1005006009087134
4000350961669
1005004920803286
33021835843
1005005392915342
32267945059
1039866604
1005004920140051
33021947191
4000350960568
4000350935759
4000350926843
33021891518
33018296537
1005004992754689
1005005393000343
1005005206269562
1005005088257782
1005005206300202
33020262782
1005005206249927
1005007162892477
1005005206303275
1005005206267637
1005004938366182
1005005088288367
1005004920845233
1005004919809671
1005004920148121
1005004938256706
1005004962034816
4000351002166
4000351014106
1005004919888826
1005004920778190
1005005206300262
1005004924292630
4000350873000
1005006211063262
1005007032261067
1005006211010926
1005006075386023
1005006826426395
1005007031835521
1005004936054222
1005006711436337
1005007183732649
1005007014391050
1005006454592730
1005007245026864
1005006990696453
1005006805167044
1005007260931859
1005006103765689
1005005758012858
1005006853797414
1005006524775921
1005007412785811
1005005260175621
1005007272650114
1005004639680243
1005001710174355
1005006604238510
1005002112306394
1005006192337161
1005007412696935
1005006755605083
1005007177037030
32980912029
1005005251082341
1005005201819010
1005002946089377
1005002569833287
1005002946546126
1005006450450184
1005005182688568
1005005181968518
1005002570110676
1005005549117134
1005005695743835
1005003662545658
1005004404613680
32955314194
1005005682647597
1005006667052830
1005005915135341
1005005622621534
1005006199972686
1005005738869887
1005006704609722
1005006468419499
1005004133282216
1005005954869476
1005006451343598
1005006254319781
1005006846020775
1005005931421780
1005005909504556
1005006856424956
1005007474969335
1005006165216470
1005007266723142
1005007194808444
1005007162304687
1005003435150161
1005006279388778
1005006847935349
1005006671720954
1005005426614966
1005007437710707
1005006588845189
1005006735526839
1005004327478019
1005006821707960
1005004416700720
1005006007990414
1005006934836739
1005005849096794
1005007161392053
1005006408642785
1005004785048519
1005006309955827
1005004054746137
1005006088266777
32762912172
1005006995134020
32958850426
1005005353914269
1005003607007554
1005006356963665
1005006821783646
1005006314611252
1005006024339635
1005005836055989
1005006680834144
1000006236445
1005006787405220
1005006128712551
32836063471
1005005039879108
1005002444236943
1005006908672967
1005002963879485
1005006006763536
1005003583351210
1005003677675912
1005006453308952
1005004995338550
1005006782593313
1005006858334850
32968362182
1005006732755482
32899124404
32991060385
32961320240
1005005021967578
1005005017527124
1005005301122057
1005004239130585
1005006862906101
1005001965510075
1005004557087148
1005005201837211
32914612050
4001032605443
1005007345031376
1005006335276607
1005006165779088
1005005862886478
1005004714961421
1005003041614921
1005004046272788
1005007020355148
1005007330840066
1005007356098117
1005007171441218
1005007100558771
1005006377953870
1005003296583472
1005003325585115
1005004338867171
1005006418217750