33034807246
1005005489053384
1005002131087789
1005003652862541
1005005863557685
32992333323
33033954732
4001132160311
1005007028604105
1005004785009400
1005006981579420
1005007208994011
1005004736970527
4000127122258
4001199589100
1005006171065246
1005006576327569
1005007489059875
1005007489333130
1005007489260767
1005007489312171
1005007242741699
1005007489074700
1005006057277643
1005007047630977
1005007152271243
1005006775862179
1005006767591344
1005006826465013
1005003566689116
1005006755762887
1005006755863189
10000149869664
4001307448330
1005003641082910
1005003641106499
1005003642346543
1005006853335027
1005006882366605
4000144018455
4000199466325
1005007355124809
4001217523779
1005006033816299
1005006845130336
32902307713
32896309473
1005004913017338
32863851495
1005002789255058
32971908511
1005007282968678
1005005296179433
1005006128204543
1005006140562229
1005006797331940
1005006444854360
1005007221969443
1005005473415419
1005007347887928
1005007476462984
1005007488066734
1005007212657376
1005007470681685
1005007465491889
1005007453034662
1005007077165491
1005007464930064
1005007395938073
1005007251224429
1005007031554116
1005003658288235
1005006414293775
1005006414417326
1005006442084755
1005007175977653
1005007055744270
1005005513879812
1005007271926194
1005007349508007
1005007270244208
1005007253969011
1005007206303455
1005007175948090
1005006994775444
4001037647920
1005002978625753
1005004123641590
1005006745705722
1005007206326573
1005007417995455
1005006044272563
1005007467477298
1005007426279131
1005005989477232
1005005561704931
1005007332061436
1005007179617437
1005006344345002
1005007317821512
1005005927430623
1005006281715682
1005006594924873
1005007011928242
1005007036249133
1005006348876407
1005006251089113
1005007306657762
1005006535636492
1005006917204620
1005006876324522
1005003295886161
1005006902883162
1005006344032434
1005006117584511
1005006818504220
1005005100261302
1005007005107545
1005006281836177
1005007089741354
1005006931137605
1005006484529811
1005007045329941
1005007166700326
1005005251875074
1005005899176523
1005006488351443
1005007319716060
1005007150333350
1005007160676495
1005005955375956
1005007071490611
1005007408342030
1005006312252583
1005007099588643
1005007310623851
1005006385093752
1005007037586406
1005007169320818
1005006420509721
1005005510029737
1005006744150678
1005006466492568
1005006229077651
1005006931834212
1005005971766552
1005007252693905
1005006995295535
1005006488282654
1005007319348072
1005006702542128
1005007398730644
1005006523970778
1005004171289776
1005006274815194
1005006245948188
1005006398317027
1005006321454624
1005007317456082
1005006371780121
1005005544642375
1005006934200541
1005007488268764
1005006112077669
1005006108840813
1005007039872079
1005006641497885
1005005591843926
1005006124234702
1005003638687668
1005007298899631
1005002527406439
1005005325166126
1005007412044013
1005007414388316
1005007489279193
1005007489219341
1005007488970887
1005007486372956
1005007283001902
1005007456859193
1005007456557668
1005007471303114
1005007470883804
1005007470910909
1005007470830719
1005004902701753
1005007266342793
1005007423736025
1005007205381879
1005006923629936
1005007336445800
1005004359507185
1005005939313283
1005002634920944
1005005672952132
1005006832628490
1005006867910093
1005005916419149
1005005486241997
1005006309582562
1005006525285391
1005004824435210
1005005496514017
1005006851996933
4000478509349
1005005605376016
32955894570
32945744687
1005006876694776
1005006752750907
1005004468892644
1005005297962472
1005005037886170
1005006239358898
1005003203622374
1005006218401696
1005005626735182
1005006606144874
1005006791236394
1005006629120412
1005005870762241
1005006082571454
1005005946138920
1005006670183791
1005004293286619
1005003037622097
1005005714825971
1005006022907446
1005005953769514
1005007445715342
1005003688216315
1005006859378324
1005005971330848
1005004656059109
1005007148263905
1005007352682403
1005006022898573
1005006793702563
1005006062026055
1005006467444430
1005006777978396
1005004833077456
1005004341506212
1005007078571637
1005006436124668
1005006679365452
1005006722565639
1005007268134774
1005004824010497
1005006822593086
1005007212623578
1005004338321984
1005003622102607
1005005383723152
1005006846957584
1005005759978385
1005004393276780
1005006422989617
1005004893407148
1005005602257239
1005005791778110
4000007928177
1005006421669516
4001300820064
1005005897301913
1005007135363612
1005005637690435
1005006341933288
1005005464010074
1005004286908904
1005006319120778
1005006546607445
1005005838819487
1005006777660570
1005007365254609
1005005125161315
1005005591767842
1005007039906005
1005005809402437
1005006733342974
1005002958206186
1005005860170847
1005005505058084
1005004931894546
1005004833163720
1005007335383299
1005005440273549
1005005106365052
1005003529238722
1005005353248342
1005006280652654
1005007316858247
1005006338872030
1005007160496576
1005005944153366
1005007441950945
1005007314602184
1005006974633003
1005006965856628
1005007477549757
1005005105873003
1005005882934098
1005007358912532
1005004971972046
1005005993405662
1005006212135219
1005006264933961
1005006353556797
1005006994451948
1005007169004824
1005006063588168
1005004747658100
1005004605506690
32960729410
1005006021807930
33048219285
1005006660241889
1005004120068277
1005001303811520
1005002021714289
1005001967096853
32810872491
1005005737827068
4000767299161
1005006917854377
1005006420749075
1005007254657098
1005007450115194
1005007174011958
1005007170765498
1005004476636268
1005004835149305
1005004558258949
1005004251559961
1005006966145910
1005007255150293
1005004828559056
1005005000161665
1005005067152167
1005005000120748
1005005000173589
1005005040208869
1005007286951414
1005006255440384
1005007347152098
1005005470235379
1005005980599986
1005004987365537
1005007399881399
1005005348200369
1005006255323164
1005007194647955
1005007173594130
1005006962759521
1005004313749431
1005006489482952
1005005199586916
1005004649027303
1005007245718889
1005006312667118
1005004650680877
1005004788930202
32968799688
1005006912073600
1005005385044462
1005004382063523
1005007468679352
1005007459059602
1005006677823067
1005007311330706
1005007287647970
1005006248841691
1005006393345443
1005006830930658
32858550353
1005006773961690
1005006726936843
1005006629626596
1005005580517041
1005006042510418
1005006041719031
1005005828171837
1005004923557491
1005006042450666
32638748602
1005005413360562
32858542634
4000932272599
1005005028244144
32846710963
1005007451691927
32844096976
1005006247095148
1005007155394079
1005005017707663
1005007383024948
1005004007011737
1005004918672105
1005005384972091
1005007192726978
1005006677408044
1005007459371015
1005007419019759
1005007214515057
1005007143962271
1005007143894456
1005007287983208
1005007214245460
1005006940934397
1005006940835903
1005007118805631
1005006995407311
1005006534372845
1005007085132924
1005007481380561
1005005246608672
1005006839523722
1005006523597209
1005006413100996
1005006315918474
1005004772491692
1005006826511377
1005007224150113
1005005382572169
1005001462128289
1005006515408543
1005007401521211
1005004441500747
1005007413444062
1005007440435614
1005007330477634
1005007387630527
1005006480101505
1005007240097261
1005007208809178
4001232833930
1005007204589225
1005006904089024
1005007371773393
1005004820041748
1005006634520939
1005004927061646
1005003961816357
1005006467052042
1005001555337302
1005007196768280
1005005492736813
1005006491395588
1005006148307112
1005006171436281
1005006172650071
1005005074705473
1005006965092970
1005007275831449
1005002554939758
1005006401811665
1005002102543171
1005007355192411
1005002917485507
1005006134661808
1005006220806747
1005005941360319
1005006053439675
1005001634439604
1005007332544255
1005007437476949
1005005950518245
1005007339558575
1005007382151986
1005007216625002
32908649391
1005007372502821
1005007360587579
1005007312277979
1005007374655688
1005007265849654
1005007382565023
1005007312316744
1005007368281290
1005007243094026
1005004176356971
1005006397854795
1005006348498362
1005007360563359
1005005731936711
1005006981292343
1005007335032071
1005005679628786
1005007205762053
1005007360050488
1005007264277293
1005007421041727
1005007260745828
1005007041240516
1005007392489762
1005004411701598
1005005738185468
1005007380757594
1005007325873684