1005006002620391
1005005856816737
1005002488971691
1005007356215276
1005005907183304
1005007183183917
32224999966
1005006998108368
1005006648024971
1005005262818027
10000362360063
1005004399837743
1005006475569379
1005006779228466
1005002223145520
4000932149176
1005006211914467
1005007317904741
4000245293778
1005006043758091
1005007048264595
32566146742
1005007167987809
1005001274371691
1005005858986908
1005004984141316
1005007432707483
1005007136622548
1005006725347450
1005006991877968
1005007408922453
32854572390
1005002218175728
1005004894301504
4000881669599
1005005892560332
1005007416167972
4000396659626
1005004522528726
1005003527718888
1005007309624632
1005007047639820
4000954469625
1005002356703322
1005003208898330
1005004314496209
1005006712737204
1005007122383069
1005007377723572
1005005048010597
1005007176169616
1005006446195054
1005007419382389
33048659830
4000916016483
1005006396229085
1005005226458502
1005004144288251
1005005380126163
1005007421175972
32786916280
1005006348521440
1005007059773738
32962488910
32766291697
1005006245714159
4000243802953
1005005254636528
4001075095746
1005006559115382
1005004143380254
32901409572
1005004211914567
1005006543165420
1005004024172042
1005006442324074
1005006178846559
1005006573600618
1005006124705499
1005006934419757
1005006969505332
1005007445486913
1005005756261712
1005007490838519
1005007482779381
1005007461835357
1005007202915317
4001290727312
1005007046632536
1005006980698187
1005006913895429
1005006857218166
1005006770739966
32986603196
1005001287319593
1005005812846829
1005002043773899
1005006092631048
1005001977989352
1005006931152102
32860315498
32996922106
1005004111870313
1005006561919822
1005006573507250
1005007335388671
1005006318089037
1005004229550244
1005004229484918
1005007391967173
1005004516562459
1005007477568518
1005007465351657
1005007465193538
1005002868617365
1005007455548878
1005007190608407
1005005457834418
4001213173345
1005007417962667
1005006815121367
1005007473235695
1005006068021529
1005007366186145
1005005817159042
1005007332208116
1005006019425408
1005005323987989
1005007287325976
1005007326160066
1005007332100289
1005007314812096
1005007290469444
1005007241449050
1005002048747713
1005005880205632
1005005871855281
1005006175871164
4001220163103
1005004779390494
1005006011037239
1005007144285642
1005007247579521
1005006395011409
1005002732431930
1005007082212999
1005006989570206
1005006640411269
1005005480631177
1005007472473065
1005006948099664
1005005475669671
1005007196512345
1005007462357835
1005007463247512
1005007467076287
1005006939108344
1005006737283150
1005007312805772
1005007336718942
1005007307878068
1005007213677665
1005007375485521
1005007205979982
1005007193379689
1005007408947942
1005007030392666
1005006293362314
1005007377744473
1005007213915190
4000640251145
1005006659702177
1005007166454455
1005006528708869
1005007218443932
1005006322911585
1005007327820149
1005007321406413
1005006140496905
1005007221318400
1005007000695605
1005006837937753
1005006900112499
1005005682451304
1005001567057296
1005007101361185
32951402281
1005006281933750
1005007166396683
1005006309252948
1005006056249269
1005007131960227
1005007395132739
1005007197347541
1005004574061992
1005006683668535
1005005735850843
1005006819292400
1005006120129229
1005007130638013
1005005902077664
1005007213853135
1005005680020692
1005007334834458
1005006333816755
1005006767199214
1005007212525331
1005006172806908
1005007375595987
1005002789517524
1005007367019864
1005004527414104
1005004384368155
1005005253896185
1005006120320869
1005006593451015
1005006059544454
1005004994901677
1005007095975091
1005006381168102
1005006503806844
1005006851107504
1005003764491808
1005007076195201
1005006419915093
1005006934734934
1005007046297202
1005007145927116
1005006831778323
1005005624988455
1005006162288099
1005006998810305
1005007407866722
1005006826281037
1005007431849193
1005005918253020
1005005208912130
1005007142276160
1005006582564334
1005006850760855
1005007217239120
1005006895720410
1005006955207800
1005007011984356
1005005043626466
1005007423690978
1005006767495072
1005004919434565
1005003383504020
1005004510047210
1005005397340150
1005005196380903
1005006174029815
4001159293805
1005004994886120
1005004459747363
1005003741437603
1005004182539592
1005006878981934
1005006879173959
1005006076163083
1005004922411474
1005006216992278
1005006160904399
1005006647152237
1005006121486855
1005006859388492
1005005766459472
1005007061128498
1005006000647307
1005006282054959
1005005490074969
1005004934272313
1005006903246370
1005006846842462
32868350957
1005007031835763
1005006277925232
32838207468
1005006878247418
1005006162176662
1005006437088267
1005004733523580
1005005253702123
1005007432912171
1005007391044898
1005007417493829
32838782707
1005004635735343
1005006359197250
1005006539743539
1005006817300429
1005007386740671
1005003216720240
1005007270791687
1005005255088763
1005006148858413
1005007349771102
1005004790667659
4000506147528
1005006131278913
1005007018276766
1005003120948535
1005005919950128
1005007417913614
1005006361927924
4000256563341
1005007278611419
1005007273687646
1005005837939798
1005007271942992
1005007272976435
1005007268674826
1005005914032284
1005006238462765
1005007424785020
1005006035448178
1005003003536713
1005002738269322
1005006793995284
1005006976122299
1005003216710937
1005007090918974
1005007017091990
1005007022991002
1005003954008329
1005004719549869
1005006884290574
1005006849760829
1005006759191493
1005006339621051
1005006865825695
1005006893842758
1005006260002960
1005006041609998
1005006998137930
1005004128614761
4000776665818
1005006859762898
1005005182597346
1005007215073237
1005006785164075
1005006540712970
1005007276218570
1005006650570144
1005007128777791
1005007128979506
1005005182840621
1005004848077045
1005005851683737
1005007430786248
1005007171608850
1005007005609780
1005006890321229
1005006498660321
1005006438964725
1005007409266674
1005007422511400
1005007371142387
1005006394617519
1005001981577663
1005004857668313
1005004857546410
1005001831241992
1005007007203398
1005004857705122
1005007007253095
1005006833215004
1005001981773012
1005005957733992
1005004547004412
32958736057
1005007087954701
4000704036056
1005005495107107
1005006096918952
1005006825654781
1005006841412605
1005004651654217
1005007054813862
1005007061839175
4001172814854
1005007360558354
1005006629628635
1005006511304730
1005007335302401
1005003017320322
1005007063386006
1005007279133798
1005006445219883
1005005402938035
1005007301231063
1005007441565685
1005006334683377
1005007198228138
1005006951452647
1005007478518162
1005004117362602
1005007295156443
1005003840195990
1005002055825223
32967615802
1005005516309200
1005004811687904
1005004807223079
1005006490112907
1005006007628139
1005005868149674
1005006202769544
1005005804672305
1005006455495315
1005005605711657
1005006471044611
1005003514643968
1005006020823718
1005006510883024
1005006510932060
1005005596768294
1005005581793978
1005004189898693
1005005868188044
1005005885802802
1005005885851282
1005005868185420
1005006202840236
1005005596655720
1005005804340275
1005005868180739
1005006202691816
1005003481180834
1005005910600894
1005005804491868
1005005596606930
1005004553706094
1005006511674126
1005006511586421
1005005451721965
1005007125282765
1005003678486945
1005007462154075
1005003404288706
1005005492542124
4000087805780
1005006186164172
1005006514748070
1005005089202024
1005005089185971
1005004127601127
1005003672523702
1005005062310561
1005005062292651
1005005062322495
1005007014249231
1005006921377980
1005007010166791
1005007010278182
1005007246504764
1005007363464519
1005007009939892
1005007386672495
1005007010334136
1005007258362153
1005007465080484
1005007394840283
1005007223571439
1005007362393729
1005006585668520
1005007300160222
1005007010740495
1005007101366349
1005007010012721
1005007363587441
1005006552396595
1005007170184209
1005007337316508
1005007398615891
1005007337301566
1005007178313158
1005007270663492
1005007358304829
1005007337634281
1005006359945243
1005007062797436
1005007086188164
1005007246801292
1005005969348450
1005007098860673
1005006782968323
1005006949978210
1005005900358540
1005007102828882
1005007137543269
1005005969384626
1005007033688335
1005005969333718
1005006442240925
1005006039585510
1005007448807607
1005006166280065
1005007058759397