1005006202177634
1005007450579372
1005007450710122
1005007450371728
1005007450404675
1005007418751661
1005007475813249
1005007359748841
1005007271262375
1005007277635035
1005007440407455
1005007403460229
1005007111429584
1005007211544509
1005007060807238
1005007360537452
1005007418637733
1005007344937308
1005007306796256
1005006125047766
1005007269358846
1005007083196047
1005006160091277
1005005777947473
1005007060951888
1005007029055440
1005006906814481
1005007416101941
1005007313501613
1005007026795725
1005007379389289
1005007294269235
1005007382993759
4000595555847
1005005311643508
1005004700211593
4000781601165
1005006154955593
1005005754765989
1005007475282882
1005006798903233
1005007002570288
1005006856358079
1005007316576422
1005006136738683
1005005862209675
1005006577744032
1005007216198918
1005007271695790
1005006905539713
1005006906987318
1005006479249641
1005006981658005
1005006215160292
1005005898150480
1005006533549843
1005006713543857
1005007160834808
1005005175820219
1005006693973120
1005005654149456
1005006623328858
1005006626577394
1005007010280356
1005003479680243
4000280386247
1005002561689226
1005005929182245
32833983829
32821229655
32821912731
1005007218260924
32587062769
1005005352173344
1005005664768701
1005007119777335
1005004703988607
33001231803
32886826948
1005005058208969
1005004807233271
1005006644492225
1005006219044055
1005002262281781
1005006828076547
1005006421887070
1005005913314040
1005006539922048
1005006583582344
1005006729692009
1005005626538008
1005006850178084
1005006872143375
1005007082681474
1005002601753482
1005007028024773
1005005075299689
1005007439807726
1005006304074903
1005003912557658
1005005962141599
1005006903022145
1005005678803326
1005007388922254
1005007374986335
33009695543
1005007374523439
4000961852335
1005007218853897
1005007275169231
1005006913277032
1005007354252842
1005007347773938
1005006741245808
1005007270849159
1005001923166079
1005006140719743
32922795190
1005006946577509
1005004703976711
1005006830439904
1005006220989531
1005006240763277
1005007392376666
1005005042543076
1005005928994544
1005004383432505
1005005534653340
1005005880623728
1005007244849064
1005006787540609
1005005861382734
1005007153123961
1005005581163680
1005005826004260
1005006752372355
1005006992982670
1005006788907952
1005004819951532
1005003223552135
1005007437681949
1005004799923987
1005006892559178
1005004894493316
1005004599802697
1005006237698766
1005007035905092
1005007335609656
1005005687362184
1005006885991534
1005004791869892
1005007342911694
1005007408496686
4001330845618
1005007435703977
1005005134532713
1005007427430314
1005007468711267
1005006475976717
1005006885641450
1005007258213936
1005006257520783
1005006695508052
1005007401416379
1005006826152902
1005007324669611
1005006782643856
1005005751185344
1005006850095757
1005004791189731
1005005970136647
1005006878130498
1005007170904410
1005007319254650
1005007438119006
1005007438150337
1005006891003672
1005007438717282
1005006169089418
1005005348794780
1005007079028341
1005004292530167
1005006603963342
1005007438250351
1005007046549526
1005007299128242
1005006802009952
1005006574129590
1005006109220968
1005007453271541
1005007265090667
1005006409926793
1005007327077755
1005007330464471
1005006900032843
1005007217154918
1005007418415545
1005006980408828
1005006965223237
1005007166144199
1005006827431190
1005005865169368
1005004779518641
1005003821343639
1005006477990915
1005006731234599
1005006826705954
1005006704794204
1005006741898766
1005006578053920
1005005016243588
1005006859451319
1005007169802510
1005006896110125
1005006772385198
1005007399815565
1005007269168538
1005007452167491
1005006327372582
1005007287340282
1005007234292171
1005007300305428
1005007458630934
1005007369179776
1005007402523760
1005007451154513
1005004915319614
1005007418191002
1005007444922340
1005007308286416
1005006926324622
1005006939670955
1005007272661789
1005007458397394
1005007366036661
1005007350413680
1005007348632591
1005006931692687
1005007376930335
1005007378547308
1005005585905159
1005006960819149
1005005394222671
1005007381373735
1005006601259353
1005007208536592
1005007219098021
1005006787210502
1005007197139776
1005006787712593
1005006918244795
1005004544070721
1005005235658446
1005004543996902
1005005676457874
1005005431925220
1005003884244239
1005005259662683
1005003412121614
1005004446663921
1005005782839383
4000118673718
1005002558504574
1005005799328325
4000931933003
1005006185142024
1005007293604350
32699261036
1005006437042461
1005003457695926
1005006870708876
1005001445953817
1005007292218494
1005006728330319
32829158939
4000118691729
1005003943173963
4001065906197
1005001977664606
1005004131922771
4000118657474
1005006084739911
1005002176827535
4000545274823
1005004794321548
1005005487101798
4001309034742
1005003069640145
1005005627396613
1005001844651007
1005007244558849
1005006757543876
32842760593
1005006614660901
1005006658979698
1005006011904296
1005006312282209
32829888962
1005005325444996
1005005317859375
1005004131214930
1005006443137926
1005002558770422
1005007195656939
1005007038314516
1005006106859937
1005006942429207
1005006833449430
1005006886700124
1005007011670168
1005006813078955
1005006216412829
32831290653
1005005136637888
1005007218827363
1005005636684182
1005006058989482
1005006597012777
1005007101606635
1005006745518534
1005006955939168
1005006840278133
1005007186497998
1005006926373665
1005007280822536
1005007123230788
1005006846076381
1005006664676745
1005007025015362
1005007123400554
1005006890200027
1005006918217378
1005007085876060
1005006773517194
1005006987210608
1005006986961555
1005006677248695
1005006779362051
1005006944514467
1005005991574315
1005006477504740
1005006815137184
1005006943076801
1005001417414130
1005001575290745
1005002574912082
1005006598561311
1005007137226428
1005007334988210
4001190576948
1005006159104699
1005005464733671
1005005103317052
1005007185285724
1005003866058034
1005006885626445
1005006579654677
1005006579774530
1005006585521198
1005006783530736
1005006679317493
1005006843056309
1005006934466963
1005006993970727
1005006747666904
1005007212270056
1005007010642518
1005006851206408
1005003663540552
32826667350
1005006656980222
1005007298274517
1005007101501157
1005006787144935
1005007137713557
1005006887334249
1005007001780841
1005007084035650
1005007273311913
1005006980616626
1005006989045207
1005005302769142
1005005899995439
1005006485413678
1005006220130397
1005007101507074
1005007101416645
1005006887249704
4000987231137
1005006820148520
1005002843100411
1005006697298208
1005006753202650
1005006215191445
1005006200165029
4000987203691
1005007177270895
1005005485625937
1005006910821801
4000904350057
1005006966343350
1005006619693810
1005005327282040
1005004652728759
4000117625808
1005006187453135
1005006849344913
4000152129934
1005002232634279
1005006912847354
1005001823632540
1005005824380256
1005006582479365
1005006652850562
1005006214384055
1005006488315894
1005007443062769
1005001460983471
1005007418164101
4000523224397
1005006488476371
1005005547819961
4000986260864
1005005969706061
1005006390825979
1005006258682067
1005006995966179
32630917736
4001159768576
4000173979576
1005006888942852
1005005336303966
1005006894086375
1005006539395681
4000136897523
1005002465778047
1005006269757273
1005005057837365
1005004674364809
1005006809283853
1005003954976735
1005006733996995
1005006104705742
1005006651826765
33014773467
1005007409045516
1005007095973865
1005004708443271
1005006843954797
4000986179899
1005001785806315
1005007021947897
1005006804716310
1005007360413431
4000309914723
1005006305041537
1005003717935134
1005004509406454
1005006770953395
1005007360447162
1005006103264770
1005003839309466
1005007360316862
1005005180610354
1005003839379071
1005004011642592
1005004708672761
4000152182596
1005006646734865
1005005969566826
1005005414436366
1005001667667204
1005007430050383
1005004490019584
1005005035798791
1005007142948544
1005005958060843
1005006075565924
1005006748296848
1005006389044713
1005006936722399
1005007234169613
1005006723192887
1005006886136704
1005006927183908
1005006977835009
1005007139972210
1005006757453437
1005007409314112
1005006323695274
1005006265147409
1005007298064621
1005006064185154
1005005929964868
1005007233856672
1005006655925065
1005006298248267
1005007470613591
1005007069095339
1005006696743481