1005007488357714
1005007488378454
1005007485645302
1005007488238787
1005005573402290
1005007481856337
1005007485098573
1005007488293588
1005007488438748
1005007490656901
1005007490903270
1005007490801455
1005007247229571
1005004561594074
1005007490595580
1005007488366579
1005006140881598
1005007484900360
1005006821609468
1005001573550029
1005007484880967
1005006890140242
1005007457715966
1005007329522634
1005007457773761
1005006143721595
1005007446295659
1005007446296296
4001293899396
4000890377669
1005007254322410
4001224874707
1005006500499256
1005002914776726
1005005758465256
1005006483302255
1005007334946110
1005006904491912
1005006537644339
1005006981494147
1005007386428764
1005007046949497
1005007398093851
1005007356172344
1005005956661219
1005007419681138
1005006778552001
1005006008894710
1005004497234722
1005006451101801
1005006523842778
1005006657465705
1005007155605943
1005006778013279
1005006408998668
1005005992141304
1005007384506877
1005007348171633
1005007433386160
1005004487696887
1005005791654627
1005006367977296
1005006467192513
1005006832782974
1005007257107701
1005007036703139
1005006159875569
1005007212336271
1005006131476568
1005006531313431
1005007343624207
1005007175352671
1005007315034242
1005004492678977
1005004532401654
1005005033870465
1005006010784937
1005005719858694
1005007180767440
1005007167840861
1005005117954639
1005007072435488
1005007198484610
1005004416827758
1005005943273536
1005006561487027
1005006896858330
1005006912350850
1005006456554168
1005006455691389
1005005047500758
1005006402322272
1005006855720033
1005006749378729
1005003713499278
4001189620180
1005005557798555
1005005717441008
4000061342832
1005004210889237
1005005882035151
1005004951873982
1005003242015484
32960316015
1005005258758977
1005003337216837
1005002102021697
1005003957580533
1005004744396527
1005007382051207
1005002944965767
32947849910
1005004677395987
32562191214
1005005626160591
1005006583546369
1005004507207734
1005007417371801
1005005925792488
1005007402301040
1005005581829928
1005007382844098
1005007394655342
1005007091535289
1005002776007895
1005004720649108
32817595128
1005007151872125
32479112872
1005002110968418
1005003765110968
1005007290175886
4000553746141
4000330833475
4000291445732
1005004154771377
1005004796320796
1005003775752462
4000284595960
33003293321
1005007010471756
1005007177890323
1005007178276578
1005006870873144
1005006555085600
1005007488010512
1005007469613732
1005007476422367
1005007477565219
1005007484686130
1005006666390950
1005007470439486
1005007449331586
1005007451221313
1005007446643423
1005006469513307
1005007441071163
1005007441029274
1005007441135023
1005007217612922
1005007413258511
1005007337047825
1005007146564446
1005007010529079
1005006181856183
1005005309884527
1005005722713032
1005006124796235
1005006735941973
1005007446381865
1005005146066854
1005007489039289
1005007489027759
1005007482982765
1005007483058954
1005007398313353
1005007144777477
1005005189801849
1005006833097251
1005007161659050
1005006807747233
1005006598944547
1005006293993368
1005006757660158
1005007025129170
1005006438033140
1005007010497845
1005006584562919
1005006538058255
1005006203545154
1005007210820453
1005006789246860
1005006625172613
1005007452230452
1005006259619066
1005006889552919
1005007348923932
1005006482312799
1005003856421934
1005006989822023
1005006953793622
1005007101266299
1005005929920121
1005006829969556
1005006871249098
1005006781535115
1005004207107132
1005005410599693
1005006387176920
1005007118118622
1005007455111140
1005007454705973
1005004975040107
1005006908868427
1005006924422180
1005007330053736
1005003244743087
32953681991
32816584405
32584253991
1005007479096526
1005004936389500
1005005765518295
1005005765428842
1005005829945486
1005007445760066
1005004639715449
1005007099285397
1005007099292415
1005007283026788
1005007004743297
1005005482080179
1005006975453166
1005006836670721
1005003659389988
1005004005815741
1005007482833162
1005007482880115
1005007482794275
1005007482570891
1005007482794289
1005007482712507
1005007482877127
1005007482758559
1005007482690445
1005007482650600
1005007482527925
1005007482858317
1005007482764320
1005007482753539
1005007482714550
1005007482967047
1005007482888097
1005007482790348
1005007482697447
1005007482878114
1005007482722408
1005007482811244
1005007482584886
1005007482884024
1005006618260303
1005007482692556
1005007482807226
1005007482547996
1005007482776542
1005007482752429
1005007482821259
1005007162799374
1005007482818168
1005007482861181
1005007482522829
1005007482603695
1005007482793277
1005007482636671
1005007482517934
1005007482847343
1005007482616675
1005007482820267
1005007482692550
1005007482841391
1005007482871123
1005007482876062
1005007482911010
1005007482792344
1005007425451589
1005007472135782
1005006634292397
1005006350616080
1005006803211682
1005006864544828
1005006848091812
1005007472191677
1005006846771139
1005006844434321
1005006845356154
1005007348331966
1005006870667761
1005006845299477
1005006844481131
1005006848054937
1005007183810035
1005007457766063
1005007006075306
1005005225206906
1005006834110777
1005006462413148
1005007236146006
1005007275185306
1005006889446311
1005006848269092
1005007390940881
1005007311906656
1005007369559150
1005006846730086
1005007032647650
1005006848061886
1005007103292403
1005007355273575
1005007182126354
1005005978591483
1005007090903984
1005006948222106
1005007173727315
1005006890086785
1005006777442825
1005006600572090
1005006091881794
1005003367204040
1005007310616043
1005006762780973
1005006743751743
1005006643206075
1005007247087416
1005001450178677
1005007120717854
1005002291833582
1005007348292567
1005002291125784
1005002291225366
1005002291876517
1005002291319069
1005002291983106
1005002292008040
1005002291251378
1005006208343910
4001091915012
1005001694766512
1005006236303138
1005007254151014
1005005351494705
1005007254639256
1005005934168379
1005007406142640
1005007286243782
1005006980829759
1005007291491582
1005006398031172
1005003733394847
1005006995232813
1005005258140550
1005006960163835
1005005626498283
1005001461918540
32628635129
32725658716
1005007418959508
1005006579146798
1005007064235528
1005007377414540
1005003585039976
1005007327486737
1005007354797678
1005007306765828
1005007433647811
1005006265806089
1005007354983296
1005006035191908
1005007293718752
1005007432209844
1005007457375571
1005006727729072
1005007306206366
1005001733201295
32323898410
1005005305913771
1005007473095303
1005005562151161
1005007165679885
1005005513460343
32997271251
32688636257
1005004474311993
1005006240677519
4001119772248
1005004682671773
1005004674590743
1005004681163273
1005004544856026
1005004301366482
1005004641235359
1005006865271206
1005004545050340
1005004555937326
1005004674262389
1005004589499591
1005004555270686
1005004555513256
1005004282096723
32890526421
1005006623311279
1005004649478679
1005007055006980
1005004304728095
1005004641425580
1005004613513399
1005004678630288
1005004295994548
1005004289301149
1005004586088497
1005007134827263
1005006752009540
1005006063208792
1005006712439753
1005004654310141
1005007365008471
32807177910
1005006582966158
1005005925064043
1005007132964356
1005007202710990
1005007310563524
1005006759374927
1005006141079264
1005006250034998
1005006652194232
1005006071433146
1005006092335591
1005004827725763
32988088081
1005007365585592
1005004018424042
1005005905806241
1005005960078155
1005007186986800
1005007443355792
1005006124971810
1005006992500885
1005006303892170
1005006128414870
1005005250122591
1005007068818809
1005006896432852
1005005493003212
1005005709178491
1005006664512789
1005006833680266
1005007188455153
1005004904753652
1005005877558254
1005007251981144
1005006255450777
1005007485406856
1005007488367302
1005007459805605
1005007489709258
1005007459515439
1005007422709772
1005007428812801
1005007225521752
1005006872320787
1005007459026615
1005006870361953
1005006145502333
1005007171784050
1005006866256428
1005007473289475
1005007341925242
1005006869682521
1005007384811682
1005006950092484
1005006784963999
1005005396264486
1005006591862061
1005007006813052
1005005979851785
1005007459299541
1005007137494728
1005007283638605
1005007170571589
1005006145507177
1005007144866026
1005005894293039
1005007295010518
1005006468975555
1005007400316258
1005006019960704
1005007294842933
1005005200597754
4000538190539
1005005505179772