1005006395139595
1005006841368076
1005002466155743
1005007123855296
1005006934074966
1005002704715086
1005006379703186
1005006432263457
1005005449181952
1005007113945202
1005001524039046
1005007348751005
1005003497263762
1005006030828572
1005007048720048
1005006853215862
1005005923966025
1005006301095116
1005003340334137
1005005637389448
1005005947102613
1005007052756556
1005007209805413
1005005906465317
1005003070190280
1005006386116213
1005006756159633
1005003371889555
1005006805293582
1005002977163211
1005006729816997
1005004308634537
4000543396287
1005007196844376
1005007188348213
1005006058130841
1005005794564435
1005005552083033
1005004579337954
1005004833444751
1005004442450727
1005006156945240
1005006947487776
1005006026494482
1005007129901550
1005006787674073
1005006924023074
1005006964509509
1005004285725009
1005006781813565
4000769999877
32958609512
1000006055986
1005003951098462
1005007087466682
32949668098
32907673189
33027292390
32818411785
1005002656993199
1005001935439573
1005006882319243
32817971116
1005001385487997
1005006961785400
1005006276932667
1005004334016166
33019204743
32849578958
4000081332012
1005006358928194
1005006832264684
1005004590372317
1005005615930845
1005005507572146
1005005587059448
1005005850251319
1005006728474899
1005006091348323
1005006975354401
1005005914596199
1005007255139840
1005005909937596
1005006468876810
1005006843355778
1005007133150660
1005006735985199
1005005981126709
1005003706540868
1005004003199412
1005005691685997
1005007347743658
1005006289637761
1005006608451329
32839747850
1005007443956589
1005007394686160
32978983998
1005007278673647
1005003395982521
1005005574029912
1005006108545227
1005004729082119
33046155639
1005005240286238
1005003293050326
1005006258718894
1005003619395999
1005006413002195
1005005834040322
1005005804504896
1005005641622090
1005007333487248
1005006983471296
1005007298959278
1005002286542123
2052593384
1005004702293016
4000183838230
4000262020919
1005005752504159
32751094073
1005002515872520
1005005835868929
1005004141925322
1005003881622211
1005007425127146
1005006890919392
32831496110
32344955038
4000826070745
1005003586691323
1005005742395642
1005003892561205
1005005218041690
1005004898445601
32298175325
1005006603365350
1005003443422625
1005007150603719
1005006136392596
1005007192069235
1005006727512326
1005005676088604
33017449370
1005004720683377
4001192666845
4001252078003
32597308334
4001252115423
1005007390747631
1005006894745344
1005007017828455
1005005960055416
1005006331739912
1005006888677885
1005007299494007
1005007269697792
1005007475587450
1005007479590720
1005007476985160
1005003448374715
1005006934236575
1005006724612609
1005007202557750
1005006019769709
1005006939718544
1005006506129637
32890318667
1005006160765089
1005007386156330
4000545917480
4001233731306
4001237580193
1005007310153760
1005007449731254
1005007315380761
1005007220032852
1005007261632692
1005007353783909
1005007342960397
1005007336111873
1005007221369656
1005007329356571
4000640795322
1005001757766705
4000259249484
1005003883530343
1005003881916981
1005007040010583
1005004376143323
1005003838978412
1005006955426606
1005006497095384
1005003712536290
1005002336492637
1005002336491869
1005005051488258
1005002913086560
1005006355940720
32890932734
1005006608742769
1005006608823429
4000241479625
4001011367092
32951373466
1005004437610719
1005004167548591
1005004629074646
1005004941225693
1005005968930032
1005005532593143
1005005167115961
32963643558
32978924960
1005005765327828
32839876852
33031698840
33003522495
1005004765527267
32595957745
1005004536183934
32855134782
1005003772644576
1005004113067369
1005004980505048
1005002715303733
32920833653
32853190227
1005005964954160
4001171379659
1005001626382223
1005003800669618
1005006118565975
4000636503985
1005006022116008
32812089825
1005001369289959
1005003417574945
1005002939849422
1005006527854905
1005005120600944
1005006253224257
1005005580306449
1005007412410790
1005006907071477
1005005974922323
1005005524650781
1005006049479429
1005007386022967
1005007010872778
1005004077836013
1005006272334286
1005007326767773
1005007345356391
1005007342753240
1005007345242204
1005006272367032
1005007336947021
1005006282518259
1005007232611051
1005006286167891
1005005764238985
1005007456931325
1005007479860166
1005007386076979
1005002278696884
1005007315964325
1005007456165402
1005006651715198
1005007245973402
1005007199209643
1005007064488018
1005004998773761
1005007325341990
1005007443917280
1005007445533564
1005006926206061
1005007344994990
1005007210792298
1005007223901872
1005007344765985
1005006124856997
1005007340431511
1005007050525875
1005007329178246
1005007031063310
1005006277255821
1005005388760927
1005007224726702
1005007380182994
1005003877553450
1005007203496667
1005004515121578
1005002443121831
32808890664
1005006475586985
1005007472280037
1005005870834287
1005007374874123
1005007344434895
4000478637128
1005006542763833
1005005637366082
1005007370729153
1005005933014740
1005006850517867
1005007167898212
1005005913247441
1005006903576642
1005006710649447
4000187520022
1005005592063335
1005006925305325
1005006139580881
1005005807557669
33055337324
1005002762750200
1005006327966912
1005006815792891
1005006339040077
1005007140672331
1005007097452108
1005007008962829
1005005877156020
1005007097630005
1005002044439530
1005004809171653
1005007278655752
1005007432623761
1005006922129969
1005007253215017
1005004523737819
4001179608110
1005007047860287
1005006287363805
1005006047301503
1005006659089648
1005007370172109
1005005090863045
1005007417592964
1005007025139075
1005006813596257
1005006731193058
1005005372693399
1005006725978995
1005007200168051
1005005471910043
1005007085451525
1005005592421334
1005007167402897
1005007279154247
1005007038035790
1005007200061604
1005006443750332
1005007144423077
1005007228310353
1005007388807168
1005006911950244
1005005462203372
32843138796
1005003346146760
1005006644703085
1005006316398947
1005006682171407
1005006109759397
1005006925584947
1005006686629371
1005006239819048
1005006439726751
1005006621641716
1005006741619188
33026862950
1005006035884755
1005001893327629
4000835328243
1005005063327596
1005006967144328
1005005102547903
1005006813299567
1005006812608539
1005007250154730
1005007250227318
1005007203586918
1005007249869831
1005007250079683
1005007367836206
1005007373967418
1005007377492298
1005007221249857
1005007292595297
1005007368264327
1005006844730007
1005006961894360
1005003175514460
1005005279712976
1005004301234213
1005006597906547
1005007096330556
1005007082638921
1005006202858511
1005007429772114
1005005932686972
1005007268852945
1005007260471440
1005002879334771
1005006724387480
4001003403850
1005007408531329
1005006682859629
1005007383266282
1005002340666318
1005005244709026
1005007263351679
1005004951675577
1005007190860009
1005006416891787
1005006763860430
1005006747425387
1005005359671726
1005004951629805
1005005359661583
1005005975318638
1005007019528234
1005004951816048
1005005359867157
1005004951750350
1005004951760510
1005004951630970
1005004951827161
1005004951807269
1005004951745373
1005004951596892
1005004951677728
1005004951659848
1005004951602950
1005004951745284
1005004951804330
1005004951646734
1005004434682755
1005007373538084
1005007155171185
1005006880062853
1005004951821134
1005005359751443
1005006561395390
4001176098995
1005007312386784
1005006618182085
1005003042927803
1005006959218254
1005006382259703
1005004778917263
10000050671820
1005006952761596
1005006979045204
1005007296807624
4000835395498
1005006865817113
1005006220088346
1005005944917825
1005006365820680
1005005665510908
1005006821336031
1005005665219940
1005007055691740
1005007171332329
1005005736871908
1005003598334033
4000847910267
1005003598932111
1005007219236512
1005007223614087
1005006625133064
1005006629719439
1005007225238745
1005005796740991
1005006370721049
1005003391745360
1005006528580699
1005003391776597
1005003599425126
1005007223528220
1005005676098832
1005007038903107
1005005916176221
1005006449219706
1005006736261013
1005006003650689
1005004412273123
1005006500685382
1005007135228562
4000959708435
1005007087887554
1005005681004437
1005006767588645
1005007383205476
1005007248037916
1005005471201308
1005007441009487