32789287694
1005004831448857
1005005737819690
4000152918378
1005005701636755
1005006064659550
1005006346005994
1005005884382312
1005006280758330
4001019192514
1005005698921144
1005003873396803
1005006768072858
1005002727613806
1005003036788778
1005006545725745
1005002247499596
1005006730494022
1005007025813170
1005005487147270
33048311021
1005004274106918
33028679072
1005003134864065
1005003758533498
1005007148267787
32861692881
32868456911
1005006624914994
1005006285170790
1005003314267106
1005007029595239
1005006681877514
1005005702082427
4000864679515
32859328625
1005002400828349
1005003508806488
1005007469555816
1005007297017883
1005005467768574
1005007058042657
1005007183142332
1005005921416226
1005007083398653
1005006072175190
1005006503742928
1005005572116369
1005005538091594
1005006503818674
1005006788915411
1005006450341828
1005007419673572
1005005459878047
1005007462676532
1005007424105130
1005007469368980
1005005704016443
1005007409935811
1005007408893353
1005007331898626
1005007379431616
1005007232413396
1005006808740693
1005007186029533
1005007329784100
1005007322042563
1005006315127656
1005007387151563
1005007343767295
1005007282786525
32808126016
1005007273915728
1005005726081161
1005006185875422
1005006440260479
1005007314956952
1005007415847215
1005006108533993
1005006440806826
1005007003759476
1005005893315221
1005004763937499
1005007315091367
1005005889069729
1005007323869690
1005006132814457
1005006184940517
1005007447296199
1005007423906445
1005006802208573
1005007419027279
1005007046671833
1005004979723763
1005006928358906
1005004663580883
1005006971167154
1005004768763932
1005005182921668
1005007243527214
1005001529282850
1005004434277586
1005006710130662
1005007435651953
1005007127171336
1005006507228667
1005007383648575
1005006108197873
1005004535113978
1005006594830647
1005007472136560
1005001429867540
1005004432665859
1005006582911231
1005007209905584
1005006356896606
1005006468600441
1005006260526626
1005004771017493
1005007228494753
1005006997057225
1005007446933935
1005007027634877
1005006709880735
1005003527278048
1005007421262560
1005006757211053
1005005776505567
32837564628
1005006430220655
1005005896265310
1005007274929087
1005007198473771
1005005363742111
1005007163126138
1005007124552327
1005007131302777
1005007457300185
1005007452368384
1005007365840525
1005007364009914
1005007448751092
1005006987903147
1005007450325015
1005007363122816
1005007415734386
1005007365826604
1005006080172166
1005007240630601
1005007446793497
1005007364944450
1005007339903703
1005005897897774
1005007444750240
1005007191129955
1005006385527041
1005006058210592
1005007446190330
1005007446237938
1005007240917148
1005007240816388
1005005511920542
1005007333672874
1005007407164477
1005005666089168
1005007240691509
1005005756508316
1005006556642419
1005007418292641
1005001389512986
1005007144956188
1005007138088480
1005007122015466
1005007355593110
1005007363335998
1005007354070854
1005007268929720
1005006171220173
1005006334125650
1005006998142061
1005005146573364
1005005502506953
1005006181823527
1005007446041764
1005005051754195
1005007365773910
1005006202090530
1005005024973904
1005001763198364
1005002745399200
1005005209540949
32751799105
1005005149114016
1005006846189476
1005006834154782
1005006172705257
1005006518159519
1005007175022726
1005006484906939
1005005826618253
1005007431385890
1005004216009560
1005006820696673
1005005955678428
1005005957303606
1005005875703347
1005005409729361
1005007228842973
32862661221
1005004104113359
1005005249839910
1005001745735595
1005006996611676
1005006421268907
1005006172617764
1005004027206358
1005004541892242
1005006517840190
1005005489272270
1005005844527957
1005005090634479
1005007184818212
4000628273059
1005003792229305
1005003461446475
1005004556469885
1005005638993244
1005006807091185
1005006655786390
1005001829129025
1005002552721543
1005005904324128
4000185579348
1005002593446301
1005004651196446
1005006798130289
1005004703085407
1005005859818518
4000832050344
1005006975811083
1005006136365918
1005005416963545
1005007142952397
1005005914717903
1005006719508064
1005006870523443
1005007090629380
1005005927424040
1005007285495580
1005006646358735
1005006069539366
1005007173084488
1005007102567656
1005003961015645
1005006998284300
1005007116693383
1005005688050038
1005007124105569
1005007252845244
1005005071463666
1005005871669279
1005005505969185
1005007022420089
1005006635951370
1005007089120853
1005005795230300
1005006584862463
1005007130352860
1005007029835374
1005007166619949
1005007081260602
1005001714376574
1005006286412211
1005006758872307
1005006901006268
1005007271396047
1005006743819234
1005006583520929
1005007150105555
1005005870833469
1005007032277932
1005005993464709
1005005878895620
1005006679201389
1005006621677197
1005005794597096
1005006578002642
1005007099687026
1005006412523994
1005005826194224
1005006918742617
1005007003971894
4000012241453
1005004796180141
1005004796147321
1005005580209893
1005003314091275
1005006256981885
1005007117923097
1005006261795611
1005005948151820
1005005616481195
1005006710977660
1005006504925237
1005003309672576
1005007184035918
1005006160355646
1005005947660422
1005002388496052
1005006911426709
1005004820531365
1005007385061475
1005001441179984
4000405204934
1005006323983182
1005005724973243
1005004231628817
1005006298557282
1005005908029409
4000993742337
1005006982943162
1005004775336817
1005005922481440
1005006052563148
1005002963579396
33053204080
32656433585
1005004505341906
1005007187401072
1005007234040553
1005001784839775
1005007115443510
1005006106814010
1005006935985728
1005006924226865
1005007294626336
32960800926
1005007442860164
1005006806862768
1005007058758984
1005006704096845
1005003823153753
1005007084158030
1005005953655214
1005007442968784
1005007289452635
1005006904583406
1005006023024520
1005007301445295
1005007470007914
1005006955664171
1005006171759079
1005006824496684
1005006235594200
4000498405385
4000533281300
1005006949154179
1005007235939936
1005005965417954
1005005485790729
1005007377766942
32960957816
1005004773718242
1005006965786815
1005006286620230
1005001998398998
1005001518515868
1005004645892612
1005002295538231
1005006885137055
1005007101455579
1005007450194907
1005007444330523
1005007488231141
1005007487238877
1005007488253369
1005007486778693
1005007487383147
1005007487257755
1005007485614571
1005007484559359
1005007485382568
1005007481312151
1005007482282361
1005007477076883
1005007475579043
1005007460669835
1005007480316092
1005007480747926
1005007480615884
1005007476091991
1005007465153493
1005007462321275
1005007462505664
1005002443196028
1005007457076463
1005007453165014
1005007451925932
1005006330471118
1005006803195290
1005006447560200
1005007053224697
32793739063
1005007452218902
1005007462212384
1005007462369392
1005007450107036
1005007438310575
1005003658470933
1005004590992917
1005003715957645
1005006681891875
1005006847308004
1005007458383155
1005007452605755
1005007448455388
1005007472721344
1005004556361324
1005005936570206
1005007157006783
1005004564533909
1005007354184923
1005002734809015
1005007378004077
1005007070335648
1005004338758023
1005006975762176
1005006862846563
1005006838417295
1005007152481869
1005006136493084
1005007451226096
1005007281740310
1005007281706508
1005007281421862
1005004824269952
1005006987468907
1005006833027680
1005007026665921
1005006825906476
1005006931551422
1005006425335835
1005007307162391
1005006071359547
1005006934973385
1005006934158037
1005006979180046
1005006934866672
1005006302056752
1005005927329974
1005003649740665
1005006888819693
1005007009345762
1005007253733695
1005006318943530
1005006405044431
1005007051843898
1005006419430353
1005007432070508
1005005696803816
1005005579936545
1005006770857609
1005006696337094
1005006918066695
1005007436424753
1005006770647942
1005006519899746
1005006519617892
1005003026788261
1005004951399193
1005007452209117
1005007244137837
1005007242114666
1005007211641404
1005007211593429
1005007211430707
1005006961870992
1005002567875464
1005007001340483
1005007182486748
1005006905283745
1005006122192746
1005006163387668
1005007170106484
1005007352669000
1005006975722951
1005007175974140
1005005838757921
1005006750344856
4001266820510
1005006105093404
1005006535941023
1005007347015853
1005006446016216
1005003679212590
1005006385406696
1005002003599627
32850530327
1005007370602619
1005007414326103