1005004517344840
1005006489479766
1005006815102946
1005005904978833
1005006058717770
1005006142834372
1005007123705037
1005005904424871
4000799861658
1005004457270687
1005007095481072
1005006948960439
1005006437139013
1005005593649343
1005006437084274
1005005120731741
1005005333849437
1005006533283835
1005006519919187
1005007046665085
1005005819407923
1005005552766646
1005006143034646
1005006891903269
4000960618595
1005005217896507
1005005959820072
1005005910708905
1005006743563590
1005006712715531
1005005354004262
4000087461154
1005006301239120
1005004473670489
32794087305
1005005883526791
1005006127474574
1005005467532407
1005007026660133
1005006013115715
1005005102751267
1005005778000796
1005006186957936
1005003270872377
1005006610590373
1005005834605308
1005006980358880
1005007059526413
1005006600135552
1005005933858037
1005007456304739
1005007430593306
1005007371239662
1005006298546597
1005006417911243
1005005682307915
1005007176560289
1005006239633026
1005007005400491
1005006736015376
1005007336270446
1005007177565367
1005007066473038
1005006770052176
1005006853993060
1005005924326901
1005006212431985
1005006058142077
1005006267516496
1005006641806553
1005005219757455
1005006424950183
1005006251057722
1005006905776554
1005006240261205
1005006666449371
1005006233881520
1005005672386553
1005006747973242
1005006821388337
1005006347671859
4001071583400
1005005702428512
1005006378616718
1005006870323947
1005007402645462
1005005915629897
1005006776645532
1005006902903521
1005004306352818
1005004278116409
1005007378177574
1005004707910105
1005005810040085
1005007334251132
1005006258033296
1005007002120288
1005006430956507
1005003984595766
1005003954436709
1005007336002688
1005007327777542
1005004676875518
1005006949050955
1005006929078371
1005006426124030
1005003613811732
4001282965031
1005005994778775
1005006135387544
4000316819173
1005005289942017
1005004559673750
1005005550866839
4000169228634
4001045725002
4000495824048
1005003374333439
1005005143876219
1005003644314758
1005002504662431
32863116643
4000009584780
1005004212663955
1005003441073727
1005003569520908
32953300580
1005003244235659
1005002883141870
1005005189492998
1005007291804701
1005007464368656
1005007196525308
1005007109679050
1005006366031253
1005007449300072
1005006597940031
1005007448966513
1005005947532295
1005007388486294
1005004984546404
1005006826365134
1005006272553718
1005006750847581
1005006434746505
1005003673976746
1005004870116176
1005007124037130
1005006351938629
1005003919579332
1005003686067759
1005004044767363
1005006771133361
1005003386809980
1005006315942664
1005007009414603
1005005845714455
1005006828597813
1005005804747774
1005007198913637
1005002710344304
32858051745
1005005914229967
32577284151
32575926577
1005004226904574
1005003426312795
1005004064897379
1005003440720867
1005005692460390
1005002907583382
1005006344371528
4000141241911
1005006316001305
1005006532992609
1005006578240883
1005006578367745
1005005505111723
1005006969855203
1005007014968131
1005007028862082
1005003670407219
1005006440036888
1005005539115663
1005007470446894
1005006690143888
1005005118380700
1005007004029753
1005007032948212
1005005856824621
1005006671667362
1005005261873739
4001143296538
1005006947382119
1005005984861928
1005005944739714
1005006771189748
1005007015394909
1005007001844183
1005007004438269
1005006521079756
1005007003930893
1005007002910351
1005007032698549
1005007205262999
1005006771444475
1005006771238860
1005006771317629
1005006354159254
1005006876185295
1005005912094041
1005006784252364
1005004775719554
1005003965348834
1005001432519119
4000091894670
1005004500317640
1005001651248121
1005002538352048
1005006721233997
4000220853887
32730574974
1005003663814894
4000329225656
1005004581410122
32966672557
1005002906320516
488993050
1005001971633771
32890780557
1005001339669628
32646462781
1005003228293259
1005004418584898
1005007377164025
32880458647
1005001658157840
1005007354904333
1005005046574225
1005004600294646
1005006671180945
1005005475780818
1005004749078204
1005005473654778
1005004291001220
1005002781350368
1005005200823735
1005006745060368
32919465150
1005002947663045
1005002830727246
1005001877599399
1005003769210449
1005004475933290
1005007438863227
1005006479957471
1005003692081781
1005002629833547
1005006142571600
1005005554151119
4000584919356
1005006266516800
1005002869019393
1005004962648491
33055146356
1005001878464296
32771430607
1005004792792199
1005003081587403
1005004587140107
4000765526933
1005005141751165
1005004126015139
1005003116934876
1005003779661301
1005002950839441
1005001551260425
1005004215152649
1005004618820933
1005003414587483
1005007096312754
1005007410993552
1005007153221924
1005003985306965
1005003985505098
1005003985403605
1005006844307375
1005007232005694
1005006928032725
1005006204210270
1005006740712733
1005007036875665
1005006740775542
1005006844279410
1005006844328565
1005006740743681
1005006740815489
1005007440113067
1005007451208048
1005007364281973
1005006382517728
1005007025382858
1005006442959316
1005007203823621
1005006884779245
32827944341
1005007289671804
1005001645627632
1005003962548986
1005004742869298
32564573117
1005005321099432
1005005282874135
1005004226840528
1005004119805014
32952293788
32854538509
1005005449161219
1005002337352802
1005004547910262
1005004596637504
1005003070889852
1005004253128352
4000288750418
1005004973525220
1005004925212715
1005003968282199
1005004970399402
1005001350029112
32994104256
1005003307438849
1005004763006338
1005002305386869
4000388354327
1005004126290904
1005002238929351
1005004054756544
1005003686273054
1005004500484592
1005003950660186
1005003098022298
32874222382
1005001394079052
4000031919932
32815200025
1005001798228416
1005003990765372
1005004747974375
4001240168049
1005005430709829
1005002840417592
1005003984763018
1005002275843788
4000282560671
1005002605406875
1005003656848241
1005003883014653
1005004699665483
1005003002298807
1005002352361571
1005005462515526
33025563336
1005004601545358
32974123886
1005002305691942
1005003731463038
1005003367070547
4000790689468
1005003251863774
1005004285267654
1005003956467630
1005003792255048
1005004659643833
1005003356730239
1005004388109518
1005004815818527
32971607008
1005001895910322
1005005291689318
1005005587755285
1005004529057225
33011178325
4001190888336
1005005128726148
1005004738667738
1005002984063301
4001200795838
1005005188746049
32907582476
32887427975
1005003407442485
4001265196513
1005004718615921
32826665984
1005004972289791
1005004560064256
1005005342951381
32839799606
1005003984192382
32953020114
1005003736582769
1005003619722997
1005004675029379
1005002661773833
1005004567788808
32970465541
1005004766592762
1005004295408943
4001236108324
1005003139094379
32959211127
481405856
32961234471
1005004798662098
812893495
1005002907589695
1005003238023221
1005005225428897
1005002072995695
1005003211256631
4000444446257
1005002460747026
32818215361
1005001996130028
1005004193967226
1005001976665619
1005005131726115
1005004343379977
1005003786529597
1005003837889011
4000282537748
1005004204392872
1005002947244816
1005004626428903
1005005415966513
1005003236950455
1005002588479273
1005001512843675
1005004007923970
1005002953939847
1005005134041652
1005003156843520
32956845646
32729487971
1005001288804628
1005004729286595
1005005310558068
1005005466428391
1005003067667315
4001122844640
1005005685828052
1005006121954000
1005006884102388
1005006947362650
1005007090388475
1005006863610746
1005006939347584
1005006917661428
1005006882768899
1005005591417820
1005007314167287
1005007031657840
1005007053299629
1005006776968901
1005007043874787
1005006987956493
1005006825538560
1005006960500069
1005006953839769
1005006837758345
1005006825426794
1005006908903138
1005006924354734
1005007169640951
1005006023041941
1005006267363002
1005006851341012
1005006867071006
1005005301090246
1005007301092531
4001259983783
1005003633249917
1005005820884690
1005006877649267
1005007427631114
1005005858920868
1005006875599944
1005006250069318
1005006574222116
1005007023094077
1005007303916706
1005006175958001
1005004943899952
1005006640752448
1005007303992379
1005003460965715
1005006613657632
1005006573312805
1005002912179370
1005005468056316