1005005552036700
1005001931777658
1005003748293926
1005006211567181
1005006491266645
1005006491477309
1005006924543783
1005005609702110
1005005609525740
1005002590065206
32878521660
1005002367249038
1005004706078102
1005002767179534
1005006342650106
1005006068723161
1005007137829009
1005007130006614
1005007161700186
1005002977556526
1005003772588676
1005006892571679
1005006847522145
1005006861742174
1005007050761726
1005006867771909
1005006867816809
1005006867977157
32842601589
32821227952
1005005792080432
32847067555
1005006756637210
1005006756549236
1005006756627179
1005006756523532
32877414649
32915552082
4000101894896
32915504767
1005005863158347
1005005958570690
1005002712204004
1005005632152750
4001144113306
1005005875788878
32821580399
1005006337100774
1005003389877079
1005004730977999
32820889849
1005002468727688
1005001928977653
32822581073
4000832208633
32859564927
1005004270989297
1005006861637571
1005006861562678
1005006861557715
1005006861365492
1005006867972177
1005006868069260
1005006867916984
32842597696
33052500330
32912664556
1005006363477157
1005005792113487
1005006386127112
1005001648727397
32833390932
1005007088731381
1005004955273392
4000832200877
1005003613207062
33017258132
4000045670862
33013264567
32892190041
1005005826387971
1005007186686555
4000814830465
1005002003518630
1005004920204477
1005004200044909
1005006864290158
1005004961603762
1005005489850325
1005002964858059
1005005453856406
1005005430907158
1005004974064980
32947323577
4001113190281
1005005942274260
1005004433552370
1005003739084601
1005006218952444
4001016364912
1005006034093846
1005005475256386
1005001565329097
1005005241619295
33007303287
1005006861432118
1005006861110966
1005006892934024
1005006868153041
1005006868007466
32820301122
1005006353644890
1005006364413170
1005007089602720
32820301075
4000724782895
33003557416
32999454701
1005007434546899
1005007427935943
1005007405949746
1005007409181425
1005007156493996
1005007373270888
1005007357891993
1005006912660186
1005006949428982
1005003951816909
1005007391771412
1005004078320536
1005006997309075
1005006517895700
1005006980521014
1005005334754366
1005006855256186
1005007207662941
1005007210068335
1005004573375250
1005007376627424
1005007342612811
1005007330638452
1005007128872609
1005007128728851
1005007161094544
1005007161066542
1005007161130407
1005007161224327
1005007131675142
1005007130380234
1005007131702065
1005007130292379
1005007130368269
1005002976146652
1005006923459252
1005006889426967
1005006892807600
1005006892863357
1005006897569260
1005006897646091
1005005433590885
1005005880711680
1005005418138540
32996898979
4000647844314
32996941172
32996336890
32987205521
1005006486140083
1005006860834812
1005007353569536
1005006600626687
1005004929206153
1005007300615932
1005005064118666
1005004753854586
1005001465018816
1005003402470577
1005007283096119
1005005533066306
1005007011875019
4000019689550
1005002878751046
1005005120438772
1005005584967503
1005002663234256
1005002461054358
1005005084255410
1005004406488530
1005003776184949
1005002393278207
1005003730774024
1005001465539481
1005005042218058
1005005411353009
4001263584085
32952973340
1005002924835214
1005006335427029
1005004828210667
1005005084138126
1005006061701364
1005001627109938
1005005038477926
1005005245269389
1005005491614869
32846241715
1005006503657439
1005006518147926
4000091489339
1005003337201420
4001350715494
1005001700614948
1005006654142719
1005004929943495
1005004310767305
1005003136372733
32880737859
1005002804064822
1005006536062853
1005007306400160
1005004312659537
1005004074201598
1005006645747619
4001049426706
1005006777719627
1005006980802729
1005003572241793
1005004428681517
32869663799
1005007197421888
1005002680826954
1005006264169278
1005007297813878
32892518574
1005005263609740
1005004858432963
1005007286901287
1005005310861230
1005003533559563
4000522413938
4000035137153
1005004314416975
1005002481269878
4000927559195
1005003797133855
1005002730156773
1005004187591529
1005004773780423
1005004299220785
32964107678
32967878796
32871698380
1005001934488586
1005003464568506
1005001575758952
33001050729
1005004813105933
1005003593357061
1005005164546498
1005005120498567
1005003038337362
1005001552884910
1005001797797934
1005004295092276
32850936978
1005004586759178
1005003832349680
1005001463237979
1005002854768399
1005004778345917
32966603369
4000850652371
1005005187328178
1005004732154024
4000067071106
1005004016514848
1005004249611421
1005001799050216
32908741860
1005004590509097
1005002048981140
32913218199
1005002709477852
1005004285925140
1005003984033337
1005002834596383
1005004495202707
4000912819371
1005004451182161
4000935248020
32962308129
1005005241768009
1005002352650427
1005001699441251
1005002381514794
32852942689
1005005136671677
1005002765861465
32913665854
1005004995064025
1005003097252863
1005002180202421
1005005626370745
1005003883303068
1005004090607153
32975225562
32989780266
1005004167975366
1005005438799351
1005004666274016
33053190413
1005005309534332
1005004860412728
32995535150
1005002454682330
4000592697560
1005004934597621
1005004064986699
4001197680886
1005004428264911
1005003965849287
1005003205904040
1005002411048290
1005003001287609
1005002367634793
1005004744009320
1005005428949330
1005002979855502
1005001398764981
4001153229298
1005002449915411
33019361266
32652848195
1005005243333795
1005004629591821
1005004870926180
4000905940985
1005004793029262
1005001914031711
1005001702947122
1005004389812674
1005003749633748
32962094916
32912364609
33038980612
4000084067696
1005004401559588
1005002787789519
1005001948312978
1005004902150592
1005003918644643
1005001840307151
1005004114211061
1005005026036844
1005005453239782
1005003962928377
1005004170449919
32983286803
4000899662830
1005004428650377
1005004319252623
1005003765008785
1005002910826628
4001165432190
1005003088618851
1005003967605420
1005006494180377
1005006071851562
1005006062157806
33002401185
1005006303105822
1005003070700611
1005006540406876
1005006191127219
1005006485787734
1005006376966941
1005006851631022
1005006543616091
1005002518409443
1005006818280250
1005003829580739
1005002303701206
1005004289222891
1005006834539118
1005005319705944
1005005857509860
1005005973047151
1005001830158906
1005007360001272
32919400989
4000693870256
1005004604381120
1005006100165528
1005007302869377
1005007394343804
1005006686864731
1005006913725614
1005004428082226
1005007463644540
1005007197750540
1005007487861333
1005007488180522
1005006874357951
1005007488478285
1005007488088756
1005007109396156
1005007487649990
1005006729692037
1005007393772946
1005007204269250
1005006827541492
1005007479527843
1005007467289109
1005007463546590
1005007463791220
1005007464195611
1005007463911007
1005007463904008
1005007463515773
1005007464328462
1005007463574587
1005007464219645
1005007463689395
1005007463659413
1005007464232506
1005007463875059
1005007464344279
1005007464551026
1005007463510718
1005007464496081
1005007463764236
1005007464067788
1005007464462110
1005004440017934
1005006662046236
1005007227103171
1005004046506110
1005007045292410
1005006990908936
1005006424322550
1005006691550681
1005007228136570
1005006208031199
1005006239285948
1005006210862463
1005007221521340
1005007216844720
1005006490701322
1005007109594368
1005007068486838
1005007063691153
1005007022749919
1005007041213367
1005007022395993
1005007019459252
1005006993725772
1005006635192128
1005007446652947
1005005226487423
1005005571383968
32881741824
1005006254901082
1005005225100920
1005006489612431
1005006112271846
1005007440852651
1005007296219786
1005007296117683
1005007022057239
1005006695599555
1005007017819049
1005007217279014
1005007078488084
1005007226216126
1005006431019742
1005006963593489
1005007206327452
1005007214404034
1005007214018665
1005007182283874
1005006960661325
1005007173171854
1005006860246337
1005005685359470
1005007177860537
1005007178445428
1005007210822759
1005007452547774
1005006961672080
1005007391060084
1005007255507041
1005007333788343
1005007228460973
1005007225810768
1005005127575658
1005005127306012
1005006670867517
1005006125248838
1005005578651187
1005006124789854