1005006947763248
1005007156816146
1005002711336609
1005007439563985
1005007298432554
32970467755
32374269879
1005006310965449
1005007226051970
1005007254696635
1005005024464668
1005005792098209
1005007334140626
1005006248154486
1005005872000588
1005007226502249
1005002990007776
1005007070501902
1005004834814579
1005005467143421
1005007224974007
1005006133499251
1005006703481040
1005005505484139
1005005633991833
1005006683563815
1005006583674527
1005006752635631
1005007277172562
1005006950070839
1005006972833243
1005007008510901
1005007438501425
1005007335585835
1005007229027798
1005006263150117
1005005703241045
1005006582351363
1005007273232670
1005006415730374
1005006311235056
1005006486599319
1005002420455523
1005007183536461
1005007458043508
32995206700
1005003107902874
1005006129421486
4000816558253
1005007226136848
1005002313770183
4001150074213
1005003234875543
1005006948688304
1005007255100644
1005003438860503
1005004035452298
1005007168603104
1005001632926149
1005005600603831
1005006699369541
1005006205435091
1005006730406263
1005007226477353
1005006138592910
1005005863035042
1005004083828571
1005007170019184
4000185213052
1005003586472202
1005005538590303
1005005262813744
1005005600452826
1005001349694875
1005003163190836
1005006900350466
1005004049181612
1005006944155171
1005007482144765
1005007483059971
1005006864369061
1005007483259277
1005007018438953
1005007483222338
1005007173473326
1005007266539355
1005006471271897
1005006702770883
1005007317227091
1005006947594591
1005007229435149
1005003385867787
1005007041158043
1005007088329869
1005006677810355
1005007178987752
1005007022520411
1005006980335022
1005006763596495
1005006365778255
1005006801605910
1005006592040089
1005006851666457
1005007183348357
1005007110035215
1005007231548551
1005006949648456
1005007216183435
1005007024101428
1005006602853662
1005006904675192
1005006896900507
1005006614450908
1005006312647448
1005005593935494
1005007208613875
1005007468459705
1005007472893076
1005005943305641
1005007482400670
1005007481693053
1005007481423947
1005007482329847
1005007481247257
1005007476508062
1005005937793723
1005007460950591
1005007444565685
1005007442210743
1005007456041845
1005007474380304
1005005555830101
1005007442604212
1005005608729607
1005007082060605
1005004212438018
1005007452654865
1005007419377918
1005007453641230
1005007452654928
1005007453386491
1005007453097733
1005007433812587
1005007327284176
1005007253951568
1005005951714435
1005006642337547
1005006969766966
1005006582164490
1005007364931035
1005007462252285
1005007462050676
1005007461355651
1005007431985314
1005007454367939
1005007458930276
1005006788207647
1005006920185144
4001049964189
1005007449931583
1005007449723835
1005007273073495
1005007272994780
1005007273297950
1005007267514886
1005007203680740
1005007443907213
1005007446794570
1005004329956834
1005007444893272
1005004156415580
1005007449404813
1005005909649729
1005004914373308
1005007437805621
1005006285258450
1005006102938833
1005007438481739
1005007438207784
1005007437866736
1005007437644854
1005006008070355
1005007432891244
1005007432485967
1005007383178469
1005007273235671
1005006969765301
1005006283853994
1005006959241193
1005007171992300
1005007131344218
1005006976402937
1005007030253542
1005006683767813
1005007071062615
1005006582721214
4000200072298
1005005547324900
1005006746560261
1005006048124534
1005006751630317
1005007255946015
1005006928374786
1005005852434835
1005007438385855
1005006692913748
1005007461957530
1005007462183053
1005007457962876
1005007454618417
1005006589891481
1005007446615097
1005007443230995
1005007446267651
1005007444617096
1005007437764965
1005007438599346
1005007432582770
1005007413405852
1005007424808615
1005007315972390
1005007331052798
1005007372464634
1005007371020003
1005007088249971
1005007090500194
1005006826487250
1005005724831924
1005006640850183
1005006232899226
1005006340110403
1005004515830282
1005007087981927
1005005863876600
1005006831808761
1005006867421997
1005006725453211
1005007246740963
1005002253406469
1005007086343768
1005007014934728
32886792125
1005002297307964
1005006268585896
1005007275733608
1005004862939574
1005006276937409
1005007055396385
1005006979010185
1005002959034866
1005007468703443
1005007468248953
1005006959929296
1005005513657578
1005005573799073
1005005817262884
1005007251383727
1005007161357976
1005004789678316
1005007316190590
1005006850153554
1005005244738317
1005006042373848
1005007393138585
1005007402421942
1005007309871700
1005005831498929
1005006174790283
1005007132747409
1005007246950824
1005006781767171
1005005512144699
1005003498252325
1005007443266414
1005007455645525
1005007444091312
1005005708031285
1005006854617892
1005007163475312
1005005971160714
1005006862000046
32846160112
1005006863047149
1005006852296247
1005005510447096
1005005468001212
1005005351341968
1005007067539037
32770694720
1005007065558081
1005004578443741
1005003967712857
1005001536769364
1005005288522705
1005003750337988
1005002721784369
1005003647729996
1005005401388546
1005004472295202
1005006033084005
1005004677839759
1005004175389908
1005003712188343
1005005383913050
1005002976329654
1005003146159618
1005006397169904
1005006638671897
1005007474935011
1005007217504770
1005007313437219
1005006164645346
1005006193024071
32792886693
1005007316452382
1005007315142290
32795111153
1005006953263652
1005007287732020
1005005786699012
1005007005365365
1005006268431404
1005006286002452
1005006838725970
1005006507893568
1005006923284282
1005006963149035
1005007464249651
1005005221009351
1005005306560306
1005005123877187
1005007468752571
1005007428594614
1005007467749622
1005007469433263
1005007408172645
1005007463540281
1005007369721744
1005006850534297
1005006235279178
1005005912812824
1005006809063481
1005006970393606
1005007376366534
1005007201262792
1005007407855926
4000033335258
1005007408045464
1005006602766477
1005006261162025
1005007384389729
1005007448777826
1005007377446798
1005007146856313
1005007444266204
1005007323868686
1005005946489517
1005006198959570
1005007444153974
1005006580957198
1005007360006327
1005004090796234
1005006314207276
1005006631661182
1005004480306994
1005007451912522
1005007103508519
1005006428950209
1005006419293997
1005007320945341
1005007321731691
1005007050851972
1005004468936342
1005007079261236
1005007451840365
1005006364620374
1005007445129061
1005007470764900
1005003843356589
1005006605998447
1005007393625523
1005003027606227
1005007376212499
1005004109995284
1005002640505159
1005007452373275
1005007470982500
1005007451877629
1005006380498426
4000548886418
1005004926899362
1005007470878707
1005004998955849
1005005621990123
1005006067563347
1005003334401533
1005004701443448
1005005653500907
1005006963360698
1005006637815380
1005007318178985
1005007451994699
1005001810769679
1005007419671019
1005007471597093
1005007200690902
1005006872911774
1005007328985634
1005007451888309
1005004476795269
1005007478953061
1005007471086277
1005007457272401
1005007456136594
1005007408882306
1005007444147933
1005004093771695
1005004338338714
1005006787142320
1005007469965868
1005006931317959
1005006717607491
1005007469930373
1005007305883963
32848993650
1005007376720571
1005007470998174
1005006794767062
1005003336751727
1005004696995191
1005006317714212
1005004831977427
1005007167871711
1005006586198076
1005007471397501
1005007478911130
1005007478574680
1005006380815536
1005007469806078
1005007209396045
1005007471376565
1005007210162157
4000823493268
1005007471343506
1005007470884275
1005006094715608
1005007469152274
1005007477630305
1005007477611299
1005007477469686
1005006380471032
1005007071317849
1005007127911773
1005006611242108
1005007478757303
1005007424099261
1005007471361539
1005005389460594
1005006207979689
1005006667375136
1005005709297179
1005007471546182
1005006829005726
1005005434052265
1005007477396879
1005006085219658
1005005642149276
1005007471125996
1005006359903641
1005006828953970
1005007477368918
1005007050129504
1005007252045380
1005006841861040
1005006828940877
1005007471483277
1005006280598708
1005006873007124
1005006790138314
1005006754722425
1005007187368733
1005006795071620
1005007471387375
1005007226533935
1005007471162821
1005007461563342
1005007319754832
1005007269350592
1005006075121319
1005007471437300
1005007458184775
1005004415634350
1005007447637043
1005007471331486
1005007332565797
1005006546456971
1005005949381896
1005006654238770
1005003902971941
1005004999142386