1005006814870116
1005007460731866
1005007084387150
1005005647979685
1005005680073866
1005005971290173
1005006142476018
1005007336893869
1005006115517460
1005005649274389
1005006663464631
1005006431645702
1005006579564338
1005005525770810
1005006777101761
1005007178106090
1005006864475024
1005007310134416
1005006886044062
1005007213409496
1005007216920211
1005006434226191
1005006739222293
1005006838144110
1005007142770893
1005007379199086
1005007205956665
1005006431726215
1005005088201679
1005005088916343
1005005088151230
1005005324845358
1005005088250751
1005005088153225
1005007176244211
1005005088097942
1005006086611467
1005007420563162
1005006547995382
1005006692622708
1005006060046290
1005007199270008
1005005088328189
1005007021893856
1005007310316690
1005005088874901
1005006770928304
1005006882122447
1005006786218596
1005006777596885
1005007122980466
1005006963528343
1005006956517645
1005006815658686
1005006852186827
1005006969077489
1005007274996975
1005006861586807
1005007407313698
1005007300981778
1005006498458321
1005007158163982
1005007317735868
1005006470415465
1005005544790567
1005006497936198
1005006211864083
1005006993793868
1005005560838059
1005003499048563
1005003388187632
1005005476717116
1005004906438317
1005003721124971
1005005489494100
1005004117421125
1005006213103769
1005004977708363
1005004977669011
4000135371731
1005004977673296
1005006467496245
1005004977617748
1005007431532898
32800349761
1005007298361484
1005007464024388
1005006693150197
1005006405740423
1005005866639142
1005004003150927
1005005039126032
1005004634366076
1005007125478080
1005006397186507
1005007124677174
1005006373261596
1005004902753048
1005006183472985
1005004846498158
1005006407896526
1005004854102420
1005006084753622
1005005012597256
1005007437135651
1005006518968310
1005006649731940
1005005963986281
1005005614500413
1005006184714068
1005006813143585
4000855343851
1005006745692458
1005001988425280
1005006771689029
1005006533537346
1005004691908174
32737991897
1005007168886519
1005007009588151
1005005867690995
1005006822625547
1005006074979680
32796427188
1005006283619869
4001210084202
32800558613
1005005444681078
4001269304159
32903108740
1005006418873613
1005001990557295
1005004830790590
1005006303697955
1005006374289477
1005005952461951
1005006277849584
1005004337651673
32902927404
1005005958818897
1005006141341249
1005005856209729
1005004740249206
1005004694882828
4000825899678
1005007486296332
1005007485700429
1005007477638875
1005007440170490
1005007440268972
1005004810077398
1005005975259988
1005007137408957
4000855762873
1005006567548431
1005007446848476
1005007446658861
1005007440107986
1005007001792261
1005006630252110
1005005923833477
1005005645091210
1005005703645791
1005006296247805
1005005886795940
1005006270861338
1005006477509613
1005005236906902
1005004667663848
1005007174176091
1005007061884063
1005005242372356
1005005698701083
1005006954165764
1005006239424884
1005006520927642
1005005431976162
1005005431873457
1005006890491178
1005005976094484
1005005785577740
1005005431837299
1005005976168693
1005007425356862
1005005976018132
1005006849652705
1005005976093275
1005005976254288
1005007328246351
1005007042954500
1005007009908706
1005005976017126
1005005431708936
1005007010108766
1005006962117764
1005006956474306
1005006119728749
1005004761860425
1005006781325367
1005005477175618
1005006060933879
1005006870352713
1005007154373902
1005003802211078
1005002175052778
1005002175203043
1005005072657534
32636133526
1005001368359539
1005003666490212
4001097674180
1005003236673812
1714277133
1005006741500504
1005003229808183
32971575264
4000980870282
4000979913933
4001047843879
4000984814926
32734238158
33024682030
32842574704
1005004861180112
1005004062291490
1005005607168459
1005005037816848
1005007451244981
1005006839729627
1005004734300072
1005002581176031
32739690176
32756622433
1005007257869778
32820248469
1005004734244511
1937318033
1005003570613584
33041415462
1005007268482300
1005002473716990
1005003665861938
1005002633438947
1005003849221776
32893647921
1005001266071462
32829865780
32828829360
32826558362
32806557069
1005003196476905
1005003311982643
1005006560269878
1005003968319539
4000370004619
1005001534023271
1005005889432732
1005004614451646
1005006692706702
32745821191
1005003384278259
1005007120535000
4001090133855
4000427634842
32995011060
1005002572268384
1005005897523440
4000912175659
4000912205229
4000912179657
4000912204262
32826804390
32829098397
1005005227618189
1005002848324478
1005004853131969
1005006131149423
1005003198806974
1005007408659199
32828536143
32831186551
32829986719
32829399458
1005005580805127
1005003306899771
32829616723
32830835774
32828926921
1005001605207066
1005003906036931
1005007188466631
1005006205679022
1005007413032876
1005006446769090
1005007299350012
1005005439532328
1005006730909907
1005006628628975
1005002484152202
1005002924514905
1005005793265721
1005003615358078
1005006590109807
1005005193655428
1005001686172867
1005007211469853
1005004541883832
1005005295776142
4000857918325
1005004296392495
1005007456756883
32506486753
1005006897337634
1005006239220646
1005007267710429
1005007299250827
4000511211696
32750038455
1005007076365777
32831427941
32828834166
1005007404794762
32828468964
32828921195
1005003537403786
1005003555955888
33005882614
1005005037847136
1005004622615831
32439153976
1005003746239269
4000967941955
1005006668336129
1005003582790156
1005004811224697
1005004861114935
1883547096
32861371979
1938305998
1005003405505355
1005004169627666
1005003188518591
1005001686146699
1005006685941358
1005005888751338
1005006939721540
1005006939585753
32829636956
32829405271
930968695
800102725
32828464891
32831303217
1005005795567781
1005003849235747
1005003556238588
1005003661443961
1005004771230464
1005007299200975
1005006991186348
1005006221428776
1005006898311790
1005004809062721
1005005768422858
32763419832
1005007091612044
1005006754760917
1005006970277982
1005005902669584
1005006884686889
1005005902839677
1005007437738165
1005007426162956
1005007196578540
1005006666678328
1005007381605724
1005007287534578
1005007195966098
1005004595531024
32945304249
1005006975354594
1005006884842305
1005006884939076
1005006839647393
1005006839629262
1005006833228787
1005006814430727
1005006755987801
1005006628783341
1005005761650017
1005005104443761
1005006014056918
1005005695537005
1005004011250981
1005006290456482
1005007430077500
32946790420
1005007426733045
1005007383011826
1005007162968200
4001219492526
1005003683035223
1005005468359945
1005007376838741
1005007094384739
1005005622002212
1005006031097629
1005006627092013
4000619792518
1005005485406886
1005001863630769
1005006144875064
1005004133207803
1005006741199795
1005006691622934
1005007378372590
1005007381633703
1005006612972190
1005007112688300
1005007174281599
1005007103288193
1005007094469517
1005007094048859
1005007094207405
1005007094500573
32946758957
32944822424
1005003287786858
1005006011653165
1005006708089026
32948072076
1005005501869298
32946774695
1005006258723974
1005006064283982
10000231699853
1005006078693230
32944826411
1005007376672987
4000133179094
1005007371822325
1005006523813539
1005007329656632
1005005786334537
1005006863352471
1005006729423568
1005006761491027
32888465859
1005007376670278
1005007448952944
1005007115108961
1005005310184771
1005005576365839
1005007292429221
1005005759154916
1005006921903662
1005007483879815
1005007462489693
1005007484932911
1005007476098132
1005007371254749
1005007449424629
1005007449120498
1005007441369438
1005007415931308
1005007412757535
1005007412861408
1005006947508678
1005007430757794
1005006092640984
1005007273274255
1005006405647820
1005006987437138
1005007302157773
1005006405633882
1005002680024700
1005002450518178
1005007327068643
1005006888077468
1005007353908511
32908008940
1005006661535584
1005006208501182
1005006498598392
1005003769883356
1005007163056603
1005006102385757
1005006885275940
1005003744441218
1005005394148052
1005005861044091
1005006733424722
1005006288316658
1005004944622628
1005005611505954
1005004536156554
1005001688462940
1005006854560257
1005006318819108
1005005977099859