1005006912951115
1005006166530327
1005006911728491
1005007318470090
1005007218483164
1005007218052820
1005007236199349
1005007282124669
1005007254328863
1005007280511999
1005007254776111
1005006985998294
1005005810696016
1005006336347063
1005004277001362
1005004271112851
1005007006588797
1005007007744243
1005007005367989
1005007005497829
1005006845919611
1005005507723204
1005007260062579
1005007210504398
1005007055475006
1005007061450466
1005006813807570
1005006747836996
1005006753246706
1005007307338098
1005007278315690
1005002777398483
1005006110797169
1005002710911223
1005007007557686
1005007005613720
1005002755901704
1005003207534299
1005007161951761
1005007161858332
1005007155511203
1005007156072180
1005006861397413
1005007095567167
1005007095394472
1005007088041652
1005006337886292
1005006339530249
1005006339393926
1005006337884196
1005005509096772
1005005507676352
1005005507324204
1005007068510963
1005007053238553
1005007039417700
1005007032501706
1005007009230972
1005007016653814
1005007016872171
1005007022832069
1005007009570985
1005007010598748
1005007009623000
32996447536
1005006741206903
1005006986326041
1005006342372248
1005005637323964
1005006882853831
1005006318113050
32844386182
32843796847
32843828653
1005005301757880
1005006166626061
1005006761572995
1005003685517955
1005004345877316
1005006119699347
1005005982575187
1005005787351190
1005004544337606
1005002359895189
1005004512512818
1005002350637578
1005003535119440
1005001494865158
1005007172643604
1005007008219042
1005007005763148
1005006328069779
32863965746
1005002877698575
1005007456619375
1005006756914013
1005006358488614
1005007260011492
1005007233303039
1005007128256444
1005007161738487
1005007124783876
1005005842571160
1005007013803633
1005006980306485
1005006980314277
1005006974647982
1005006980358407
1005007001429814
32843836030
32842925221
32843836051
32843844094
1005005301813165
1005004791020920
1005005995229914
4000195233012
1005006119442333
1005005727139860
1005004085384721
1005006340404534
1005006337927392
1005005507283638
1005005507261329
1005006342054505
1005006340420166
1005005450011113
1005006533598696
1005006020717762
1005006107703592
1005005324225442
1005002254061225
1005006974383291
1005006974175767
32844378512
32843840151
1005006825810315
1005006723331706
1005006182279546
1005004336857998
1005005346144155
1005002294098478
1005005278318023
1005005300284007
1005004626517522
32827394662
1005005962312251
1005003607857686
1005004256063183
1005007219803480
1005007173500927
1005007290036904
32994781749
1005001759442110
1005001520411321
32922825196
1005005556483906
32878140163
1005001759112894
1005006152342577
1005002589032113
1005006028784429
32996782862
1005005916750384
1005001711236079
32923848169
1005003461642876
1005006365345961
1005001711022715
1005001711098986
32870830308
1005001860807705
1005001414712987
1005007029144710
1005006341630183
1005005478160474
1005005478148566
1005005480268317
1005005480265416
1005005480209732
1005005478270051
1005005478268074
1005005478230382
1005005478261211
1005005825883686
1005005825212492
1005005710176716
1005006586990652
1005005611226822
1005005611313613
1005005727346171
1005004958577089
1005005858076805
1005006195154342
32799351404
1005005300098857
1005005467246141
32816692466
1005005457749275
1005007317854154
1005007059069835
1005007315969704
1005004358479332
1005002833937831
1005004655844935
1005001474941473
1005006742078684
1005004105337195
1005004745116144
1005001670946524
1005004106325412
1005006940701697
1005005039602948
1005007437124957
4000349527001
1005007315969595
1005004841996164
1005004502785993
1005003002849261
1005006054361492
1005005986023359
33063035457
1005006583776538
1005007024987478
1005007315938127
1005006844045883
1005006789177708
1005004290348611
1005002895872954
1005006806490510
1005007431836039
1005007187336571
1005004358451928
1005007274527784
1005005935795091
32801582407
1005002783599260
1005005238338030
1005006796251667
1005003993939833
1005007025477954
4000473910094
4000402508882
1005007468863384
1005003981280734
1005007159745800
1005006048984026
1005006806082720
1005006475191617
1005005561484611
1005006864314042
1005007210699694
1005007480793136
1005007481583483
1005004111968604
1005007447372155
1005007438859269
32830080132
1005007454502412
1005007418325802
1005006946843262
1005002906209351
1005005601425954
1005002905589852
1005004740937361
1005007352320809
1005006851755313
1005007005016868
1005002931780450
1005007460236862
1005006727625041
4000052674710
1005004314163811
1005007443944829
1005007446214692
1005007105012270
1005006801947440
1005006461641862
32832891493
1005005891807533
1005001481307510
1005004145476649
1005004662610630
1005004787776259
1005006836145574
1005004048008402
1005005351930443
1005003106088925
4000388866015
1005005805006561
1005004101256542
1005006769695152
1005006234626542
1005004091980688
1005006842193310
32974721408
1005006694815674
1005007210955912
1005007017216788
1005004183594029
1005007344790751
1005006424197668
1005006982023166
1005006021613050
1005007225378752
1005007068806405
1005006596810733
1005005645008201
1005006279033145
4000057509418
1005005389974393
1005005880535046
1005006960349558
1005005651550498
1005007137859115
1005006427660541
1005006884331804
1005005944521301
1005007107100200
1005002578006522
1005006596599895
1005007138722514
1005002553906968
4001176034100
1005005044150192
1005005753940923
1005005681795256
1005007179061612
1005006842229179
1005005929700755
1005007272246206
1005006960776731
1005006587955832
1005004046810752
1005002139348897
1005004707351173
1005004064361061
1005005806065733
1005007440707608
1005006588401907
1005007120182646
1005007407599958
1005005268720869
1005007386163453
1005005513076384
1005006721698237
1005007321995365
1005007343802487
1005001611809776
1005006933572483
1005007335596196
1005007181414789
1005006604350423
1005005340433731
1005007305725467
1005005779305970
32910066197
1005007135341437
4001231887504
1005006304943185
1005007101574507
1005005485934556
1005006887757489
1005006635824979
1005005344027920
1005006224572651
1005007325604173
1005003224706568
1005004397283248
33049413787
1005007441217004
1005006615366439
1005005611574038
4000711259884
32787346564
1005007124156894
1005007033501243
1005006959548552
1005005310097242
1005006513123752
1005006281550192
1005007431814554
1005006274551847
1005006185729210
1005007466356954
1005007419454310
1005002246772479
4000152874865
1005004905145442
1005007126537219
1005004904323868
1005006296493920
1005006150641800
1005005057626952
32910487161
1005002034565096
1005003883407093
1005004659929589
1005004906847615
1005006211182191
1005006180487328
1005006630187397
1005006222610978
1005006363068981
1005001465202100
1005006218008793
1005006929418691
1005006064581869
4000194944735
1005007010326385
1005003313700072
1005003622976648
1005002512893081
1005007017105646
1005006851537484
1005006108359844
1005004876508521
1005005385174020
1005007471005496
1005007371781548
1005007112304445
1005007380270116
1005007471382368
1005007474698071
1005007486693500
1005006234474353
1005007462092369
1005007462249038
1005004861450926
1005007469389578
1005006335466405
1005007450682867
1005006621824359
1005006626091035
1005004020891154
1005006262942924
1005006277546205
1005006386480002
1005006314530084
1005003458758488
1005004866084980
1005007474344833
1005005898035054
1005006271130024
1005004603319762
1005006223029139
1005006331871901
1005005955230971
1005005933140476
1005004549960605
1005005955447967
1005005253340802
1005005418323739
1005004571042096
1005004823057741
1005004891661087
1005001576283992
1005005921794699
1005003572642520
1005006282480328
4000141484391
1005005972388606
1005003580646739
1005006139081534
1005006203254243
1005005835109557
1005007418498649
1005006311091226
1005006237042788
1005006492044791
1005007220525444
33058180539
4000784880386
1005004480479664
1005007330101088
1005007376699466
1005007376819990
1005007261188387
1005007376863530
1005007223736366
1005006243957959
1005007223122984
1005006124408581
1005006261327522
1005006200333081
1005007222974520
1005005273043689
1005006994120714
1005005933251545
32293527553
1005005505172472
1005004502672356
1005006719634438
1005007052892637
1005005429070308
1005005278354374
1005004756249820
1005005543760009
1005005707640255
1005006719680325