1005006967151977
1005006910271606
1005007191431518
1005006317964974
1005007004872987
1005007269384523
1005006041518274
1005007201768024
1005005402680632
1005006358246067
1005006239351171
1005005376543800
1005004439095389
1005005727567647
1005005884919690
1005004865795419
1005005874090389
1005007043834869
1005003647517033
1005007140953693
1005007169908718
1005004074981053
1005006259342817
1005001545308842
4000607633951
1005006907701622
1005006752166089
1005001508284423
32889798915
1005005486202609
1005003675254753
1005005674153435
1005005937226323
1005007089765826
1005007188764566
1005006562928853
1005004464254650
1005005724860723
1005007022567356
1005007165991087
1005006785007329
1005006358675905
1005006285378095
1005005955586559
1005006442372201
1005004799358791
1005006797711658
1005007400785069
1005006721972652
1005001458447925
1005006992557050
1005007044243664
1005007287339296
1005004369514704
1005006703818106
1005006969031848
1005006766722934
1005006519139737
1005006773566834
1005006721538476
1005006691505365
4001267866410
1005005824933105
1005006778233504
1005004484217818
1005004616515132
1005006655119493
1005007044260242
1005006332014147
1005002650827515
1005006489571436
1005006063829442
1005002509965113
1005006777393994
1005006754810741
1005005291087012
1005005629721657
1005007312056408
1005003533193802
1005003094519330
1005006278306971
1005004379639482
1005005332821953
1005004907677355
1005005242200950
1005004558055563
1005004839831006
1005004865279040
1005003528157731
1005005887235534
1005006408919095
1005004235085788
1005001941634894
1005006285206870
1005003463375229
1005006721310389
1005003782551608
1005003153146640
1005006105493362
1005005775284310
1005003583939617
1005002595472537
1005005937184827
1005006136683855
1005004140058796
1005004799404193
1005003167521741
1005001639994957
1005006158408042
1005007115371324
1005006223685890
1005006983678595
1005006336651955
1005006562486427
1005007046643759
1005006834067357
1005006446754001
1005007252765863
1005007325806055
1005006712569226
1005006895920408
1005007143442018
1005006183016312
1005005358142138
1005007074301797
1005007453315048
1005001543764618
1005006068704847
1005006597053075
1005006524941655
1005007057777915
1005006475806898
1005004794566017
1005007451949921
1005007458158684
1005007072423161
1005004902915743
1005007160112160
1005006949571394
1005003983922905
33021595301
1005003110100954
1005006059462968
1005004852246684
1005006565232171
1005006583022542
1005006546825356
1005007477332786
1005007421858256
1005007451849216
1005007461020346
1005007463897920
1005005313311677
1005007025400798
1005007431987242
1005007417232609
1005007361064529
1005006766028812
1005006737151798
1005006099728669
1005007325717367
1005007325739254
1005007325798075
1005006909913557
1005007317306838
1005007025419659
1005007025625201
1005006813406633
1005006745087156
1005006740715978
1005006791136017
1005006703314566
1005007220424473
1005007202572015
1005006917470308
1005002878193915
1005006600241418
1005005937040092
1005005772280175
1005005301444229
1005005119010587
1005005824197751
1005007440579094
1005006999007834
1005006893435199
1005005819229623
1005007431877493
1005007374556550
1005006918152187
1005007325535948
1005003984422794
1005004127727642
1005007174941726
1005007183147787
1005007125955649
1005006069306098
1005007344847928
1005005392340155
1005005981911389
1005004289919245
1005007190943760
1005006853394968
1005006667944899
1005006392525155
1005006601343263
1005007024944552
1005002944682494
1005004538421533
1005002518152715
1005006707048531
1005007113905660
1005006377038723
1005007366667015
1005005459758794
1005006235180922
1005006775714430
1005004700318427
1005006990875264
1005006355663881
1005005497210036
1005007316831641
1005006443243035
1005007025204839
1005007025620306
1005006355973053
1005007024966639
1005006221423023
1005004749451525
1005006313400756
33044240906
1005007334046406
1005006919214659
4000239708042
1005006250454365
1005007138404704
1005007021739944
1005006885554512
1005006732545884
1005007325737264
1005006668340530
1005007180988545
1005007317161133
1005005081396342
1005007471921209
1005006651014774
1005006888907423
1005006069408006
1005006143607684
1005006621154703
1005006234443588
1005005480708094
1005007325596717
1005006266137392
1005005338352405
1005005757396185
1005004359207999
1005007252943879
1005006803303262
1005007136230961
1005007176756240
1005006904043332
1005005792910857
1005006387174503
1005005030174633
1005007197599061
1005007471534928
1005007471664701
1005007113630274
1005004513074342
1005006317494929
1005006443823697
1005007228639533
1005006691803467
1005004454528880
1005006914982800
1005007325647599
1005004708548587
1005006760957086
1005006722101863
1005006399729076
1005006922121789
1005006878765029
1005006902580335
1005007178336757
1005006938858231
1005005572048632
1005007025786586
33058012466
1005007295793431
1005007202948982
1005006355798406
1005007471647845
1005007325800090
1005007207115750
1005002577850639
1005007054873932
1005006901575975
1005006318727220
1005007024906826
1005007086435402
1005006434608680
1005006641631129
1005007270258433
1005006068207888
1005006999225310
1005007246115624
1005006427601779
1005003100915211
1005006993884090
1005002290023514
1005007025347809
1005005502354724
1005007051322630
1005006778420286
1005006692079156
1005007029090466
1005007207394127
1005007281777282
1005006626294306
1005006750880310
1005007207027764
1005006717208340
1005007388026100
1005006798067145
1005007024756924
1005006712421757
4000125875854
1005007471935221
1005007471661837
1005007471722693
1005007471623863
1005007024760364
1005007270341047
1005006712395836
1005006879450957
1005004388821171
1005007325485304
1005003256383080
1005002537964292
1005006838265637
1005006717091747
1005006316342258
1005007206990465
1005003025564752
1005006662192448
1005005495426508
1005006143491746
1005006287549112
1005006711913231
1005007457173533
1005007457053391
1005007452352545
1005007452602756
1005007452662720
1005007453109193
1005007453109471
1005007452837464
1005007452588755
1005007452880406
1005007452619361
1005007453178160
1005007452600865
1005007452650975
1005007452789551
1005007452973304
1005007206925632
1005007472278893
1005004388852035
1005005808070568
1005006069166811
1005007267963981
1005007417225584
1005007471265916
1005007473029955
1005005486756880
1005004909318878
1005005792049144
1005006378119931
1005007024791929
1005007270221883
1005006232722909
1005006909527018
4001153319580
1005007199501095
1005001790502752
32982507461
1005007270041955
1005007270360292
1005006797516669
1005007025831021
1005006131133473
1005007045494173
1005006311766640
1005006964989129
1005005074593056
1005005305004453
33060962787
1005007270141660
1005004369472999
4000313126413
1005007207053789
1005007052422093
1005006878818258
1005006441211831
1005006378271274
1005007025202851
1005007024962318
1005005970350603
1005006379508522
1005006382639142
4001195728407
1005006270757870
1005006618287346
1005007097008498
1005006131033115
1005002668621891
1005007096793970
1005007038081358
1005006722537573
1005003884422351
1005007235621314
1005006706973915
1005006312116388
1005005936958932
1005003726747797
1005007317016608
1005006016515129
1005006845538230
1005005074555667
1005005548099809
1005005285579563
1005005310083224
1005004339068059
1005003436420472
1005002435125542
1005006839367715
1005005197342379
1005002789197060
1005004595544689
1005003154432239
1005004690994080
1005006696978430
1005004992010105
1005002842345807
4001103136550
4000504896650
4001133814342
4001062465101
1005007176060240
1005005476150033
1005006939203398
1005002661151131
1005005838334573
1005007261560458
1005002613777045
1005005987953016
1005007156378995
4000176430772
1005006354469524
1005005257050825
1005006376274549
1005007296388493
1005003165720176
1005006866198865
1005007131751937
1005003473920268
1005004629508817
1005006110645086
4001154058606
1005002489606726
1005007399979740
1005007424217561
1005007453531724
1005007412765837
1005007246943040
1005006889011460
32810038208
1005004524514807
4000197691013
1005007478698783
1005007485653388
1005007477768784
1005005591394835
1005007484288044
1005007470050122
1005005853396908
1005007276146673
1005006446373203
1005007472048580
1005007459519484
1005007118848527
1005005735957269
1005007449059626
1005007398739369
1005005740711920
1005006635893301
1005003362191782
1005006833211341
1005005077569846
1005006461511044