1005005937404939
1005005629372286
1005006313174621
1005004514813321
1005006573522515
1005004505676875
1005002489122213
1005006390527982
1005005654272889
1005006469347469
1005003405031740
1005006064361591
1005006895224966
1005007168429984
1005002628076603
1005005440557534
1005005747360373
1005005444713763
1005006865330161
1005002089817724
32957411601
1005004866574486
1005006580593285
1005006393161587
1005007372006585
1005006749024052
1005006280618991
1005007372006600
1005004614826571
1005007318436848
1005007318419881
1005006718469005
1005005428576317
1005006856014289
1005007264688942
1005007110495649
1005007176353077
1005006473060260
1005007084803116
1005007063879013
1005006981707035
4000858998065
1005006733857598
1005007464948759
1005003404604351
1005002469774455
1005002933119833
32784215319
1005007017417935
1005003030515942
1005006987826319
1005006924875737
10000164990262
1005006844115119
1005001361510406
1005003553349675
32861433452
1005006053727605
1005003493166862
1005006464150446
4000844100685
32947377390
1005003707348296
1005006124496432
1005005565597254
1005006873386324
4000673113990
1005005342434003
1005006342338742
1005007081576433
1005007083661763
1005006258135682
1005006623491791
1005006195093572
1005005319184499
1005006843721257
1005002976318983
1005006632703026
1005006843838000
1005007227713551
1005003026014627
1005006383235886
1005006044874486
1005005859436772
1005006342489023
1005005340742558
1005006756357396
32794938600
1005006638146400
1005005343990168
1005007203484678
1005002364978011
1005006979779808
1005007449723434
1005007339058213
1005002253035973
1005005403264560
1005007482761181
1005007488407289
1005007470820930
1005007128630475
1005007471171213
1005007470826924
1005007081821162
1005007197877989
1005006195067689
1005006996113435
1005006918153770
1005007265431742
1005007135485469
1005007198399183
1005007198002726
1005006584119131
1005003252966692
1005003575183226
1005007488912057
1005007487940653
1005007488382808
1005007476113475
1005007444171507
1005006533750050
1005007300120913
1005007380495685
1005007350395435
1005007427125518
1005007405035592
1005007322484256
1005007269083448
1005007392966134
1005007393207229
1005007393386601
1005007394878477
1005007363943658
1005004029668362
1005007360453145
1005006773801617
1005007283483397
1005007283838833
1005007343802423
1005006988558955
1005007155001974
1005007155943025
1005005075887762
1005003230240089
1005007450821912
1005007488629783
1005007405295413
1005007404825924
1005007405093040
1005003230270050
1005007161664020
1005007250043051
1005007314554682
1005006844993290
1005006262183327
1005004465405050
1005007045261740
1005007022489969
1005005225919701
1005006148677298
1005006505074890
1005007291672286
1005005159900744
1005006578583844
1005006898178436
1005004834799936
1005006636020329
1005007109873971
1005007109432388
1005006077199812
1005004889723126
1005005300845115
1005006568724504
1005007337229719
1005005640788372
1005006598666217
1005005597355937
1005006086285143
1005005918913368
4000145244115
1005006417917334
1005006417468477
32366078183
32921125641
33036699352
1005003092111000
1005006213020335
1005006390978170
1005006113599347
2042863920
32962522669
1005006486815036
1005006390975951
1005006484088134
1005006400941094
1005004705949057
33038844823
1005007402963773
1005002813640111
32948120234
1005005760302384
1005006491032055
1005005996074598
1005005520387032
1005007114530507
1005005297714771
1005006806565060
1005002811561013
1005005530998809
1005007074678097
1005003293535865
1005001968189667
1005005034219099
1005005665440337
1005006848419670
32919209412
1005005286416873
1005004792942655
1005005883731831
1005005235455832
4000185683464
1005006030825083
1005006932138468
1005006862476025
1005006257590098
1005006074544933
1005006231580553
1005006314156696
1005006476668223
1005003590931619
32997818273
1005005879856738
1005007059749682
1005006115473026
1005006722731404
1005004832788095
1005006448336283
1005006643966110
1005004809104585
1005006344029452
1005003569616684
1005007170964441
1005005813905227
1005003296468242
1005005957118549
1005006305039975
1005006316827899
1005004161663160
1005005626223889
1005005911672716
1005006758732539
1005001947863059
1005006812664733
1005005539425937
1005007423332850
1005005997659916
1005006393680228
1005006305027480
1005007215147792
32887265061
1005007480548972
1005004880298444
1005007444493920
1005007448979288
1005007415473395
1005007082146752
1005007319792383
1005006394080267
1005007185017392
1005006739707465
1005003590105568
1005003590956063
1005004161519647
1005004161533482
1005006076599842
1005006113620360
4000873323999
4000145201022
1005003916806967
1005001375038348
32746846044
32746368527
1005002452866773
1005004855128790
32905734712
32748539982
1005001494949066
4000830825111
4000414921048
1005005699002304
1005005016034919
1005005709457290
1005003590865674
1005003458622922
1005004161549332
1005004161515609
1005005556210139
1005004161610107
1005004161592274
1005003590877899
1005004161659194
1005006113713167
1005006113530945
1005006113470682
1005006113507958
4000873269409
1005004159902174
4000141816227
1005003458698229
1005007418321815
1005006415709464
1005006801496798
1005006936907041
1005007039721089
1005007464691317
1005007458376687
1005007470321553
1005007456576798
1005006690111479
1005006733451109
1005006691916539
1005007320143258
1005007365156651
1005006996722506
1005007115492477
1005006816350161
1005001659189535
1005006904733163
1005007047495001
1005002679873281
1005007003088426
1005006754813550
1005007175733708
1005006729715600
1005005416941558
1005007103855082
1005006618062583
1005006623897911
32718772945
1005005187181228
1005006691234474
1005004085300270
1005006794358442
4000014787633
1005006888222067
1005006531805216
1005007234161578
32902283827
1005006059424114
1005004346232059
1005006282680841
1005002572956170
1005006277871976
1005005686373645
1005004627876196
1005002963293211
1005006856490174
1005006150229983
1005006834555269
1005005609759387
1005004659733392
32614029354
1005006841046382
1005006825423081
1005005009358313
1005006569363681
1005007178167710
1005006442289125
1005005810013226
1005006639069502
1005006458473234
1005006574762206
1005007179698230
1005006409453048
1005001587790124
1005006442358717
1005006809387711
1005007178346118
1005002688662398
1005007051256486
1005007070333920
1005007000728383
1005006795626589
1005007091025612
1005005301679750
1005002925782924
1005004588793770
1005005698855582
1005007003368556
1005005209094839
1005006147679395
1005005490069847
1005006943834302
4000030047702
1005007059914572
1005006808676891
1005005351032352
1005005529730188
1005007175586125
1005005690802994
1005006989401171
1005005453826756
1005007251819162
1005006082951863
1005004714156813
1005006528233384
1005002872449021
1005007017940218
1005006320939292
1005006131905039
1005007001035536
1005006841905099
1005006120816888
1005005643672969
1005007003741722
1005005713570899
1005004863973792
1005006735393509
1005004471911071
1005001530951904
1005005486891226
1005006163632603
1005005791775381
1005002939746369
1005005888182975
1005004114812862
1005007051431270
1005006857228789
1005005398678276
1005006803035350
1005004916793046
1005006319387068
1005006228880777
1005005728310328
1005004293623176
1005004427703686
1005004552859230
1005002676389098
1005004697468264
1005005840462940
1005004079428494
1005006076285872
1005006907652839
1005003898102969
1005005857995150
1005001874017992
1005003797214751
1005003067156304
1005004649802092
1005005372526734
1005006088828411
1005005368242795
1005007011699018
1005007442128154
1005007489442459
1005006715424860
1005006896463493
1005006627374293
1005007372954751
1005007160762041
1005007086925349
1005006486222313
1005007476143257
1005007443969495
1005007326860928
1005007471411451
1005006734963182
1005006565317143
1005007444797631
1005007447370197
1005007419985311
1005007299125557
1005007409365145
1005005961264515
1005007349706761
1005006249729075
1005005800663685
1005006856264848
1005007198988353
1005006850423992
1005006908502965
1005006109928178
1005006162061880
1005001333191613
33060204176
1005003341542022
1005002101353069
32947038695
4000695412665
1005005826159712
1005007327725420
1005002294108283
1005006802957612
1005006866638709
1005007392872186
1005007344405443
1005005083038714
1005006162179102
1005005521943867
1005004150401974