32814717603
1005007075398080
1005006395708577
32870482797
1005006353397935
1005005426762378
1005006403326022
1005006212523523
4001237595944
1005007190118614
1005005368646327
1005006101893778
1005006337923035
1005003635062898
1005005883512562
1005002020187028
1005007196774550
1005006457918063
1005003621025872
1005006371227763
1005007116802034
1005007189092371
1005006977119761
1005007166519276
1005006219248060
4000436969883
1005005870560147
4000097570874
1005007197242375
1005007293704824
1005005696644419
1005007033090110
1005007248852492
1005005407995798
1005007383461281
1005006976937904
1005007030608776
1005007008473322
1005004462756829
1005006955452559
1005006251124357
1005005426798074
1005006194769136
1005006711327645
1005006974040439
32982200424
1005006995951102
1005006281670549
1005007068851172
1005006567795405
1005006879769537
1005006856485528
1005006333263119
1005007120846506
1005007098916479
1005007076262547
1005006277347870
1005006776470619
1005007212644347
1005007294467670
1005006103607922
1005004716000767
1005006377810055
1005006278062766
1005007387798036
1005007385942399
1005003371211395
1005006915777713
1005006976317430
1005007184781200
1005007005084705
1005005219406437
1005007090113513
1005007273407336
1005006368560510
1005006485351652
1005006654872275
1005006760430715
1005006737759411
1005006018727152
1005006346572043
1005007335512928
1005006826111736
1005007243449079
1005007057647382
1005006973245302
1005006796819656
1005006220408191
1005006706323813
1005006790488071
1005006743071135
1005005986973501
1005007163433523
1005007051625194
1005003235271809
1005005990870122
1005007095564865
1005007124323128
1005006687142153
1005006943332251
1005002739863367
1005007142345009
1005006778191850
1005006305860501
1005006122019181
1005007112408793
1005007173582065
1005006992273065
1005006260118425
1005006787025754
1005007015991085
1005004084788658
1005006147586244
1005005190777131
1005004295745562
1005002848544975
1005005239326969
1005007394799281
1005004427577596
1005005362525131
1005005955930305
1005003970070721
1005004537204518
1005006704052458
1005005849622452
1005006114665951
1005006453641941
4000278343768
1005006493224923
1005005951982878
1005005709708194
1005006783463809
1005006619821285
1005005796705150
1005005376191452
1005006619826259
1005007481898331
1005006894760929
1005005140469048
1005005133542165
1005004378059717
1005007269018525
1005005281833662
1005006034571563
1005005585034758
1005007470744173
1005007454813889
1005007268920198
1005007305206999
1005007438643416
1005006039866736
1005007472623321
1005007424015068
1005007490202967
1005007079013349
1005007059468906
1005006949378962
1005006536606982
1005007489727782
1005001286187980
4001272857717
1005007481030740
1005006158576953
1005003784097855
1005005601045548
1005006769943999
1005006838709200
1005007016726522
1005005345314005
1005006990181808
1005007465392678
1005007437880797
1005007184321548
1005006052641076
1005007477755583
1005006016191726
1005007469841175
1005007106391778
1005002939725705
1005007022934881
1005002940953026
1005007097782740
1005006575881337
1005006182378069
1005007116006635
1005007482725890
1005007463287093
1005005626455299
1005007470037881
1005007459884086
1005007476216877
1005007466147893
1005004737064584
1005007468971604
1005006468183507
1005006434122611
1005006650316183
1005006201335128
1005006019700700
1005007457203955
1005007464672857
1005007465755200
1005006117604713
1005006753809423
1005006776125192
1005006710028195
1005007000463136
1005006830962189
1005006421730326
1005001524330475
1005006891730071
1005006619906161
1005006759238043
1005006468583884
1005007457944960
1005006254855937
1005007314577394
1005007294042012
1005007157308119
1005006109997033
1005006849072861
1005005166815133
1005006709833768
1005006704890408
1005007008683277
1005004845334980
1005004766133362
1005007154823276
1005006854091698
1005007465258343
1005007459892850
1005007443851428
1005007442857915
1005005642457191
1005007431292738
1005007354619649
1005004982192306
1005006152191498
1005006132652265
1005007409983107
1005007062116668
1005006604012614
1005004735851973
1005007458859215
1005007457495767
1005007445787650
1005007341799197
1005007341554654
1005007212767771
1005007433294275
1005007432724403
1005007110724685
1005007439338320
1005006858032810
1005006859022397
1005006885710184
1005006600558042
1005007013557865
1005006813830100
1005007069563650
1005007131244101
1005006908472350
1005007399384819
1005004356127010
1005007391943648
1005006196553021
1005007391387910
1005007381517695
1005006357823506
1005007296897114
1005004186526170
1005006940863391
1005006235191263
1005006304096417
1005006821795662
1005007266651332
1005007181188457
1005006810343107
1005006468896480
1005007387684031
1005006525451215
4000579716041
1005007455574822
1005006255021001
1005006750125147
1005006619858213
1005007152185291
1005006160598504
1005006751950137
1005005057153010
1005006757726871
1005006742644241
1005006542794303
1005007444650188
1005007445547545
1005007443282699
1005007341491928
1005007423458453
1005007392020666
1005006823981003
1005007396057126
1005006604429407
1005007403441355
1005007392134306
1005006906929387
1005006304155278
1005007036866560
1005006216960540
1005006742389248
1005006662374025
1005006786586399
1005007247688796
1005007171127052
1005006742815920
1005006662320653
1005007351093862
1005007196838427
1005007341681759
1005007090404709
1005006858780682
1005006897294023
32840839788
1005007333813465
1005007115665567
1005004523301570
1005004040605137
4001251682201
1005003071761812
1005006650178518
1005004990375902
1005006432138946
1005007119016248
1005006431679993
1005007044994914
4001143530421
32824740531
1005007216591415
1005007123847264
1005007151267293
1005007123451933
1005006978201178
1005006989448350
1005006166500708
1005005981689043
1005005929439463
1005007422536436
1005007232320068
1005006759083556
1005006166472053
1005006257320433
1005006158699472
1005006619818249
1005006782877041
1005007049852085
1005006597808174
1005007439269746
1005006903735967
1005007378054386
1005006593943270
1005006957686007
1005006782600951
1005006662390113
1005006858716962
1005006712713413
1005007147867034
4000256901129
1005006369325121
4001143515456
1005006662022848
1005006392753032
1005005925419682
1005005643903276
1005005585981074
1005004313609310
1005003328911264
1005006815381223
1005007123493898
1005007297948115
1005006872098736
1005006144383657
1005006400261811
1005001657466811
1005001807251508
1005005472965176
1005006065521751
1005001667485884
1005007240557728
1005007229008687
1005007231879735
1005007211800820
1005007195361708
1005006621112937
1005006619289887
1005006619381813
1005006737315333
1005006624036251
1005006622843988
1005006618802213
1005006621325204
1005006619154785
1005006623895511
1005006725017765
1005006621353179
1005006618580377
1005006625414993
1005006624036250
1005007165866961
1005006248411993
1005007123145784
1005007116613881
1005006234321258
1005007266895302
1005005845641721
1005006773474078
1005007164337295
1005006875167272
1005006977688132
1005005994468616
1005006859022086
1005004966735683
1005006621311198
1005006621163395
1005006624011371
1005006659972691
1005006648833381
1005006619219969
1005006620259993
1005006623129523
1005006626362984
1005006623817557
1005006995315770
1005005889227856
1005005599237920
1005004825370793
1005006995057876
1005006705171161
32934511328
32801546101
1005006948654972
1005006531869220
1005004614034410
1005006935634571
1005006935639500
32982212367
1005006865823686
1005006802652439
1005006802552535
1000006435199
1005006783596228
1005006783876134
1005005458192281
1005004935403016
1005006745795723
1005004094757185
1005006733404027
1005005786280151
1005003788421811
1005006094515263
1005004522958081
1005005292935254
1005005200757230
1005004984923288
1005005140185423
1005005104372717
1005003456212456
1005005233792545
1005001675304058
1005005276185483
1005005720281883
1005005861576853
1005005051751938
32854833056
1005004546777554
1005006552717537
1005006556391780
1005006552695528
32901836279
1005003788369902
1005003810155109
1005005140243271
1005005946718610
1005006081025673
1005001872693513
1005003177231104
1005004012549298
1005004116483187
1005004560188009
1005003036698219
4001232621464
32845052929
4000179793703
1005005921070222
32977499771
1005007431853651
1005006969213868
1005006834627203
1005006858701957
1005006842703396
1005006624035336
1005006618730087