1005007229034943
1005007206100955
1005007221811030
1005007205966767
1005007199359719
1005006662623155
1005007171256369
1005007170034733
1005006661978955
1005006237835422
1005007147340342
1005007133470295
1005007133400692
1005007134270791
1005007024586918
1005007102580494
1005007430811751
1005006598808246
1005004839734872
1005006838708894
1005006838716891
1005003446736219
1005006659625500
1005003786141737
1005002233572434
1005006600396386
1005004282141148
1005004492309813
1005004300400087
1005005052138277
1005003228588775
4000790368179
1005006451237710
1005006421964120
1005004752697342
1005007432985759
4001255234214
1005003409977207
1005005570555161
1005001992043575
33004812201
1005007159456795
1005003457459731
1005007450925750
1005007450324443
1005005569283216
1005006279562253
1005003399312342
1005005554656192
1005007014658537
1005006986081951
1005004970336668
1005006640141484
1005006751825147
1005004970325337
1005007246297539
1005006868991647
1005006538605382
1005007460925344
1005006646974354
1005007369188151
1005007318571168
1005006898843454
4000295362175
4000847770519
1005004970395682
1005004953718172
1005005380235814
1005007121376408
1005002926694321
1005005287290054
1005003017191639
1005005057083901
1005006890855797
1005007279660351
1005003579106561
1005004537164514
1005006093650339
1005006686003192
1005007374813894
1005006516425803
1005007449122529
1005004939503522
1005004328550986
1005006394543520
1005003097591474
1005003198474856
1005006140558024
1005007188995149
1005007376219229
1005007284101649
1005005829029655
1005005425114539
1005007112675161
1005007320275075
1005007430945894
1005007379337419
1005007234201350
1005007191655445
1005006548494264
1005003411702401
1005006853737152
1005005801873143
1005007403613023
1005006504414257
1005006527245656
1005007345029570
1005003698000770
1005003140693374
1005007453713632
1005007483697265
1005007488865453
1005007483680205
1005007488795209
1005007488780875
1005007487240664
1005007483465028
1005007487024704
1005007455422328
1005007483214640
1005007477507181
1005007484017219
1005007448986591
1005007471185512
1005007471064885
1005007471315237
1005007441288749
1005007446163885
1005007451551546
1005007450563142
1005007462871280
1005007451172020
1005007447294426
1005007446150272
1005007403819610
1005007450740069
1005007434241261
1005007441111098
1005007441122160
1005007440903404
1005007440387856
1005007361323027
1005007361211908
1005006959872372
1005007423420376
1005007350570045
1005007310677063
1005007425318202
1005007396109630
1005007380284158
1005007408422403
1005007408899423
1005003313768942
1005007400876905
1005007261544802
1005007261775107
1005004274515753
1005007132609812
1005007390723467
1005007335702970
1005007271374849
1005007374866491
1005007376286693
1005007065720421
1005007024716941
1005007147700758
1005007352725740
1005007325115393
1005005052893929
1005007283934283
1005007343768330
1005007343736711
1005007340320047
1005007262699440
1005007262680378
1005007262798221
1005007268279945
1005007262999075
1005007262517828
1005007172737579
1005007262492830
1005007262559220
1005007247814432
1005007227245221
1005007218983225
1005006725887698
1005007195497141
1005007129823699
1005007164216577
1005007126447553
1005007109791192
1005007144743656
1005007128511502
1005007139982031
1005007128376690
1005007119267705
1005007119107931
1005007110335148
1005007109972114
1005007109474820
1005007092070867
1005007067153373
1005007325790353
1005007334603059
1005007307432086
1005007338095124
1005007307757908
1005007111816683
1005007130732714
1005007144907737
1005007150933725
1005007099526269
1005007052896836
1005007144389920
1005007049248671
1005007010162018
1005006977180570
1005007327760559
1005007033261452
1005006955203998
1005007331832594
1005007332159425
1005006909429815
1005006703329340
1005006602469523
1005006602589951
1005006603154108
1005006570566317
1005007107455047
1005006150630129
1005006069686917
1005006002038249
1005006010077966
1005005899302692
1005002531723666
1005007126054359
1005007170810430
1005007188342136
1005007243415853
1005007186357599
1005006909902145
1005007302251160
1005007302739558
1005004397140877
1005004368090639
1005004397207105
1005004373056307
1005007069251418
1005007283782582
1005004354856154
1005004311135006
1005006425772564
1005007243815004
1005007243425632
1005007243232987
1005006829364310
1005007203576658
1005007204202253
1005007276370809
1005004971382676
1005007216660562
1005007229041961
1005005494434132
1005006474066604
1005007024466241
1005006666527807
1005007138130122
1005006526387004
1005007242340725
1005004368123235
1005007243732589
1005006963051080
1005006474081026
1005003438109706
1005006925861498
1005004519227343
1005004475913455
1005004465081277
1005005938400408
1005005083517717
1005006847917129
1005006796343149
4001246190356
1005003229125216
1005003222368842
1005005653770018
1005004044737911
1005002762393229
1005001630591648
1005001444330536
1005001438363366
1005005956857429
1005005956853545
1005004205420027
1005004921579934
1005004329772402
1005004351063850
1005004289478155
1005004353609770
1005003321652966
1005003321756463
1005005671138886
1005005070859858
1005001931218943
1005002994365767
1005002239093064
1005003118475014
1005002277138136
1005003409495375
1005003155019413
1005004398922119
1005006983191658
1005004329740764
1005002731179058
1005004465041473
1005004049755833
1005001621398763
4001331144841
4001331011578
1005005955466362
1005004289358318
1005002264625654
1005003002804183
1005003878356363
1005003510466729
1005002362987914
1005004398886790
1005007218549696
1005006801831077
1005007348220182
1005007432282493
1005005787939500
1005007433881987
1005004212764823
1005003020810527
1005003368656054
1005003643196833
1005004355973542
1005004297596095
1005003777375018
1005007425489501
1005003303314369
1005005856976810
1005004276976069
1005003777457102
1005005985483356
1005004849083341
1005004218488448
1005003422242686
1005003773390786
1005003506273871
1005004301427979
1005003592109143
1005004227498294
1005004196395796
1005005416589542
1005007045821969
1005005900781145
1005006491040439
4001263694659
1005006490962921
1005007458360009
1005004297656012
1005006165792744
1005004247917774
1005003470212664
1005003779753877
1005003772900122
1005004196361673
1005004654332111
1005007232170044
1005004196373066
1005003769186597
1005003768219979
1005006854866354
1005003591582100
1005004397561752
1005004277108060
1005003422076146
1005005271892181
1005003607102148
1005003830824870
1005003585163328
1005007439294649
1005004352525393
1005004397944048
1005003591500311
1005006248208196
4001044840545
1005004418511060
1005006809498306
1005004355647005
1005003776563437
1005005858490467
1005003779551842
1005003584470427
1005005980275386
1005006976683534
1005003957998399
1005004034623919
1005003305603228
1005003765079651
1005003422125194
1005003643215169
1005003424676804
1005004619430917
1005004356410490
1005004465110267
1005003585013947
1005003804890914
1005003305438692
1005003784844293
4001037386241
1005004281386671
1005003663080962
1005003765138921
1005003768563256
1005006947831634
1005003784616744
1005004212776379
1005003801901974
1005003424677827
1005005271757006
1005003381572248
1005003529573600
1005003422271376
1005003805044344
1005003659131228
1005007091631998
1005005780795929
1005007081008570
1005006620057669
1005003824297631
1005003765526691
1005003975556057
1005005936384150
1005003824322566
1005003402508469
1005005900247057
1005006827665118
32968080184
1005004229375234
1005003459596980
4000881394882
1005006057372241
1005007045704116
1005006863569706
1005006863844283
1005004699146188
1005006448395461
1005005408145490
1005004177463782
1005004531568772
1005006853135713
1005005743201022
1005002732951255
1005006636306051
1005006853012851
1005007092398118
1005005333899225
1005006853540724
1005006860870100
1005006853333078
1005006864138366
1005006852823993
1005007210988209
1005004183648830
1005002007185707
1005006852809285
1005005642610815
1005004088382448
1005004564401277
32969398504
1005006113636724
4001136832352
1005006852908005
1005006864121071
1005006852990563
1005003417035864
1005005498810766
1005006853975275
1005006912731310
1005006854076008
1005004564906123
1005006952187362
1005006756520013
1005002630998316
1005001602109376
1005004619428402
1005006870667524
1005005239432080
4000148055558
1005006848959590
1005004705568493
1005005870980862
1005002014738088
1005003913380796
1005006896603343
1005006979260225
1005004531814718