1005007225922701
1005007221551602
1005006055416929
1005006761232258
1005007099647993
1005007099718787
1005007054225356
1005007029756830
1005004648447197
1005006908321939
1005005872130820
1005006886466092
1005003415954179
1005006567568667
1005004019483333
4001041859910
1005003701283947
1005003696812892
1005007005920471
1005005622431459
1005006318191382
1005002630337554
1005003324892108
1005004698118346
1005006266142421
1005006917149564
1005006252156189
1005002782082046
1005007150010933
1005007254516723
1005005911847142
1005006475343612
1005006690616018
4001122567974
1005004276155904
1005007026325410
1005001993700113
1005007014561234
1005007121681841
1005007014411889
32880202378
1005006596726257
1005007286893768
1005004114319272
1005006023604247
1005007204233679
1005004833577603
1005005891364669
1005005905820595
1005005003875917
1005004982978454
1005007184579651
1005005439967501
1005005754655462
1005004340702261
1005006014538635
1005007041241035
1005004377971758
1005006634101382
1005006499100912
1005006659602651
1005003670084064
1005005761179544
1005006301701981
1005007024480079
1005007483136915
1005006750476273
1005007169361422
1005006261735200
1005006813479445
1005006463585794
1005003178431285
1005007361973349
1005005820312811
32978698271
1005004455914512
1005006773820892
1005004340403197
1005005885079212
1005004721243906
1005004998610624
1005005555538319
1005006447449689
1005001624613530
1005006588036686
1005007088581390
32831683745
1005005552761585
1005007062549838
1005006955254532
1005006589486104
1005006847133358
1005005041399908
1005007479432398
1005007479166811
1005007479542579
1005007479934202
1005007479591480
1005007448950902
1005007408341774
1005007408271335
1005007233939404
1005006871309756
1005005098661622
1005003802451684
1005003517085553
4000278182695
32875962142
1005006451620200
1005006699285235
1005006699329123
1005006699177544
1005006699378058
1005006295662769
1005007423076307
1005007279483765
1005007424560951
1005005913764284
1005007387284405
1005005429021454
32830131973
1005004443944736
1005005452421870
4000608537527
1005007160677759
1005005431425246
1005006642752428
1005007343708934
1005003985936995
1005006004384048
1005007257490798
32863767657
1005005929312727
1005006140841179
1005005237341475
1005006692568791
1005006546996187
1005005138197353
1005001524668176
1005007481139423
1005007483539418
1005007260475598
1005007398926187
1005007463510873
1005007463551439
1005007394226204
1005007201983905
1005007224362688
1005007439316289
1005007320724445
1005004613846843
1005006421355578
1005007067818473
1005007244256386
1005007219919405
1005007240598410
1005007235150066
1005006870288923
1005007198176582
1005007203432256
1005005736432868
1005005446801857
1005007172141192
33057797057
33059775131
1005006083681684
1005006234269512
32837421102
1005006431320326
1005006225903676
1005007163252521
4000927799601
1005006998865477
1005005549908489
1005007456837089
1005007262280147
1005007151485115
1005007243575779
1005007407629376
1005007462258303
1005003554509269
1005005124697781
1005005043536487
1005005232320124
1005006996470343
1005006981974958
1005006698549225
1005006908551885
1005006871169147
1005007470608748
1005004971068802
1005003034109858
1005006758505961
1005006696645563
1005006704594661
1005006705037243
1005006795301192
1005006656851466
1005006212439109
1005006665965889
1005001268069798
1005004025060152
1005005548444212
1005004070387370
1005005548392290
1005003723583677
1005006451726619
32654255587
32843493910
1005007163316458
1005006692601375
1005007457182928
1005007444932442
1005007444698886
1005007212507872
1005007201946125
1005007254788432
1005007207492809
1005007204873289
1005007207461945
1005007208764193
1005007236033148
1005007234424920
1005007232312716
1005007232046864
1005007232773433
1005007208182832
1005007212618806
1005007205627731
1005007257916515
1005007254870978
1005007243916105
1005007243464604
1005007260885384
1005007095903362
1005007261052669
1005007214290574
1005007260033315
1005007257998499
1005007205771630
1005007206205276
1005007255296272
1005007212449810
1005007207502857
1005007228432669
1005007228310934
1005007205095112
1005006605559563
1005005218139065
1005003432232731
1005005853417749
1005007097034704
1005005530242193
1005006086756516
1005007440791304
1005006430510577
1005006258527126
1005004896287266
1005004794703101
1005005413732137
1005006558666273
1005005440525768
1005006294021163
1005006475945683
1005005652243232
1005006365693151
1005006436987808
1005005969138583
1005005036595346
1005005779348651
1005004688396696
1005004633938771
1005006147152746
1005007084857203
1005007471141394
1005007161761200
1005006663574430
1005006448171972
1005006011520876
1005007043450197
1005006295871533
1005007320593222
1005005654310261
1005006427801531
1005007143262519
1005006216147649
1005007174751580
1005004917051364
4001142287188
1005005538437338
1005004917146330
1005005649782067
1005006427883209
33004209029
1005006796163850
1005007014118930
33004217027
1005006105708703
1005005997149754
1005003908555248
1005006233140803
1005004916881078
1005006307290179
1005006548091948
1005004345053575
1005007303285658
1005006932627891
1005006270486340
1005006837531280
1005005927697024
1005006370343296
1005005880891713
4000522380384
1005006015169259
1005007018165018
1005007167540795
1005004906005712
1005007026380858
33004964173
1005006003498392
1005007076603666
1005006162431975
1005006579266263
1005006603086813
1005006732601716
1005005980006904
1005005937952077
1005007197990374
1005006679967435
1005006282545798
1005007210286034
1005007431449514
1005006692170621
1005007036323250
1005007275011200
1005006132429377
1005006609919463
1005007177026967
1005004138895190
1005006462359995
1005006367585387
1005006267057264
1005003441269879
1005004927591428
1005007226532015
1005001270318640
1005002038029528
1005007346667912
4000521911075
1005006258921944
1005004752932659
1005006890122656
1005005948044731
1005006647162403
1005005959417743
1005006532668762
1005007405254548
1005006662596664
1005006259229906
1005006434902292
1005006007592484
1005007354418220
1005007321027142
1005007261534239
1005005410541330
1005005440585796
1005007347802772
1005007176545934
1005006684150354
1005006890832605
1005006361727538
1005006878636187
4000849200714
1005005486078773
1005006075840901
1005006340572095
1005006662458808
1005006103224863
32540264415
1005007197558760
1005002091355544
1005003635643367
1005006317814815
1005005482750870
1005005494784352
1005005596401208
1005003444791464
1005007211075776
4000249206545
1005007199525894
1005006426136811
1005006354479610
1005006912662147
1005006134720477
1005006028620281
1005005848019707
1005004975493165
1005006821258085
1005004755421744
1005002082552972
1005006085520532
1005006778020284
1005006755288404
32855504329
1005005882603630
1005002970677590
1005004737300344
1005005810145587
1005006096769965
1005007103131845
1005004784588324
1005007222087491
1005005485841589
1005006524693652
1005006007722978
1005005465088054
4001208433819
1005006568426137
1005005079110099
1005007234594096
1005006245715622
1005006259814950
1005006253106680
1005005999651035
1005006732965042
1005005484774696
1005006256049137
1005006173724519
1005006240327222
1005007405547921
1005004803304236
1005006348828086
1005002315761241
1005007011815609
1005006187114678
1005005996321709
1005005073136971
4001031926953
1005006162574450
1005007435880542
4000544446976
1005006398998778
1005005133900485
4000019602148
32842722413
1005005592268173
1005006912292658
1005007463332789
1005007363090667
1005007473713782
1005006873002972
1005005371418071
1005006927517199
1005007454632760
1005007029997104
1005007454416905
1005007363483701
1005007436422387
1005007432006369
1005006494761381
1005006583610712
1005007342748835
1005007188874378
32591844974
1005007454354362
1005007431850509
1005007431578420
1005007431708071
1005007363405890
1005007363841432
1005007183996597
1005005592166547
1005007168521496
1005006807531300
1005006832807084
1005007438645310
1005007442734584
1005006927408976
1005006774994754
1005005966359487
1005007292475494
1005007442657909
1005006973511189
1005006946677676
1005006964840148
1005006928282212
1005007455415920
1005006662351589
1005006775079545
4000211902747
1005004876152907
1005004891815148
32885204583
1005001308091349
1005001869688105
1005005321130914
1005001423879275
1005004836182099
1005006768004383
1005003922634068