4000695859991
1005006154361886
1005006009234668
1005006538770598
4001107186235
1005005630845711
32975225537
32919363995
32920495733
4001056105252
1005006131670374
1005002401204402
1005005769643063
32751587992
32657474248
33009947386
1005005449370228
33009638460
1005007028670472
1005007028640571
1005007017572718
1005007028997110
33007327132
1005004735890084
1727011403
1005005230704685
1005005860273287
1005005779174661
32565894140
32566436413
32292002469
32565750826
33014496120
33016298217
4000289411088
4001056064378
1005001602205595
4001124776488
4001125135465
4001125206032
32920243330
1005007028758546
1005007029218673
1005007029104046
1005007028588787
1005001411218429
1005005230781478
1005004440118013
1005005024030821
32917193391
1005005057992578
1005005971389226
32565862220
32566936838
32346846236
4001272769727
4001056109284
4001125083187
1005005696634354
4001125134974
1005007029170660
1005007029011508
1005007028921837
1005005236089065
1005005024137050
1005003382187205
32567551981
4001056103316
4001125010727
1005007029044318
1005007028590785
1005007029155789
1005007028688623
1005004742784581
1005005234737869
1005005024089301
1005005362892619
4001056066303
1005007028875351
1005007029393465
1005007028685472
1005005039764389
1005004757787560
1005004735842721
1005007028719516
1005007017572954
1005007028996588
1005007029091748
1005005039965499
33030755535
1005005231923279
1005005231366707
1005003458933705
1005007029060159
1005007028760574
1005007028626684
1005005233071155
1005005231298078
1005001889386527
1005005231419315
1005006997703695
1005007017619608
1005007028994167
1005007028793543
1005001889297656
1005005231188754
1005004130240556
1005005232794669
1005007029366569
1005007028775570
1005007029302571
1005005231311229
1005004150456637
1005005233046396
32964099212
1005007029167699
1005007028598584
1005005231141796
1005005231869547
1005005232990867
1005005232767719
1005007018030069
1005007028800910
1005007028702997
1005005231221571
1005005231953024
1005005232831412
1005001889107148
1005007028783945
1005007028661689
1005007029315567
1005005231242183
1005005231870920
1005007017608609
1005007017741511
1005007017705491
1005007017611595
1005005231226807
1005005231877738
1005007017746477
1005007017724541
1005007017706589
1005007017767389
1005005231229581
1005007017709631
1005007017485849
1005007017411971
1005004130204776
1005007017619791
1005007017504824
1005007017417899
1005007017872244
1005007017715632
1005007017471855
1005007017989005
1005007017796207
1005007017755523
1005007018025067
1005007017331961
1005007017811132
1005007017742743
1005007017489988
1005007017731461
1005007017878181
1005007017718723
1005007017721592
1005007017851016
1005007017741612
1005007017558978
1005007017914108
1005007017795172
1005007017737455
1005007017713495
1005007017792189
1005007028618648
1005007017610644
1005007017949116
1005007017885101
1005007017577873
1005007017726763
1005007017991088
1005007017842144
1005007028873430
1005007017766346
1005007017957108
1005007017787401
1005007017670664
1005007017622622
1005007017836191
1005007017826111
1005007017578764
1005007017588703
1005007017645861
1005007017476887
1005007017549998
1005007017776632
1005007017737516
1005007017689662
1005007017517992
1005007017803077
1005007017696582
1005007017988046
1005007017691566
1005007017715505
1005007017662698
1005007017935121
1005007017608776
1005007017941049
1005007017973072
1005007017902110
1005007017570703
1005007017436839
1005007017688565
1005007017405818
1005007017921038
1005007017902137
1005007017618600
1005007017428801
1005007017888184
1005007017709458
1005007017731672
1005007017858169
1005007018009141
1005007017807029
1005007017625794
1005007017814096
1005007017788226
1005007017745632
1005007017548937
1005007017475921
1005007017470832
1005007017839006
1005007017586961
1005007017611756
1005007017422917
1005007017483831
1005007017566748
1005007017744673
1005007017967015
1005007017957117
1005007017330957
1005007017931164
1005007017530850
1005007017752373
1005007017631775
1005007017902093
1005007017476948
1005007017851145
1005007017657660
1005007017546836
1005007017731808
1005007017633860
1005007017941023
1005007017809113
1005007017637622
1005007017583955
1005007018048007
1005007017801091
1005007017771389
1005007017568781
1005007017582669
1005007017905139
1005007017826044
1005007017540911
1005007017544886
1005007017858148
1005007017593727
1005007017559666
1005007017485693
1005007017849168
1005007017462728
1005007017659540
1005007017728549
1005007017527673
1005007017345997
1005007017541983
1005007017525737
1005007017856088
1005007017722811
1005007017469877
1005007017861054
1005007017533969
1005007017607798
1005007017716629
1005007017791404
1005007017627585
1005007017788244
1005007017704637
1005007017671955
1005007017510929
1005007017947030
1005007017847085
1005007017437809
1005007017643875
1005007017328991
1005007017481981
1005007017715567
1005007017506769
1005007017711589
1005007017955051
1005007017452866
1005007017713626
1005007017587836
1005007017530752
1005007017870061
1005007017599981
1005007017690728
1005007017908042
1005007017627594
1005007017980037
1005007017902056
1005007017706761
1005007017551749
1005007017680746
1005007017641718
1005007017510837
1005007017436983
1005007017387981
1005007017862161
1005007017973005
1005007017529894
1005007017795096
1005007017457849
1005007017709572
1005007017783482
1005007017599794
1005007017587916
1005007017725511
1005007017463892
1005007017818265
1005007017490728
1005007029524016
1005007017599807
1005007017779448
1005007017767576
1005007017606822
1005007017611682
1005007017516916
1005007017866016
1005007017538653
1005007017696476
1005007017777577
1005007017681879
1005007017410865
1005007017908171
1005007017683760
1005007017657877
1005007017512607
1005007017499844
1005007017603784
1005007017588804
1005007017815205
1005007017798161
1005007017367920
1005007017376989
1005007017918130
1005007017796320
1005007017771363
1005007017664553
1005007017712444
1005007017768440
1005007017739518
1005007017708686
1005007017376841
1005007017883011
1005007017538775
1005007018009106
1005007017532745
1005007017651809
1005007017628688
1005007017415954
1005007017374888
1005007017409932
1005007017844205
1005007017568977
1005007017473799
1005007017794416
1005007017709657
1005007017977046
1005007017514949
1005007017700669
1005007017905020
1005007017634749
1005007017796257
1005007017725465
1005007017672643
1005007017526850
1005007018047005
1005007017620690
1005007017433879
1005007017571741
1005007017373938
1005007017753571
1005007017823002
1005007017562869
1005007017990029
1005007017383979
1005007017738723
1005007017672842
1005007017884112
1005007017826141
1005007017784448
1005007017732553
1005007017573720
1005007017440886
1005007017450820
1005007017882051
1005007017626718
1005007017662576
1005007017386966
1005007017854226
1005007017880044
1005007017706765
1005007017790265
1005007017629645
1005007017993072
1005007017708793
1005007017815291
1005007017455866
1005007017748534
1005007017669614
1005007017738788
1005007017385922
1005007017348991
1005007017704774
1005007017620879
1005007017811215
1005007017943086
1005007017674576
1005007017632829
1005007017538779
1005007017530855
1005007017437784
1005007017672706
1005007017586871
1005007017655524
1005007017854071
1005007017818077
1005007017742620
1005007017960028
1005007017491929
1005007017617598
1005007017437740
1005007017385918
1005007017522719
1005007018066003
1005007017687908
1005007017627906
1005007017706671
1005007017623693
1005007017968011
1005007017737441
1005007017836197
1005007017826083
1005007017789314
1005007017724573
1005007017876032
1005007017487813
1005007017470792
1005007017730631
1005007017763542
1005007017726500
1005007017897166
1005007017712771
1005007017360999
1005007017357997
1005007017792458
1005007017703693
1005007017455755
1005007017726598
1005007017774422
1005007017623589
1005007017819276
1005007017395969
1005007017530827
1005007017414928
1005007017757430
1005007017665883
1005007017628639
1005007017903014
1005007017699685
1005007017768581
1005007017661738
1005007017654664
1005007017645658
1005007017398916
1005007017734658
1005007017625751
1005007017512931
1005007017472947
1005007017495736
1005007017573784
1005007017528779
1005007017688652
1005007017551869
1005007017611666
1005007017543670
1005007017802121
1005007018023018
1005007017699602