1005006171927671
1005007402124510
1005006208190524
1005007372464383
1005007258502600
1005002978135140
1005007093337723
1005002977889437
1005004705919596
1005006925084758
1005004159067140
1005006751866066
1005006530546227
1005005892005553
32950277299
1005006615621330
1005007405593783
1005002939298044
1005003803531791
1005006550454673
1005006807146201
1005005470704216
1005002394872149
1005003495954573
1005006738535020
1005007285547867
1005003989590451
1005006783535739
1005005526117907
1005007012156245
1005006067498086
1005002977913619
1005004050261007
4000873220164
1005004476925870
1005002191053456
1005002978079021
1005005642301499
4000200866650
1005004686417208
1005006895994127
1005006678193459
1005006766067870
1005007169818403
1005006690387350
1005006692961051
1005007094808885
1005007009983597
1005003762748328
1005004693473403
1005003251442364
1005005395620950
1005006130769058
1005005615176856
1005002072182771
1005002326168810
1005003223318380
1005004166218060
1005004960669119
32943297198
1005005278830841
1005003498910694
1005004757150090
1005003300061472
1005004352961250
1005006153874135
32803688586
1005005140468818
1005005100448163
1005004767603070
32752674190
1005007108847961
1005006348849944
1005007474509261
1005007128669061
1005006517854672
4000754722664
1005006896940991
1005002939814439
1005007009906681
1005007036297842
1005006864045055
1005005859437691
1005007306793540
1005007038708849
1005005826089473
1005007328293474
1005006103104290
1005006326022066
1005006623632379
1005006195032889
1005006995812149
32218889203
1005007419332059
1005007074610872
1005007456675368
1005007456718303
1005006209926362
1005006392351072
1005007211871380
1005007302305442
1005005393105580
1005005985509643
1005006150158591
1005006047147050
1005005482823565
1005006956020166
1005003918873496
1005007039240643
1005005274627828
1005005893756717
1005006591830189
1005006246428813
1005006997676216
1005007033545964
1005005186115153
1005006624668267
1005007299667843
1005005541175972
1005007354458568
1005007001817965
1005003119929588
1005006593869703
1005004022553843
1005006168670392
1005006832581695
1005007097657944
1005006355081366
1005007136350074
1005006050211590
1005006972132175
1005006486966383
1005007407517119
1005005675785448
1005006909150240
1005006442931774
1005007219719255
1005005402177387
1005007300794982
1005007187729165
1005007125899829
1005006763414459
1005005401898601
1005006012292278
1005006216572900
1005007084465494
1005007408754737
10000160035420
1005007115517969
1005005909507332
1005006751995016
1005003243564409
1005006712001352
1005005957221013
1005006187775331
1005001774931812
1005007235307316
1005007317860547
1005007220474633
1005006729089148
1005006384968627
1005007184333560
1005006545475906
1005007454113349
1005006597430964
1005006287540618
1005006854117474
1005006600466034
32971092521
1005006480726947
1005006770274131
1005004507535570
1005006814407543
1005007132591843
1005007389254923
1005006699801031
1005006584799180
1005007219452363
1005004384559553
1005006163985640
1005007330389140
1005006219598407
1005006856015191
1005006652374052
1005006147523335
1005005590624724
1005007029321544
1005006963274749
1005006735790961
1005006331229298
1005007302542651
1005006943791089
1005007449765984
1005006429982465
1005002361786318
1005001452437151
1005007234739686
1005006476812243
1005005168239013
1005005715590656
1005005467806981
1005004888254311
1005007342541046
1005006054708689
1005004912726376
1005006700831434
1005006490108605
1005006897725560
1005006996931232
1005006070519285
1005007354946727
1005007357971531
1005006421539766
1005007064561435
1005006909890331
1005005292833357
1005007286348644
1005006492047892
1005002056132257
1005007126179755
1005007297407564
1005004055774292
1005006589180408
1005005356771463
1005005153393425
1005006196209315
1005006924810660
1005007060723939
1005007175759006
1005006672256274
1005007419299268
1005006970257766
1005007301176149
1005007143254561
1005005535421699
1005007088790712
1005007395546678
1005005924209849
1005006856452235
1005006980796828
1005007058810128
1005007027773422
1005005147294496
1005006619235923
1005006781678353
1005007062477073
1005005269598870
1005006279138822
1005006458563144
32999454890
1005006334775119
1005004007649724
1005007438833769
1005006027176933
1005005557665064
1005006579220190
1005006350853843
1005007344954728
1005004698374125
1005007415965154
1005005660572540
1005002730763797
1005007130520646
1005007163766729
1005007077844653
1005005688153993
1005005916605519
1005007137314816
1005005792234834
1005007259343490
1005007004371292
1005006697750648
1005007376776569
1005003374566587
1005007393795023
1005006691374342
1005005215972954
1005006685336115
1005003115521219
1005006421778642
1005007239790462
1005007300218737
1005006970814742
1005006435095113
1005007114419786
1005005929916242
1005006368874929
1005007380444831
1005006293692037
1005006604498206
1005007307817940
1005006132602900
1005007298534944
1005006956566882
1005006763389497
1005006633401780
1005006133022706
1005007284737046
1005007089985015
1005006610353025
1005007116301408
1005003099091791
1005006794369593
1005002626004985
1005007052120361
1005006971932974
1005003077756762
1005005725431590
1005006174024631
1005005759064646
1005005399665473
1005007163364721
1005005677268108
1005007008420160
1005007234470884
1005005510653262
1005007322085960
1005007321998226
1005007043976047
1005007181248474
1005006344485762
1005007094003847
1005007448712784
1005007090871358
1005006826826948
1005005978353961
1005007009985985
1005006755387176
1005003507012256
1005005392590849
1005003594707382
1005007291870383
1005003475387953
1005003560815833
1005007251450689
1005001609121441
1005004598598611
1005006458524226
1005006989726245
1005006939106096
1005006342993443
1005007316256975
1005006304274447
1005005834412337
1005007126029967
1005006406955519
1005006502861413
1005007360651194
1005001922137250
1005006133454107
1005006352574667
1005007183494653
1005006094191707
1005007378707927
1005006117817163
1005006344789558
1005007009048328
1005007299448095
1005001874473906
1005006384642044
1005006722987262
1005006671420352
1005007233893478
1005007005160770
1005006679301332
1005006965312356
1005007165511151
1005003506306571
1005007138162635
1005006608242662
1005005922389656
1005007434251596
1005005128086929
1005006019303994
1005007095168978
1005006163900331
1005005170867774
1005004129876004
1005002709739727
1005007149734893
1005006996554870
1005007026797452
1005007142399625
1005005750982517
1005005886810381
1005006749578742
1005006661493301
1005006302879234
1005006897618869
1005006763535511
1005005736745231
1005006173315704
1005006252265642
1005006879114100
1005006756494924
1005007173600822
1005006264142615
1005005421725194
1005004384868871
1005006361996505
1005007449738375
1005007111124758
1005006176494226
1005007341228956
1005007438851894
1005005297555198
1005007014144846
1005007108795743
1005006377131066
1005006724752639
1005005203401142
1005006783077971
1005007252069707
4001020184453
1005004537394077
4000739445846
1005007259337492
1005006921821122
1005007309544850
1005004841997304
1005007420443377
1005006969382218
1005007133050842
1005002984978935
1005007302511147
1005007032539975
4000126695920
1005005459125503
1005006263324130
1005005895785422
1005006658989130
1005006070164608
1005006784117556
1005005970815806
1005005960218270
1005005692554487
1005007054545042
1005006481946791
1005007023269710
1005005180325914
1005007174368154
1005007130826208
1005004617238174
1005006698125425
1005005633122365
1005006889649999
1005007039538884
1005007374988195
1005007384726658
1005006240853369
1005006165891520
1005006176846634
1005006367263447
1005006164208755
1005004778745274
1005006989652531
1005003397476759
1005007442092966
1005006135088149
1005004470974715
1005006354711774
1005007369786951
1005005716455536
1005005884560506
1005005555998522
1005006103361929
1005006380055734
1005006813965767
1005006476910826
1005006628172763
1005007047644220
1005005610891501
1005006480352544
1005003653329193
1005007105658870
1005005827889714
1005005274586157
4000389888681
1005007333115592
1005006857479910
1005006057626315
1005006609315745
1005007140867988
1005005478244137
4000987559006
1005007074159754
1005007065876240
1005007210141235
1005007101581407
1005006620165002
1005006749153768
32947124905
1005006752003751
1005006209556016
1005006820708223
1005006727331958
1005007198795463
1005006776007439
1005007425555591
1005007394137499