1005007390601568
1005007319356580
1005007232929801
1005007359181773
1005006190806793
1005007341604368
1005005760725567
1005007308590089
1005005664708676
4000127071657
1005006394519818
1005007014977253
1005007070748097
1005005214525762
1005006458456538
1005003286723449
1005007070193941
1005007337323128
1005007279627185
1005007178191217
1005005848447252
1005007286984582
1005005334957839
1005007331184009
1005007315591186
1005006801484805
1005006988914089
1005007390276477
1005004209409119
1005006124098600
1005003662187223
1005007096594327
1005007367978550
1005006366961377
1005006947642165
1005007274514994
1005006609223375
1005007351952173
1005007393806743
1005006836718604
1005007050573150
1005005092423696
1005007310570289
1005005251398681
1005006967901407
1005005874066530
1005006969624797
1005007046071990
1005005897973188
1005007243063445
1005005663479679
4001194372065
1005007291862028
1005006835173103
1005004056607076
1005003672250789
1005007241169329
1005006362579080
1005007119940489
1005001814352445
1005007349273481
1005006919227219
1005006170650370
1005006293638044
32888392360
1005006965991226
1005005084373674
1005002395616415
1005004868796764
1005007225130494
1005007355241750
1005006722286524
1005001571264975
1005006254752056
1005006829268076
1005006269286033
1005006851596576
1005006990031506
1005007104221503
1005006390626115
1005005914815131
1005006973147164
1005006590512359
1005006320288345
1005007091132979
1005006639304963
1005006820382915
1005006217911978
1005007302408156
1005006283956797
1005007059017233
1005005493303156
1005006309708936
1005003193312320
1005007218211243
1005007087893358
1005006661705072
1005007339694708
1005006467748188
1005007466730121
1005007218277107
1005006684223370
1005007300745088
1005007452727501
1005006987487334
1005007090843469
1005007333833858
1005004611271807
1005007044176373
1005005435023572
1005005296777772
1005007336328381
1005003684443548
1005004898167100
1005006743121957
1005006915193991
1005006269260816
1005007266832309
1005006703449744
1005001359271297
1005005183903615
1005004836917672
1005003786280146
1005007101590973
1005006624528690
1005007368897098
1005006457801621
1005007434077895
1005006782548265
1005007291889788
1005006928145776
1005007333090499
1005006000827543
1005007048298440
1005007355809050
1005003058834520
1005006597447963
1005006619771587
1005007254946629
1005007407236067
1005006438221916
1005007059425124
1005006335970052
1005007217460624
1005007057890983
1005007144769594
1005007365643571
1005007170634243
1005007082603043
1005007050250228
1005006151796922
1005005510069069
1005006649420018
1005006017737427
1005006181459368
1005006633040188
1005006278337157
1005007431738705
1005004399539619
1005006902201597
1005006130780479
1005005988577091
1005007002843866
1005006449276917
1005004795952733
4000204892944
1005004709543190
1005006308022808
1005007283250480
1005004428275935
1005006647042575
1005007445661632
1005007380579263
1005005763678801
1005007308164664
1005005766212695
1005006220163087
1005007448115912
1005007392323809
1005006925089181
1005007094016400
1005006699452809
1005006314519000
1005006331583055
1005005453902396
1005007238059532
1005006978728449
1005007462051090
1005007453256492
1005007198257871
1005006763195547
1005006711596720
1005002660689914
1005006139087260
1005003411393039
1005006195896910
1005007347895369
1005006625687746
1005007120861896
1005005222530908
1005006902787582
1005005359685097
1005006901440193
1005006767363569
1005007425278753
1005007379016763
1005006973136680
1005005414193906
1005007356224559
1005006227377787
1005001609088937
1005003444808310
1005006823090692
1005002971544996
1005007007999549
1005005218146951
1005004332906577
1005006195708947
1005006752820213
1005006093254200
1005006771396747
1005007317683491
1005003866160206
1005006455832386
1005007196146399
1005007216142620
1005004677629108
1005007433045781
1005006956102882
1005006839411418
1005007412765764
1005007234362990
1005005443243478
1005006922333216
1005007341843425
1005006110586402
1005007387276554
1005001612881731
1005006398931884
1005003713150882
1005006634324476
1005006214503571
1005006015297734
1005007209550202
1005007048138960
1005006784818802
1005005950934751
1005006150109735
1005004615077695
1005006122010744
1005006765862743
1005004801211059
1005004993059913
1005006913938351
1005003334939517
1005006336826397
1005006585202999
1005007249624520
1005006393592868
1005006900350950
1005006604684393
1005006304255869
1005006041633273
1005006733995547
1005005681688359
1005006628911907
1005007125995539
1005006687137045
1005006963696226
1005006904274651
1005002810968463
1005006347250382
1005007031745713
1005005818792637
1005006806806954
1005003128011465
1005005005679053
1005006598008318
1005005408079073
1005006937794565
1005005465717066
1005006631095401
1005006730062984
1005005834412705
1005006860563462
1005007341641820
1005004379065554
1005006881998056
1005004819676739
1005006737148562
1005006990323712
1005006729787728
1005006737641619
1005006271650631
4000440451108
1005005872882684
1005006841915604
1005005396168579
1005006667866043
1005005681024940
1005007010609274
1005005766818322
1005003698634610
1005005865977657
1005007453854217
1005007398034770
1005007402168736
1005007389913944
1005007327565065
1005007067553842
1005004922114231
1005007197374587
1005007374995700
1005006856770211
1005006047591640
1005007438459892
1005007398117710
1005006583329004
1005007056126576
1005007463296536
1005002264488055
1005004296823240
1005007222381737
1005007423806819
1005006747350394
1005006421910841
1005006627139490
1005006839522473
1005007259653407
1005006060867912
1005004264835655
1005005257749465
1005007398005960
1005007222806148
1005007279755651
1005006099107096
1005006608099368
1005006721848556
1005006799461447
1005006972156265
1005005794989314
1005007378724521
1005005673657216
1005005891971143
1005007279914322
1005006413253247
1005007316273804
1005006910637003
1005007427723822
1005006970550341
1005007299483239
1005007339930807
1005006942659648
1005005994135002
1005007317366017
1005007367396828
1005006297617079
1005006973710774
1005005725974994
1005007262856768
1005007336356914
1005007347352374
1005007274526088
1005006958384444
1005006544749367
1005006242735306
1005006387650763
1005006791789280
1005006224901279
1005007344142506
1005006468206722
1005007089096848
1005006154549273
1005006583931727
1005007405025605
1005005898154594
1005003407781689
1005006232427261
1005006284869612
1005007346188159
1005006137100548
1005005843332549
1005006808142688
1005005857173084
1005006369666618
1005006821962155
1005005710163558
1005004714738818
1005005879206370
4000092759292
1005006499608399
1005005553923567
1005007374862212
1005006479102050
1005006411712550
1005005655783425
1005005879429371
1005006739878549
1005005681581277
1005006911084670
1005006165734285
1005005925733949
1005006365734205
1005007311534324
1005006990892954
1005006636561066
1005006985670990
1005007340102605
1005006296924084
1005005462490605
1005006630043968
1005007274259954
1005005229483592
1005003169145202
1005007216080730
1005007204833628
1005006885172869
1005003159434467
1005006981726852
1005007427852014
1005005296245339
1005007449490983
1005007434069543
1005007451399296
1005006643742799
1005006331532798
1005007462209982
1005002037044226
1005006431191599
1005007451842865
1005007293058196
1005007461473877
1005007451498086
1005007409210703
1005007463688348
1005007149616548
1005007457446792
1005007460276104
1005007452714798
1005007452728835
1005007465238937
1005007453794353
1005007451605221
1005006386713502
1005007451129997
1005007444465788
1005007443630397
1005007433400480
1005007434137509
1005007428567019
1005007427469683
1005007398324172
1005006947568271
1005005197349307
1005007398035958
1005007379071008
1005006887859970
1005007317594975
1005005187460955
1005004700149112
1005007450366876
1005007464947087
1005007457655830
1005007468443188
1005007447135206
1005007387475559
1005004702593719
33043138358
1005007267422868
1005007197416996
1005005286883036
1005002207981064
1005006621621940
1005006121466075
1005007427751237
1005007428287461
1005007448234779
1005007465572791
1005007458260113
1005007449470876
1005007447664994
1005006305884386
1005006044727467
1005006727742379
1005007208759275
1005007088842849
1005006948929207
1005007214138246
1005007295343165
1005006618393882
1005006982326408
1005004446845519
1005005649178563
1005006292686994
1005006916037897
1005007260305545
1005007070513233
1005006781034705
1005007246484450
1005005236787697