1005005188623854
1005006698346754
1005007203200189
1005007485644532
1005005973099787
1005001626991331
1005006568201169
1005004104332753
1005005724820782
1005005730233271
1005006290724454
1005006698529274
1005007329924657
1005006859542512
1005006186209035
1005005676680783
1005005417501400
1005006568172199
1005006756311663
1005004239047217
1005006851069692
1005006990603623
1005007032867828
1005004237755580
1005007186279865
1005007469103639
1005007455165524
1005007455712581
1005006411987036
1005006502890602
1005006717398087
1005007264889634
1005007102368886
1005005804802695
1005007269158405
1005006882988667
1005006557099986
1005006600975660
1005006873075364
1005004852816277
1005005675183947
1005006568125297
1005007003765301
1005005675878747
1005007040321062
1005004316650288
1005006991806139
1005007089949248
1005007128842641
1005006604246040
1005005902528564
1005004338857385
1005006812521995
1005006977284388
1005006873674749
1005005654400249
1005006578157200
1005004220719748
1005006733654279
1005007252616576
1005005691941008
1005007252570917
1005007284653695
1005005675793963
1005007404007788
1005007161076537
1005006870578052
1005003023543255
1005005242509401
1005006578135242
1005007455219873
1005006876819610
1005007117597988
1005006462672972
1005006601035273
1005007293801232
1005005906831142
1005006974854265
1005006609848247
1005007407452877
32997263082
1005004852224559
1005007195899189
1005007482804177
1005006567789631
1005007314011450
1005006733509257
1005007137862592
1005007124349484
1005007315984260
1005006631076257
1005007405008994
1005006855452343
1005007349512333
1005002578134515
1005005251051655
1005007051826025
1005006855457466
1005007258916923
1005007400805504
1005007250738097
1005007471626345
1005003143235023
1005006819059209
1005006876452213
1005002857247475
1005007264966414
1005006995942458
1005007313917630
4001120541107
1005005596169529
1005006272676011
1005006635475071
1005005298251143
1005007218709747
1005006788678718
1005007407589481
1005004640337861
1005007286475631
1005007449133895
1005006938519653
1005007407463951
1005007452638631
1005006491304359
1005006659980680
1005006704085386
1005007347977701
1005006758665684
1005006577877658
1005004734433856
1005005279341015
1005005761927548
1005005665156653
1005006063315477
1005003283249992
1005006989093362
1005005574322739
1005007124349002
1005006259196014
1005007412801786
1005007129127221
1005007407771042
1005006653138909
1005006977002025
1005006462712793
1005006981287310
1005004109933043
1005006653569750
1005006051703331
1005007279116702
1005007061795751
1005007074062164
4000485761354
1005002857072666
32945495022
1005006797118803
1005006732627826
1005006075370266
1005005399023945
1005007313931968
1005007356580023
1005005638530478
1005006768727055
1005006655748004
1005007102493058
1005007186220587
1005006600637856
1005007234319454
1005004536174477
1005006959529791
1005006684829809
1005007022576384
1005003709635878
1005007421175386
1005005913695516
1005007395266638
1005007451355373
1005007449067316
1005007446831376
1005007482493871
1005007419460506
1005007457093160
1005006888261017
1005007479959491
1005007126066989
1005006713065924
1005007330572644
1005006152545756
1005005855115103
1005006367677061
1005007330332999
1005007015543369
1005007407949368
1005007432214047
1005006279815804
1005006851906697
1005007329589156
1005007184609262
1005006464472474
1005007390365000
1005006504626138
1005005905982250
1005007161656333
1005007271493045
1005006464034964
1005007176159398
1005006877326870
1005006061410408
1005006003967083
1005006634304777
1005007481709133
1005006877701433
1005002902018580
1005006784302070
1005006888036756
1005006543345736
1005006816038107
1005007461341403
1005006538309234
1005007159711934
4000479528263
1005007446885292
1005007445625087
1005007445000758
1005007451632132
1005007330574616
1005007406272371
1005007317531783
1005007433451018
1005007120249047
1005006696913033
1005007210051548
1005006284352329
1005006071553833
1005007390524817
1005005843641964
1005006695039327
1005006586711990
1005007309491770
1005006505040078
1005007467461755
1005006147518540
1005006601938510
4000314447200
1005002481841821
1005006207160673
1005006568945313
1005006547456087
1005006594225455
1005007447556033
1005007445602437
1005007447612391
1005007386991370
1005006677453167
1005005905932123
1005006529962920
1005004187464153
1005006096992260
1005005770747318
1005007075091451
1005003117644564
1005006187749301
1005007390423750
1005007407891796
1005006771221974
1005004503919145
1005007111133124
1005004488248291
1005007430196833
1005007335186833
1005006863208696
1005007458165229
1005006254036243
1005005649318069
1005006678017568
1005005502106230
1005007446241380
1005007467543543
1005002809504013
1005006789510954
1005006978440053
1005006866365965
1005007034453291
1005006458868674
1005005458445190
1005003137083951
1005006431677749
1005006235213867
1005006676684197
1005005128753774
1005006530122493
1005001579095330
1005006529972902
1005004906680751
1005005913077342
1005005926021872
1005005859384104
1005006696644910
1005007209257489
1005005861909457
1005007446572241
1005006578962789
1005006819848534
1005007041845338
1005002858100456
1005006981513141
1005001571374739
1005002594407883
1005007446467410
1005006160745798
1005005882456051
1005004700530447
1005006153341353
1005007402722645
1005007457112166
1005001690761398
1005007386992276
1005006100833674
1005002876051559
1005006554941445
1005006943499138
1005006878643154
1005007039026356
1005006839302681
1005007466808422
1005006529972897
1005006163726590
4000015589392
1005005827471945
1005007090598023
1005006851863094
1005007015664224
1005006640486934
1005006832613450
1005005460729497
1005005862645824
1005006343877861
1005006156496066
1005006260594042
1005006114325650
1005006218941484
1005006877534750
1005007342179916
1005006888110486
4000308218052
1005006346100984
1005007053783733
1005005882423245
1005007201801568
1005005144672753
1005001823008666
1005005460754557
1005005638735592
1005007459944133
1005006730048803
1005005835201524
1005005616686236
1005006021928164
1005007119612091
1005007449006783
1005007421738845
1005001499159560
1005007409639994
1005003737720838
1005006431816115
1005006284201069
1005006390589737
1005007014713470
1005005460688950
32909420932
1005004948718784
1005007390466527
1005002412773754
1005006013812070
4000422837920
1005007492253697
1005007473280329
1005007473169474
1005007492444123
1005007473179499
1005007473158585
1005007492018894
1005007485403779
1005007486396438
1005006546662808
1005007490959645
1005007486256820
1005006210467857
1005007484155482
1005007478307986
1005007484106635
1005006547333085
1005007449954232
1005006846869930
1005007460472145
1005007485102716
1005007457129159
1005006981382726
1005006981379699
1005006981396729
1005006866698296
1005006866783086
1005006866306971
1005007457017424
1005007457031307
1005006578838928
1005007260584924
1005006383687869
1005007390459578
1005007488370293
1005007488386342
1005007449148542
1005007209006300
1005007472967817
1005007472999721
1005007486374409
1005007486206840
1005007481575521
1005007481536612
1005007481602402
1005007485214303
1005007485175542
1005007485195507
1005007473350173
1005007473329087
1005007330745346
1005007486373050
1005007484441065
1005007484068754
1005007483479578
1005007449101631
1005007488097983
1005007488356588
1005007488812071
1005007488239499
1005007488159967
1005007488073956
1005007488123346
1005007031649671
1005006864958103
1005007486186919
1005007486523061
1005007481371911
1005007481606369
1005007481572543
1005007481465729
1005007486215886
1005007486532054
1005007485185417
1005007472869964
1005007473084660
1005007478367696
1005007473314104
1005007473132567
1005007395260116
1005007330646577
1005007330470903
1005007330792236
1005007479075261
1005007478691337
1005007449172488
1005007468124190
1005007456944506
1005006539892637
1005007451666832
1005007432569416
1005007430363870
1005007392383241
1005006809235938
1005007390580050
1005007446041429
1005007103817014
32880881700
1005005610946331
1005006981606296
1005006981430757
1005007197879792
1005006878545689
1005007002948904
1005006981402681
1005002012547465
1005007135225495
1005006554983227
1005007456726925
1005007456953516
1005007449197493
4000314534068
1005002858666864
1005006441374690
1005006390684300
1005007076526917
1005007250838624
1005007456979387
1005007449204473
1005005938031929
1005007456562415
1005006875404917
1005007450045081
1005007103691241
1005007449059646