1005006170716648
32853599649
1005006590802650
1005007310630300
32335856839
1005002321209751
32845007986
1005007349662955
1005007356205552
1005005482746474
1005006089052178
1005007443616928
1005006366239752
1005006878290788
1005006878402598
1005006938822282
1005005391808389
1005006091154951
1005006015449983
1005006496625196
1005005916147461
1005006106098299
1005005925443910
1005006480905191
1005004716169758
1005007096554686
1005007342148188
1005002693852073
1005007457068306
1005007429582825
1005007421168540
1005007077224032
1005007450528182
1005007458320249
1005005578278521
1005007403248792
1005007327697108
1005007301076803
1005007332354709
1005007447428303
1005007442331198
1005007132961009
1005007418730523
1005007326736401
1005007476556407
1005007443982666
1005007301184806
1005007442791805
1005007309637814
1005007402674635
1005007049715810
1005007320146034
1005007403161972
1005007124804510
1005007467298415
1005007448665013
1005007301903886
1005007317014969
1005007341113981
1005007419196989
1005007464649529
1005007443065418
1005007448107980
1005007442924542
1005007432878774
1005007450570137
1005007335885701
1005007403256420
1005007297763577
1005007443178072
1005007369236516
1005007366729997
1005007327142702
1005007423879474
1005007464267923
1005007450374410
1005007453208132
1005007449993945
1005007374988016
1005007448518282
1005007443198009
1005004933040691
1005007442898561
1005007320046803
1005007317291074
1005007293923134
1005007464334111
1005007354752046
1005007458897119
1005007445304582
1005007340821331
1005007247881855
1005006221229788
1005007267364902
1005007338095612
1005007288659158
1005007319740941
1005007459407131
1005007475342110
1005007447249649
1005007447243646
1005006861177125
1005005154743801
1005006144368525
1005007475464313
1005007167047172
1005007470785734
1005004933147151
1005007446419742
1005007404441515
1005007449668625
1005007089928558
1005007447405594
1005006100929053
1005007474882767
1005006023411819
1005006792245883
1005007433256238
1005005978827497
1005007369809175
1005007473715231
1005007455208219
1005007433065528
1005007400382425
1005007480587845
1005007335573553
1005007452941714
1005007476285826
1005007470255597
1005007450476252
1005007464411661
1005007450487338
1005007465633865
1005007452071701
1005007342818667
1005007380210128
1005007357022726
1005007465173566
1005007398786952
1005007403312990
1005006896575484
1005006748575341
1005007461647574
1005006219641854
1005006004949076
1005007464674423
1005007445751356
1005007455311872
1005007387266001
1005007400110411
1005006635307498
1005006728641892
1005007382613260
1005007084572379
1005002796758396
1005004502824793
32909672169
1005006872818986
32916917188
32748262125
1005006230604318
32977471332
1005006748372524
1005005268747226
32674564237
1005006013429697
1005006865818123
1005006090591999
1005006905849635
1005007310066443
1005007178693254
1005007180601733
1005003740741452
1005007399323787
1005007339191781
1005007369081141
1005007054247278
1005007261969987
1005004267055463
1005007423828904
1005004394180947
1005006763777781
1005007163217765
1005007351224767
1005007179926782
1005006729574550
1005007457214615
1005007449765092
1005007386834281
1005006820799817
1005006767931456
1005006996576598
1005006893252936
1005007456215078
1005007175694733
1005006838580821
1005006851396312
1005007308298399
1005006761252345
1005005869618193
1005006660618018
1005003388198892
1005006300094784
1005002715749585
1005006801640905
1005006966838818
1005006735273151
1005003611060419
1005006997139910
1005005192005315
1005006349488166
1005007417908460
1005007370858300
1005007452277521
1005007174742306
1005007458908953
1005007173413144
1005007038341665
1005006853870433
1005007301451412
1005006864920055
1005006301295874
1005007377224998
1005007461391616
1005005481353769
1005004006691152
1005006507232875
1005006345535601
1005006395662785
1005005178250141
1005006908570262
1005004291964174
1005006247490973
1005006679891148
1005005203813286
1005006776295043
1005005560394382
4000522722618
1005005990392571
1005006308982421
1005006205726970
1005006781950510
1005004783214291
1005007213412059
1005006321237388
1005006883734347
1005002361729407
1005006489463845
1005004427513767
1005005928383749
1005007469510863
1005006014445878
1005006466994358
1005004203309581
1005006979682258
1005007342847873
1005005945547591
1005005998048240
1005006412520027
1005007247247405
1005005676421553
1005007090801454
1005007061200704
1005006958000126
1005007378223911
1005007398054176
1005006999077378
1005006848816724
1005007220610357
1005007313567210
1005006995555332
1005006825674358
1005006344846835
1005006161929978
1005007470428091
1005006989014299
1005005426600350
1005007380527504
1005006675666051
1005006133253472
1005007260383275
1005006789535829
1005007188571697
1005006198583708
1005007346420987
1005005423201833
1005006212501922
1005007014779064
1005007017252279
1005007279449083
1005003510679015
1005006832656743
1005005932664325
1005006595444230
1005005187862298
1005006907526745
1005003595749043
1005007399161533
1005006904616347
1005004209598106
1005006907187271
1005005548244908
1005006214828717
1005006825394965
1005005401758579
1005007060093419
1005005198441250
1005006634256395
1005004207729449
1005007336971726
1005007342775914
1005007345181795
1005004843309820
1005007117186289
1005006681008645
1005005525078686
1005005644746789
1005007103372906
32919830236
1005006698866558
1005007301395544
1005006093353842
1005007226866923
1005006855369650
1005007064776784
1005006675615586
1005001942875231
1005006568962058
1005005549071772
1005002524111745
1005006958940840
1005005328259465
1005006178603677
1005005974074527
1005006746623390
1005004546092983
1005007038955029
1005005901986473
1005005803415325
1005004342435089
1005004812928154
1005006439953116
1005006202934628
1005004913374586
1005007004042073
1005006160511608
1005006150364231
1005006927568316
1005006445557288
1005005849622314
1005007341593935
1005006719420240
1005002339077685
1005007426061519
1005006603179818
1005006575204380
1005006160319838
1005007185513018
1005005376761866
1005006804819102
1005005616920868
1005005250599158
1005004193311181
1005007227323287
1005006475145772
1005006355892486
1005006663286486
1005001431589114
1005006974368635
1005007077014482
1005006890344937
1005005950634541
1005007096715839
1005003720454466
1005005056626173
1005006907514984
1005006067767258
1005004952572492
1005005039430528
1005007134814164
1005006949689922
1005006453780079
1005005676259325
1005006409748490
1005006745466404
1005006804773499
1005005293463963
1005007456304443
1005004835378148
1005006131394769
1005003140428511
1005007387215713
1005007333780998
32843432224
1005007086965188
1005006892165995
1005006151516720
1005002680002774
1005007111635254
1005005246302256
1005006404948311
1005007453084696
1005007132905607
1005007360934907
1005007421181307
1005006966169969
1005004946439183
1005005335385270
1005006598252687
1005005441289374
1005005774231083
1005004391104828
1005005548628377
1005003797270562
1005006286176949
1005005973586576
1005005100523939
1005004447679749
4000217034485
1005006872041815
1005004829731238
1005007143233531
1005006485067636
1005005248230166
4000595409681
1005002179773734
4000616927508
1005006794707258
1005006966318714
1005007404841199
1005004941103368
1005006734892837
1005006870339952
1005006924862018
1005004930896984
1005006065278682
1005006310499841
1005007428654577
1005007310756128
1005007014413451
1005005048247252
1005004753856193
1005006279076060
1005006274748311
1005005849805855
1005006738756645
1005006384013336
1005005157995222
1005007059472309
1005006169930641
1005005816432897
1005005586873204
1005004529296696
1005006302344494
1005006912496784
1005007408090123
1005007213374163
1005007187240895
1005005049577382
1005006781614305
1005006400657232
1005005197213250
1005007084535313
1005007311572600
1005007243874520
1005007100398880
1005005326878194
1005006467334206
1005006801329287
1005004947195360
1005006750836314
1005006290028605
1005006072344991
1005007217194358
1005007433058935
1005007408238760
1005006371261187
1005005136784569
1005004107120240
1005007350832028
1005006990072976
1005002509527280
1005003317644188
1005007390605111
1005006841178362
1005006890521379
1005006507244646
1005004666421385
1005004285095627
1005006061709589
1005007393360437
1005006294636040
1005006627137753
1005006642700939
1005005889443530
1005004953077985
1005007241367170
1005007091782509
32790545553
1005006604037982