1005002003052941
1005004779226291
1005002207084673
32947028281
1005002099768152
1005005121510206
1005007417141021
4001270665950
1005003590224868
1005005610764261
1005002566023384
1005004492665613
1005003274746638
1005004784687102
1005006296558723
1005007306225486
1005007218929685
1005007323928376
1005007107428124
1005007338468827
1005005226497147
1005006217522828
1005005079454559
1005007053109713
1005007154404574
1005007233390958
1005005079444373
1005006984934168
1005005079391131
1005007369875742
1005007379525114
1005007117448743
1005007476236060
1005007476191521
1005006771377241
1005007075629865
1005007235094099
1005007281330754
1005007339851714
1005006480317346
1005004310013076
1005005891388629
1005006095807015
1005005079427917
1005007309499534
1005007355200574
1005007139969336
1005005407742936
1005007027266930
1005006843738500
1005005260780480
1005004081070202
1005003701655252
1005007108310684
1005006948931534
1005006892226962
1005007279338309
1005006217553567
1005005140457272
1005007116045259
1005006770378499
1005003587129418
1005004365749386
1005004100997830
1005006982462927
1005004741778512
1005006851595389
1005006077248433
1005003424734058
1005004887699366
1005004840739341
1005006481606134
1005005102514174
1005005891220301
1005006592701859
1005007445428934
1005005519944546
1005004716547047
1005006924177097
1005005373799727
1005001310148141
1005007098005712
1005004694431686
1005006891568022
1005007170534382
1005007193630162
1005006149064438
1005006172526819
1005005511505796
1005006831899947
1005004696865378
1005003241108561
1005003302504116
32878168677
1005003740021015
32923880770
33024470456
32813358914
4001269030307
32820492893
1005004231536686
1005007466473882
1005007446198660
1005007446013957
1005007294038921
1005006882998862
1005006934274695
1005007127365911
1005007389108353
1005006503668722
1005007446476072
1005006126739719
1005006055134348
1005006996382755
1005006775723603
1005007076692877
1005007338565512
1005007247303929
1005007286796007
1005006891398447
1005006092826128
1005007270023591
1005006972486552
1005007203651111
1005004266977915
4000317927830
1005003118009788
1005004245299744
1005005504287485
1005003016305764
1005003059827526
1000006875670
1005003419823013
1005002381270702
1005006875811322
1005007036056022
1005007117782505
1005007127596661
1005007316240923
1005006781320172
1005007178611641
1005007127508808
1005007352661376
1005007398997787
1005006834395306
1005007377742130
1005007371066193
1005007329328785
1005007384498573
1005006060918122
1005006060833578
1005006696781560
1005005547582243
1005006611563159
1005005760838861
1005007171474846
1005007343246481
1005003150847928
1005006906860634
1005006922265784
1005007275164793
1005007368466293
1005006674132965
1005003935870362
1005006060862417
1005006267749135
1005007124314999
1005007174033928
1005001631425689
1005007286864336
1005002752400304
1005006611337423
1005007202813258
1005007163362160
1005006264769448
1005007433020805
1005006939512792
1005002752351835
1005006035221763
1005005684904721
1005006221445605
1005006360867009
1005007159821026
1005006088455879
1005007361329091
1005007288198178
1005007066180763
1005007470830113
1005002748065441
1005006814656895
1005006965674242
1005006609294835
1005006974273437
1005006734966685
1005007223560388
1005007021001481
1005007390748884
1005007132202612
1005007341182330
1005007178897229
1005002662897939
1005007431522238
1005006679166687
1005006501599634
1005007206827403
33004911432
1005007490899596
1005007491143050
1005007490918533
1005007490872672
1005007491056252
1005007491021355
1005007490792912
1005007491008358
1005007490896568
1005007491009388
1005007491058228
1005007491118124
1005007490874683
1005007491127079
1005006506992457
1005007006604000
1005007430302733
1005004637414364
32770517836
1005005893164113
1005005779498378
1005004786891335
1005007272466814
1005006007625976
1005005908524175
1005004533343697
1005007285364115
1005007287631038
1005006407162843
1005006559635544
1005004973948878
1005005614585062
1005005283289656
1005004988583702
1005005408452060
1005004973878996
1005007395425344
1005006035710415
1005006036018129
1005006035721932
1005002973421126
1005004092466677
1005006043342103
1005006041413232
1005004479809818
1005006741552145
1005005234213692
1005007264947579
1005005017582622
1005007295396869
1005004811459478
32952903214
1005007199278856
1005007332550257
1005004734756466
1005004460693759
1005005962945880
1005006606417066
1005003217435672
1005006672830543
1005002755696542
1005003761411288
32797178166
1005004324902447
32941933930
1005004692055274
1005004783259916
1005004509697485
1005004784917383
1005004780450402
1005003943346326
1005005938106353
1005005431542046
1005005709290389
1005007477122424
1005007373555675
1005007394978370
1005006288784011
1005006244676294
1005006088984820
1005007435088499
1005005699248223
1005006047361681
1005005900603170
1005005226304294
1005006627273912
1005006331396647
1005007469223196
1005005958487487
1005005475730562
1005006438611275
1005007347099387
1005007346591766
1005007345981334
1005007054339608
1005007219300334
1005006771763286
1005007172712102
1005002944454621
1005005450599772
1005006423905422
1005006564498730
1005007302633686
1005007339433394
1005006865397218
1005002958637460
1005007178011750
1005007002550752
1005006331515346
1005006332050212
1005007477989175
1005007487903019
1005007487553825
1005007484166439
1005007490148526
1005007487247568
1005007488063518
1005007476540111
1005007475005683
1005007477125114
1005007467633336
1005006970657575
1005006850545000
1005007456374896
1005007346818147
1005007310684556
1005007310322841
1005007039484681
1005007140898275
4000530867116
1005002383129190
4001113468697
1005006980573301
1005006429113312
1005003359130867
1005007054653370
1005006016199862
32825734866
1005003872291667
1005006189358486
1005006012423765
1005007468367220
1005006866642902
1005006713327155
1005007266329401
1005005910951173
1005004104464906
4001146640719
1005006059632267
4001242828218
1005006628078880
1005002435396411
1005002401416966
1005007136180021
1005001298885301
32995437195
1005006762129261
32996104353
1005004200131691
1005005456700518
1005006030982202
1005007205994410
10000180227070
1005007345110316
1005005994024192
1005007036448186
32810606281
1005005038456292
1005006833515450
1005006125843202
1005007177095390
1005002910727369
4001109215090
1005005150796216
1005003803469980
1005006422078062
32889706528
1005002064235134
1005005501541659
1005006692222297
1005007270366150
1005007100118496
1005007030686786
1005007279123721
1005006342544452
1005006443477541
1005003538472548
1005003538806194
1005005005133144
1005004645918867
1005003623785579
1005004139484665
1005004724792930
4000113720166
1005004963856989
4000083576793
1005005524765189
1005005413796893
1005002636499949
1005004584208619
1005004139321229
1005005450285216
1005002794503708
1005003683622949
4000763044692
1005004212450078
1005004712839769
1005003584780392
1005003157079490
1005004652630216
1005004377824206
1005002970308265
1005006786366660
1005003993471879
1005003536080898
1005006978183230
1005007439462688
1005001734660023
1005005978355802
1005006071659074
1005006854483585
1005006008008031
1005006526361876
1005007421244887
1005007132638753
1005007015272433
1005007378113500
1005007005750671
1005007352535946
1005007189564162
1005007353690019
1005007228586714
1005007006020396
1005007384405740
1005006134481558
32930604869
1005007240682514
1005006096083838
1005004503895826
1005007274026333
1005007018996831
1005007030025621
1005005261194712
32769773255
1005007005869413
1005007178382381
1005004712310401
1005007452251093
1005006526446601
1005007399918358
1005007355180993
1005003359162811
1005007166413821
1005007369777643
1005006247268882
1005006287160732
1005007185158663
1005006394202005
1005005862518954
1005006081699634
1005006346472064
1005006002153582
1005007004949896
1005007029809604
1005007005205441
1005007030716333
1005006392778961
1005006998929239
1005004771109757
1005005895709331
1005006394110077
1005006345468818
1005006839332223
1005002822370427
1005006159981039
1005005003895781
1005005983220417
1005007315531467
1005005917251597
1005006241033360
1005005862447087
1005003336108230
1005006421357036
1005004555282180
1005007473770898
1005007459246232
1005007445989830
1005007462027362
1005007444925861
1005007445642438
1005007445168098
1005007445436408
1005007447490378
1005006589514278