1005006877035183
1005007400398611
1005007400673870
1005007400299974
1005007400363857
1005007401056025
1005007400373778
1005007400954318
1005007162680124
1005007374002602
1005007375167076
1005006761516464
1005007310987505
1005007335837988
4000597184852
1005007222857164
1005004468340570
1005006023075554
1005005812875508
1005005737340206
1005007426949909
1005007400325766
1005007400344762
1005007400418451
1005007400400743
1005007376344213
1005007374937533
1005007375360054
1005007348929044
1005007317056113
1005006223613244
1005006139248491
1005006023957995
1005007243129844
1005006023060906
1005005956697305
1005003826291526
32800227479
32807156341
1005007133280336
1005006047289351
1005006098716518
1005006781215762
1005005417109258
1005005338883779
1005006370584225
1005006814551969
1005006713041389
1005006049679399
1005006049323226
1005006875863670
1005006884107799
1005007090003327
1005006839587380
1005006809204568
4000107721052
1005005417241002
1005005301945063
1005007004843040
1005006990768172
1005007043712190
1005006796676647
1005005823021722
1005005604199017
1005006630093274
1005004719999911
1005006860672924
1005006499775352
1005006478042918
1005007211311482
1005005638549388
1005005412197118
1005007471651319
1005005533168257
1005004465273008
1005007423589841
1005006327437834
1005005878225941
1005007179453883
1005006768495386
1005007471651310
1005007471404746
1005006683425358
1005007084431815
1005007037275995
1005006601921188
1005007471489591
1005007258738533
1005005668952210
1005004479250045
1005006083812291
1005002433654064
1005006749275686
1005007368473228
1005006077617811
1005007187965232
1005007075654165
1005006647191756
4000999155566
1005006642760668
1005006950027077
1005007309970624
1005007273403083
1005007196547891
1005007107780647
1005007288516468
1005006095417217
1005006980873640
1005006189222087
1005007211762047
1005005866278491
1005007352679078
1005006450587587
1005006636214068
1005007339592480
1005005830119330
1005007280136016
1005007279838729
1005005454619160
1005006810677108
1005006778604242
1005007071399091
1005005500606288
1005003739725366
1005006450403453
1005002108454493
1005006262582583
1005004056202611
1005006050947218
1005007077368576
1005004762197774
1005005458400086
1005005625427558
1005005038108390
1005002548250434
1005007490203111
1005007487429185
1005007487337387
1005007487130907
1005007480645442
1005007482254467
1005007482438919
1005007451871017
1005007332496146
1005007341800641
1005006758650211
1005007209519742
1005007209448587
1005006633526816
1005007183669152
1005006629976068
1005003286543565
1005005579318767
1005005683240416
1005003066640514
1005005482188903
1005007489936723
1005007489907910
1005007488814657
1005007488839613
1005007237657334
1005005782678996
1005002047275100
1005007488685986
1005007458245232
1005007062879730
1005004557722736
1005003975191746
1005007050253810
1005006428578636
1005004246715018
4000205092237
1005002306175478
1005006847075826
1005006313107536
1005005544133772
1005003590879484
1005004558026166
1005004331508720
1005007286687328
1005004128293063
1005003605665319
1005006825821581
32907105346
1005004331670346
1005004128022392
1005006753235360
1005006039074741
1005002185954957
4000167952225
1005003740823492
1005007319483003
1005004159323291
1005005873548587
1005007118037985
1005005336551971
1005005304047496
1005007102706697
1005007311393519
1005006691832832
1005002378759229
4000706858877
1005003972629971
1005005735162722
1005003682279723
1005004328706544
1005005715499856
1005005872572572
1005006896311409
1005007193248031
1005007137621465
1005006686150835
1005005138287204
1005005485980769
4000015139530
1005004407104907
1005005091303700
1005007102237268
1005005854069740
1005002440040724
1005003918524112
32863553890
1005007036841809
32829659770
32827974691
1005006917054466
4001050587302
1005002522266795
1005007060970400
4001057802811
1005005580382161
1005006916850960
32888516708
1005006702113624
32706836778
4001059147050
32993585157
1005006487779875
1005005394728227
1005006637479184
1005006770993786
1005005984823839
1005005417933751
1005004636982565
1005007271943993
1005001501645410
1005005495551257
32418209821
32788188574
32767447049
1005007486654447
1005007486559747
1005007486616539
32476704419
1005006981985195
1005001501531806
1005006967893321
4001089541940
1005004368669154
10000006204771
4001060538430
32911606755
32859806612
4001089568904
1005005927965133
10000006205652
1005002985840386
10000006185745
1005002879186318
1005005456010062
1005006518004324
4001223069401
1005007014729709
1005006019564583
1005007449701187
1005007433596939
1005006220353604
1005006881290445
1005005956412832
1005006060906812
1005005844946780
1005003304988624
1005006631150640
1005007252606839
1005006812844595
1005007242723678
1005006935248521
1005007424701866
1005006174127497
1005006620133812
1005007451944354
1005007478799528
1005005924801130
1005007233892520
1005007209347688
1005007072742811
1005006277573688
1005005459972095
1005006377545685
1005005022598179
1005004822295964
1005006114659693
1005005989418062
1005006605228143
4000874736068
1005006191303536
1005005472882767
4000874719279
1005005461126142
1005006326473892
1005007390118677
1005007105008348
1005006111678442
1005007219980857
1005007255736949
1005006367843128
1005007112655041
1005006848579848
4000048800220
1005006706294964
1005006236657369
1005006990401423
1005007212542910
1005006395923650
1005007459662078
1005007430164331
1005006988036312
1005006481673002
1005004802054313
1005005440924824
33042222890
1005006011491947
1005007271504016
1005002431410591
1005006731692478
1005004326375619
1005007081843109
1005005888074677
1005006904016839
1005007194586841
1005005644444075
1005005823064973
1005005475983404
1005007456239301
1005007111020773
1005007355133636
1005006481508880
1005005509732453
1005005391425800
1005006827239392
1005006310841223
1005006895911280
1005005365356095
1005006011617574
1005006610304293
1005005916751137
1005006856556647
1005003395934728
1005003799436473
1005005253799172
1005002988479927
1005006220991324
1005005860673002
1005005223535778
1005006132644141
4000189863941
1005003996092521
1005006439886497
1005005554567787
1005005648240088
1005007002937451
1005006612706432
1005003488872066
1005006718241189
1005006762577803
1005003190690733
1005006604858111
1005006599594018
1005005511107828
4000030656163
1005005391386199
1005006104459583
1005006128216512
1005006813409173
1005005120727882
1005006934811074
1005007112292669
1005006020225715
1005007051182591
1005006055181247
32239503737
1005004062906182
1005004324830899
1005007016034207
1005003215224444
1005004276702788
1005007409038930
1005004464112766
1005005393332253
1005006381911964
1005005275238110
1005006979224202
1005006907081506
1005006900704621
1005006328365201
1005007218814710
1005006826091537
1005003950133127
1005006832870999
1005006948799637
1005004421542667
1005006229067492
1005007367517579
1005007097096480
1005006856672380
4001045722972
1005006362439831
1005005862519186
1005006662203309
1005004184020770
1005007039615487
1005004647283867
1005007471917630
1005005279803546
1005007471724619
1005007471615800
1005007456506204
1005007456156670
1005007472027632
1005007456084865
1005007456948572
1005007457569402
1005007342393400
1005007472122320
1005007473278315
1005007457529733
1005004729690518
1005007471680127
1005007472084764
1005007472165809
1005007473264853
1005007473393264
1005007451209996
1005007471921754
1005007463769861
1005007463709581
1005006286205331
1005007443238407
1005006084226336
1005006084155676
1005006084261259
1005006084133955
1005007112629127
1005007112354646
1005007025370780
1005005578916730
1005007452369211
1005007453280445
1005007452634704
1005007452621540
1005007453140234
1005007452648797
1005007453182732
1005002780480830
1005005562601574
1005004810454492
1005005748800857
1005004795792046
1005006634277038
1005007097849424
1005006933033443
4001175874205
1005006589092904
1005006649034303
1005006569816623
1005007115387464
1005006462286246
1005007167588638
1005004759675704
1005007203893396
1005007077816217
1005007217825331
1005007419919524
1005004492255469
1005007032496499
1005001834339838
1005004371037489
1005006674159108
1005004741254663
1005007300636345
1005007017955326
1005006528622736
1005007218446637
1005006948094718
1005003988826530
1005007307838618
1005007163971988
1005005903032042
1005005045752377
1005007294229919